10118,卡片开户,,,2014/07/12 15:50:06,0.0,0.0
10118,卡充值,,,2014/08/29 10:08:42,200.0,200.0
10118,POS消费,地点82,食堂,2014/08/29 12:08:57,8.6,191.4
10118,POS消费,地点82,食堂,2014/08/29 12:09:14,8.1,183.3
10118,POS消费,地点184,食堂,2014/08/29 18:29:38,3.8,179.5
10118,POS消费,地点314,食堂,2014/08/29 18:40:29,1.2,178.3
10118,POS消费,地点89,食堂,2014/08/30 08:27:27,3.0,175.3
10118,POS消费,地点69,食堂,2014/08/30 11:57:15,8.6,166.7
10118,POS消费,地点21,开水,2014/08/30 17:35:10,1.8,164.9
10118,POS消费,地点21,开水,2014/08/30 21:48:58,8.5,156.4
10118,POS消费,地点134,食堂,2014/08/31 08:33:36,0.8,155.6
10118,POS消费,地点134,食堂,2014/08/31 08:37:51,0.7,154.9
10118,POS消费,地点134,食堂,2014/08/31 11:49:58,5.6,149.3
10118,POS消费,地点218,食堂,2014/08/31 11:51:40,3.0,146.3
10118,POS消费,地点59,食堂,2014/08/31 17:41:20,3.6,142.7
