10120,卡充值,,,2015/08/28 13:10:40,500.0,528.36
10120,POS消费,地点228,食堂,2015/08/28 13:21:47,26.0,502.36
10120,POS消费,地点246,食堂,2015/08/28 13:23:12,1.6,500.76
10120,POS消费,地点218,食堂,2015/08/28 13:32:48,4.0,496.76
10120,POS消费,地点218,食堂,2015/08/28 13:33:09,6.0,490.76
10120,POS消费,地点246,食堂,2015/08/28 13:34:46,0.6,490.16
10120,POS消费,地点195,超市,2015/08/30 14:16:21,10.3,479.86
10120,POS消费,地点1448,校车,2015/08/31 14:07:35,1.0,478.86
10120,POS消费,地点1448,校车,2015/08/31 14:07:46,1.0,477.86
10120,POS消费,地点1996,校车,2015/08/31 15:05:03,1.0,476.86
10120,POS消费,地点1996,校车,2015/08/31 15:05:13,1.0,475.86
10120,POS消费,地点1447,校车,2015/08/31 15:22:07,1.0,474.86
10120,POS消费,地点1447,校车,2015/08/31 15:22:13,1.0,473.86
10120,POS消费,地点816,校车,2015/08/31 16:12:00,1.0,472.86
10120,POS消费,地点816,校车,2015/08/31 16:12:07,1.0,471.86
10120,POS消费,地点1451,校车,2015/08/31 17:57:29,1.0,470.86
10120,POS消费,地点1451,校车,2015/08/31 17:57:36,1.0,469.86
10120,POS消费,地点1451,校车,2015/08/31 17:57:42,1.0,468.86
