1019,POS消费,地点248,超市,2014/09/01 10:18:22,1.0,56.58
1019,POS消费,地点248,超市,2014/09/01 11:58:37,1.0,55.58
1019,POS消费,地点91,校车,2014/09/01 11:58:58,2.0,53.58
1019,POS消费,地点91,校车,2014/09/01 11:59:54,5.0,48.58
1019,POS消费,地点21,开水,2014/09/01 12:23:36,3.8,44.78
1019,POS消费,地点1214,校车,2014/09/02 09:39:36,2.0,42.78
1019,POS消费,地点1269,校车,2014/09/02 11:34:37,2.0,40.78
1019,POS消费,地点21,开水,2014/09/03 11:59:30,2.5,38.28
1019,POS消费,地点21,开水,2014/09/03 11:59:59,1.2,37.08
1019,POS消费,地点21,开水,2014/09/03 12:01:15,3.5,33.58
1019,POS消费,地点1098,文印中心,2014/09/04 09:06:23,0.6,32.98
1019,POS消费,地点1098,文印中心,2014/09/04 09:10:05,1.0,31.98
1019,POS消费,地点1456,校车,2014/09/04 10:21:30,2.0,29.98
1019,POS消费,地点21,开水,2014/09/14 15:20:53,9.8,20.18
1019,POS消费,地点479,淋浴,2014/09/14 20:03:28,0.4,19.78
1019,POS消费,地点21,开水,2014/09/15 20:10:45,8.8,10.98
1019,POS消费,地点21,开水,2014/09/16 08:09:00,1.83,9.15
1019,卡充值,,,2014/09/16 10:41:51,50.0,59.15
1019,POS消费,地点232,食堂,2014/09/16 11:00:12,10.0,49.15
1019,POS消费,地点21,开水,2014/09/16 11:19:52,3.3,45.85
1019,POS消费,地点91,校车,2014/09/17 11:57:33,6.0,39.85
1019,POS消费,地点21,开水,2014/09/17 11:58:28,0.45,39.4
1019,POS消费,地点21,开水,2014/09/17 14:21:49,3.3,36.1
1019,POS消费,地点21,开水,2014/09/17 17:57:47,0.6,35.5
1019,POS消费,地点21,开水,2014/09/17 17:59:54,10.0,25.5
1019,POS消费,地点479,淋浴,2014/09/17 21:45:38,0.7,24.8
1019,POS消费,地点91,校车,2014/09/18 11:53:58,3.0,21.8
1019,POS消费,地点21,开水,2014/09/18 11:54:47,0.6,21.2
1019,POS消费,地点21,开水,2014/09/18 11:54:54,1.5,19.7
1019,POS消费,地点479,淋浴,2014/09/18 23:11:47,0.4,19.3
1019,POS消费,地点1389,校车,2014/09/19 12:15:32,2.0,17.3
1019,POS消费,地点479,淋浴,2014/09/22 21:15:50,0.5,16.8
1019,POS消费,地点479,淋浴,2014/09/22 21:24:25,0.1,16.7
1019,POS消费,地点26,图书馆,2014/09/23 15:16:38,0.3,16.4
1019,POS消费,地点479,淋浴,2014/09/23 20:36:06,0.6,15.8
1019,POS消费,地点21,开水,2014/09/25 11:56:28,0.38,15.42
1019,卡充值,,,2014/09/25 17:09:02,50.0,65.42
1019,POS消费,地点21,开水,2014/09/25 17:14:00,0.6,64.82
1019,POS消费,地点91,校车,2014/09/25 17:14:23,4.3,60.52
1019,POS消费,地点21,开水,2014/09/25 17:15:30,3.5,57.02
1019,POS消费,地点479,淋浴,2014/09/28 18:53:23,0.8,56.22
1019,POS消费,地点21,开水,2014/10/08 11:58:10,0.6,55.62
1019,POS消费,地点21,开水,2014/10/08 12:02:26,4.0,51.62
1019,POS消费,地点21,开水,2014/10/08 12:02:31,3.5,48.12
1019,POS消费,地点21,开水,2014/10/08 12:23:31,3.3,44.82
1019,POS消费,地点1386,校车,2014/10/08 17:00:57,2.0,42.82
1019,POS消费,地点21,开水,2014/10/09 11:06:34,0.6,42.22
1019,POS消费,地点21,开水,2014/10/09 11:07:24,3.5,38.72
1019,POS消费,地点21,开水,2014/10/09 11:07:52,4.0,34.72
1019,POS消费,地点26,图书馆,2014/10/09 13:13:25,0.15,34.57
1019,POS消费,地点21,开水,2014/10/09 21:53:30,5.5,29.07
1019,POS消费,地点479,淋浴,2014/10/10 00:01:50,0.1,28.97
1019,POS消费,地点1389,校车,2014/10/10 12:16:53,2.0,26.97
1019,POS消费,地点21,开水,2014/10/11 21:58:55,6.5,20.47
1019,POS消费,地点21,开水,2014/10/11 22:15:54,6.5,13.97
1019,POS消费,地点21,开水,2014/10/13 11:57:35,5.0,8.97
1019,POS消费,地点21,开水,2014/10/13 11:58:06,0.6,8.37
1019,POS消费,地点21,开水,2014/10/13 12:23:34,5.0,3.37
1019,卡充值,,,2014/10/13 16:12:30,100.0,103.37
1019,POS消费,地点21,开水,2014/10/14 08:09:36,1.83,101.54
1019,POS消费,地点21,开水,2014/10/14 11:06:41,2.9,98.64
1019,POS消费,地点21,开水,2014/10/14 11:07:21,4.0,94.64
1019,POS消费,地点91,校车,2014/10/15 11:56:12,2.5,92.14
1019,POS消费,地点91,校车,2014/10/15 11:56:35,3.5,88.64
1019,POS消费,地点91,校车,2014/10/15 11:58:31,1.5,87.14
1019,POS消费,地点1394,校车,2014/10/15 13:18:08,2.0,85.14
1019,POS消费,地点1395,校车,2014/10/17 13:59:03,2.0,83.14
1019,POS消费,地点1269,校车,2014/10/18 20:09:09,2.0,81.14
1019,POS消费,地点21,开水,2014/10/20 11:49:40,1.0,80.14
1019,POS消费,地点21,开水,2014/10/20 11:51:12,7.0,73.14
1019,POS消费,地点21,开水,2014/10/21 10:11:04,16.0,56.94
1019,POS消费,地点91,校车,2014/10/22 11:57:02,1.5,48.34
1019,POS消费,地点91,校车,2014/10/22 12:03:18,2.5,53.34
1019,POS消费,地点91,校车,2014/10/22 12:03:20,3.5,49.84
1019,POS消费,地点479,淋浴,2014/10/22 14:34:08,0.2,72.94
1019,POS消费,地点479,淋浴,2014/10/22 14:34:41,0.1,56.84
1019,POS消费,地点479,淋浴,2014/10/22 14:35:00,1.0,55.84
1019,POS消费,地点21,开水,2014/10/27 16:58:13,8.8,39.54
1019,POS消费,地点1385,校车,2014/10/27 21:19:37,2.0,37.54
1019,POS消费,地点91,校车,2014/11/01 20:49:36,1.9,35.64
1019,POS消费,地点21,开水,2014/11/02 07:27:15,1.83,33.81
1019,POS消费,地点21,开水,2014/11/02 07:27:46,2.0,31.81
1019,POS消费,地点1386,校车,2014/11/02 08:03:04,2.0,29.81
1019,POS消费,地点1456,校车,2014/11/05 17:55:31,2.0,27.81
1019,POS消费,地点91,校车,2014/11/07 18:28:19,2.5,25.31
1019,POS消费,地点21,开水,2014/11/07 18:34:35,5.4,19.91
1019,POS消费,地点1389,校车,2014/11/08 13:03:23,2.0,17.91
1019,POS消费,地点26,图书馆,2014/11/10 10:13:09,0.6,17.31
1019,POS消费,地点91,校车,2014/11/10 11:19:26,1.5,8.31
1019,POS消费,地点91,校车,2014/11/10 11:25:17,2.5,14.81
1019,POS消费,地点91,校车,2014/11/10 11:25:37,5.0,9.81
1019,卡充值,,,2014/11/10 11:43:51,100.0,108.31
1019,POS消费,地点1394,校车,2014/11/11 14:48:23,2.0,106.31
1019,POS消费,地点1214,校车,2014/11/12 11:10:32,2.0,104.31
1019,POS消费,地点1214,校车,2014/11/13 14:49:45,2.0,102.31
1019,POS消费,地点27,教务处,2014/11/17 11:53:19,3.0,99.31
1019,POS消费,地点232,食堂,2014/11/17 11:53:31,5.0,94.31
1019,POS消费,地点479,淋浴,2014/11/17 18:20:36,0.8,93.51
1019,POS消费,地点21,开水,2014/11/18 08:15:55,2.53,90.98
1019,POS消费,地点1269,校车,2014/11/18 13:53:06,2.0,88.98
1019,POS消费,地点248,超市,2014/11/19 15:48:11,2.4,86.58
1019,POS消费,地点1386,校车,2014/11/19 18:08:59,2.0,79.08
1019,POS消费,地点21,开水,2014/11/19 18:10:29,5.5,81.08
1019,POS消费,地点1215,校车,2014/11/20 12:04:33,2.0,77.08
1019,POS消费,地点21,开水,2014/11/21 12:03:00,5.5,71.58
1019,POS消费,地点1386,校车,2014/11/21 13:09:37,2.0,69.58
1019,POS消费,地点1405,校车,2014/11/21 21:14:47,2.0,67.58
1019,POS消费,地点26,图书馆,2014/11/24 10:06:59,2.85,64.73
1019,POS消费,地点21,开水,2014/11/24 11:58:19,5.0,59.73
1019,POS消费,地点21,开水,2014/11/24 11:58:46,0.6,59.13
1019,POS消费,地点21,开水,2014/11/24 12:16:27,5.5,53.63
1019,POS消费,地点479,淋浴,2014/11/24 19:20:10,0.6,53.03
1019,POS消费,地点21,开水,2014/11/25 08:18:28,2.53,50.5
1019,POS消费,地点91,校车,2014/11/25 11:28:41,3.2,47.3
1019,POS消费,地点1387,校车,2014/11/26 18:02:58,2.0,45.3
1019,POS消费,地点21,开水,2014/12/01 12:04:47,4.5,40.8
1019,POS消费,地点21,开水,2014/12/01 12:05:01,0.6,40.2
1019,POS消费,地点21,开水,2014/12/01 12:26:45,1.8,38.4
1019,POS消费,地点21,开水,2014/12/01 12:27:15,1.8,36.6
1019,POS消费,地点479,淋浴,2014/12/01 21:58:09,0.7,35.9
1019,POS消费,地点21,开水,2014/12/03 18:48:01,1.8,34.1
1019,POS消费,地点21,开水,2014/12/03 18:49:26,5.5,28.6
1019,POS消费,地点479,淋浴,2014/12/03 19:42:52,0.7,27.9
1019,POS消费,地点21,开水,2014/12/10 17:36:35,5.5,22.4
1019,POS消费,地点21,开水,2014/12/11 10:05:02,7.0,15.4
1019,卡充值,,,2014/12/11 10:06:16,100.0,115.4
1019,POS消费,地点91,校车,2014/12/11 15:12:26,9.0,106.4
1019,POS消费,地点479,淋浴,2014/12/11 20:01:40,0.8,105.6
1019,POS消费,地点1269,校车,2014/12/12 14:34:21,2.0,103.6
1019,POS消费,地点21,开水,2014/12/14 15:41:21,18.0,85.6
1019,POS消费,地点91,校车,2014/12/15 11:03:29,5.0,80.6
1019,POS消费,地点232,食堂,2014/12/15 11:03:52,6.0,74.6
1019,POS消费,地点91,校车,2014/12/15 16:01:24,1.4,73.2
1019,POS消费,地点26,图书馆,2014/12/15 18:19:08,2.53,70.67
1019,POS消费,地点21,开水,2014/12/15 18:19:41,3.9,66.77
1019,POS消费,地点21,开水,2014/12/15 18:20:05,3.6,63.17
1019,POS消费,地点479,淋浴,2014/12/15 18:46:39,0.1,63.07
1019,POS消费,地点479,淋浴,2014/12/15 18:47:27,0.4,62.67
1019,POS消费,地点91,校车,2014/12/15 21:17:17,2.1,60.57
1019,POS消费,地点21,开水,2014/12/15 21:18:45,5.5,55.07
1019,POS消费,地点21,开水,2014/12/16 11:24:57,3.9,51.17
1019,POS消费,地点21,开水,2014/12/16 11:25:13,2.53,48.64
1019,POS消费,地点21,开水,2014/12/16 11:25:50,1.8,46.84
1019,POS消费,地点479,淋浴,2014/12/16 20:22:41,0.8,46.04
1019,POS消费,地点479,淋浴,2014/12/16 20:32:38,0.1,45.94
1019,POS消费,地点1456,校车,2014/12/17 08:23:33,2.0,43.94
1019,POS消费,地点1098,文印中心,2014/12/17 10:21:47,1.2,42.74
1019,POS消费,地点1098,文印中心,2014/12/17 10:53:04,0.1,42.64
1019,POS消费,地点1456,校车,2014/12/17 11:00:11,2.0,40.64
1019,POS消费,地点21,开水,2014/12/17 12:11:35,4.4,36.24
1019,POS消费,地点21,开水,2014/12/17 12:12:12,1.8,34.44
1019,POS消费,地点479,淋浴,2014/12/17 19:44:38,0.7,33.74
1019,POS消费,地点21,开水,2014/12/18 16:02:41,7.0,26.74
1019,POS消费,地点479,淋浴,2014/12/18 19:50:31,0.3,26.44
1019,POS消费,地点479,淋浴,2014/12/18 19:53:25,0.1,26.34
1019,POS消费,地点21,开水,2014/12/19 08:43:33,3.5,22.84
1019,POS消费,地点21,开水,2014/12/19 12:12:29,1.8,21.04
1019,POS消费,地点21,开水,2014/12/19 12:14:08,5.5,15.54
1019,POS消费,地点91,校车,2014/12/19 19:28:58,5.3,10.24
1019,POS消费,地点125,淋浴,2014/12/20 14:02:31,0.16,10.08
1019,POS消费,地点91,校车,2014/12/21 16:49:34,0.7,1.38
1019,POS消费,地点479,淋浴,2014/12/21 19:22:53,0.6,0.78
1019,卡充值,,,2014/12/22 10:22:11,100.0,100.78
1019,POS消费,地点21,开水,2014/12/22 11:31:40,4.0,96.78
1019,POS消费,地点91,校车,2014/12/22 11:32:10,1.0,95.78
1019,POS消费,地点21,开水,2014/12/22 11:32:34,2.5,93.28
1019,POS消费,地点91,校车,2014/12/22 15:07:45,4.2,89.08
1019,POS消费,地点21,开水,2014/12/22 15:10:48,5.5,83.58
1019,POS消费,地点21,开水,2014/12/22 17:59:46,4.9,78.68
1019,POS消费,地点479,淋浴,2014/12/22 18:41:17,0.8,77.88
1019,POS消费,地点91,校车,2014/12/23 17:43:41,5.5,72.38
1019,POS消费,地点21,开水,2014/12/23 17:49:18,3.6,68.78
1019,POS消费,地点21,开水,2014/12/24 11:21:26,3.5,65.28
1019,POS消费,地点479,淋浴,2014/12/24 14:11:12,0.1,65.18
1019,POS消费,地点248,超市,2014/12/24 15:41:20,7.5,57.68
1019,POS消费,地点91,校车,2014/12/24 17:42:54,5.1,52.58
1019,POS消费,地点21,开水,2014/12/24 17:44:36,5.5,47.08
1019,POS消费,地点479,淋浴,2014/12/25 16:41:40,0.6,46.48
1019,POS消费,地点21,开水,2014/12/26 12:33:52,1.8,44.68
1019,POS消费,地点21,开水,2014/12/26 12:35:23,5.5,39.18
1019,卡充值,,,2014/12/26 17:10:10,100.0,139.18
1019,POS消费,地点21,开水,2014/12/26 17:11:14,1.8,137.38
1019,POS消费,地点479,淋浴,2014/12/26 18:04:03,0.1,137.28
1019,POS消费,地点479,淋浴,2014/12/26 18:04:04,0.1,137.18
1019,POS消费,地点21,开水,2014/12/26 18:21:03,3.6,133.58
1019,POS消费,地点21,开水,2014/12/26 18:24:23,16.0,117.58
1019,POS消费,地点21,开水,2014/12/27 11:25:09,6.9,110.68
1019,POS消费,地点21,开水,2014/12/27 11:25:36,2.53,108.15
1019,POS消费,地点21,开水,2014/12/27 15:57:29,10.3,97.85
1019,POS消费,地点91,校车,2014/12/27 17:31:49,2.9,94.95
1019,POS消费,地点21,开水,2014/12/27 17:32:16,1.8,93.15
1019,POS消费,地点91,校车,2014/12/27 21:05:03,4.1,89.05
1019,POS消费,地点21,开水,2014/12/27 21:08:12,12.1,76.95
1019,POS消费,地点479,淋浴,2014/12/27 23:10:58,0.7,76.25
1019,POS消费,地点232,食堂,2014/12/28 11:33:05,5.4,70.85
1019,POS消费,地点21,开水,2014/12/28 11:34:06,2.0,68.85
1019,POS消费,地点91,校车,2014/12/28 17:49:55,5.4,63.45
1019,POS消费,地点479,淋浴,2014/12/28 20:29:08,0.8,62.65
1019,POS消费,地点21,开水,2014/12/29 10:56:35,7.9,54.75
1019,POS消费,地点21,开水,2014/12/29 10:57:25,3.0,51.75
1019,POS消费,地点91,校车,2014/12/29 10:58:24,2.0,49.75
1019,POS消费,地点21,开水,2014/12/29 18:40:21,3.5,46.25
1019,POS消费,地点479,淋浴,2014/12/29 20:38:25,1.1,45.15
1019,POS消费,地点21,开水,2014/12/30 17:36:04,7.0,38.15
1019,POS消费,地点479,淋浴,2014/12/30 20:51:19,0.7,37.45
1019,POS消费,地点21,开水,2014/12/31 11:46:54,1.9,35.55
1019,POS消费,地点21,开水,2014/12/31 11:50:18,5.0,30.55
1019,POS消费,地点479,淋浴,2014/12/31 22:15:40,0.8,29.75
1019,POS消费,地点479,淋浴,2014/12/31 22:24:29,0.1,29.65
1019,POS消费,地点479,淋浴,2015/01/01 21:00:43,0.2,29.45
1019,POS消费,地点91,校车,2015/01/02 12:26:03,1.6,27.85
1019,POS消费,地点479,淋浴,2015/01/02 22:09:11,0.1,27.75
1019,POS消费,地点479,淋浴,2015/01/02 22:10:38,0.1,27.65
1019,POS消费,地点479,淋浴,2015/01/03 19:21:40,0.1,27.55
1019,POS消费,地点479,淋浴,2015/01/03 20:58:12,1.2,26.35
1019,POS消费,地点91,校车,2015/01/04 11:59:00,1.0,25.35
1019,POS消费,地点91,校车,2015/01/05 11:42:52,1.4,23.95
1019,POS消费,地点91,校车,2015/01/05 14:45:54,1.4,22.55
1019,POS消费,地点21,开水,2015/01/05 14:47:13,2.4,20.15
1019,POS消费,地点479,淋浴,2015/01/06 19:06:37,0.1,20.05
1019,POS消费,地点479,淋浴,2015/01/06 19:06:57,0.1,19.95
1019,POS消费,地点26,图书馆,2015/01/08 18:28:18,2.4,17.55
1019,POS消费,地点21,开水,2015/01/08 21:20:21,5.5,12.05
1019,POS消费,地点479,淋浴,2015/01/08 22:29:38,1.0,11.05
1019,POS消费,地点1215,校车,2015/01/09 08:28:54,2.0,9.05
1019,卡充值,,,2015/01/11 12:52:16,50.0,59.05
1019,POS消费,地点21,开水,2015/01/11 12:55:05,5.2,53.85
1019,POS消费,地点21,开水,2015/01/11 16:14:41,7.9,45.95
1019,POS消费,地点479,淋浴,2015/01/11 21:34:20,1.0,44.95
1019,POS消费,地点21,开水,2015/01/12 12:18:37,2.4,42.55
1019,POS消费,地点21,开水,2015/01/12 21:00:42,2.4,40.15
1019,POS消费,地点125,淋浴,2015/01/12 23:03:44,0.01,40.14
1019,POS消费,地点479,淋浴,2015/01/12 23:08:38,0.1,40.04
1019,POS消费,地点21,开水,2015/01/13 09:28:47,12.7,27.34
1019,POS消费,地点21,开水,2015/01/13 11:14:24,5.4,21.94
1019,POS消费,地点21,开水,2015/01/13 11:15:29,0.43,19.51
1019,POS消费,地点91,校车,2015/01/13 11:15:34,2.0,19.94
1019,POS消费,地点479,淋浴,2015/01/13 19:21:57,1.8,17.71
1019,POS消费,地点479,淋浴,2015/01/14 23:06:28,0.4,17.31
1019,卡挂失,,,2015/07/17 11:24:33,0.0,0.0
1019,卡补办,,,2015/07/23 12:26:14,15.0,17.31
1019,更新卡信息,,,2015/07/23 12:26:34,0.0,0.0
1019,卡充值,,,2015/07/23 12:27:19,50.0,67.31
1019,POS消费,地点21,开水,2015/07/23 12:28:27,3.0,64.31
1019,POS消费,地点91,校车,2015/07/24 12:22:37,1.2,63.11
1019,POS消费,地点248,超市,2015/07/24 12:24:08,3.5,59.61
