10290,卡片开户,,,2014/07/19 10:19:27,0.0,0.0
10290,卡充值,,,2014/08/29 10:51:48,300.0,300.0
10290,POS消费,地点82,食堂,2014/08/29 11:46:02,8.1,291.9
10290,POS消费,地点82,食堂,2014/08/29 11:46:35,6.8,285.1
10290,POS消费,地点230,食堂,2014/08/29 17:28:21,5.0,280.1
10290,POS消费,地点192,超市,2014/08/29 20:11:52,2.0,278.1
10290,POS消费,地点975,开水,2014/08/29 20:51:01,0.01,278.09
10290,POS消费,地点1021,淋浴,2014/08/29 21:34:03,0.2,277.89
10290,POS消费,地点1021,淋浴,2014/08/29 21:38:22,0.5,277.39
10290,POS消费,地点89,食堂,2014/08/30 11:08:41,7.5,269.89
10290,POS消费,地点87,食堂,2014/08/30 17:28:27,4.6,265.29
10290,POS消费,地点975,开水,2014/08/31 10:34:22,0.01,264.58
10290,POS消费,地点228,食堂,2014/08/31 11:43:31,8.0,256.58
10290,POS消费,地点218,食堂,2014/08/31 11:49:38,2.9,253.28
10290,POS消费,地点231,食堂,2014/08/31 11:58:09,0.4,256.18
10290,POS消费,地点89,食堂,2014/08/31 17:52:43,4.5,248.78
10290,POS消费,地点89,食堂,2014/08/31 17:52:52,-4.5,253.28
10290,POS消费,地点89,食堂,2014/08/31 17:52:57,3.0,250.28
