10367,卡片开户,,,2014/07/17 16:22:57,0.0,0.0
10367,更新卡信息,,,2014/07/17 16:43:04,0.0,0.0
10367,卡充值,,,2014/08/29 15:43:10,1000.0,1000.0
10367,POS消费,地点741,淋浴,2014/08/29 21:58:15,0.4,999.6
10367,POS消费,地点744,开水,2014/08/30 07:31:13,0.01,999.59
10367,POS消费,地点195,超市,2014/08/30 09:54:46,30.0,969.59
10367,POS消费,地点195,超市,2014/08/30 09:54:49,21.6,947.99
10367,POS消费,地点237,食堂,2014/08/30 11:17:11,3.6,944.39
10367,POS消费,地点237,食堂,2014/08/30 11:20:00,1.0,941.59
10367,POS消费,地点82,食堂,2014/08/30 11:33:44,1.8,942.59
10367,POS消费,地点744,开水,2014/08/30 15:12:44,0.05,941.54
10367,POS消费,地点65,食堂,2014/08/30 17:46:23,4.6,936.94
10367,POS消费,地点237,食堂,2014/08/30 17:49:11,2.0,934.94
10367,POS消费,地点741,淋浴,2014/08/30 21:07:10,0.5,934.44
10367,POS消费,地点21,开水,2014/08/31 08:19:19,2.6,931.84
10367,POS消费,地点89,食堂,2014/08/31 11:48:44,4.5,927.34
10367,POS消费,地点741,淋浴,2014/08/31 21:42:47,0.2,927.14
