10407,卡片开户,,,2014/07/18 11:59:50,0.0,0.0
10407,卡充值,,,2014/08/29 18:30:34,100.0,100.0
10407,POS消费,地点218,食堂,2014/08/29 18:30:55,2.9,97.1
10407,POS消费,地点161,食堂,2014/08/29 18:41:57,4.0,91.5
10407,POS消费,地点21,开水,2014/08/29 18:49:06,1.6,95.5
10407,POS消费,地点192,超市,2014/08/29 19:44:51,10.5,81.0
10407,POS消费,地点21,开水,2014/08/29 22:04:59,53.6,27.4
10407,POS消费,地点1186,淋浴,2014/08/29 22:18:46,0.01,27.39
10407,POS消费,地点1186,淋浴,2014/08/29 22:21:48,0.01,27.38
10407,POS消费,地点975,开水,2014/08/29 22:22:59,0.01,27.37
10407,POS消费,地点1365,淋浴,2014/08/29 22:34:40,0.1,27.27
10407,POS消费,地点1365,淋浴,2014/08/29 22:43:11,0.4,26.87
10407,POS消费,地点69,食堂,2014/08/30 08:52:03,2.15,24.72
10407,POS消费,地点816,校车,2014/08/30 09:22:58,1.0,23.72
10407,POS消费,地点1448,校车,2014/08/30 09:48:48,1.0,22.72
10407,POS消费,地点192,超市,2014/08/30 10:00:33,3.0,19.72
10407,卡充值,,,2014/08/30 10:07:01,200.0,219.72
10407,POS消费,地点1186,淋浴,2014/08/30 10:18:27,0.01,219.71
10407,POS消费,地点1186,淋浴,2014/08/30 10:18:56,0.01,219.7
10407,POS消费,地点1186,淋浴,2014/08/30 10:19:30,0.01,219.69
10407,POS消费,地点1186,淋浴,2014/08/30 10:20:03,0.01,219.68
10407,POS消费,地点21,开水,2014/08/30 12:43:12,4.3,215.38
10407,POS消费,地点1518,洗衣房,2014/08/30 12:54:37,3.6,211.78
10407,POS消费,地点1518,洗衣房,2014/08/30 14:17:18,3.6,208.18
10407,POS消费,地点219,超市,2014/08/30 18:27:18,2.0,206.18
10407,POS消费,地点1365,淋浴,2014/08/30 18:51:10,0.6,205.58
10407,POS消费,地点271,校医院,2014/08/30 19:25:03,20.0,185.58
10407,POS消费,地点192,超市,2014/08/30 20:02:05,30.0,155.58
10407,POS消费,地点192,超市,2014/08/30 20:02:11,18.5,137.08
10407,POS消费,地点975,开水,2014/08/30 20:08:53,0.01,137.07
10407,POS消费,地点21,开水,2014/08/31 09:06:35,2.4,134.67
10407,POS消费,地点975,开水,2014/08/31 09:21:07,0.01,134.66
10407,POS消费,地点1588,食堂,2014/08/31 12:18:20,7.6,127.06
10407,POS消费,地点21,开水,2014/08/31 17:58:01,10.6,116.46
10407,POS消费,地点188,超市,2014/08/31 19:35:13,8.8,107.66
10407,POS消费,地点1892,洗衣房,2014/08/31 20:31:17,3.6,104.06
10407,POS消费,地点21,开水,2014/08/31 20:43:10,22.8,81.26
10407,POS消费,地点1021,淋浴,2014/08/31 20:58:33,0.7,80.56
10407,POS消费,地点1892,洗衣房,2014/08/31 21:33:27,3.6,76.96
10407,POS消费,地点1892,洗衣房,2014/08/31 21:40:33,-3.18,80.14
