10470,卡片开户,,,2014/07/10 15:50:25,0.0,0.0
10470,卡充值,,,2014/08/31 09:06:56,100.0,100.0
10470,POS消费,地点114,食堂,2014/08/31 09:09:41,5.0,95.0
10470,POS消费,地点157,食堂,2014/08/31 12:13:57,5.6,89.4
10470,POS消费,地点157,食堂,2014/08/31 12:14:18,5.6,83.8
10470,POS消费,地点21,开水,2014/08/31 12:35:06,15.4,68.4
10470,POS消费,地点251,食堂,2014/08/31 18:09:55,1.0,67.4
10470,POS消费,地点243,食堂,2014/08/31 18:13:18,2.5,64.9
10470,POS消费,地点485,淋浴,2014/08/31 18:49:35,0.7,64.2
10470,POS消费,地点854,淋浴,2014/08/31 22:02:54,0.1,64.1
10470,POS消费,地点854,淋浴,2014/08/31 22:20:37,0.4,63.7
