10507,卡片开户,,,2014/07/14 10:04:50,0.0,0.0
10507,卡充值,,,2014/08/28 10:59:34,500.0,500.0
10507,POS消费,地点232,食堂,2014/08/28 11:03:36,11.6,488.4
10507,POS消费,地点91,校车,2014/08/28 11:03:43,6.4,482.0
10507,POS消费,地点91,校车,2014/08/28 11:04:03,6.6,475.4
10507,POS消费,地点91,校车,2014/08/28 11:04:20,6.6,468.8
10507,POS消费,地点192,超市,2014/08/28 14:00:14,11.4,457.4
10507,POS消费,地点188,超市,2014/08/28 17:58:26,19.8,437.6
10507,POS消费,地点1155,食堂,2014/08/29 09:49:26,15.9,421.7
10507,POS消费,地点6,淋浴,2014/08/29 11:36:31,1.0,410.7
10507,POS消费,地点168,食堂,2014/08/29 11:36:49,5.5,416.2
10507,POS消费,地点168,食堂,2014/08/29 11:36:59,4.5,411.7
10507,POS消费,地点26,图书馆,2014/08/29 12:04:01,30.0,380.7
10507,POS消费,地点26,图书馆,2014/08/29 12:04:05,0.5,380.2
10507,POS消费,地点195,超市,2014/08/29 12:10:43,28.0,352.2
10507,POS消费,地点21,开水,2014/08/29 18:40:15,6.0,346.2
10507,POS消费,地点21,开水,2014/08/29 19:04:50,8.6,337.6
10507,POS消费,地点195,超市,2014/08/29 19:38:13,4.0,333.6
10507,POS消费,地点103,食堂,2014/08/30 08:52:06,3.4,330.2
10507,POS消费,地点103,食堂,2014/08/30 08:52:12,0.8,329.4
10507,POS消费,地点103,食堂,2014/08/30 08:52:30,2.2,327.2
10507,POS消费,地点82,食堂,2014/08/30 17:34:57,6.33,320.87
10507,POS消费,地点60,食堂,2014/08/31 08:27:03,0.5,320.37
10507,POS消费,地点188,超市,2014/08/31 08:32:15,100.0,220.37
10507,POS消费,地点188,超市,2014/08/31 08:32:22,54.0,166.37
10507,POS消费,地点21,开水,2014/08/31 11:42:41,7.1,159.27
