10667,POS消费,地点232,食堂,2014/09/01 12:14:08,7.0,11.74
10667,POS消费,地点91,校车,2014/09/01 12:14:31,4.6,7.14
10667,POS消费,地点21,开水,2014/09/01 12:16:41,5.6,1.54
10667,卡充值,,,2014/09/01 18:12:20,100.0,101.54
10667,POS消费,地点21,开水,2014/09/01 18:14:35,5.6,95.94
10667,POS消费,地点21,开水,2014/09/01 18:14:50,3.0,92.94
10667,POS消费,地点91,校车,2014/09/01 18:15:09,4.6,88.34
10667,POS消费,地点21,开水,2014/09/01 20:05:17,12.3,76.04
10667,POS消费,地点484,淋浴,2014/09/01 20:35:50,0.4,75.64
10667,POS消费,地点21,开水,2014/09/02 12:08:49,3.5,72.14
10667,POS消费,地点21,开水,2014/09/02 12:09:59,3.0,69.14
10667,POS消费,地点91,校车,2014/09/02 12:11:02,4.3,64.84
10667,POS消费,地点21,开水,2014/09/02 18:04:20,4.6,60.24
10667,POS消费,地点21,开水,2014/09/02 18:05:50,5.0,55.24
10667,POS消费,地点21,开水,2014/09/02 18:21:55,1.8,53.44
10667,POS消费,地点484,淋浴,2014/09/02 20:59:11,0.4,53.04
10667,POS消费,地点21,开水,2014/09/03 11:33:29,4.2,48.84
10667,POS消费,地点91,校车,2014/09/03 11:34:57,10.0,38.84
10667,POS消费,地点21,开水,2014/09/03 17:10:59,2.7,36.14
10667,POS消费,地点91,校车,2014/09/03 17:11:45,13.4,22.74
10667,POS消费,地点21,开水,2014/09/03 19:52:12,3.0,19.74
10667,POS消费,地点484,淋浴,2014/09/03 21:04:27,0.2,19.54
10667,POS消费,地点484,淋浴,2014/09/04 23:11:20,0.4,19.14
10667,POS消费,地点232,食堂,2014/09/05 11:46:39,7.0,12.14
10667,卡挂失,,,2014/09/07 11:55:49,0.0,0.0
10667,卡补办,,,2014/09/12 11:29:24,120.0,117.14
10667,更新卡信息,,,2014/09/12 11:31:30,0.0,0.0
10667,POS消费,地点232,食堂,2014/09/12 11:34:39,7.0,110.14
10667,POS消费,地点232,食堂,2014/09/12 11:34:49,0.5,109.64
10667,POS消费,地点91,校车,2014/09/12 20:58:25,3.0,106.64
10667,POS消费,地点91,校车,2014/09/13 17:32:41,3.0,103.64
10667,POS消费,地点232,食堂,2014/09/14 17:52:13,7.0,96.64
10667,POS消费,地点91,校车,2014/09/14 17:52:46,4.5,92.14
10667,POS消费,地点21,开水,2014/09/15 17:30:11,4.6,87.54
10667,POS消费,地点91,校车,2014/09/15 17:30:46,4.5,83.04
10667,POS消费,地点91,校车,2014/09/15 19:00:26,3.0,80.04
10667,POS消费,地点232,食堂,2014/09/16 11:53:25,10.0,70.04
10667,POS消费,地点91,校车,2014/09/17 20:12:50,3.0,67.04
10667,POS消费,地点21,开水,2014/09/17 20:15:34,9.0,58.04
10667,POS消费,地点26,图书馆,2014/09/18 18:25:49,7.5,50.54
10667,POS消费,地点232,食堂,2014/09/19 11:40:03,7.0,43.54
10667,POS消费,地点232,食堂,2014/09/19 18:08:33,7.4,36.14
10667,POS消费,地点91,校车,2014/09/19 18:11:14,3.0,33.14
10667,POS消费,地点484,淋浴,2014/09/19 20:24:11,0.7,32.44
10667,POS消费,地点21,开水,2014/09/20 22:06:05,9.8,22.64
10667,POS消费,地点232,食堂,2014/09/21 17:03:11,7.0,15.64
10667,POS消费,地点91,校车,2014/09/21 17:03:35,4.5,11.14
10667,卡充值,,,2014/09/21 17:18:19,100.0,108.14
10667,POS消费,地点26,图书馆,2014/09/21 17:19:11,3.0,8.14
10667,POS消费,地点104,开水,2014/09/21 20:38:14,0.03,108.11
10667,POS消费,地点21,开水,2014/09/22 18:34:31,10.8,97.31
10667,POS消费,地点91,校车,2014/09/22 18:35:01,4.2,93.11
10667,POS消费,地点91,校车,2014/09/22 20:32:19,3.0,90.11
10667,POS消费,地点21,开水,2014/09/23 18:31:23,10.8,79.31
10667,POS消费,地点91,校车,2014/09/23 18:32:10,4.5,74.81
10667,POS消费,地点484,淋浴,2014/09/23 21:45:18,0.9,73.91
10667,POS消费,地点232,食堂,2014/09/24 11:45:42,7.9,66.01
10667,POS消费,地点91,校车,2014/09/24 11:46:18,3.8,62.21
10667,POS消费,地点26,图书馆,2014/09/24 11:47:14,2.9,59.31
10667,POS消费,地点21,开水,2014/09/25 21:20:16,6.9,52.41
10667,POS消费,地点484,淋浴,2014/09/26 20:39:00,0.9,51.51
10667,POS消费,地点232,食堂,2014/09/27 17:58:27,7.0,44.51
10667,POS消费,地点91,校车,2014/09/27 17:59:00,4.8,39.71
10667,POS消费,地点26,图书馆,2014/09/27 18:00:27,2.9,36.81
10667,POS消费,地点21,开水,2014/09/28 18:33:43,10.6,26.21
10667,POS消费,地点91,校车,2014/09/28 20:04:00,3.0,23.21
10667,POS消费,地点232,食堂,2014/09/29 11:57:46,8.0,15.21
10667,POS消费,地点91,校车,2014/09/29 11:58:15,3.8,11.41
10667,POS消费,地点232,食堂,2014/09/29 18:04:56,7.4,4.01
10667,卡充值,,,2014/09/29 18:05:04,100.0,101.11
10667,POS消费,地点26,图书馆,2014/09/29 18:05:57,2.9,1.11
10667,POS消费,地点484,淋浴,2014/09/29 20:35:16,0.7,100.41
10667,POS消费,地点21,开水,2014/09/30 12:08:29,10.6,89.81
10667,POS消费,地点26,图书馆,2014/09/30 12:22:22,2.9,86.91
10667,POS消费,地点21,开水,2014/10/01 17:23:12,10.4,76.51
10667,POS消费,地点21,开水,2014/10/01 17:23:48,0.4,76.11
10667,POS消费,地点21,开水,2014/10/01 17:45:15,3.0,73.11
10667,POS消费,地点484,淋浴,2014/10/02 22:17:54,0.7,72.41
10667,POS消费,地点484,淋浴,2014/10/03 21:45:40,0.4,72.01
10667,POS消费,地点484,淋浴,2014/10/03 21:56:19,0.1,71.91
10667,POS消费,地点484,淋浴,2014/10/03 22:01:00,0.4,71.51
10667,POS消费,地点484,淋浴,2014/10/04 22:39:34,0.3,71.21
10667,POS消费,地点484,淋浴,2014/10/04 22:43:48,0.2,71.01
10667,POS消费,地点484,淋浴,2014/10/05 22:28:59,0.4,70.61
10667,POS消费,地点484,淋浴,2014/10/06 00:00:53,0.4,70.21
10667,POS消费,地点484,淋浴,2014/10/07 21:06:25,0.5,69.71
10667,POS消费,地点21,开水,2014/10/08 11:44:42,10.6,59.11
10667,POS消费,地点104,开水,2014/10/09 12:49:59,0.03,59.08
10667,POS消费,地点232,食堂,2014/10/09 17:48:27,7.4,51.68
10667,POS消费,地点91,校车,2014/10/09 17:49:35,4.8,46.88
10667,POS消费,地点232,食堂,2014/10/10 11:48:49,7.0,39.88
10667,POS消费,地点91,校车,2014/10/10 11:49:27,4.2,35.68
10667,POS消费,地点21,开水,2014/10/10 17:50:04,3.6,32.08
10667,POS消费,地点91,校车,2014/10/10 17:50:20,5.0,27.08
10667,POS消费,地点232,食堂,2014/10/11 17:53:08,7.0,20.08
10667,POS消费,地点91,校车,2014/10/11 18:09:40,3.0,17.08
10667,POS消费,地点484,淋浴,2014/10/11 22:04:20,0.6,16.48
10667,POS消费,地点21,开水,2014/10/12 11:20:10,5.6,10.88
10667,POS消费,地点21,开水,2014/10/12 11:20:48,4.0,6.88
10667,POS消费,地点26,图书馆,2014/10/12 11:22:11,2.9,3.98
10667,卡充值,,,2014/10/13 17:23:08,100.0,103.98
10667,POS消费,地点21,开水,2014/10/13 17:28:20,10.6,93.38
10667,POS消费,地点26,图书馆,2014/10/13 17:29:39,3.0,90.38
10667,POS消费,地点484,淋浴,2014/10/13 21:30:16,0.7,89.68
10667,POS消费,地点21,开水,2014/10/14 08:13:53,1.83,87.85
10667,POS消费,地点21,开水,2014/10/15 11:34:27,10.6,77.25
10667,POS消费,地点232,食堂,2014/10/15 17:58:45,7.0,70.25
10667,POS消费,地点21,开水,2014/10/16 11:42:17,9.6,60.65
10667,POS消费,地点21,开水,2014/10/16 20:47:52,3.9,56.75
10667,POS消费,地点232,食堂,2014/10/17 17:57:03,10.6,46.15
10667,POS消费,地点21,开水,2014/10/18 10:07:00,2.0,44.15
10667,POS消费,地点91,校车,2014/10/18 11:53:06,8.6,35.55
10667,POS消费,地点232,食堂,2014/10/18 17:53:43,7.0,28.55
10667,POS消费,地点104,开水,2014/10/18 20:14:34,0.03,28.52
10667,POS消费,地点484,淋浴,2014/10/19 17:43:10,0.4,28.12
10667,POS消费,地点232,食堂,2014/10/21 07:28:56,5.0,23.12
10667,POS消费,地点91,校车,2014/10/21 11:08:58,6.0,17.12
10667,POS消费,地点21,开水,2014/10/21 18:09:45,6.1,11.02
10667,POS消费,地点21,开水,2014/10/22 07:37:21,2.4,8.02
10667,POS消费,地点232,食堂,2014/10/22 11:11:00,8.0,0.02
10667,POS消费,地点484,淋浴,2014/10/22 14:34:54,0.6,10.42
10667,卡充值,,,2014/10/22 16:49:06,100.0,100.02
10667,POS消费,地点21,开水,2014/10/22 18:29:08,7.1,92.92
10667,POS消费,地点21,开水,2014/10/22 22:13:35,3.0,89.92
10667,POS消费,地点21,开水,2014/10/23 12:01:20,8.6,81.32
10667,POS消费,地点232,食堂,2014/10/23 17:39:27,7.0,74.32
10667,POS消费,地点232,食堂,2014/10/25 17:47:34,7.0,67.32
10667,POS消费,地点232,食堂,2014/10/26 11:51:21,7.0,60.32
10667,POS消费,地点21,开水,2014/10/27 21:52:28,8.0,52.32
10667,POS消费,地点91,校车,2014/10/28 19:51:59,3.0,49.32
10667,POS消费,地点21,开水,2014/10/28 19:58:52,16.9,32.42
10667,POS消费,地点21,开水,2014/10/30 12:05:28,3.0,29.42
10667,POS消费,地点21,开水,2014/10/30 21:11:39,10.5,18.92
10667,POS消费,地点484,淋浴,2014/10/30 22:23:46,0.7,18.22
10667,POS消费,地点104,开水,2014/10/30 22:41:19,0.02,18.2
10667,POS消费,地点232,食堂,2014/10/31 17:40:32,13.0,5.2
10667,POS消费,地点21,开水,2014/10/31 17:54:01,5.0,0.2
10667,卡充值,,,2014/11/04 10:22:19,200.0,200.2
10667,POS消费,地点232,食堂,2014/11/04 11:28:54,5.0,195.2
10667,POS消费,地点232,食堂,2014/11/04 11:30:51,10.0,185.2
10667,POS消费,地点232,食堂,2014/11/04 11:31:10,7.0,178.2
10667,POS消费,地点484,淋浴,2014/11/04 20:53:41,0.8,177.4
10667,POS消费,地点21,开水,2014/11/08 09:00:56,2.8,174.6
10667,POS消费,地点21,开水,2014/11/08 09:01:20,3.0,171.6
10667,POS消费,地点21,开水,2014/11/08 09:01:34,1.0,170.6
10667,POS消费,地点21,开水,2014/11/08 09:02:49,1.5,169.1
10667,POS消费,地点232,食堂,2014/11/09 18:00:56,13.4,155.7
10667,POS消费,地点21,开水,2014/11/09 18:03:20,15.4,140.3
10667,POS消费,地点484,淋浴,2014/11/09 19:06:06,0.9,139.4
10667,POS消费,地点104,开水,2014/11/10 12:19:10,0.03,139.37
10667,POS消费,地点21,开水,2014/11/10 21:13:34,17.0,122.37
10667,POS消费,地点21,开水,2014/11/11 12:00:33,3.0,119.37
10667,POS消费,地点232,食堂,2014/11/11 12:01:51,7.0,112.37
10667,POS消费,地点232,食堂,2014/11/13 17:46:36,13.0,99.37
10667,POS消费,地点232,食堂,2014/11/14 17:50:13,13.4,85.97
10667,POS消费,地点232,食堂,2014/11/15 12:32:56,7.0,78.97
10667,POS消费,地点232,食堂,2014/11/15 17:24:47,14.0,64.97
10667,POS消费,地点21,开水,2014/11/15 17:39:12,3.9,61.07
10667,POS消费,地点484,淋浴,2014/11/15 20:47:30,0.9,60.17
10667,POS消费,地点104,开水,2014/11/15 23:01:50,0.03,60.14
10667,POS消费,地点104,开水,2014/11/17 11:52:19,0.03,60.11
10667,POS消费,地点484,淋浴,2014/11/17 16:46:00,0.7,59.41
10667,POS消费,地点91,校车,2014/11/24 19:35:53,3.0,56.41
10667,POS消费,地点21,开水,2014/11/25 09:43:50,10.5,45.91
10667,POS消费,地点91,校车,2014/11/26 18:15:57,3.0,42.91
10667,POS消费,地点21,开水,2014/11/27 17:52:09,3.6,39.31
10667,POS消费,地点21,开水,2014/11/27 17:52:34,5.0,34.31
10667,POS消费,地点91,校车,2014/11/27 21:55:48,20.2,14.11
10667,POS消费,地点232,食堂,2014/11/28 17:54:25,7.4,6.71
10667,POS消费,地点484,淋浴,2014/11/30 17:54:38,0.7,6.01
10667,卡充值,,,2014/12/01 17:52:34,100.0,106.01
10667,POS消费,地点21,开水,2014/12/01 17:53:47,7.6,98.41
10667,POS消费,地点484,淋浴,2014/12/03 20:52:10,0.7,97.71
10667,POS消费,地点21,开水,2014/12/05 12:12:17,3.9,93.81
10667,POS消费,地点91,校车,2014/12/06 18:54:21,8.0,85.81
10667,POS消费,地点104,开水,2014/12/07 20:54:24,0.03,85.78
10667,POS消费,地点91,校车,2014/12/10 20:06:17,11.5,74.28
10667,POS消费,地点484,淋浴,2014/12/10 22:25:25,0.7,73.58
10667,POS消费,地点484,淋浴,2014/12/15 22:03:17,1.1,72.48
10667,POS消费,地点21,开水,2014/12/19 18:18:23,11.8,60.68
10667,POS消费,地点21,开水,2014/12/19 18:55:46,3.0,57.68
10667,POS消费,地点484,淋浴,2014/12/19 20:52:02,0.9,56.78
10667,POS消费,地点104,开水,2014/12/23 12:48:23,0.03,56.75
10667,POS消费,地点232,食堂,2014/12/24 12:10:59,7.0,49.75
10667,POS消费,地点104,开水,2014/12/25 16:22:06,0.04,49.71
10667,POS消费,地点104,开水,2014/12/25 16:28:38,0.03,49.68
10667,POS消费,地点484,淋浴,2014/12/25 19:40:28,0.8,48.88
10667,POS消费,地点104,开水,2014/12/25 20:33:32,0.03,48.85
10667,POS消费,地点232,食堂,2014/12/26 12:22:31,7.0,41.85
10667,POS消费,地点21,开水,2014/12/26 12:35:51,1.0,40.85
10667,POS消费,地点104,开水,2014/12/30 14:44:18,0.01,40.84
10667,POS消费,地点21,开水,2014/12/31 18:34:29,2.8,38.04
10667,POS消费,地点21,开水,2015/01/01 17:10:45,12.3,25.74
10667,POS消费,地点104,开水,2015/01/01 20:42:05,0.03,25.71
10667,POS消费,地点91,校车,2015/01/02 20:42:47,9.5,16.21
10667,POS消费,地点484,淋浴,2015/01/03 21:11:34,0.7,15.51
10667,POS消费,地点21,开水,2015/01/04 20:37:01,3.4,12.11
10667,POS消费,地点21,开水,2015/01/04 20:37:14,4.2,7.91
10667,POS消费,地点21,开水,2015/01/07 11:48:02,6.3,1.61
