107,卡片开户,,,2014/07/19 16:21:44,0.0,0.0
107,卡挂失,,,2014/08/28 16:52:44,0.0,0.0
107,卡片开户,,,2014/08/28 16:53:21,200.0,185.0
107,POS消费,地点1870,开水,2014/08/28 18:08:52,0.01,184.99
107,POS消费,地点1641,淋浴,2014/08/28 23:01:43,0.4,184.59
107,POS消费,地点134,食堂,2014/08/29 08:12:01,0.5,184.09
107,POS消费,地点1588,食堂,2014/08/29 08:13:04,2.8,181.29
107,POS消费,地点232,食堂,2014/08/29 11:36:36,7.1,174.19
107,POS消费,地点1641,淋浴,2014/08/29 23:52:52,0.6,173.59
107,POS消费,地点1588,食堂,2014/08/30 08:17:45,3.6,169.99
107,POS消费,地点1588,食堂,2014/08/30 08:17:58,2.3,167.69
107,POS消费,地点253,食堂,2014/08/30 13:02:15,4.6,163.09
107,POS消费,地点1847,食堂,2014/08/30 18:05:36,2.5,155.99
107,POS消费,地点134,食堂,2014/08/30 18:18:03,4.6,158.49
107,POS消费,地点195,超市,2014/08/30 18:48:22,10.0,145.99
107,POS消费,地点21,开水,2014/08/31 12:46:25,5.0,140.19
107,POS消费,地点273,食堂,2014/08/31 17:50:12,8.3,131.89
107,POS消费,地点841,食堂,2014/08/31 17:53:44,6.0,125.89
107,POS消费,地点841,食堂,2014/08/31 18:25:27,1.0,124.89
