10757,卡片开户,,,2014/07/10 12:37:38,0.0,0.0
10757,卡充值,,,2014/08/28 11:34:08,500.0,500.0
10757,POS消费,地点1547,食堂,2014/08/28 11:50:35,20.0,480.0
10757,POS消费,地点204,食堂,2014/08/28 11:54:09,5.5,474.5
10757,POS消费,地点168,食堂,2014/08/28 11:57:31,6.5,468.0
10757,POS消费,地点21,开水,2014/08/28 14:38:39,0.6,467.4
10757,POS消费,地点21,开水,2014/08/28 16:19:27,30.0,437.4
10757,POS消费,地点21,开水,2014/08/28 16:19:34,11.3,426.1
10757,POS消费,地点269,食堂,2014/08/28 16:47:35,5.6,420.5
10757,POS消费,地点88,食堂,2014/08/28 16:48:17,7.26,413.24
10757,POS消费,地点88,食堂,2014/08/28 16:48:26,7.26,405.98
10757,POS消费,地点21,开水,2014/08/28 16:48:45,1.2,404.78
10757,POS消费,地点21,开水,2014/08/28 17:04:47,0.6,404.18
10757,POS消费,地点1653,淋浴,2014/08/28 19:42:57,0.1,404.08
10757,POS消费,地点1653,淋浴,2014/08/28 19:43:36,0.1,403.98
10757,POS消费,地点1654,淋浴,2014/08/28 19:44:18,0.1,403.88
10757,POS消费,地点1893,淋浴,2014/08/28 19:46:08,0.1,403.78
10757,POS消费,地点1893,淋浴,2014/08/28 19:48:12,1.3,402.48
10757,POS消费,地点146,校车,2014/08/29 11:44:15,1.0,401.48
10757,POS消费,地点168,食堂,2014/08/29 11:53:32,6.5,394.98
10757,POS消费,地点1632,开水,2014/08/29 15:27:29,0.09,394.89
10757,POS消费,地点234,食堂,2014/08/29 18:18:01,6.6,388.29
10757,POS消费,地点1894,淋浴,2014/08/29 22:40:32,1.0,387.29
10757,卡挂失,,,2014/08/30 09:41:23,0.0,0.0
10757,更新卡信息,,,2014/08/30 10:18:48,0.0,0.0
10757,卡补办,,,2014/08/30 10:20:18,15.0,387.29
10757,POS消费,地点1893,淋浴,2014/08/30 17:13:32,0.2,387.09
10757,POS消费,地点1893,淋浴,2014/08/30 17:15:17,0.5,386.59
10757,POS消费,地点1893,淋浴,2014/08/30 17:20:18,0.3,386.29
10757,POS消费,地点234,食堂,2014/08/30 18:22:01,6.6,379.69
10757,POS消费,地点1889,洗衣房,2014/08/30 22:27:25,3.6,376.03
10757,POS消费,地点1889,洗衣房,2014/08/30 22:27:36,-3.54,379.63
10757,POS消费,地点1889,洗衣房,2014/08/30 22:29:16,3.6,376.09
10757,POS消费,地点1894,淋浴,2014/08/30 22:53:20,0.8,375.23
10757,POS消费,地点1889,洗衣房,2014/08/30 23:30:11,3.6,371.63
10757,POS消费,地点60,食堂,2014/08/31 07:52:54,0.5,371.13
10757,POS消费,地点1625,淋浴,2014/08/31 20:10:53,0.1,371.03
10757,POS消费,地点1625,淋浴,2014/08/31 20:11:38,0.9,370.13
