10795,卡片开户,,,2014/07/14 10:15:01,0.0,0.0
10795,卡充值,,,2014/08/29 16:14:12,500.0,500.0
10795,POS消费,地点314,食堂,2014/08/29 16:45:56,28.0,472.0
10795,POS消费,地点21,开水,2014/08/29 18:19:24,6.6,465.4
10795,POS消费,地点21,开水,2014/08/29 18:19:37,6.6,458.8
10795,POS消费,地点251,食堂,2014/08/29 18:33:03,2.0,456.8
10795,POS消费,地点114,食堂,2014/08/29 18:44:34,2.5,454.3
10795,POS消费,地点21,开水,2014/08/30 10:21:04,9.6,444.7
10795,POS消费,地点1871,洗衣房,2014/08/30 10:53:49,1.2,443.5
10795,POS消费,地点1871,洗衣房,2014/08/30 11:02:04,-0.66,444.16
10795,POS消费,地点1871,洗衣房,2014/08/30 11:04:01,1.2,442.96
10795,POS消费,地点1871,洗衣房,2014/08/30 11:07:10,-0.9,443.86
10795,POS消费,地点161,食堂,2014/08/30 18:00:17,6.0,425.36
10795,POS消费,地点184,食堂,2014/08/30 18:11:14,6.1,437.76
10795,POS消费,地点184,食堂,2014/08/30 18:11:44,6.4,431.36
10795,POS消费,地点251,食堂,2014/08/30 18:13:53,3.0,422.36
10795,POS消费,地点192,超市,2014/08/31 10:57:35,3.2,419.16
10795,POS消费,地点184,食堂,2014/08/31 11:59:26,4.8,414.36
10795,POS消费,地点227,食堂,2014/08/31 17:39:28,5.0,409.36
10795,POS消费,地点61,食堂,2014/08/31 17:46:52,0.6,408.76
10795,POS消费,地点21,开水,2014/08/31 17:49:19,2.8,405.96
