10857,卡片开户,,,2014/07/18 16:18:39,0.0,0.0
10857,卡充值,,,2014/08/30 11:39:56,500.0,500.0
10857,POS消费,地点87,食堂,2014/08/30 11:46:35,4.6,495.4
10857,POS消费,地点65,食堂,2014/08/30 11:50:22,9.6,485.8
10857,POS消费,地点65,食堂,2014/08/30 11:51:01,10.6,475.2
10857,POS消费,地点211,校车,2014/08/30 18:06:17,1.0,474.2
10857,POS消费,地点134,食堂,2014/08/30 18:24:27,9.6,464.6
10857,POS消费,地点1961,超市,2014/08/30 18:35:40,32.5,432.1
10857,POS消费,地点1622,淋浴,2014/08/30 19:48:09,0.7,431.4
10857,POS消费,地点213,食堂,2014/08/31 08:53:39,1.0,430.4
10857,POS消费,地点89,食堂,2014/08/31 12:14:45,3.0,427.4
10857,POS消费,地点243,食堂,2014/08/31 12:17:11,3.5,423.9
10857,POS消费,地点286,食堂,2014/08/31 17:53:54,1.0,422.9
10857,POS消费,地点1686,食堂,2014/08/31 17:55:31,9.0,413.9
10857,POS消费,地点841,食堂,2014/08/31 17:56:22,4.0,409.9
10857,POS消费,地点1447,校车,2014/08/31 18:54:25,1.0,408.9
10857,POS消费,地点1447,校车,2014/08/31 19:56:30,1.0,407.9
10857,POS消费,地点1622,淋浴,2014/08/31 20:08:44,0.5,407.4
