10870,卡片开户,,,2014/07/15 12:11:22,0.0,0.0
10870,卡充值,,,2014/08/29 18:52:25,1000.0,1000.0
10870,POS消费,地点21,开水,2014/08/29 18:56:44,3.0,997.0
10870,POS消费,地点21,开水,2014/08/29 18:59:37,23.3,973.7
10870,POS消费,地点21,开水,2014/08/30 12:26:13,4.2,969.5
10870,POS消费,地点230,食堂,2014/08/30 17:26:13,5.0,964.5
10870,POS消费,地点21,开水,2014/08/30 17:46:29,18.2,946.3
10870,POS消费,地点60,食堂,2014/08/31 08:19:33,0.8,945.5
10870,POS消费,地点72,食堂,2014/08/31 12:03:48,4.2,941.3
10870,POS消费,地点1369,淋浴,2014/08/31 21:19:16,0.8,940.5
