10885,卡片开户,,,2014/07/14 09:23:30,0.0,0.0
10885,卡充值,,,2014/08/29 14:08:34,500.0,500.0
10885,POS消费,地点21,开水,2014/08/29 14:09:53,6.0,494.0
10885,POS消费,地点1630,洗衣房,2014/08/30 16:41:03,3.6,490.4
10885,POS消费,地点26,图书馆,2014/08/30 22:01:41,0.7,489.7
10885,POS消费,地点1653,淋浴,2014/08/30 23:27:13,0.6,489.1
10885,POS消费,地点89,食堂,2014/08/31 08:18:56,3.0,486.1
10885,POS消费,地点234,食堂,2014/08/31 11:53:39,6.6,479.5
10885,POS消费,地点1847,食堂,2014/08/31 11:58:44,3.8,475.7
10885,POS消费,地点219,超市,2014/08/31 17:50:58,4.0,471.7
10885,POS消费,地点1653,淋浴,2014/08/31 18:32:32,0.7,471.0
10885,POS消费,地点1630,洗衣房,2014/08/31 18:42:13,3.6,467.4
10885,POS消费,地点1630,洗衣房,2014/08/31 18:42:13,-3.42,470.82
10885,POS消费,地点118,食堂,2014/08/31 20:59:19,7.3,463.52
10885,POS消费,地点21,开水,2014/08/31 21:07:43,7.4,456.12
