10945,POS消费,地点232,食堂,2014/07/02 18:04:32,0.12,3.02
10945,POS消费,地点232,食堂,2014/07/02 18:04:32,0.0,0.0
10945,卡片开户,,,2014/07/16 11:21:47,0.0,0.0
10945,卡充值,,,2014/08/29 12:16:32,300.0,300.0
10945,POS消费,地点21,开水,2014/08/29 12:39:15,5.1,294.9
10945,POS消费,地点21,开水,2014/08/29 12:39:40,8.6,286.3
10945,POS消费,地点21,开水,2014/08/29 12:40:04,7.6,278.7
10945,POS消费,地点1447,校车,2014/08/29 12:56:32,1.0,277.7
10945,POS消费,地点1447,校车,2014/08/29 12:56:38,1.0,276.7
10945,POS消费,地点1447,校车,2014/08/29 12:56:51,1.0,275.7
10945,POS消费,地点1451,校车,2014/08/29 13:41:04,1.0,274.7
10945,POS消费,地点192,超市,2014/08/29 17:03:30,3.1,271.6
10945,POS消费,地点21,开水,2014/08/29 17:28:48,3.1,268.5
10945,POS消费,地点91,校车,2014/08/29 17:31:14,4.5,264.0
10945,POS消费,地点1642,淋浴,2014/08/29 22:23:14,0.1,263.9
10945,POS消费,地点1642,淋浴,2014/08/29 22:27:05,0.1,263.8
10945,POS消费,地点1642,淋浴,2014/08/29 22:30:30,0.1,263.5
10945,POS消费,地点1642,淋浴,2014/08/29 22:30:48,0.1,263.7
10945,POS消费,地点1642,淋浴,2014/08/29 22:31:47,0.1,263.6
10945,POS消费,地点1657,淋浴,2014/08/29 22:35:09,0.4,263.1
10945,POS消费,地点65,食堂,2014/08/30 08:11:39,0.6,262.5
10945,POS消费,地点192,超市,2014/08/30 10:09:45,6.3,256.2
10945,POS消费,地点975,开水,2014/08/30 10:19:14,0.01,256.19
10945,POS消费,地点69,食堂,2014/08/30 11:44:21,7.8,248.39
10945,POS消费,地点1547,食堂,2014/08/30 18:08:10,6.0,242.39
10945,POS消费,地点1365,淋浴,2014/08/30 20:08:07,0.6,241.79
10945,POS消费,地点65,食堂,2014/08/31 08:53:35,0.2,240.89
10945,POS消费,地点65,食堂,2014/08/31 08:53:41,0.6,240.29
10945,POS消费,地点60,食堂,2014/08/31 09:00:09,0.7,241.09
10945,POS消费,地点69,食堂,2014/08/31 09:03:07,2.6,237.69
10945,POS消费,地点195,超市,2014/08/31 09:15:32,28.0,209.69
10945,POS消费,地点232,食堂,2014/08/31 11:46:37,11.0,198.69
10945,POS消费,地点192,超市,2014/08/31 12:29:34,30.0,168.69
10945,POS消费,地点203,食堂,2014/08/31 19:10:23,6.5,162.19
10945,POS消费,地点1406,淋浴,2014/08/31 20:01:50,0.5,161.69
