10960,卡片开户,,,2014/07/18 16:41:14,0.0,0.0
10960,卡充值,,,2014/08/29 12:05:07,500.0,500.0
10960,POS消费,地点305,食堂,2014/08/29 12:15:59,6.0,481.7
10960,POS消费,地点103,食堂,2014/08/29 12:22:33,4.1,495.9
10960,POS消费,地点103,食堂,2014/08/29 12:22:45,4.1,491.8
10960,POS消费,地点103,食堂,2014/08/29 12:23:05,4.1,487.7
10960,POS消费,地点885,开水,2014/08/30 12:39:27,0.03,481.67
10960,POS消费,地点1588,食堂,2014/08/30 17:49:42,3.4,478.27
10960,POS消费,地点428,淋浴,2014/08/30 18:58:03,0.7,477.57
10960,POS消费,地点69,食堂,2014/08/31 07:46:49,3.83,473.74
10960,POS消费,地点21,开水,2014/08/31 12:07:36,3.0,470.74
10960,POS消费,地点398,开水,2014/08/31 12:22:45,0.13,470.61
10960,POS消费,地点21,开水,2014/08/31 17:26:13,4.4,466.21
10960,POS消费,地点321,淋浴,2014/08/31 21:41:28,0.4,465.81
