10978,卡片开户,,,2014/07/20 10:11:53,0.0,0.0
10978,卡充值,,,2014/08/28 12:46:31,500.0,500.0
10978,POS消费,地点70,食堂,2014/08/28 12:46:41,3.0,497.0
10978,POS消费,地点195,超市,2014/08/28 13:06:35,7.4,489.6
10978,POS消费,地点195,超市,2014/08/28 13:06:53,200.0,289.6
10978,POS消费,地点21,开水,2014/08/28 18:04:43,7.8,281.8
10978,POS消费,地点21,开水,2014/08/28 18:05:12,7.8,274.0
10978,POS消费,地点1655,淋浴,2014/08/28 22:25:30,0.1,273.9
10978,POS消费,地点72,食堂,2014/08/29 09:18:14,3.1,270.8
10978,POS消费,地点60,食堂,2014/08/29 09:30:28,0.7,270.1
10978,POS消费,地点168,食堂,2014/08/29 10:04:29,6.5,263.6
10978,POS消费,地点21,开水,2014/08/29 13:53:02,8.6,255.0
10978,POS消费,地点114,食堂,2014/08/29 13:53:10,4.0,242.4
10978,POS消费,地点21,开水,2014/08/29 13:53:18,8.6,246.4
10978,POS消费,地点218,食堂,2014/08/29 17:44:29,2.9,229.1
10978,POS消费,地点184,食堂,2014/08/29 17:46:02,4.8,237.6
10978,POS消费,地点184,食堂,2014/08/29 17:46:33,5.6,232.0
10978,POS消费,地点1655,淋浴,2014/08/29 22:50:53,0.1,229.0
10978,卡挂失,,,2014/08/30 14:00:51,0.0,0.0
10978,卡片开户,,,2014/08/31 08:50:32,100.0,85.0
10978,POS消费,地点21,开水,2014/08/31 08:56:21,4.4,80.6
10978,POS消费,地点72,食堂,2014/08/31 12:04:50,3.8,76.8
10978,POS消费,地点314,食堂,2014/08/31 12:30:36,13.0,63.8
10978,POS消费,地点1614,开水,2014/08/31 17:11:03,0.02,63.78
10978,POS消费,地点21,开水,2014/08/31 17:43:48,7.8,55.98
10978,POS消费,地点1980,淋浴,2014/08/31 22:48:51,0.1,55.88
10978,POS消费,地点1980,淋浴,2014/08/31 22:51:44,0.1,55.78
10978,POS消费,地点1980,淋浴,2014/08/31 22:54:15,0.1,55.68
10978,POS消费,地点1980,淋浴,2014/08/31 22:55:53,0.1,55.58
