11084,卡片开户,,,2014/07/11 13:09:36,0.0,0.0
11084,卡充值,,,2014/08/18 14:30:42,300.0,300.0
11084,POS消费,地点188,超市,2014/08/18 15:05:38,1.4,298.6
11084,POS消费,地点188,超市,2014/08/18 15:06:08,30.0,268.6
11084,POS消费,地点188,超市,2014/08/18 15:06:12,13.0,255.6
11084,卡充值,,,2014/08/18 15:10:59,500.0,755.6
11084,POS消费,地点21,开水,2014/08/18 16:24:34,3.1,752.5
11084,POS消费,地点21,开水,2014/08/18 17:00:47,6.0,746.5
11084,POS消费,地点21,开水,2014/08/18 20:09:54,17.2,729.3
11084,POS消费,地点21,开水,2014/08/18 20:37:06,16.9,712.4
11084,POS消费,地点65,食堂,2014/08/19 06:37:44,1.6,710.8
11084,POS消费,地点69,食堂,2014/08/19 06:40:42,4.3,706.5
11084,POS消费,地点87,食堂,2014/08/19 11:54:32,4.6,701.9
11084,POS消费,地点82,食堂,2014/08/19 12:14:14,3.5,698.4
11084,POS消费,地点884,淋浴,2014/08/19 13:02:52,0.3,698.1
11084,POS消费,地点89,食堂,2014/08/19 17:44:02,3.0,695.1
11084,POS消费,地点161,食堂,2014/08/20 12:33:26,12.8,682.3
11084,POS消费,地点89,食堂,2014/08/20 18:28:44,4.5,677.8
11084,POS消费,地点69,食堂,2014/08/21 07:01:19,1.75,676.05
11084,POS消费,地点65,食堂,2014/08/21 07:06:53,0.8,674.95
11084,POS消费,地点60,食堂,2014/08/21 07:12:30,0.3,675.75
11084,POS消费,地点227,食堂,2014/08/21 12:03:13,3.5,671.45
11084,POS消费,地点89,食堂,2014/08/21 17:39:16,4.5,666.93
11084,POS消费,地点21,开水,2014/08/21 18:22:08,10.4,656.53
11084,POS消费,地点21,开水,2014/08/21 18:48:32,22.3,634.23
11084,POS消费,地点806,开水,2014/08/23 09:14:32,0.02,671.43
