11101,卡片开户,,,2014/07/12 14:57:38,0.0,0.0
11101,卡充值,,,2014/08/29 14:11:41,200.0,200.0
11101,POS消费,地点1847,食堂,2014/08/30 12:38:25,4.4,187.5
11101,POS消费,地点1588,食堂,2014/08/30 12:43:03,8.1,191.9
11101,POS消费,地点253,食堂,2014/08/30 18:44:17,3.5,184.0
11101,POS消费,地点253,食堂,2014/08/30 18:44:30,4.25,179.75
11101,POS消费,地点253,食堂,2014/08/30 18:45:57,6.5,173.25
11101,POS消费,地点61,食堂,2014/08/30 18:47:56,0.6,172.65
11101,POS消费,地点61,食堂,2014/08/30 18:48:06,0.6,172.05
11101,POS消费,地点188,超市,2014/08/30 20:28:43,25.3,146.75
11101,POS消费,地点21,开水,2014/08/30 21:23:56,4.9,141.85
11101,POS消费,地点1634,开水,2014/08/30 21:46:22,0.01,141.84
11101,POS消费,地点124,食堂,2014/08/31 07:43:45,4.0,137.34
11101,POS消费,地点192,超市,2014/08/31 10:42:32,4.0,133.34
11101,POS消费,地点232,食堂,2014/08/31 11:56:00,10.0,123.34
11101,POS消费,地点218,食堂,2014/08/31 12:21:30,2.9,120.44
11101,POS消费,地点6,淋浴,2014/08/31 18:59:01,0.5,119.94
11101,POS消费,地点188,超市,2014/08/31 19:25:25,10.0,109.94
11101,POS消费,地点192,超市,2014/08/31 21:28:32,4.3,105.64
