11210,卡片开户,,,2014/07/11 13:10:39,0.0,0.0
11210,卡充值,,,2014/08/18 12:21:47,200.0,200.0
11210,POS消费,地点21,开水,2014/08/18 12:25:36,6.0,194.0
11210,POS消费,地点21,开水,2014/08/18 12:26:09,3.0,191.0
11210,POS消费,地点21,开水,2014/08/18 12:31:48,12.6,178.4
11210,POS消费,地点21,开水,2014/08/18 12:32:14,8.6,169.8
11210,POS消费,地点21,开水,2014/08/18 12:32:40,8.6,161.2
11210,POS消费,地点21,开水,2014/08/18 12:36:08,8.6,151.1
11210,POS消费,地点21,开水,2014/08/18 12:47:52,1.5,159.7
11210,POS消费,地点188,超市,2014/08/18 13:17:09,3.0,148.1
11210,POS消费,地点21,开水,2014/08/18 19:43:43,6.0,142.1
11210,POS消费,地点188,超市,2014/08/18 20:05:10,16.7,125.4
11210,POS消费,地点60,食堂,2014/08/19 06:41:55,0.8,124.6
11210,POS消费,地点60,食堂,2014/08/19 06:42:05,0.8,123.8
11210,POS消费,地点21,开水,2014/08/19 17:41:38,4.6,119.2
11210,POS消费,地点21,开水,2014/08/19 18:02:19,4.4,114.8
11210,POS消费,地点21,开水,2014/08/20 18:16:15,4.6,110.2
11210,POS消费,地点21,开水,2014/08/20 18:16:58,6.11,104.09
11210,POS消费,地点60,食堂,2014/08/21 07:09:02,0.8,103.29
11210,POS消费,地点21,开水,2014/08/21 11:48:40,6.8,96.49
11210,POS消费,地点60,食堂,2014/08/21 12:03:32,1.0,95.49
11210,POS消费,地点69,食堂,2014/08/21 17:28:56,8.6,86.89
11210,POS消费,地点69,食堂,2014/08/21 17:29:01,8.6,78.29
11210,POS消费,地点1669,淋浴,2014/08/22 20:50:16,0.1,77.19
11210,POS消费,地点1669,淋浴,2014/08/22 20:51:57,0.1,77.29
11210,POS消费,地点945,淋浴,2014/08/22 22:30:33,0.9,77.39
