11232,卡片开户,,,2014/07/19 11:19:47,0.0,0.0
11232,卡充值,,,2014/08/27 16:10:53,200.0,200.0
11232,POS消费,地点188,超市,2014/08/27 16:15:09,43.1,156.9
11232,POS消费,地点6,淋浴,2014/08/27 16:56:10,6.1,150.8
11232,POS消费,地点91,校车,2014/08/27 16:56:50,5.6,145.2
11232,POS消费,地点91,校车,2014/08/27 16:57:05,2.5,142.7
11232,POS消费,地点248,超市,2014/08/27 16:58:11,3.6,139.1
11232,POS消费,地点232,食堂,2014/08/27 16:59:41,6.6,132.5
11232,POS消费,地点21,开水,2014/08/27 17:01:49,1.3,131.2
11232,POS消费,地点192,超市,2014/08/30 11:33:47,1.8,129.4
11232,POS消费,地点72,食堂,2014/08/30 13:00:11,6.6,119.3
11232,POS消费,地点161,食堂,2014/08/30 13:01:23,6.1,113.2
11232,POS消费,地点21,开水,2014/08/30 13:04:50,2.4,105.2
11232,POS消费,地点114,食堂,2014/08/30 13:06:44,2.0,103.2
11232,POS消费,地点21,开水,2014/08/30 13:08:09,2.8,100.4
11232,POS消费,地点61,食堂,2014/08/30 13:17:21,5.6,107.6
11232,POS消费,地点1472,校车,2014/08/30 14:56:13,1.0,99.4
11232,POS消费,地点1472,校车,2014/08/30 14:56:24,1.0,98.4
11232,POS消费,地点1472,校车,2014/08/30 14:56:30,1.0,97.4
11232,POS消费,地点1472,校车,2014/08/30 14:56:40,1.0,96.4
11232,POS消费,地点1847,食堂,2014/08/31 11:06:36,2.9,93.5
11232,POS消费,地点21,开水,2014/08/31 11:08:38,7.6,85.9
11232,POS消费,地点192,超市,2014/08/31 11:33:36,10.0,75.9
11232,POS消费,地点188,超市,2014/08/31 22:09:59,26.4,49.5
