11230,卡片开户,,,2014/07/16 10:12:08,0.0,0.0
11230,卡充值,,,2014/08/28 17:46:44,500.0,500.0
11230,POS消费,地点161,食堂,2014/08/28 18:04:30,1.8,498.2
11230,POS消费,地点72,食堂,2014/08/28 18:07:23,1.0,491.2
11230,POS消费,地点21,开水,2014/08/28 18:20:00,1.0,497.2
11230,POS消费,地点21,开水,2014/08/28 18:20:59,5.0,492.2
11230,POS消费,地点1561,开水,2014/08/28 19:45:40,0.07,491.13
11230,POS消费,地点1561,开水,2014/08/28 19:48:34,0.05,491.08
11230,POS消费,地点161,食堂,2014/08/29 11:28:40,3.6,487.48
11230,POS消费,地点161,食堂,2014/08/29 11:29:22,15.0,472.48
11230,POS消费,地点21,开水,2014/08/29 11:44:07,2.5,469.98
11230,POS消费,地点1305,开水,2014/08/29 14:25:19,0.01,469.97
11230,POS消费,地点1305,开水,2014/08/29 14:25:55,0.03,469.94
11230,POS消费,地点192,超市,2014/08/29 16:57:34,30.0,439.94
11230,POS消费,地点192,超市,2014/08/29 16:57:36,30.0,409.94
11230,POS消费,地点192,超市,2014/08/29 16:57:40,0.4,409.54
11230,POS消费,地点21,开水,2014/08/29 17:07:28,2.0,407.54
11230,POS消费,地点21,开水,2014/08/29 17:10:39,3.0,404.54
11230,POS消费,地点1305,开水,2014/08/29 18:58:03,0.05,404.49
11230,POS消费,地点1875,淋浴,2014/08/29 19:45:33,0.6,403.89
11230,POS消费,地点60,食堂,2014/08/30 09:03:12,0.7,403.19
11230,POS消费,地点21,开水,2014/08/30 11:40:35,1.8,397.29
11230,POS消费,地点103,食堂,2014/08/30 11:53:27,4.1,399.09
11230,POS消费,地点1305,开水,2014/08/30 16:38:21,0.03,397.26
11230,POS消费,地点21,开水,2014/08/30 17:26:15,1.8,395.46
11230,POS消费,地点237,食堂,2014/08/30 17:29:18,2.0,393.46
11230,POS消费,地点161,食堂,2014/08/30 17:38:15,0.4,393.06
11230,POS消费,地点1874,淋浴,2014/08/30 19:13:02,0.7,392.36
11230,POS消费,地点69,食堂,2014/08/31 08:55:49,2.8,389.56
11230,POS消费,地点1674,食堂,2014/08/31 11:44:39,1.8,387.76
11230,POS消费,地点21,开水,2014/08/31 11:44:45,1.0,386.76
11230,POS消费,地点218,食堂,2014/08/31 11:55:04,1.8,384.96
11230,POS消费,地点188,超市,2014/08/31 12:04:10,9.1,375.86
11230,POS消费,地点1305,开水,2014/08/31 12:09:45,0.03,375.83
11230,POS消费,地点1305,开水,2014/08/31 22:02:47,0.08,375.75
11230,POS消费,地点1305,开水,2014/08/31 22:05:36,0.06,375.69
11230,POS消费,地点1305,开水,2014/08/31 22:22:50,0.05,375.64
