11309,POS消费,地点26,图书馆,2014/07/03 11:53:31,0.13,0.91
11309,POS消费,地点26,图书馆,2014/07/03 11:53:31,0.0,0.0
11309,卡片开户,,,2014/07/19 09:31:37,0.0,0.0
11309,卡充值,,,2014/08/29 13:14:56,200.0,200.0
11309,POS消费,地点65,食堂,2014/08/29 13:22:30,8.6,191.4
11309,POS消费,地点65,食堂,2014/08/29 13:23:24,8.6,182.8
11309,POS消费,地点314,食堂,2014/08/29 14:10:09,10.1,172.7
11309,POS消费,地点239,食堂,2014/08/29 17:28:27,4.8,167.9
11309,POS消费,地点239,食堂,2014/08/29 17:28:37,4.3,163.6
11309,POS消费,地点87,食堂,2014/08/30 08:21:41,4.0,159.6
11309,POS消费,地点213,食堂,2014/08/30 09:41:21,0.5,159.1
11309,POS消费,地点213,食堂,2014/08/30 09:55:15,0.45,158.65
11309,POS消费,地点232,食堂,2014/08/30 12:10:21,10.6,148.05
11309,POS消费,地点21,开水,2014/08/30 12:37:04,10.4,137.65
11309,POS消费,地点232,食堂,2014/08/30 18:19:49,10.9,126.75
11309,POS消费,地点232,食堂,2014/08/30 18:20:30,10.9,115.85
11309,POS消费,地点1961,超市,2014/08/30 19:34:57,0.8,115.05
11309,POS消费,地点114,食堂,2014/08/31 11:29:38,5.0,110.05
11309,POS消费,地点192,超市,2014/08/31 12:06:23,2.5,107.55
11309,POS消费,地点87,食堂,2014/08/31 17:32:29,4.6,102.95
11309,POS消费,地点21,开水,2014/08/31 17:48:25,3.0,99.95
