11414,POS消费,地点188,超市,2014/09/03 21:57:24,8.9,191.1
11414,POS消费,地点228,食堂,2014/09/04 18:25:54,8.5,182.6
11414,POS消费,地点72,食堂,2014/09/04 18:27:38,0.8,181.8
11414,POS消费,地点72,食堂,2014/09/04 18:27:42,0.4,181.4
11414,POS消费,地点21,开水,2014/09/06 19:43:22,11.7,169.7
11414,POS消费,地点21,开水,2014/09/07 13:47:34,3.0,166.7
11414,POS消费,地点1387,校车,2014/09/08 14:53:35,2.0,164.7
11414,POS消费,地点1387,校车,2014/09/08 14:53:47,2.0,162.7
11414,POS消费,地点1215,校车,2014/09/08 17:58:50,2.0,160.7
11414,POS消费,地点146,校车,2014/09/14 17:29:34,1.0,159.7
11414,POS消费,地点70,食堂,2014/09/15 06:56:00,2.0,157.7
11414,POS消费,地点232,食堂,2014/09/15 12:16:06,5.5,152.2
11414,POS消费,地点217,食堂,2014/09/17 11:55:31,5.0,147.2
11414,POS消费,地点1447,校车,2014/09/19 15:20:31,1.0,146.2
11414,POS消费,地点219,超市,2014/09/25 13:57:07,8.0,138.2
11414,POS消费,地点26,图书馆,2014/09/27 12:16:16,7.8,130.4
11414,POS消费,地点222,校车,2014/09/30 16:05:49,1.0,129.4
11414,POS消费,地点204,食堂,2014/09/30 17:59:55,5.5,123.9
11414,POS消费,地点1843,淋浴,2014/10/17 18:23:01,0.1,123.7
11414,POS消费,地点1846,淋浴,2014/10/17 18:23:13,0.1,123.8
11414,POS消费,地点1846,淋浴,2014/10/17 18:33:43,0.1,123.6
11414,POS消费,地点214,超市,2014/10/18 09:05:31,6.5,117.1
11414,POS消费,地点88,食堂,2014/10/18 12:30:58,3.0,114.1
11414,POS消费,地点221,校车,2014/10/18 14:16:27,4.0,110.1
11414,POS消费,地点529,校车,2014/10/18 16:10:24,4.0,106.1
11414,POS消费,地点21,开水,2014/10/19 20:30:34,30.0,76.1
11414,POS消费,地点21,开水,2014/10/19 20:30:38,3.4,72.7
11414,POS消费,地点1846,淋浴,2014/10/21 21:22:40,0.1,72.6
11414,POS消费,地点21,开水,2014/10/23 20:04:46,10.5,62.1
11414,POS消费,地点222,校车,2014/10/25 10:32:38,1.0,61.1
11414,POS消费,地点1448,校车,2014/10/26 13:07:17,1.0,60.1
11414,POS消费,地点190,超市,2014/10/27 12:02:37,7.6,52.5
11414,POS消费,地点188,超市,2014/10/31 22:22:39,6.1,46.4
11414,POS消费,地点61,食堂,2014/11/01 08:56:44,3.4,43.0
11414,POS消费,地点60,食堂,2014/11/01 09:17:35,0.5,42.5
11414,POS消费,地点1997,食堂,2014/11/02 09:38:24,4.3,38.2
11414,POS消费,地点232,食堂,2014/11/02 12:19:56,6.0,32.2
11414,POS消费,地点21,开水,2014/11/02 12:24:28,3.2,29.0
11414,POS消费,地点219,超市,2014/11/06 14:07:44,2.0,27.0
11414,POS消费,地点168,食堂,2014/11/13 13:43:31,11.0,16.0
11414,POS消费,地点26,图书馆,2014/11/14 19:04:16,15.1,0.9
11414,POS消费,地点1846,淋浴,2014/11/19 21:28:05,0.1,0.8
11414,POS消费,地点1846,淋浴,2014/11/21 16:07:08,0.1,0.7
11414,POS消费,地点1846,淋浴,2014/12/03 22:14:37,0.1,0.6
11414,卡充值,,,2014/12/17 11:58:18,50.0,50.6
11414,POS消费,地点1215,校车,2014/12/17 12:54:25,2.0,48.6
11414,POS消费,地点1215,校车,2014/12/17 12:54:35,2.0,46.6
11414,POS消费,地点2043,食堂,2014/12/18 08:55:03,3.8,42.8
11414,POS消费,地点192,超市,2014/12/24 09:53:32,7.0,35.8
11414,POS消费,地点146,校车,2014/12/24 14:14:50,1.0,34.8
11414,POS消费,地点1214,校车,2014/12/24 14:46:26,2.0,32.8
11414,POS消费,地点1214,校车,2014/12/24 14:46:32,2.0,30.8
11414,POS消费,地点1214,校车,2014/12/24 14:46:41,2.0,28.8
11414,POS消费,地点1846,淋浴,2014/12/27 01:08:19,0.1,28.7
11414,POS消费,地点228,食堂,2014/12/27 18:07:35,13.0,15.7
11414,POS消费,地点241,食堂,2014/12/29 11:21:30,3.9,11.8
11414,POS消费,地点167,食堂,2014/12/29 18:20:14,1.4,10.4
11414,POS消费,地点21,开水,2014/12/30 12:56:10,3.5,6.9
11414,POS消费,地点1387,校车,2015/01/01 14:00:54,2.0,4.9
11414,POS消费,地点534,开水,2015/01/01 21:25:38,0.04,4.86
11414,POS消费,地点2160,淋浴,2015/01/02 15:00:31,0.8,4.06
11414,POS消费,地点1846,淋浴,2015/01/02 22:48:56,0.1,3.96
11414,POS消费,地点144,食堂,2015/01/05 08:36:49,1.0,2.96
11414,POS消费,地点1846,淋浴,2015/01/10 00:39:25,0.1,2.86
11414,POS消费,地点1387,校车,2015/01/16 06:59:09,2.0,0.86
11414,换卡,,,2015/03/02 10:44:20,0.0,0.0
11414,POS消费,地点534,开水,2015/03/14 08:01:07,0.04,0.82
11414,卡充值,,,2015/03/29 14:18:33,50.0,50.82
11414,POS消费,地点219,超市,2015/03/31 18:17:43,4.0,46.82
11414,POS消费,地点1846,淋浴,2015/03/31 22:22:09,0.1,46.72
11414,POS消费,地点1846,淋浴,2015/04/01 20:54:00,0.1,46.62
11414,POS消费,地点256,食堂,2015/04/02 19:02:56,2.7,43.92
11414,POS消费,地点256,食堂,2015/04/02 19:08:56,0.6,43.32
11414,POS消费,地点258,食堂,2015/04/02 19:15:56,6.5,36.82
11414,POS消费,地点1846,淋浴,2015/04/03 00:13:33,0.1,36.72
11414,POS消费,地点1846,淋浴,2015/04/04 22:30:58,0.1,36.62
11414,POS消费,地点192,超市,2015/04/05 12:01:14,3.5,33.12
11414,POS消费,地点1846,淋浴,2015/04/10 00:05:31,0.1,29.02
11414,POS消费,地点1846,淋浴,2015/04/10 14:12:05,0.1,28.92
11414,POS消费,地点534,开水,2015/04/11 12:16:49,0.04,28.88
11414,POS消费,地点1844,淋浴,2015/04/12 17:57:58,1.0,27.88
11414,POS消费,地点1846,淋浴,2015/04/13 01:18:56,0.1,27.78
11414,POS消费,地点1846,淋浴,2015/04/13 15:10:15,0.1,27.68
11414,POS消费,地点534,开水,2015/04/13 21:37:59,0.02,27.66
11414,POS消费,地点1846,淋浴,2015/04/13 22:25:36,0.1,27.56
11414,POS消费,地点1846,淋浴,2015/04/14 23:38:58,0.1,27.46
11414,POS消费,地点1846,淋浴,2015/04/15 23:46:06,0.1,27.36
11414,POS消费,地点1846,淋浴,2015/04/17 02:30:16,0.1,27.26
11414,POS消费,地点534,开水,2015/04/20 14:39:49,0.02,27.24
11414,POS消费,地点1942,洗衣房,2015/04/20 18:47:02,3.6,23.64
11414,POS消费,地点1846,淋浴,2015/04/20 21:32:01,0.1,23.54
11414,POS消费,地点1846,淋浴,2015/04/21 00:17:00,0.1,23.44
11414,POS消费,地点1942,洗衣房,2015/04/24 11:41:31,3.6,19.84
11414,POS消费,地点192,超市,2015/04/24 15:01:09,6.5,13.34
11414,POS消费,地点1846,淋浴,2015/04/26 21:44:01,0.1,13.24
11414,POS消费,地点1532,淋浴,2015/04/27 19:25:00,0.2,13.04
11414,POS消费,地点1846,淋浴,2015/05/01 01:23:43,0.1,12.94
11414,POS消费,地点1952,淋浴,2015/05/01 12:48:59,0.5,12.44
11414,POS消费,地点1478,校车,2015/05/02 10:18:03,4.0,8.44
11414,POS消费,地点211,校车,2015/05/02 15:23:11,1.0,7.44
11414,POS消费,地点1846,淋浴,2015/05/02 22:32:12,0.1,7.34
11414,POS消费,地点1846,淋浴,2015/05/03 22:19:58,0.1,7.24
11414,POS消费,地点1846,淋浴,2015/05/05 22:18:33,0.1,7.14
11414,POS消费,地点1846,淋浴,2015/05/06 20:54:19,0.1,7.04
11414,POS消费,地点1846,淋浴,2015/05/07 19:27:58,0.1,6.94
11414,POS消费,地点1952,淋浴,2015/05/08 17:16:16,0.5,6.44
11414,POS消费,地点1952,淋浴,2015/05/08 17:20:01,0.3,6.14
11414,POS消费,地点1846,淋浴,2015/05/08 20:53:48,0.1,6.04
11414,POS消费,地点1532,淋浴,2015/05/08 21:04:01,0.8,5.24
11414,POS消费,地点1532,淋浴,2015/05/10 00:44:00,0.9,4.34
11414,POS消费,地点1846,淋浴,2015/05/12 01:08:00,0.1,4.24
11414,POS消费,地点1846,淋浴,2015/05/13 19:13:59,0.1,4.14
11414,POS消费,地点1527,淋浴,2015/05/13 21:05:00,1.3,2.84
11414,POS消费,地点1846,淋浴,2015/05/14 14:13:59,0.1,2.74
11414,POS消费,地点1846,淋浴,2015/05/18 22:33:44,0.1,2.64
11414,POS消费,地点1846,淋浴,2015/05/19 21:20:58,0.1,2.54
11414,POS消费,地点1846,淋浴,2015/05/20 16:36:27,0.1,2.44
11414,POS消费,地点1846,淋浴,2015/05/20 18:09:58,0.1,2.34
11414,POS消费,地点1527,淋浴,2015/05/20 19:05:51,0.6,1.54
11414,POS消费,地点1532,淋浴,2015/05/20 19:27:00,0.2,2.14
11414,POS消费,地点534,开水,2015/05/23 09:32:00,0.02,1.52
11414,POS消费,地点1846,淋浴,2015/05/23 21:14:58,0.1,1.42
11414,POS消费,地点1846,淋浴,2015/05/26 17:59:00,0.1,1.32
11414,POS消费,地点1846,淋浴,2015/05/28 14:28:25,0.1,1.22
11414,POS消费,地点1846,淋浴,2015/05/30 14:20:04,0.1,1.12
11414,POS消费,地点1846,淋浴,2015/06/09 00:40:17,0.1,1.02
11414,POS消费,地点534,开水,2015/06/09 13:38:00,0.02,1.0
11414,POS消费,地点1846,淋浴,2015/06/14 00:28:17,0.1,0.9
11414,POS消费,地点1846,淋浴,2015/06/16 18:50:01,0.1,0.8
11414,POS消费,地点1846,淋浴,2015/06/18 23:32:07,0.1,0.7
11414,POS消费,地点1846,淋浴,2015/06/20 13:34:02,0.1,0.6
11414,POS消费,地点1846,淋浴,2015/06/23 01:16:02,0.1,0.5
11414,POS消费,地点1846,淋浴,2015/06/23 12:57:02,0.1,0.4
11414,POS消费,地点1846,淋浴,2015/06/25 00:07:06,0.1,0.3
11414,POS消费,地点1846,淋浴,2015/06/25 22:28:08,0.1,0.2
11414,POS消费,地点1846,淋浴,2015/06/26 15:54:09,0.1,0.1
11414,POS消费,地点1846,淋浴,2015/06/26 22:18:19,0.1,0.0
11414,POS消费,地点134,食堂,2015/06/29 18:06:11,4.6,95.4
11414,支付领取,,,2015/06/29 18:59:22,100.0,100.0
11414,POS消费,地点1532,淋浴,2015/06/30 23:49:10,0.3,95.1
11414,POS消费,地点1846,淋浴,2015/07/01 22:14:18,0.1,95.0
11414,POS消费,地点309,食堂,2015/07/04 12:13:29,6.0,89.0
11414,POS消费,地点211,校车,2015/07/04 18:00:56,1.0,88.0
11414,POS消费,地点211,校车,2015/07/04 18:01:02,1.0,87.0
11414,POS消费,地点1846,淋浴,2015/07/04 23:40:10,0.1,86.9
11414,POS消费,地点21,开水,2015/07/05 12:23:54,8.9,78.0
11414,POS消费,地点26,图书馆,2015/07/05 17:04:28,5.4,72.6
11414,POS消费,地点219,超市,2015/07/05 19:22:18,4.5,68.1
11414,POS消费,地点1846,淋浴,2015/07/05 21:31:12,0.1,68.0
11414,POS消费,地点1846,淋浴,2015/07/06 23:25:15,0.1,67.9
11414,POS消费,地点1846,淋浴,2015/07/08 00:15:03,0.1,67.8
11414,POS消费,地点274,超市,2015/07/09 21:21:42,5.5,62.3
11414,POS消费,地点192,超市,2015/07/10 18:37:51,8.9,53.4
11414,POS消费,地点192,超市,2015/07/11 17:23:15,14.6,38.8
11414,POS消费,地点188,超市,2015/07/12 16:12:56,7.4,31.4
11414,POS消费,地点274,超市,2015/07/13 10:35:04,9.0,22.4
11414,POS消费,地点1846,淋浴,2015/07/13 15:04:19,0.1,22.3
11414,POS消费,地点1214,校车,2015/07/13 21:31:48,2.0,20.3
11414,POS消费,地点1527,淋浴,2015/07/13 23:34:15,0.7,19.6
11414,POS消费,地点1846,淋浴,2015/07/14 01:02:03,0.1,19.5
