11465,卡片开户,,,2014/07/14 10:28:44,0.0,0.0
11465,卡充值,,,2014/08/29 12:38:18,500.0,500.0
11465,POS消费,地点203,食堂,2014/08/29 13:07:14,16.5,483.5
11465,POS消费,地点168,食堂,2014/08/29 13:17:44,5.5,478.0
11465,POS消费,地点21,开水,2014/08/30 11:31:46,10.1,467.9
11465,POS消费,地点21,开水,2014/08/30 17:37:15,5.6,462.3
11465,POS消费,地点65,食堂,2014/08/31 07:47:09,1.0,461.3
11465,POS消费,地点87,食堂,2014/08/31 07:50:36,3.0,458.3
11465,POS消费,地点21,开水,2014/08/31 10:18:31,3.0,455.3
11465,POS消费,地点26,图书馆,2014/08/31 10:37:28,28.0,427.3
11465,POS消费,地点195,超市,2014/08/31 10:44:21,5.4,421.9
11465,POS消费,地点273,食堂,2014/08/31 17:36:54,5.4,416.5
