11542,卡片开户,,,2014/07/16 16:06:34,0.0,0.0
11542,卡充值,,,2014/08/28 10:02:32,500.0,500.0
11542,POS消费,地点190,超市,2014/08/28 10:17:00,48.1,451.9
11542,POS消费,地点190,超市,2014/08/28 10:17:07,100.0,351.9
11542,POS消费,地点21,开水,2014/08/28 12:14:19,5.2,346.7
11542,POS消费,地点21,开水,2014/08/28 12:15:28,17.8,328.9
11542,POS消费,地点21,开水,2014/08/28 12:21:46,5.7,323.2
11542,POS消费,地点203,食堂,2014/08/28 17:55:33,6.5,316.7
11542,POS消费,地点1547,食堂,2014/08/28 17:57:04,9.0,307.7
11542,POS消费,地点225,食堂,2014/08/28 18:04:48,4.0,303.7
11542,POS消费,地点190,超市,2014/08/28 18:54:01,40.8,262.9
11542,POS消费,地点1027,开水,2014/08/28 19:03:44,0.01,262.88
11542,POS消费,地点1352,开水,2014/08/28 19:04:00,0.01,262.89
11542,POS消费,地点1027,开水,2014/08/28 19:05:49,0.02,262.86
11542,POS消费,地点1352,开水,2014/08/28 19:07:52,0.01,262.85
11542,POS消费,地点1027,开水,2014/08/28 19:08:38,0.02,262.83
11542,POS消费,地点1572,淋浴,2014/08/28 19:21:36,0.5,262.33
11542,POS消费,地点1027,开水,2014/08/28 20:29:30,0.01,262.32
11542,POS消费,地点91,校车,2014/08/29 07:28:03,2.6,259.72
11542,POS消费,地点91,校车,2014/08/29 07:28:41,0.8,258.92
11542,POS消费,地点1027,开水,2014/08/29 08:40:06,0.01,258.91
11542,POS消费,地点1027,开水,2014/08/29 08:40:12,0.01,258.9
11542,POS消费,地点1352,开水,2014/08/30 09:44:57,0.01,258.89
11542,POS消费,地点27,教务处,2014/08/30 09:49:58,10.0,248.89
11542,POS消费,地点27,教务处,2014/08/30 10:29:08,5.0,243.89
11542,POS消费,地点89,食堂,2014/08/30 11:30:03,4.5,239.39
11542,POS消费,地点190,超市,2014/08/30 13:08:23,5.0,234.39
11542,POS消费,地点1027,开水,2014/08/30 14:23:46,0.01,234.38
11542,POS消费,地点1572,淋浴,2014/08/30 21:10:06,0.6,233.78
11542,POS消费,地点91,校车,2014/08/31 07:49:09,2.4,231.38
11542,POS消费,地点91,校车,2014/08/31 07:50:05,0.7,230.68
11542,POS消费,地点21,开水,2014/08/31 07:51:26,0.5,230.18
11542,POS消费,地点91,校车,2014/08/31 07:52:09,2.9,227.28
11542,POS消费,地点21,开水,2014/08/31 07:53:38,3.0,224.28
11542,POS消费,地点1027,开水,2014/08/31 20:38:12,0.01,224.27
11542,POS消费,地点1027,开水,2014/08/31 20:38:49,0.01,224.25
11542,POS消费,地点1352,开水,2014/08/31 20:39:10,0.01,224.26
11542,POS消费,地点1065,开水,2014/08/31 20:40:49,0.01,224.24
11542,POS消费,地点1065,开水,2014/08/31 21:14:10,0.01,224.22
11542,POS消费,地点1065,开水,2014/08/31 21:54:22,0.01,224.21
11542,POS消费,地点1043,淋浴,2014/08/31 22:08:58,0.5,223.71
