11587,卡片开户,,,2014/07/15 13:23:16,0.0,0.0
11587,卡充值,,,2014/08/27 17:34:30,200.0,200.0
11587,POS消费,地点192,超市,2014/08/27 17:38:12,30.0,170.0
11587,POS消费,地点192,超市,2014/08/27 17:38:16,30.0,140.0
11587,POS消费,地点192,超市,2014/08/27 17:38:19,30.0,110.0
11587,POS消费,地点192,超市,2014/08/27 17:38:34,30.0,80.0
11587,POS消费,地点192,超市,2014/08/27 17:38:47,15.1,64.9
11587,POS消费,地点211,校车,2014/08/29 08:06:42,1.0,63.9
11587,POS消费,地点211,校车,2014/08/29 08:06:58,1.0,62.9
11587,POS消费,地点26,图书馆,2014/08/29 16:16:39,28.0,34.9
11587,POS消费,地点837,校车,2014/08/30 08:25:21,1.0,33.9
11587,POS消费,地点146,校车,2014/08/30 11:15:33,1.0,32.9
11587,POS消费,地点83,食堂,2014/08/30 12:14:33,6.5,26.4
11587,POS消费,地点83,食堂,2014/08/30 12:15:32,18.0,8.4
11587,POS消费,地点192,超市,2014/08/30 20:58:02,2.8,5.6
11587,POS消费,地点157,食堂,2014/08/31 08:19:02,0.8,4.8
11587,卡充值,,,2014/08/31 10:14:00,500.0,504.8
11587,POS消费,地点21,开水,2014/08/31 11:09:01,2.8,502.0
11587,POS消费,地点1961,超市,2014/08/31 11:26:55,22.3,479.7
11587,POS消费,地点1867,洗衣房,2014/08/31 18:01:49,-0.96,478.86
11587,POS消费,地点1867,洗衣房,2014/08/31 18:03:34,1.2,477.9
11587,POS消费,地点1867,洗衣房,2014/08/31 18:12:25,1.2,477.66
11587,POS消费,地点1867,洗衣房,2014/08/31 18:22:51,1.2,476.46
11587,POS消费,地点1867,洗衣房,2014/08/31 18:22:58,1.2,476.22
11587,POS消费,地点1867,洗衣房,2014/08/31 18:24:44,-0.96,477.42
11587,POS消费,地点1867,洗衣房,2014/08/31 18:35:42,-0.48,476.7
