11764,卡片开户,,,2014/07/18 11:48:49,0.0,0.0
11764,卡充值,,,2014/08/28 16:14:28,100.0,100.0
11764,POS消费,地点1442,校车,2014/08/28 17:11:26,1.0,99.0
11764,POS消费,地点1365,淋浴,2014/08/28 19:55:09,0.1,98.9
11764,POS消费,地点1021,淋浴,2014/08/28 20:06:37,0.9,98.0
11764,POS消费,地点975,开水,2014/08/28 22:56:07,0.01,97.99
11764,POS消费,地点69,食堂,2014/08/29 07:40:55,3.4,94.59
11764,POS消费,地点60,食堂,2014/08/29 07:50:35,0.8,93.79
11764,POS消费,地点232,食堂,2014/08/30 09:59:14,0.7,92.29
11764,POS消费,地点21,开水,2014/08/30 11:59:55,3.0,89.29
11764,POS消费,地点1186,淋浴,2014/08/30 12:36:39,0.01,89.28
11764,POS消费,地点1186,淋浴,2014/08/30 12:38:05,0.01,89.27
11764,POS消费,地点1186,淋浴,2014/08/30 12:38:57,0.01,89.26
11764,POS消费,地点188,超市,2014/08/30 15:42:53,9.4,79.86
11764,POS消费,地点192,超市,2014/08/30 21:16:13,3.5,76.36
11764,POS消费,地点65,食堂,2014/08/31 06:46:20,0.8,72.96
11764,POS消费,地点60,食堂,2014/08/31 06:53:24,1.0,73.76
11764,POS消费,地点61,食堂,2014/08/31 06:57:17,1.6,74.76
11764,POS消费,地点21,开水,2014/08/31 10:54:52,5.6,67.36
11764,POS消费,地点188,超市,2014/08/31 13:32:07,0.9,66.46
11764,POS消费,地点1365,淋浴,2014/08/31 19:56:20,0.9,65.56
