11885,卡片开户,,,2014/07/14 10:32:58,0.0,0.0
11885,卡充值,,,2014/08/28 12:52:01,1000.0,1000.0
11885,POS消费,地点69,食堂,2014/08/28 12:58:40,12.6,987.4
11885,POS消费,地点203,食堂,2014/08/28 14:37:36,5.5,981.9
11885,POS消费,地点1293,洗衣房,2014/08/28 18:35:34,3.6,978.3
11885,POS消费,地点1293,洗衣房,2014/08/28 18:47:07,-3.0,981.3
11885,POS消费,地点1293,洗衣房,2014/08/28 18:47:24,3.6,977.7
11885,POS消费,地点1293,洗衣房,2014/08/28 18:57:06,3.6,977.1
11885,POS消费,地点1293,洗衣房,2014/08/28 18:57:22,-3.0,980.7
11885,POS消费,地点1293,洗衣房,2014/08/28 19:01:12,-3.42,980.52
11885,POS消费,地点1293,洗衣房,2014/08/29 09:29:49,3.6,976.92
11885,POS消费,地点1293,洗衣房,2014/08/29 09:38:12,-3.06,979.98
11885,POS消费,地点1547,食堂,2014/08/29 10:59:04,6.0,973.98
11885,POS消费,地点61,食堂,2014/08/29 18:13:43,9.4,964.58
11885,POS消费,地点485,淋浴,2014/08/29 23:13:18,0.2,964.38
11885,POS消费,地点485,淋浴,2014/08/29 23:17:46,0.3,964.08
11885,POS消费,地点69,食堂,2014/08/30 09:29:48,1.6,962.48
11885,POS消费,地点21,开水,2014/08/30 13:10:59,8.6,953.88
11885,POS消费,地点168,食堂,2014/08/30 17:56:07,4.5,949.38
11885,POS消费,地点314,食堂,2014/08/30 19:54:50,5.8,943.58
11885,POS消费,地点21,开水,2014/08/30 20:20:20,15.8,927.78
11885,POS消费,地点485,淋浴,2014/08/30 22:50:59,0.7,927.08
11885,POS消费,地点21,开水,2014/08/31 12:29:23,5.4,921.68
11885,POS消费,地点72,食堂,2014/08/31 17:29:07,5.4,916.28
11885,POS消费,地点485,淋浴,2014/08/31 22:13:20,0.1,916.18
11885,POS消费,地点485,淋浴,2014/08/31 22:18:02,0.2,915.98
