12087,卡片开户,,,2014/07/19 16:02:56,0.0,0.0
12087,卡充值,,,2014/08/29 10:34:20,500.0,500.0
12087,POS消费,地点1480,开水,2014/08/29 11:07:52,0.01,499.99
12087,POS消费,地点124,食堂,2014/08/29 11:59:11,3.0,486.39
12087,POS消费,地点124,食堂,2014/08/29 11:59:18,4.5,481.89
12087,POS消费,地点124,食堂,2014/08/29 12:02:54,3.0,478.89
12087,POS消费,地点249,食堂,2014/08/29 12:10:15,10.6,489.39
12087,POS消费,地点1480,开水,2014/08/29 16:50:51,0.01,478.88
12087,POS消费,地点1383,洗衣房,2014/08/30 10:19:14,3.6,475.28
12087,POS消费,地点1383,洗衣房,2014/08/30 11:18:50,3.6,471.68
12087,POS消费,地点1383,洗衣房,2014/08/30 11:18:50,-3.36,475.04
12087,POS消费,地点1383,洗衣房,2014/08/30 11:25:34,3.6,471.44
12087,POS消费,地点1383,洗衣房,2014/08/30 11:25:34,-3.42,474.86
12087,POS消费,地点1382,洗衣房,2014/08/30 11:28:41,3.6,471.26
12087,POS消费,地点1382,洗衣房,2014/08/30 11:28:41,-3.24,474.5
12087,POS消费,地点1382,洗衣房,2014/08/30 11:34:33,3.6,470.9
12087,POS消费,地点91,校车,2014/08/30 11:58:56,7.6,463.3
12087,POS消费,地点232,食堂,2014/08/30 12:01:59,6.0,457.3
12087,POS消费,地点232,食堂,2014/08/30 12:06:27,10.0,447.3
12087,POS消费,地点1480,开水,2014/08/30 15:55:10,0.01,447.29
12087,POS消费,地点65,食堂,2014/08/30 17:24:24,9.6,437.69
12087,POS消费,地点65,食堂,2014/08/30 17:24:44,9.6,428.09
12087,POS消费,地点251,食堂,2014/08/30 17:38:10,0.5,427.24
12087,POS消费,地点21,开水,2014/08/30 17:39:13,0.35,427.74
12087,POS消费,地点1480,开水,2014/08/31 07:16:46,0.01,427.23
12087,POS消费,地点134,食堂,2014/08/31 08:01:17,0.8,426.43
12087,POS消费,地点1409,食堂,2014/08/31 08:04:27,1.4,425.03
12087,POS消费,地点1480,开水,2014/08/31 08:07:07,0.01,425.02
12087,POS消费,地点238,食堂,2014/08/31 10:56:54,10.0,415.02
12087,POS消费,地点1923,淋浴,2014/08/31 11:51:18,0.9,414.12
12087,POS消费,地点283,食堂,2014/08/31 18:26:15,4.6,409.52
