12152,卡片开户,,,2014/07/19 11:12:55,0.0,0.0
12152,卡充值,,,2014/08/29 12:59:00,500.0,500.0
12152,POS消费,地点87,食堂,2014/08/29 13:06:42,4.0,496.0
12152,POS消费,地点65,食堂,2014/08/29 13:12:10,12.6,483.4
12152,POS消费,地点65,食堂,2014/08/29 13:12:47,1.26,482.14
12152,POS消费,地点65,食堂,2014/08/29 13:13:13,11.4,470.74
12152,POS消费,地点65,食堂,2014/08/29 13:14:20,12.6,458.14
12152,POS消费,地点65,食堂,2014/08/29 13:14:41,12.6,445.54
12152,POS消费,地点887,淋浴,2014/08/29 21:39:48,0.2,445.34
12152,POS消费,地点887,淋浴,2014/08/29 21:40:44,0.1,445.24
12152,POS消费,地点114,食堂,2014/08/30 08:50:41,3.0,441.24
12152,POS消费,地点114,食堂,2014/08/30 08:54:13,5.0,436.24
12152,POS消费,地点161,食堂,2014/08/30 17:41:25,5.4,430.84
12152,POS消费,地点21,开水,2014/08/30 18:23:17,7.6,423.24
12152,POS消费,地点325,淋浴,2014/08/30 21:13:25,0.3,422.94
12152,POS消费,地点927,淋浴,2014/08/30 21:40:13,0.8,422.14
12152,POS消费,地点434,开水,2014/08/31 06:37:27,0.01,422.13
12152,POS消费,地点114,食堂,2014/08/31 07:07:10,2.5,419.63
12152,POS消费,地点21,开水,2014/08/31 12:27:43,7.2,412.43
12152,POS消费,地点161,食堂,2014/08/31 18:08:21,5.4,407.03
12152,POS消费,地点325,淋浴,2014/08/31 22:00:44,0.4,406.63
12152,POS消费,地点927,淋浴,2014/08/31 22:23:19,0.7,405.93
