12179,卡片开户,,,2014/07/14 10:27:32,0.0,0.0
12179,卡充值,,,2014/08/29 10:59:03,200.0,200.0
12179,POS消费,地点26,图书馆,2014/08/29 11:04:59,28.0,172.0
12179,POS消费,地点157,食堂,2014/08/29 12:46:17,8.6,163.38
12179,POS消费,地点1884,开水,2014/08/29 15:37:32,0.01,171.99
12179,POS消费,地点1884,开水,2014/08/29 15:39:25,0.01,171.98
12179,POS消费,地点264,食堂,2014/08/29 17:50:22,10.6,152.78
12179,POS消费,地点264,食堂,2014/08/29 17:50:53,10.6,142.18
12179,POS消费,地点264,食堂,2014/08/29 17:51:20,5.6,136.58
12179,POS消费,地点134,食堂,2014/08/30 07:39:58,0.8,135.78
12179,POS消费,地点1588,食堂,2014/08/30 07:40:45,2.8,132.98
12179,POS消费,地点314,食堂,2014/08/31 08:52:36,7.7,125.28
12179,POS消费,地点314,食堂,2014/08/31 10:39:24,29.2,96.08
12179,POS消费,地点1867,洗衣房,2014/08/31 11:06:56,1.2,94.88
12179,POS消费,地点1867,洗衣房,2014/08/31 11:15:14,-1.14,96.02
12179,POS消费,地点1871,洗衣房,2014/08/31 11:27:43,1.2,94.82
12179,POS消费,地点91,校车,2014/08/31 11:44:29,8.6,86.22
12179,POS消费,地点1871,洗衣房,2014/08/31 12:22:02,1.2,85.02
12179,POS消费,地点21,开水,2014/08/31 17:43:29,1.0,84.02
12179,POS消费,地点248,超市,2014/08/31 17:45:37,10.6,73.42
