12217,卡片开户,,,2014/07/13 10:49:44,0.0,0.0
12217,POS消费,地点27,教务处,2014/08/28 11:11:29,10.0,90.0
12217,卡充值,,,2014/08/28 11:14:03,100.0,100.0
12217,POS消费,地点213,食堂,2014/08/28 11:23:16,0.15,89.85
12217,POS消费,地点314,食堂,2014/08/28 13:12:10,10.0,79.85
12217,POS消费,地点314,食堂,2014/08/28 13:13:10,4.3,75.55
12217,POS消费,地点91,校车,2014/08/28 17:07:08,3.0,72.55
12217,POS消费,地点91,校车,2014/08/28 17:07:21,1.0,71.55
12217,POS消费,地点91,校车,2014/08/28 17:09:29,3.4,68.15
12217,POS消费,地点91,校车,2014/08/28 17:09:48,4.0,64.15
12217,POS消费,地点91,校车,2014/08/28 17:10:56,6.4,57.75
12217,卡充值,,,2014/08/28 17:41:21,500.0,557.75
12217,POS消费,地点1155,食堂,2014/08/28 17:48:39,3.0,554.75
12217,POS消费,地点314,食堂,2014/08/29 08:56:10,4.0,550.74
12217,POS消费,地点314,食堂,2014/08/29 08:56:26,23.0,527.74
12217,POS消费,地点27,教务处,2014/08/29 11:18:27,10.0,517.74
12217,POS消费,地点21,开水,2014/08/29 12:29:42,3.0,514.74
12217,POS消费,地点816,校车,2014/08/29 14:41:27,1.0,513.74
12217,POS消费,地点195,超市,2014/08/29 15:11:22,28.0,485.74
12217,POS消费,地点12,文印中心,2014/08/29 22:11:23,0.1,485.64
12217,POS消费,地点12,文印中心,2014/08/29 22:13:37,0.1,485.54
12217,POS消费,地点12,文印中心,2014/08/30 06:04:50,1.5,484.04
12217,POS消费,地点314,食堂,2014/08/30 15:00:21,9.5,474.54
12217,POS消费,地点305,食堂,2014/08/30 17:57:30,5.6,468.94
12217,POS消费,地点941,淋浴,2014/08/30 22:55:01,1.8,467.14
12217,POS消费,地点91,校车,2014/08/31 07:36:52,0.5,466.64
12217,POS消费,地点91,校车,2014/08/31 07:41:59,2.6,464.04
12217,POS消费,地点272,食堂,2014/08/31 17:52:59,10.0,454.04
12217,POS消费,地点21,开水,2014/08/31 20:27:08,12.0,442.04
