12295,卡片开户,,,2014/07/19 11:42:39,0.0,0.0
12295,卡充值,,,2014/08/30 09:38:54,200.0,200.0
12295,POS消费,地点182,食堂,2014/08/30 12:22:17,4.6,195.4
12295,POS消费,地点195,超市,2014/08/30 12:39:04,29.1,166.3
12295,POS消费,地点195,超市,2014/08/30 12:40:15,28.0,138.3
12295,POS消费,地点1155,食堂,2014/08/30 19:35:54,3.0,135.3
12295,POS消费,地点1881,淋浴,2014/08/30 23:42:12,0.9,134.4
12295,POS消费,地点21,开水,2014/08/31 07:25:59,2.6,131.8
12295,POS消费,地点264,食堂,2014/08/31 11:56:27,5.6,126.2
