12306,卡片开户,,,2014/07/18 11:39:02,0.0,0.0
12306,卡充值,,,2014/08/28 12:47:29,200.0,200.0
12306,POS消费,地点70,食堂,2014/08/28 12:48:00,6.0,194.0
12306,POS消费,地点21,开水,2014/08/29 18:33:07,1.5,192.5
12306,POS消费,地点65,食堂,2014/08/30 09:36:01,1.4,191.1
12306,POS消费,地点91,校车,2014/08/30 11:53:44,12.9,178.2
12306,POS消费,地点233,食堂,2014/08/30 16:52:26,13.6,164.6
12306,POS消费,地点1846,淋浴,2014/08/30 21:06:17,0.1,164.5
12306,POS消费,地点124,食堂,2014/08/31 07:41:37,3.0,161.5
12306,POS消费,地点21,开水,2014/08/31 11:33:35,3.9,157.6
12306,POS消费,地点21,开水,2014/08/31 11:34:01,7.4,150.2
12306,POS消费,地点21,开水,2014/08/31 11:34:26,7.4,142.8
12306,POS消费,地点1847,食堂,2014/08/31 11:48:13,2.0,140.8
12306,POS消费,地点192,超市,2014/08/31 16:38:37,2.5,138.3
