12315,POS消费,地点26,图书馆,2014/07/03 11:53:31,0.0,0.0
12315,POS消费,地点26,图书馆,2014/07/03 11:53:31,0.13,1.31
12315,卡片开户,,,2014/07/19 16:14:13,0.0,0.0
12315,卡充值,,,2014/08/28 09:22:56,200.0,200.0
12315,POS消费,地点21,开水,2014/08/28 18:35:44,8.6,191.4
12315,POS消费,地点21,开水,2014/08/28 18:36:03,8.6,182.8
12315,POS消费,地点21,开水,2014/08/28 18:36:36,8.6,174.2
12315,POS消费,地点225,食堂,2014/08/29 17:59:18,7.6,166.6
12315,POS消费,地点225,食堂,2014/08/29 17:59:55,6.1,160.5
12315,POS消费,地点21,开水,2014/08/30 11:53:25,2.6,157.9
12315,POS消费,地点21,开水,2014/08/30 11:53:42,4.6,153.3
12315,POS消费,地点21,开水,2014/08/30 17:53:19,5.6,147.7
12315,POS消费,地点1911,淋浴,2014/08/30 19:13:33,0.1,147.6
12315,POS消费,地点1911,淋浴,2014/08/30 19:15:06,0.1,147.5
12315,POS消费,地点1911,淋浴,2014/08/30 19:17:31,0.2,147.3
12315,POS消费,地点91,校车,2014/08/31 08:12:03,3.6,143.7
12315,POS消费,地点91,校车,2014/08/31 08:20:21,2.3,141.4
12315,POS消费,地点91,校车,2014/08/31 11:47:40,8.6,132.8
12315,POS消费,地点21,开水,2014/08/31 16:37:45,4.6,128.2
