12330,卡片开户,,,2014/07/14 10:00:42,0.0,0.0
12330,卡充值,,,2014/08/29 11:31:49,1500.0,1500.0
12330,POS消费,地点243,食堂,2014/08/29 11:34:02,2.5,1497.5
12330,POS消费,地点91,校车,2014/08/29 11:36:58,19.9,1477.6
12330,POS消费,地点72,食堂,2014/08/29 13:44:38,10.0,1467.6
12330,POS消费,地点72,食堂,2014/08/29 13:45:05,10.0,1457.6
12330,POS消费,地点72,食堂,2014/08/29 13:45:44,14.6,1443.0
12330,POS消费,地点72,食堂,2014/08/29 13:46:09,9.2,1433.8
12330,POS消费,地点232,食堂,2014/08/29 18:28:52,8.0,1425.8
12330,POS消费,地点6,淋浴,2014/08/29 19:33:42,0.5,1425.3
12330,POS消费,地点1943,洗衣房,2014/08/29 19:44:14,1.2,1424.1
12330,POS消费,地点1943,洗衣房,2014/08/29 20:14:56,1.2,1422.9
12330,POS消费,地点1943,洗衣房,2014/08/29 20:17:32,1.2,1422.66
12330,POS消费,地点1943,洗衣房,2014/08/29 20:19:00,-0.96,1423.86
12330,POS消费,地点168,食堂,2014/08/30 08:39:50,6.5,1416.16
12330,POS消费,地点314,食堂,2014/08/30 09:20:40,28.0,1388.16
12330,POS消费,地点192,超市,2014/08/30 09:38:39,13.0,1375.16
12330,POS消费,地点816,校车,2014/08/30 10:20:12,1.0,1374.16
12330,POS消费,地点12,文印中心,2014/08/30 17:06:19,0.6,1373.56
12330,POS消费,地点21,开水,2014/08/31 07:29:37,3.6,1369.96
12330,POS消费,地点91,校车,2014/08/31 07:30:59,0.2,1369.76
12330,POS消费,地点91,校车,2014/08/31 07:31:04,0.7,1369.06
12330,POS消费,地点12,文印中心,2014/08/31 19:29:31,0.2,1368.86
12330,POS消费,地点12,文印中心,2014/08/31 19:32:52,0.3,1368.56
12330,POS消费,地点1906,洗衣房,2014/08/31 19:43:21,1.2,1367.36
12330,POS消费,地点1906,洗衣房,2014/08/31 23:02:46,1.2,1366.16
12330,POS消费,地点1887,开水,2014/08/31 23:20:05,0.01,1366.15
