12468,卡片开户,,,2014/07/19 09:55:22,0.0,0.0
12468,卡充值,,,2014/08/29 17:02:29,100.0,100.0
12468,POS消费,地点82,食堂,2014/08/29 17:20:58,5.6,94.4
12468,卡充值,,,2014/08/29 18:22:10,300.0,394.4
12468,POS消费,地点61,食堂,2014/08/29 19:01:45,8.6,385.8
12468,POS消费,地点114,食堂,2014/08/29 19:11:31,13.0,372.8
12468,POS消费,地点222,校车,2014/08/29 20:21:06,1.0,371.8
12468,POS消费,地点21,开水,2014/08/29 22:29:34,28.4,343.4
12468,POS消费,地点21,开水,2014/08/30 17:02:10,19.8,323.6
12468,POS消费,地点21,开水,2014/08/30 17:23:25,5.1,318.5
12468,POS消费,地点141,开水,2014/08/31 06:31:59,0.01,318.49
12468,POS消费,地点35,淋浴,2014/08/31 06:34:11,1.1,317.39
12468,POS消费,地点161,食堂,2014/08/31 07:34:29,3.0,312.59
12468,POS消费,地点61,食堂,2014/08/31 07:45:42,1.8,315.59
12468,POS消费,地点72,食堂,2014/08/31 11:42:56,5.6,306.99
12468,POS消费,地点1961,超市,2014/08/31 11:58:37,28.0,278.99
12468,POS消费,地点141,开水,2014/08/31 13:25:29,0.01,278.98
12468,POS消费,地点21,开水,2014/08/31 17:04:43,3.0,275.98
12468,POS消费,地点251,食堂,2014/08/31 17:17:19,0.5,275.48
12468,POS消费,地点141,开水,2014/08/31 20:49:21,0.01,275.47
