12519,卡挂失,,,2014/09/03 11:10:08,0.0,0.0
12519,POS消费,地点900,淋浴,2014/09/22 01:48:59,0.6,36.61
12519,POS消费,地点900,淋浴,2014/09/22 01:49:10,0.4,36.21
12519,POS消费,地点900,淋浴,2014/09/22 01:49:33,0.1,33.81
12519,POS消费,地点900,淋浴,2014/09/22 01:49:49,0.4,37.21
12519,POS消费,地点900,淋浴,2014/09/22 01:50:13,0.1,17.59
12519,POS消费,地点900,淋浴,2014/09/22 01:50:58,0.2,36.01
12519,POS消费,地点900,淋浴,2014/09/22 01:51:03,0.5,35.51
12519,POS消费,地点900,淋浴,2014/09/22 01:51:09,1.6,33.91
12519,POS消费,地点900,淋浴,2014/09/22 01:51:26,0.3,33.51
12519,POS消费,地点900,淋浴,2014/09/22 01:51:26,0.5,33.01
12519,POS消费,地点900,淋浴,2014/09/22 01:51:32,0.5,32.51
12519,POS消费,地点900,淋浴,2014/09/22 01:51:49,0.6,18.89
12519,POS消费,地点900,淋浴,2014/09/22 01:51:55,1.2,17.69
12519,卡解挂,,,2014/10/15 10:11:55,0.0,0.0
12519,POS消费,地点1215,校车,2014/10/15 14:13:49,2.0,13.56
12519,POS消费,地点629,开水,2014/10/18 12:33:05,0.01,13.55
12519,POS消费,地点248,超市,2014/10/18 12:36:30,8.1,5.45
12519,POS消费,地点21,开水,2014/10/18 16:46:55,2.3,103.15
12519,POS消费,地点21,开水,2014/10/18 16:47:36,4.0,99.15
12519,POS消费,地点21,开水,2014/10/18 16:48:30,1.8,97.35
12519,卡充值,,,2014/10/18 16:52:27,100.0,105.45
12519,POS消费,地点21,开水,2014/10/19 11:27:24,8.6,87.85
12519,POS消费,地点816,校车,2014/10/19 18:13:16,1.0,86.85
12519,POS消费,地点91,校车,2014/10/20 07:55:22,6.4,80.45
12519,POS消费,地点91,校车,2014/10/20 07:55:54,7.4,73.05
12519,POS消费,地点232,食堂,2014/10/20 12:05:37,4.6,68.45
12519,POS消费,地点21,开水,2014/10/20 16:52:51,2.3,66.15
12519,POS消费,地点248,超市,2014/10/20 16:53:29,4.0,62.15
12519,POS消费,地点21,开水,2014/10/20 16:54:21,2.9,59.25
12519,POS消费,地点118,食堂,2014/10/20 21:33:48,12.7,46.55
12519,POS消费,地点292,超市,2014/10/21 12:00:08,9.7,36.85
12519,POS消费,地点629,开水,2014/10/21 12:29:19,0.01,36.84
12519,POS消费,地点21,开水,2014/10/21 17:33:31,2.3,34.54
12519,POS消费,地点21,开水,2014/10/21 17:33:44,2.3,32.24
12519,POS消费,地点91,校车,2014/10/21 17:34:36,1.5,30.74
12519,POS消费,地点21,开水,2014/10/21 17:35:35,1.5,29.24
12519,POS消费,地点21,开水,2014/10/21 17:36:29,1.8,27.44
12519,POS消费,地点21,开水,2014/10/22 08:33:58,3.2,24.24
12519,POS消费,地点190,超市,2014/10/22 18:55:14,11.2,13.04
12519,POS消费,地点21,开水,2014/10/23 10:16:20,4.0,9.04
12519,POS消费,地点21,开水,2014/10/24 11:13:30,7.0,1.34
12519,POS消费,地点42,淋浴,2014/10/27 19:20:12,1.1,0.24
12519,卡充值,,,2014/11/19 12:09:07,100.0,100.24
12519,POS消费,地点214,超市,2014/11/19 12:17:40,12.6,87.64
12519,,,,2014/11/20 19:14:51,20.0,67.64
12519,POS消费,地点900,淋浴,2014/11/21 01:13:30,0.9,96.45
12519,POS消费,地点256,食堂,2014/11/21 19:34:10,3.6,60.04
12519,POS消费,地点256,食堂,2014/11/21 19:35:04,1.0,59.04
12519,POS消费,地点256,食堂,2014/11/21 19:35:30,5.5,53.54
12519,POS消费,地点217,食堂,2014/11/21 19:36:37,4.0,63.64
12519,POS消费,地点21,开水,2014/11/21 20:01:05,9.5,44.04
12519,POS消费,地点1486,淋浴,2014/11/21 22:14:03,1.8,42.24
12519,POS消费,地点42,淋浴,2014/11/22 20:40:07,1.0,41.24
12519,POS消费,地点214,超市,2014/11/24 13:20:33,7.6,33.64
12519,POS消费,地点900,淋浴,2014/11/26 21:26:52,0.7,8.34
12519,POS消费,地点629,开水,2014/12/01 17:57:31,0.01,33.63
12519,POS消费,地点626,开水,2014/12/01 17:57:50,0.01,33.62
12519,POS消费,地点21,开水,2014/12/01 20:33:11,4.0,29.62
12519,POS消费,地点232,食堂,2014/12/10 17:38:04,8.6,19.92
12519,POS消费,地点232,食堂,2014/12/10 17:38:23,6.1,13.82
12519,POS消费,地点91,校车,2014/12/10 17:38:59,2.5,11.32
12519,POS消费,地点21,开水,2014/12/10 17:50:41,4.7,6.62
12519,卡充值,,,2014/12/16 11:09:39,100.0,104.22
12519,POS消费,地点232,食堂,2014/12/16 11:10:35,5.1,99.12
12519,POS消费,地点91,校车,2014/12/16 11:11:04,4.0,95.12
12519,POS消费,地点42,淋浴,2014/12/16 21:57:45,1.0,94.12
12519,POS消费,地点21,开水,2014/12/17 08:45:16,9.0,85.12
12519,POS消费,地点21,开水,2014/12/17 08:45:36,4.6,80.52
12519,POS消费,地点21,开水,2014/12/17 14:43:13,6.0,74.52
12519,POS消费,地点91,校车,2014/12/17 17:31:58,10.6,63.92
12519,POS消费,地点21,开水,2014/12/17 17:33:22,3.0,60.92
12519,POS消费,地点232,食堂,2014/12/18 12:03:31,4.6,55.92
12519,POS消费,地点232,食堂,2014/12/18 12:03:42,4.6,51.32
12519,POS消费,地点232,食堂,2014/12/18 12:06:01,6.5,44.82
12519,POS消费,地点232,食堂,2014/12/18 12:06:15,5.0,39.82
12519,POS消费,地点21,开水,2014/12/18 12:07:42,3.9,35.92
12519,POS消费,地点21,开水,2014/12/18 12:17:07,1.8,34.12
12519,POS消费,地点626,开水,2014/12/18 17:16:09,0.01,34.11
12519,POS消费,地点42,淋浴,2014/12/19 09:53:40,0.4,33.71
12519,POS消费,地点21,开水,2014/12/19 12:03:28,1.8,31.91
12519,POS消费,地点232,食堂,2014/12/19 12:07:11,5.6,26.31
12519,POS消费,地点232,食堂,2014/12/19 12:07:25,7.6,18.71
12519,POS消费,地点21,开水,2014/12/19 12:08:34,1.5,17.21
12519,POS消费,地点21,开水,2014/12/19 12:08:41,1.5,15.71
12519,POS消费,地点21,开水,2014/12/19 12:09:56,4.8,10.91
12519,POS消费,地点118,食堂,2014/12/19 13:46:32,7.0,3.91
12519,POS消费,地点211,校车,2014/12/19 14:53:12,1.0,2.91
12519,POS消费,地点211,校车,2014/12/19 14:53:20,1.0,1.91
12519,POS消费,地点2199,淋浴,2014/12/30 11:19:42,1.1,28.52
12519,POS消费,地点2199,淋浴,2014/12/30 11:21:41,2.0,4.22
12519,POS消费,地点2199,淋浴,2014/12/30 11:25:34,1.5,0.41
12519,卡充值,,,2014/12/30 18:02:42,10.0,10.41
12519,POS消费,地点294,校车,2014/12/30 18:18:43,4.0,6.41
12519,POS消费,地点900,淋浴,2015/01/06 06:51:50,0.4,6.22
12519,POS消费,地点900,淋浴,2015/01/06 06:58:37,0.4,60.52
12519,卡挂失,,,2015/03/14 15:39:45,0.0,0.0
12519,卡片开户,,,2015/04/19 11:14:55,50.0,35.0
12519,更新卡信息,,,2015/04/19 11:15:29,0.0,0.0
12519,POS消费,地点21,开水,2015/04/19 11:22:42,2.9,32.1
12519,POS消费,地点21,开水,2015/04/19 11:24:02,5.6,26.5
12519,POS消费,地点21,开水,2015/04/19 11:34:55,5.0,21.5
12519,POS消费,地点21,开水,2015/04/20 11:51:51,2.3,19.2
12519,POS消费,地点21,开水,2015/04/20 11:53:46,5.0,14.2
12519,POS消费,地点21,开水,2015/04/21 11:56:07,4.6,9.6
12519,POS消费,地点1486,淋浴,2015/04/21 13:51:00,0.4,4.5
12519,POS消费,地点21,开水,2015/04/21 16:15:11,3.6,0.9
12519,卡充值,,,2015/04/24 11:33:13,100.0,100.9
12519,POS消费,地点232,食堂,2015/04/24 11:34:57,5.0,95.9
12519,POS消费,地点21,开水,2015/04/24 11:36:19,2.9,93.0
12519,POS消费,地点21,开水,2015/04/24 11:41:46,1.0,92.0
12519,POS消费,地点21,开水,2015/04/24 11:51:49,6.5,85.5
12519,POS消费,地点21,开水,2015/04/24 20:27:29,11.0,74.5
12519,POS消费,地点21,开水,2015/04/25 12:02:10,4.6,69.1
12519,POS消费,地点91,校车,2015/04/25 12:02:53,4.8,64.3
12519,POS消费,地点21,开水,2015/04/25 12:04:27,3.83,60.47
12519,POS消费,地点21,开水,2015/04/25 12:20:02,1.5,58.97
12519,POS消费,地点21,开水,2015/04/26 12:14:29,5.6,53.37
12519,POS消费,地点91,校车,2015/04/26 12:15:13,5.2,48.17
12519,POS消费,地点21,开水,2015/04/26 12:16:40,4.7,43.47
12519,POS消费,地点21,开水,2015/04/26 12:31:34,2.0,41.47
12519,POS消费,地点629,开水,2015/04/28 16:45:13,0.01,41.46
12519,卡充值,,,2015/05/02 11:32:30,100.0,141.46
12519,卡片销户,,,2015/05/11 16:17:37,141.46,0.0
12519,卡补办,,,2015/05/11 16:18:20,156.46,147.87
12519,更新卡信息,,,2015/05/11 16:18:48,0.0,0.0
12519,POS消费,地点232,食堂,2015/05/11 17:21:23,3.6,144.27
12519,POS消费,地点232,食堂,2015/05/11 17:22:04,5.0,139.27
12519,POS消费,地点232,食堂,2015/05/11 17:22:14,5.0,134.27
12519,POS消费,地点91,校车,2015/05/11 17:23:15,3.0,131.27
12519,POS消费,地点91,校车,2015/05/11 17:23:20,1.5,129.77
12519,POS消费,地点21,开水,2015/05/11 17:24:12,4.6,125.17
12519,POS消费,地点21,开水,2015/05/11 17:38:18,2.5,122.67
12519,POS消费,地点219,超市,2015/05/12 16:43:55,3.0,119.67
12519,POS消费,地点21,开水,2015/05/12 17:53:07,4.6,115.07
12519,POS消费,地点91,校车,2015/05/12 17:55:23,6.6,108.47
12519,POS消费,地点91,校车,2015/05/12 17:55:35,6.5,101.97
12519,POS消费,地点91,校车,2015/05/12 17:56:19,1.5,100.47
12519,POS消费,地点21,开水,2015/05/12 17:57:30,1.0,99.47
12519,POS消费,地点21,开水,2015/05/12 18:13:21,3.0,96.47
12519,POS消费,地点232,食堂,2015/05/13 11:29:57,5.0,91.47
12519,POS消费,地点232,食堂,2015/05/13 11:32:29,5.5,85.97
12519,POS消费,地点21,开水,2015/05/13 11:33:38,6.9,79.07
12519,POS消费,地点27,教务处,2015/05/14 11:36:49,5.0,74.07
12519,POS消费,地点91,校车,2015/05/14 11:40:35,4.8,69.27
12519,POS消费,地点21,开水,2015/05/14 11:41:17,2.0,67.27
12519,POS消费,地点21,开水,2015/05/14 11:42:29,1.0,66.27
12519,POS消费,地点248,超市,2015/05/16 12:46:55,7.6,58.67
12519,POS消费,地点21,开水,2015/05/16 12:56:58,4.0,54.67
12519,POS消费,地点304,超市,2015/05/16 12:59:49,10.4,44.27
12519,POS消费,地点304,超市,2015/05/16 13:00:06,0.3,43.97
12519,POS消费,地点304,超市,2015/05/17 21:03:32,14.5,29.47
12519,POS消费,地点232,食堂,2015/05/18 08:23:27,4.8,24.67
12519,POS消费,地点21,开水,2015/05/18 10:25:11,2.9,21.77
12519,POS消费,地点232,食堂,2015/05/18 11:38:49,5.0,16.77
12519,POS消费,地点232,食堂,2015/05/18 11:39:08,5.0,11.77
12519,POS消费,地点91,校车,2015/05/18 11:39:57,1.5,10.27
12519,POS消费,地点21,开水,2015/05/18 11:41:01,1.0,9.27
12519,POS消费,地点21,开水,2015/05/18 11:57:15,3.0,6.27
12519,POS消费,地点219,超市,2015/05/19 16:15:55,4.0,2.27
12519,POS消费,地点42,淋浴,2015/05/20 20:30:17,0.6,1.67
12519,POS消费,地点2199,淋浴,2015/05/23 01:05:12,0.6,1.07
12519,卡充值,,,2015/05/25 17:20:23,100.0,101.07
12519,POS消费,地点91,校车,2015/05/25 17:21:22,6.2,94.87
12519,POS消费,地点91,校车,2015/05/25 17:22:46,4.5,90.37
12519,POS消费,地点21,开水,2015/05/25 17:23:57,1.5,88.87
12519,POS消费,地点21,开水,2015/05/25 17:25:28,4.7,84.17
12519,POS消费,地点42,淋浴,2015/05/25 18:03:22,1.2,82.97
12519,POS消费,地点21,开水,2015/05/26 16:17:41,6.9,76.07
12519,POS消费,地点21,开水,2015/05/26 17:49:18,4.6,71.47
12519,POS消费,地点91,校车,2015/05/26 17:51:14,4.8,66.67
12519,POS消费,地点91,校车,2015/05/26 17:52:01,1.5,65.17
12519,POS消费,地点21,开水,2015/05/26 17:52:46,4.7,60.47
12519,POS消费,地点26,图书馆,2015/05/26 22:37:31,3.8,56.67
12519,POS消费,地点232,食堂,2015/05/27 11:28:41,5.0,51.67
12519,POS消费,地点21,开水,2015/05/27 11:39:48,4.0,47.67
12519,POS消费,地点42,淋浴,2015/05/27 12:05:50,0.7,46.97
12519,POS消费,地点1448,校车,2015/05/27 18:06:37,1.0,45.97
12519,POS消费,地点1472,校车,2015/05/28 11:06:37,1.0,44.17
12519,POS消费,地点1472,校车,2015/05/28 11:07:00,1.0,43.17
12519,POS消费,地点1448,校车,2015/05/28 12:07:59,1.0,42.17
12519,POS消费,地点1448,校车,2015/05/28 12:08:34,1.0,40.17
12519,POS消费,地点91,校车,2015/05/28 17:49:32,5.1,35.07
12519,POS消费,地点91,校车,2015/05/28 17:49:55,5.1,29.97
12519,POS消费,地点91,校车,2015/05/28 17:49:58,1.0,28.97
12519,POS消费,地点91,校车,2015/05/28 17:51:50,1.5,27.47
12519,POS消费,地点91,校车,2015/05/28 17:52:04,4.0,23.47
12519,POS消费,地点21,开水,2015/05/28 17:52:20,5.0,18.47
12519,POS消费,地点21,开水,2015/05/28 18:07:43,5.5,12.97
12519,POS消费,地点304,超市,2015/05/29 11:04:43,1.0,11.97
12519,POS消费,地点219,超市,2015/05/29 12:06:49,2.0,9.97
12519,POS消费,地点21,开水,2015/05/29 12:15:26,3.8,6.17
12519,POS消费,地点21,开水,2015/05/29 12:34:10,4.5,1.67
12519,卡充值,,,2015/08/31 17:23:29,100.0,101.67
12519,POS消费,地点232,食堂,2015/08/31 17:24:37,6.0,95.67
12519,POS消费,地点21,开水,2015/08/31 17:26:18,1.5,94.17
12519,POS消费,地点21,开水,2015/08/31 17:27:18,1.8,92.37
12519,POS消费,地点21,开水,2015/08/31 17:44:46,2.0,90.37
