12553,卡片开户,,,2014/07/20 10:21:05,0.0,0.0
12553,卡充值,,,2014/08/27 20:14:34,500.0,500.0
12553,POS消费,地点188,超市,2014/08/27 20:16:46,30.0,470.0
12553,POS消费,地点188,超市,2014/08/27 20:16:51,3.8,466.2
12553,POS消费,地点91,校车,2014/08/28 07:24:55,4.1,462.1
12553,POS消费,地点1631,开水,2014/08/28 08:45:52,0.01,462.09
12553,POS消费,地点21,开水,2014/08/28 10:47:15,8.6,453.49
12553,POS消费,地点816,校车,2014/08/28 15:01:09,1.0,452.49
12553,POS消费,地点70,食堂,2014/08/28 16:27:25,3.0,449.49
12553,POS消费,地点239,食堂,2014/08/28 17:00:40,4.8,444.69
12553,POS消费,地点251,食堂,2014/08/28 17:02:59,2.0,442.69
12553,POS消费,地点195,超市,2014/08/28 17:14:22,28.0,414.69
12553,POS消费,地点1624,淋浴,2014/08/28 17:47:53,0.5,414.19
12553,POS消费,地点1624,淋浴,2014/08/28 17:53:55,0.1,414.09
12553,POS消费,地点1624,淋浴,2014/08/28 18:02:18,0.1,413.99
12553,POS消费,地点1847,食堂,2014/08/29 10:54:42,1.0,405.39
12553,POS消费,地点103,食堂,2014/08/29 11:04:54,7.6,406.39
12553,POS消费,地点1448,校车,2014/08/29 11:15:59,1.0,404.39
12553,POS消费,地点1889,洗衣房,2014/08/29 22:17:22,3.6,400.79
12553,POS消费,地点1900,洗衣房,2014/08/29 22:17:32,3.6,397.19
12553,POS消费,地点1900,洗衣房,2014/08/29 22:17:32,-3.54,400.73
12553,POS消费,地点1900,洗衣房,2014/08/29 22:18:40,3.6,397.13
12553,POS消费,地点1900,洗衣房,2014/08/29 22:18:40,-3.06,400.19
12553,POS消费,地点1656,淋浴,2014/08/29 22:48:59,0.1,399.79
12553,POS消费,地点1656,淋浴,2014/08/29 23:03:24,0.3,399.89
12553,POS消费,地点1656,淋浴,2014/08/29 23:05:16,0.4,399.39
12553,POS消费,地点1656,淋浴,2014/08/29 23:05:22,0.1,399.29
12553,POS消费,地点1656,淋浴,2014/08/30 00:48:33,0.8,398.49
12553,更新卡信息,,,2014/08/30 09:24:01,0.0,0.0
12553,卡挂失,,,2014/08/30 09:24:25,0.0,0.0
12553,卡片开户,,,2014/08/30 09:25:18,50.0,35.0
12553,POS消费,地点69,食堂,2014/08/30 09:33:21,1.4,33.6
12553,POS消费,地点65,食堂,2014/08/30 09:34:47,0.8,32.8
12553,POS消费,地点1894,淋浴,2014/08/30 15:51:36,0.3,32.5
12553,POS消费,地点21,开水,2014/08/30 16:42:08,1.8,30.7
12553,POS消费,地点21,开水,2014/08/30 16:44:13,2.0,28.7
12553,POS消费,地点21,开水,2014/08/30 16:45:05,1.5,27.2
12553,POS消费,地点65,食堂,2014/08/31 08:16:51,0.8,26.4
12553,POS消费,地点262,食堂,2014/08/31 11:05:14,3.5,22.9
12553,POS消费,地点168,食堂,2014/08/31 17:13:28,5.5,17.4
12553,POS消费,地点21,开水,2014/08/31 17:30:05,1.5,15.9
12553,POS消费,地点188,超市,2014/08/31 21:38:22,1.8,14.1
