12562,卡片开户,,,2014/07/16 11:43:31,0.0,0.0
12562,卡充值,,,2014/08/29 11:21:55,200.0,200.0
12562,POS消费,地点61,食堂,2014/08/29 12:25:18,10.6,188.2
12562,POS消费,地点61,食堂,2014/08/29 12:25:51,9.8,178.4
12562,POS消费,地点218,食堂,2014/08/29 12:34:20,0.8,177.6
12562,POS消费,地点21,开水,2014/08/29 12:35:55,3.0,174.6
12562,POS消费,地点1865,洗衣房,2014/08/29 14:21:04,1.2,198.8
12562,POS消费,地点1865,洗衣房,2014/08/29 14:22:51,1.2,173.4
12562,POS消费,地点1865,洗衣房,2014/08/29 14:22:51,1.2,172.2
12562,POS消费,地点1865,洗衣房,2014/08/29 14:22:52,-0.66,172.86
12562,POS消费,地点146,校车,2014/08/29 14:56:57,1.0,171.86
12562,POS消费,地点146,校车,2014/08/29 14:57:05,1.0,170.86
12562,POS消费,地点1472,校车,2014/08/29 16:19:45,1.0,169.86
12562,POS消费,地点1472,校车,2014/08/29 16:19:55,1.0,168.86
12562,POS消费,地点1447,校车,2014/08/29 16:52:24,1.0,167.86
12562,POS消费,地点1447,校车,2014/08/29 16:52:32,1.0,166.86
12562,POS消费,地点1884,开水,2014/08/30 11:36:53,0.01,166.8
12562,POS消费,地点1885,洗衣房,2014/08/30 11:45:35,1.2,165.6
12562,POS消费,地点1885,洗衣房,2014/08/30 11:55:19,-0.6,166.2
12562,POS消费,地点21,开水,2014/08/30 12:32:34,8.6,157.6
12562,POS消费,地点21,开水,2014/08/30 12:51:29,5.3,152.3
12562,POS消费,地点1884,开水,2014/08/30 13:14:19,0.01,166.84
12562,POS消费,地点1884,开水,2014/08/30 13:15:59,0.01,166.85
12562,POS消费,地点1884,开水,2014/08/30 13:16:11,0.01,166.83
12562,POS消费,地点1884,开水,2014/08/30 13:16:16,0.01,166.82
12562,POS消费,地点1884,开水,2014/08/30 13:16:22,0.01,166.81
12562,POS消费,地点91,校车,2014/08/30 17:33:40,5.5,146.8
12562,POS消费,地点1847,食堂,2014/08/30 17:52:23,1.0,145.8
12562,POS消费,地点61,食堂,2014/08/31 08:24:46,4.4,141.4
12562,POS消费,地点65,食堂,2014/08/31 17:34:25,6.6,134.8
12562,POS消费,地点218,食堂,2014/08/31 17:48:39,0.8,134.0
12562,POS消费,地点1911,淋浴,2014/08/31 22:52:08,0.4,133.6
