12619,POS消费,地点204,食堂,2013/09/01 12:10:52,5.5,68.27
12619,POS消费,地点192,超市,2013/09/01 21:24:59,3.0,65.27
12619,POS消费,地点573,淋浴,2013/09/02 08:41:11,0.1,65.17
12619,POS消费,地点12,文印中心,2013/09/02 08:41:59,0.6,64.57
12619,卡片销户,,,2013/09/02 11:01:59,64.57,0.0
12619,卡补办,,,2013/09/02 11:02:55,79.57,66.97
12619,更新卡信息,,,2013/09/02 11:03:25,0.0,0.0
12619,POS消费,地点21,开水,2013/09/02 11:12:33,1.6,65.37
12619,POS消费,地点251,食堂,2013/09/02 11:12:42,0.6,64.77
12619,POS消费,地点239,食堂,2013/09/02 11:26:10,6.2,58.57
12619,POS消费,地点239,食堂,2013/09/02 11:26:17,0.5,58.07
12619,POS消费,地点211,校车,2013/09/02 16:28:09,1.0,57.07
12619,POS消费,地点816,校车,2013/09/02 18:02:14,1.0,56.07
12619,POS消费,地点91,校车,2013/09/03 17:21:21,3.35,52.72
12619,POS消费,地点21,开水,2013/09/03 17:26:29,0.7,52.02
12619,POS消费,地点571,洗衣房,2013/09/03 22:54:58,1.26,50.76
12619,POS消费,地点571,洗衣房,2013/09/03 22:55:04,-1.2,51.96
12619,POS消费,地点570,洗衣房,2013/09/03 22:55:34,1.2,50.76
12619,POS消费,地点570,洗衣房,2013/09/03 22:57:37,-1.14,51.9
12619,POS消费,地点21,开水,2013/09/04 18:32:25,0.8,50.98
12619,POS消费,地点21,开水,2013/09/04 18:32:42,0.38,50.6
12619,POS消费,地点572,洗衣房,2013/09/04 21:34:34,1.2,50.7
12619,POS消费,地点572,洗衣房,2013/09/04 21:35:15,-1.08,51.78
12619,POS消费,地点89,食堂,2013/09/05 11:19:10,3.0,47.6
12619,POS消费,地点243,食堂,2013/09/05 11:21:54,2.9,44.7
12619,POS消费,地点21,开水,2013/09/05 18:23:45,5.1,39.6
12619,POS消费,地点246,食堂,2013/09/05 18:25:35,1.03,38.57
12619,POS消费,地点21,开水,2013/09/05 22:24:09,8.5,30.07
12619,POS消费,地点765,开水,2013/09/05 22:26:52,0.01,30.06
12619,POS消费,地点168,食堂,2013/09/06 12:03:19,6.5,23.56
12619,POS消费,地点21,开水,2013/09/06 17:46:06,3.8,19.76
12619,POS消费,地点12,文印中心,2013/09/07 12:22:58,0.1,19.56
12619,POS消费,地点12,文印中心,2013/09/07 12:23:16,0.1,19.46
12619,POS消费,地点6,淋浴,2013/09/07 12:25:43,0.1,19.66
12619,POS消费,地点764,淋浴,2013/09/07 12:39:08,1.0,18.46
12619,POS消费,地点168,食堂,2013/09/07 15:53:15,6.5,11.96
12619,POS消费,地点21,开水,2013/09/07 16:58:52,0.73,11.23
12619,POS消费,地点239,食堂,2013/09/07 17:00:46,6.0,5.23
12619,POS消费,地点190,超市,2013/09/07 22:12:20,2.6,2.63
12619,POS消费,地点910,洗衣房,2013/09/08 23:29:18,1.2,1.43
12619,POS消费,地点910,洗衣房,2013/09/08 23:34:50,1.2,0.23
12619,POS消费,地点910,洗衣房,2013/09/08 23:34:56,-0.6,0.83
12619,卡充值,,,2013/09/10 16:42:24,100.0,100.83
12619,POS消费,地点228,食堂,2013/09/10 16:53:01,3.0,97.83
12619,POS消费,地点231,食堂,2013/09/10 16:54:26,0.6,97.23
12619,POS消费,地点21,开水,2013/09/10 17:14:06,0.38,96.85
12619,POS消费,地点192,超市,2013/09/10 22:15:44,8.7,88.15
12619,POS消费,地点253,食堂,2013/09/11 12:19:23,6.3,81.85
12619,POS消费,地点21,开水,2013/09/11 12:22:47,6.1,75.75
12619,POS消费,地点526,食堂,2013/09/11 18:33:26,5.1,70.65
12619,POS消费,地点21,开水,2013/09/11 21:14:13,6.6,64.05
12619,POS消费,地点766,开水,2013/09/11 21:30:01,0.01,64.04
12619,POS消费,地点765,开水,2013/09/11 21:36:42,0.01,64.03
12619,POS消费,地点87,食堂,2013/09/12 12:13:10,5.1,58.93
12619,POS消费,地点213,食堂,2013/09/12 15:33:06,1.6,57.33
12619,POS消费,地点204,食堂,2013/09/12 18:39:49,4.5,52.83
12619,POS消费,地点21,开水,2013/09/12 20:47:26,2.6,50.23
12619,POS消费,地点222,校车,2013/09/13 18:39:26,1.0,49.23
12619,POS消费,地点764,淋浴,2013/09/13 23:01:04,0.7,48.53
12619,POS消费,地点203,食堂,2013/09/14 18:49:11,6.5,42.03
12619,POS消费,地点21,开水,2013/09/14 21:59:51,3.8,38.23
12619,POS消费,地点168,食堂,2013/09/15 15:41:26,6.5,31.73
12619,POS消费,地点910,洗衣房,2013/09/15 16:40:44,1.2,30.53
12619,POS消费,地点764,淋浴,2013/09/15 16:48:57,0.6,29.93
12619,POS消费,地点910,洗衣房,2013/09/15 17:03:34,1.2,28.73
12619,POS消费,地点910,洗衣房,2013/09/15 17:13:41,-0.54,29.27
12619,POS消费,地点21,开水,2013/09/16 12:22:01,4.6,24.67
12619,POS消费,地点21,开水,2013/09/16 12:26:49,3.0,21.67
12619,POS消费,地点996,图书馆,2013/09/16 17:36:07,8.2,13.47
12619,POS消费,地点21,开水,2013/09/16 21:59:08,1.6,11.87
12619,POS消费,地点765,开水,2013/09/16 22:08:26,0.01,11.86
12619,POS消费,地点168,食堂,2013/09/17 13:51:05,6.5,5.36
12619,POS消费,地点188,超市,2013/09/17 21:19:10,3.0,2.36
12619,POS消费,地点765,开水,2013/09/17 21:21:41,0.01,2.35
12619,,,,2013/09/17 22:35:07,1.0,1.35
12619,卡充值,,,2013/09/18 17:01:14,40.0,41.35
12619,POS消费,地点87,食堂,2013/09/18 17:09:53,4.6,36.75
12619,POS消费,地点21,开水,2013/09/18 17:26:21,0.38,36.37
12619,POS消费,地点239,食堂,2013/09/18 17:59:00,5.1,31.27
12619,POS消费,地点21,开水,2013/09/19 13:06:09,3.9,27.37
12619,POS消费,地点766,开水,2013/09/19 13:07:52,0.01,27.36
12619,POS消费,地点765,开水,2013/09/19 13:13:13,0.01,27.35
12619,POS消费,地点188,超市,2013/09/19 19:31:52,20.0,7.35
12619,POS消费,地点12,文印中心,2013/09/19 22:46:39,0.4,6.95
12619,POS消费,地点168,食堂,2013/09/20 18:40:16,5.5,1.45
12619,POS消费,地点765,开水,2013/09/21 20:43:46,0.03,1.42
12619,圈存转账,,,2013/09/22 13:08:19,100.0,101.42
12619,POS消费,地点203,食堂,2013/09/22 13:24:01,7.5,93.92
12619,POS消费,地点232,食堂,2013/09/22 17:25:01,6.1,87.82
12619,POS消费,地点21,开水,2013/09/23 12:31:31,5.0,82.82
12619,POS消费,地点204,食堂,2013/09/23 20:55:53,6.5,74.34
12619,POS消费,地点933,洗衣房,2013/09/23 22:02:55,1.2,80.42
12619,POS消费,地点933,洗衣房,2013/09/23 22:03:11,1.2,81.62
12619,POS消费,地点933,洗衣房,2013/09/23 22:03:24,-0.42,80.84
12619,POS消费,地点188,超市,2013/09/24 17:26:03,5.8,68.54
12619,POS消费,地点195,超市,2013/09/25 12:04:10,8.7,59.84
12619,POS消费,地点222,校车,2013/09/25 17:24:21,1.0,58.84
12619,POS消费,地点222,校车,2013/09/25 17:25:48,1.0,57.84
12619,POS消费,地点222,校车,2013/09/25 17:27:00,1.0,56.84
12619,POS消费,地点222,校车,2013/09/25 19:32:10,1.0,55.84
12619,POS消费,地点146,校车,2013/09/26 11:48:08,1.0,54.84
12619,POS消费,地点146,校车,2013/09/26 11:50:50,1.0,53.84
12619,POS消费,地点146,校车,2013/09/26 11:52:48,1.0,52.84
12619,POS消费,地点146,校车,2013/09/26 11:55:52,1.0,51.84
12619,POS消费,地点211,校车,2013/09/26 13:41:05,1.0,50.84
12619,POS消费,地点211,校车,2013/09/26 13:46:45,1.0,49.84
12619,POS消费,地点211,校车,2013/09/26 13:50:08,1.0,48.84
12619,POS消费,地点188,超市,2013/09/26 20:06:54,15.6,33.24
12619,POS消费,地点239,食堂,2013/09/27 11:54:31,6.1,27.14
12619,POS消费,地点1098,文印中心,2013/09/27 15:14:36,0.9,26.24
12619,POS消费,地点966,洗衣房,2013/09/27 21:38:51,1.2,25.04
12619,POS消费,地点966,洗衣房,2013/09/27 21:58:49,1.2,23.84
12619,POS消费,地点966,洗衣房,2013/09/27 22:02:31,-0.96,24.8
12619,POS消费,地点966,洗衣房,2013/09/27 22:12:49,1.2,23.6
12619,POS消费,地点966,洗衣房,2013/09/27 22:25:25,-0.42,24.02
12619,POS消费,地点188,超市,2013/09/28 13:01:04,21.4,2.62
12619,POS消费,地点765,开水,2013/09/28 13:04:09,0.01,2.61
12619,POS消费,地点952,洗衣房,2013/09/28 22:49:28,1.2,1.41
12619,POS消费,地点952,洗衣房,2013/09/28 23:07:02,1.2,0.21
12619,POS消费,地点952,洗衣房,2013/09/28 23:08:12,-0.72,0.93
12619,圈存转账,,,2013/09/29 11:52:11,50.0,50.83
12619,POS消费,地点6,淋浴,2013/09/29 12:00:55,6.0,44.83
12619,POS消费,地点237,食堂,2013/09/29 17:35:14,2.6,42.23
12619,POS消费,地点192,超市,2013/09/29 21:22:37,11.5,30.13
12619,POS消费,地点21,开水,2013/09/30 11:34:04,6.2,23.93
12619,POS消费,地点21,开水,2013/09/30 11:34:28,7.1,16.83
12619,POS消费,地点21,开水,2013/09/30 11:34:40,0.3,16.53
12619,POS消费,地点87,食堂,2013/09/30 18:02:12,4.6,11.93
12619,POS消费,地点253,食堂,2013/09/30 18:24:51,6.5,5.43
12619,POS消费,地点21,开水,2013/09/30 18:27:49,0.73,4.7
12619,圈存转账,,,2013/09/30 18:28:11,100.0,104.7
12619,POS消费,地点60,食堂,2013/10/03 08:47:16,1.0,103.7
12619,POS消费,地点221,校车,2013/10/03 09:08:57,4.0,99.7
12619,POS消费,地点21,开水,2013/10/03 16:47:37,3.0,96.7
12619,POS消费,地点906,洗衣房,2013/10/04 23:15:53,1.2,95.5
12619,POS消费,地点906,洗衣房,2013/10/04 23:37:02,1.2,94.3
12619,POS消费,地点571,洗衣房,2013/10/05 00:19:02,1.26,93.04
12619,POS消费,地点571,洗衣房,2013/10/05 00:28:12,-1.2,94.24
12619,POS消费,地点571,洗衣房,2013/10/05 00:30:17,1.26,92.98
12619,POS消费,地点6,淋浴,2013/10/06 17:27:49,0.6,41.63
12619,POS消费,地点765,开水,2013/10/06 17:30:57,0.1,0.83
12619,POS消费,地点6,淋浴,2013/10/06 17:37:01,0.7,92.82
12619,POS消费,地点21,开水,2013/10/06 18:03:22,3.0,83.82
12619,POS消费,地点91,校车,2013/10/06 18:04:50,6.0,86.82
12619,POS消费,地点766,开水,2013/10/06 21:55:47,0.01,83.81
12619,POS消费,地点765,开水,2013/10/06 21:58:14,0.02,83.79
12619,POS消费,地点6,淋浴,2013/10/07 17:45:47,0.7,83.09
12619,POS消费,地点6,淋浴,2013/10/07 23:03:49,1.3,81.79
12619,POS消费,地点21,开水,2013/10/08 12:27:42,4.6,77.19
12619,POS消费,地点21,开水,2013/10/08 12:28:59,2.9,74.29
12619,POS消费,地点192,超市,2013/10/09 12:10:12,4.5,69.79
12619,POS消费,地点192,超市,2013/10/09 22:16:17,7.9,61.89
12619,POS消费,地点21,开水,2013/10/10 12:08:39,1.15,60.74
12619,POS消费,地点188,超市,2013/10/10 12:15:39,3.7,57.04
12619,POS消费,地点81,洗衣房,2013/10/10 13:04:16,1.2,55.84
12619,POS消费,地点81,洗衣房,2013/10/10 13:05:04,-1.14,56.98
12619,POS消费,地点326,洗衣房,2013/10/10 13:05:31,1.2,55.78
12619,POS消费,地点326,洗衣房,2013/10/10 13:07:39,-1.08,56.86
12619,POS消费,地点91,校车,2013/10/10 17:14:59,5.6,51.26
12619,POS消费,地点21,开水,2013/10/11 12:40:19,4.6,46.66
12619,POS消费,地点246,食堂,2013/10/11 12:48:43,0.38,46.28
12619,POS消费,地点192,超市,2013/10/12 16:13:24,5.6,40.68
12619,POS消费,地点21,开水,2013/10/13 12:15:49,5.1,35.58
12619,POS消费,地点526,食堂,2013/10/14 12:30:11,8.5,27.08
12619,POS消费,地点150,食堂,2013/10/15 12:26:58,4.5,22.58
12619,POS消费,地点246,食堂,2013/10/15 12:35:04,0.38,22.2
12619,POS消费,地点188,超市,2013/10/15 22:17:23,4.2,18.0
12619,POS消费,地点910,洗衣房,2013/10/15 22:51:21,1.2,16.8
12619,POS消费,地点910,洗衣房,2013/10/15 22:54:29,-1.02,17.82
12619,POS消费,地点232,食堂,2013/10/16 12:31:13,6.6,11.22
12619,POS消费,地点246,食堂,2013/10/16 12:45:05,0.35,10.87
12619,POS消费,地点146,校车,2013/10/17 13:31:21,1.0,9.87
12619,POS消费,地点837,校车,2013/10/18 10:05:57,1.0,8.87
12619,圈存转账,,,2013/10/18 12:18:06,100.0,108.87
12619,POS消费,地点283,食堂,2013/10/18 12:25:38,4.6,104.27
12619,POS消费,地点21,开水,2013/10/18 12:43:43,0.38,103.89
12619,POS消费,地点222,校车,2013/10/18 14:03:00,1.0,102.89
12619,POS消费,地点188,超市,2013/10/20 13:41:37,10.0,92.89
12619,POS消费,地点571,洗衣房,2013/10/20 23:24:09,1.26,91.63
12619,POS消费,地点571,洗衣房,2013/10/20 23:24:45,-1.2,92.83
12619,POS消费,地点571,洗衣房,2013/10/20 23:27:27,1.26,91.57
12619,POS消费,地点571,洗衣房,2013/10/20 23:45:58,1.26,90.31
12619,POS消费,地点571,洗衣房,2013/10/21 00:04:48,-0.48,90.79
12619,POS消费,地点168,食堂,2013/10/21 13:18:48,6.5,84.29
12619,POS消费,地点83,食堂,2013/10/21 14:15:48,2.9,81.39
12619,POS消费,地点192,超市,2013/10/21 21:25:29,12.4,68.99
12619,POS消费,地点105,食堂,2013/10/22 12:15:29,5.1,63.89
12619,POS消费,地点246,食堂,2013/10/22 12:15:32,0.73,60.06
12619,POS消费,地点105,食堂,2013/10/22 12:15:41,3.1,60.79
12619,POS消费,地点118,食堂,2013/10/22 17:24:11,1.8,58.26
12619,POS消费,地点6,淋浴,2013/10/22 23:07:42,1.1,57.16
12619,POS消费,地点72,食堂,2013/10/23 08:50:45,1.6,55.56
12619,POS消费,地点154,食堂,2013/10/23 11:15:18,6.6,48.96
12619,POS消费,地点996,图书馆,2013/10/23 15:05:28,2.8,46.16
12619,POS消费,地点996,图书馆,2013/10/24 14:56:32,6.6,39.56
12619,POS消费,地点192,超市,2013/10/24 21:09:34,7.6,31.96
12619,POS消费,地点192,超市,2013/10/24 22:16:01,5.6,26.36
12619,POS消费,地点91,校车,2013/10/25 12:21:04,3.0,16.76
12619,POS消费,地点21,开水,2013/10/25 12:22:15,6.6,19.76
12619,POS消费,地点21,开水,2013/10/25 12:39:21,7.2,9.56
12619,POS消费,地点910,洗衣房,2013/10/25 23:04:09,1.2,8.36
12619,POS消费,地点910,洗衣房,2013/10/25 23:24:26,1.2,7.16
12619,POS消费,地点910,洗衣房,2013/10/25 23:38:00,-0.36,7.52
12619,POS消费,地点246,食堂,2013/10/27 17:16:55,0.8,6.72
12619,POS消费,地点91,校车,2013/10/27 17:30:09,0.8,5.92
12619,POS消费,地点91,校车,2013/10/27 17:30:48,0.8,5.12
12619,POS消费,地点766,开水,2013/10/27 21:46:24,0.01,5.11
12619,POS消费,地点64,开水,2013/10/27 22:35:50,0.01,5.1
12619,圈存转账,,,2013/10/28 11:08:17,100.0,105.1
12619,POS消费,地点21,开水,2013/10/28 11:11:09,5.1,100.0
12619,POS消费,地点217,食堂,2013/10/28 11:18:56,1.0,99.0
12619,POS消费,地点6,淋浴,2013/10/29 10:02:11,1.1,97.9
12619,POS消费,地点21,开水,2013/10/29 11:57:54,4.5,93.4
12619,POS消费,地点146,校车,2013/10/31 12:26:56,1.0,92.4
12619,POS消费,地点146,校车,2013/10/31 12:28:52,1.0,91.4
12619,POS消费,地点996,图书馆,2013/10/31 16:13:15,2.6,88.8
12619,POS消费,地点996,图书馆,2013/10/31 18:39:25,4.8,84.0
12619,POS消费,地点192,超市,2013/10/31 22:15:23,5.3,78.7
12619,POS消费,地点326,洗衣房,2013/10/31 23:26:32,1.2,77.5
12619,POS消费,地点910,洗衣房,2013/11/01 11:56:47,1.2,76.3
12619,POS消费,地点910,洗衣房,2013/11/01 12:17:12,1.2,75.1
12619,POS消费,地点910,洗衣房,2013/11/01 12:34:56,-0.12,75.22
12619,POS消费,地点168,食堂,2013/11/01 15:21:39,7.5,67.72
12619,POS消费,地点203,食堂,2013/11/01 15:22:27,0.5,67.22
12619,POS消费,地点203,食堂,2013/11/04 16:15:11,7.5,59.72
12619,POS消费,地点21,开水,2013/11/04 16:53:58,0.73,58.99
12619,POS消费,地点105,食堂,2013/11/05 08:13:43,0.7,57.29
12619,POS消费,地点246,食堂,2013/11/05 12:26:38,0.73,56.56
12619,POS消费,地点21,开水,2013/11/05 22:18:03,3.0,53.56
12619,POS消费,地点171,食堂,2013/11/06 11:37:04,5.6,47.96
12619,POS消费,地点171,食堂,2013/11/06 11:37:16,5.6,42.36
12619,POS消费,地点217,食堂,2013/11/06 11:40:13,5.8,36.56
12619,POS消费,地点21,开水,2013/11/06 11:56:46,6.1,30.46
12619,POS消费,地点21,开水,2013/11/06 11:56:59,0.5,29.96
12619,POS消费,地点996,图书馆,2013/11/07 16:15:16,2.6,27.36
12619,POS消费,地点240,食堂,2013/11/07 17:20:30,4.6,22.76
12619,POS消费,地点213,食堂,2013/11/07 17:46:08,1.5,21.26
12619,POS消费,地点188,超市,2013/11/07 22:17:03,5.5,15.76
12619,POS消费,地点21,开水,2013/11/08 08:13:28,2.2,13.46
12619,POS消费,地点21,开水,2013/11/08 08:18:27,1.5,11.96
12619,POS消费,地点21,开水,2013/11/08 12:28:35,5.1,6.86
12619,POS消费,地点21,开水,2013/11/08 12:29:18,5.1,1.76
12619,POS消费,地点931,淋浴,2013/11/10 12:01:32,0.1,1.66
12619,圈存转账,,,2013/11/10 12:13:07,100.0,100.66
12619,POS消费,地点21,开水,2013/11/10 12:17:22,2.0,93.06
12619,POS消费,地点21,开水,2013/11/10 12:18:23,5.6,95.06
12619,POS消费,地点21,开水,2013/11/10 21:18:29,18.7,74.36
12619,POS消费,地点253,食堂,2013/11/11 12:34:33,3.4,57.56
12619,POS消费,地点21,开水,2013/11/11 12:35:18,6.7,67.66
12619,POS消费,地点21,开水,2013/11/11 12:35:36,6.7,60.96
12619,POS消费,地点6,淋浴,2013/11/12 09:45:01,0.1,15.66
12619,POS消费,地点326,洗衣房,2013/11/12 09:48:30,1.0,57.99
12619,POS消费,地点326,洗衣房,2013/11/12 10:00:47,1.0,0.66
12619,POS消费,地点246,食堂,2013/11/12 12:08:55,0.38,45.18
12619,POS消费,地点21,开水,2013/11/12 12:11:14,5.9,51.66
12619,POS消费,地点21,开水,2013/11/12 12:11:37,6.1,45.56
12619,POS消费,地点190,超市,2013/11/12 22:32:46,8.2,36.98
12619,POS消费,地点910,洗衣房,2013/11/12 22:53:10,1.2,35.78
12619,POS消费,地点12,文印中心,2013/11/12 23:10:26,0.7,33.88
12619,POS消费,地点910,洗衣房,2013/11/12 23:14:47,1.2,34.58
12619,POS消费,地点910,洗衣房,2013/11/12 23:37:01,1.2,32.68
12619,POS消费,地点910,洗衣房,2013/11/12 23:37:27,-1.02,33.7
12619,POS消费,地点168,食堂,2013/11/13 12:56:55,5.5,28.2
12619,POS消费,地点283,食堂,2013/11/13 12:58:21,6.3,21.9
12619,POS消费,地点283,食堂,2013/11/13 12:58:44,5.0,16.9
12619,POS消费,地点816,校车,2013/11/13 13:42:30,1.0,15.9
12619,POS消费,地点146,校车,2013/11/13 19:28:25,1.0,14.9
12619,POS消费,地点232,食堂,2013/11/14 16:59:04,7.1,7.8
12619,POS消费,地点286,食堂,2013/11/14 17:04:33,0.2,7.6
12619,POS消费,地点21,开水,2013/11/18 12:20:16,4.5,2.2
12619,POS消费,地点910,洗衣房,2013/11/20 07:03:09,1.2,1.0
12619,圈存转账,,,2013/11/20 12:44:39,100.0,101.0
12619,POS消费,地点304,超市,2013/11/20 12:47:06,2.3,98.7
12619,POS消费,地点168,食堂,2013/11/20 14:25:58,6.5,92.2
12619,POS消费,地点573,淋浴,2013/11/21 15:25:59,0.1,7.5
12619,POS消费,地点326,洗衣房,2013/11/21 15:26:49,0.8,6.7
12619,POS消费,地点217,食堂,2013/11/21 16:06:08,1.8,90.4
12619,POS消费,地点21,开水,2013/11/21 16:13:52,7.0,83.4
12619,POS消费,地点188,超市,2013/11/21 22:36:52,1.5,81.9
12619,POS消费,地点326,洗衣房,2013/11/21 23:26:35,1.2,80.7
12619,POS消费,地点21,开水,2013/11/22 22:05:48,9.5,71.2
12619,POS消费,地点837,校车,2013/11/23 17:25:33,1.0,70.2
12619,POS消费,地点192,超市,2013/11/25 21:45:57,5.2,65.0
12619,POS消费,地点21,开水,2013/11/26 15:40:10,6.0,59.0
12619,POS消费,地点304,超市,2013/11/26 22:16:04,1.3,57.7
12619,POS消费,地点304,超市,2013/11/26 22:16:36,12.0,45.7
12619,POS消费,地点192,超市,2013/11/27 21:42:05,3.9,41.8
12619,POS消费,地点232,食堂,2013/11/28 18:17:25,10.9,30.9
12619,POS消费,地点232,食堂,2013/11/28 18:17:57,0.3,30.6
12619,POS消费,地点188,超市,2013/11/28 21:14:06,2.6,28.0
12619,POS消费,地点570,洗衣房,2013/12/01 14:26:08,1.2,26.8
12619,POS消费,地点570,洗衣房,2013/12/01 14:28:16,-1.14,27.94
12619,POS消费,地点571,洗衣房,2013/12/01 22:59:54,1.26,25.42
12619,POS消费,地点763,洗衣房,2013/12/01 23:01:46,1.2,26.74
12619,POS消费,地点763,洗衣房,2013/12/01 23:02:04,1.2,25.54
12619,POS消费,地点168,食堂,2013/12/02 18:49:41,6.5,19.22
12619,POS消费,地点283,食堂,2013/12/02 18:55:49,1.5,17.72
12619,POS消费,地点192,超市,2013/12/02 22:05:53,1.7,16.02
12619,POS消费,地点21,开水,2013/12/03 10:03:58,2.9,13.12
12619,POS消费,地点91,校车,2013/12/03 12:40:00,4.5,8.62
12619,圈存转账,,,2013/12/03 13:05:17,100.0,108.62
12619,POS消费,地点195,超市,2013/12/03 15:12:35,30.0,78.62
12619,POS消费,地点195,超市,2013/12/03 15:12:43,9.8,68.82
12619,POS消费,地点195,超市,2013/12/03 15:16:05,4.0,64.82
12619,POS消费,地点118,食堂,2013/12/03 15:35:49,2.5,62.32
12619,POS消费,地点21,开水,2013/12/03 21:02:07,2.5,59.82
12619,POS消费,地点283,食堂,2013/12/04 17:44:33,6.3,53.52
12619,POS消费,地点283,食堂,2013/12/04 17:51:50,5.0,48.52
12619,POS消费,地点168,食堂,2013/12/05 18:36:40,6.5,42.02
12619,POS消费,地点283,食堂,2013/12/05 18:38:24,1.5,40.52
12619,POS消费,地点21,开水,2013/12/06 18:11:51,4.6,35.92
12619,POS消费,地点192,超市,2013/12/07 20:05:46,10.0,25.92
12619,POS消费,地点168,食堂,2013/12/08 15:43:51,5.5,20.32
12619,POS消费,地点263,食堂,2013/12/08 16:45:06,6.2,14.12
12619,POS消费,地点6,淋浴,2013/12/08 16:46:18,4.35,9.77
12619,POS消费,地点21,开水,2013/12/09 18:16:51,4.6,5.17
12619,POS消费,地点246,食堂,2013/12/09 18:43:09,1.6,3.57
12619,圈存转账,,,2013/12/09 18:46:44,100.0,103.57
12619,POS消费,地点188,超市,2013/12/09 22:22:22,4.5,99.07
12619,POS消费,地点21,开水,2013/12/10 19:58:40,12.4,86.67
12619,POS消费,地点188,超市,2013/12/10 19:59:08,7.8,78.87
12619,,,,2013/12/10 20:15:17,1.0,77.87
12619,POS消费,地点168,食堂,2013/12/11 14:34:14,6.5,71.37
12619,POS消费,地点283,食堂,2013/12/11 14:35:02,1.5,69.87
12619,POS消费,地点996,图书馆,2013/12/11 15:07:39,2.8,67.07
12619,POS消费,地点204,食堂,2013/12/11 19:46:56,5.5,61.57
12619,POS消费,地点283,食堂,2013/12/11 20:14:19,1.5,60.07
12619,POS消费,地点573,淋浴,2013/12/12 15:47:11,0.1,25.82
12619,POS消费,地点188,超市,2013/12/13 22:07:15,2.4,57.67
12619,POS消费,地点192,超市,2013/12/14 17:01:37,10.0,47.67
12619,POS消费,地点192,超市,2013/12/14 17:01:45,3.2,44.47
12619,POS消费,地点188,超市,2013/12/14 21:05:32,13.5,30.97
12619,POS消费,地点168,食堂,2013/12/15 18:34:18,6.5,24.47
12619,POS消费,地点283,食堂,2013/12/15 18:38:24,1.5,22.97
12619,POS消费,地点188,超市,2013/12/15 22:40:18,7.2,15.77
12619,POS消费,地点1006,洗衣房,2013/12/15 23:09:02,1.2,14.57
12619,POS消费,地点1006,洗衣房,2013/12/15 23:09:14,-1.14,15.71
12619,POS消费,地点1006,洗衣房,2013/12/15 23:09:45,1.2,14.51
12619,POS消费,地点1006,洗衣房,2013/12/15 23:11:43,-1.08,15.59
12619,POS消费,地点1006,洗衣房,2013/12/15 23:27:42,1.2,14.39
12619,POS消费,地点1006,洗衣房,2013/12/15 23:27:54,-1.02,15.41
12619,POS消费,地点204,食堂,2013/12/16 14:35:23,5.5,9.91
12619,POS消费,地点283,食堂,2013/12/16 14:45:26,1.5,8.41
12619,圈存转账,,,2013/12/16 17:37:01,100.0,108.41
12619,POS消费,地点306,食堂,2013/12/16 17:37:33,0.8,107.61
12619,POS消费,地点217,食堂,2013/12/16 17:42:13,1.0,106.61
12619,POS消费,地点246,食堂,2013/12/16 18:32:10,1.0,105.61
12619,POS消费,地点168,食堂,2013/12/17 19:57:08,6.5,99.11
12619,POS消费,地点283,食堂,2013/12/17 20:00:22,1.5,97.61
12619,POS消费,地点168,食堂,2013/12/18 13:47:06,7.5,90.11
12619,POS消费,地点188,超市,2013/12/18 14:19:55,1.5,88.61
12619,,,,2013/12/18 15:11:35,15.0,73.61
12619,POS消费,地点6,淋浴,2013/12/18 17:40:40,4.0,69.61
12619,POS消费,地点188,超市,2013/12/18 22:26:46,5.4,64.21
12619,POS消费,地点188,超市,2013/12/18 22:32:56,2.6,61.61
12619,POS消费,地点168,食堂,2013/12/19 16:36:43,6.5,55.11
12619,POS消费,地点21,开水,2013/12/19 16:40:42,0.35,54.76
12619,POS消费,地点21,开水,2013/12/19 16:46:23,0.45,54.31
12619,POS消费,地点21,开水,2013/12/19 17:07:02,2.64,51.67
12619,POS消费,地点188,超市,2013/12/19 22:36:32,2.4,49.27
12619,POS消费,地点21,开水,2013/12/20 12:18:38,3.6,45.65
12619,POS消费,地点252,食堂,2013/12/20 12:19:47,3.9,41.75
12619,POS消费,地点21,开水,2013/12/20 12:33:54,6.8,34.95
12619,POS消费,地点1448,校车,2013/12/20 16:06:56,1.0,33.95
12619,POS消费,地点6,淋浴,2013/12/20 16:46:53,5.0,28.95
12619,POS消费,地点246,食堂,2013/12/20 16:52:25,0.7,28.25
12619,POS消费,地点246,食堂,2013/12/20 17:06:09,0.38,27.87
12619,POS消费,地点217,食堂,2013/12/20 17:07:25,1.0,26.87
12619,POS消费,地点910,洗衣房,2013/12/21 19:02:32,1.2,25.67
12619,POS消费,地点910,洗衣房,2013/12/21 19:03:27,-1.14,26.81
12619,POS消费,地点910,洗衣房,2013/12/21 19:04:08,1.2,25.61
12619,POS消费,地点910,洗衣房,2013/12/21 19:30:53,1.2,24.41
12619,POS消费,地点762,开水,2013/12/21 19:35:23,0.01,24.4
12619,POS消费,地点762,开水,2013/12/21 19:40:12,0.01,24.39
12619,POS消费,地点910,洗衣房,2013/12/21 20:35:23,-0.18,24.57
12619,POS消费,地点188,超市,2013/12/21 21:03:21,6.6,17.97
12619,POS消费,地点309,食堂,2013/12/22 10:55:18,6.0,11.97
12619,POS消费,地点231,食堂,2013/12/22 11:01:50,0.8,11.17
12619,圈存转账,,,2013/12/22 11:22:41,100.0,111.17
12619,POS消费,地点239,食堂,2013/12/22 11:28:26,5.6,105.57
12619,POS消费,地点910,洗衣房,2013/12/22 21:27:14,1.2,104.37
12619,POS消费,地点910,洗衣房,2013/12/22 22:35:27,1.2,103.17
12619,POS消费,地点910,洗衣房,2013/12/22 22:45:55,-0.54,103.71
12619,POS消费,地点21,开水,2013/12/23 17:46:25,6.2,97.51
12619,,,,2013/12/23 20:46:54,10.0,87.51
12619,,,,2013/12/23 20:47:14,2.0,85.51
12619,POS消费,地点21,开水,2013/12/23 20:54:24,5.2,80.31
12619,POS消费,地点105,食堂,2013/12/24 12:24:54,4.6,75.71
12619,POS消费,地点105,食堂,2013/12/24 12:34:34,5.1,70.61
12619,POS消费,地点21,开水,2013/12/24 17:12:25,8.6,62.01
12619,POS消费,地点246,食堂,2013/12/24 17:45:08,0.38,61.63
12619,POS消费,地点168,食堂,2013/12/25 13:12:40,6.5,55.13
12619,POS消费,地点283,食堂,2013/12/25 13:15:55,5.0,50.13
12619,POS消费,地点766,开水,2013/12/25 14:20:56,0.01,49.26
12619,POS消费,地点765,开水,2013/12/25 14:23:26,0.01,49.25
12619,POS消费,地点192,超市,2013/12/25 18:30:50,3.7,46.43
12619,POS消费,地点21,开水,2013/12/25 18:37:35,4.6,41.83
12619,POS消费,地点21,开水,2013/12/25 22:00:18,10.6,31.23
12619,POS消费,地点188,超市,2013/12/26 18:01:02,12.1,19.13
12619,POS消费,地点168,食堂,2013/12/27 15:43:48,6.5,12.63
12619,POS消费,地点283,食堂,2013/12/27 16:12:25,2.5,10.13
12619,POS消费,地点195,超市,2013/12/27 22:13:04,5.0,5.13
12619,圈存转账,,,2013/12/28 11:46:38,100.0,105.13
12619,,,,2013/12/28 11:47:16,10.0,95.13
12619,,,,2013/12/28 11:47:38,10.0,85.13
12619,POS消费,地点822,食堂,2013/12/28 12:13:33,12.2,72.93
12619,POS消费,地点6,淋浴,2013/12/28 12:14:55,4.92,68.01
12619,POS消费,地点21,开水,2013/12/28 19:09:50,22.4,45.61
12619,POS消费,地点326,洗衣房,2013/12/29 00:32:01,1.0,44.61
12619,POS消费,地点213,食堂,2013/12/30 14:49:59,0.3,44.31
12619,POS消费,地点21,开水,2013/12/30 21:43:42,18.9,25.41
12619,POS消费,地点12,文印中心,2013/12/30 23:45:31,0.9,24.51
12619,POS消费,地点204,食堂,2013/12/31 16:54:58,5.5,19.01
12619,POS消费,地点263,食堂,2013/12/31 17:30:48,5.1,13.91
12619,POS消费,地点822,食堂,2013/12/31 17:32:10,6.1,7.81
12619,POS消费,地点6,淋浴,2013/12/31 17:32:54,4.12,3.69
12619,POS消费,地点21,开水,2013/12/31 17:33:48,0.73,2.96
12619,POS消费,地点188,超市,2013/12/31 20:11:29,0.4,2.56
12619,圈存转账,,,2014/01/01 12:18:31,100.0,102.56
12619,POS消费,地点21,开水,2014/01/01 12:20:43,5.6,96.96
12619,POS消费,地点21,开水,2014/01/01 12:21:15,5.4,91.56
12619,POS消费,地点217,食堂,2014/01/01 12:22:21,2.0,89.56
12619,POS消费,地点21,开水,2014/01/01 17:46:18,4.6,84.96
12619,POS消费,地点21,开水,2014/01/01 17:47:11,1.0,83.96
12619,POS消费,地点88,食堂,2014/01/02 12:14:48,4.8,76.56
12619,POS消费,地点78,其他,2014/01/02 12:14:48,1.5,81.36
12619,POS消费,地点88,食堂,2014/01/02 12:15:08,3.6,72.96
12619,POS消费,地点21,开水,2014/01/02 12:18:09,3.0,69.96
12619,POS消费,地点91,校车,2014/01/02 17:14:41,6.6,63.36
12619,POS消费,地点158,食堂,2014/01/02 17:17:00,5.8,57.56
12619,POS消费,地点12,文印中心,2014/01/02 17:26:21,0.73,56.83
12619,POS消费,地点304,超市,2014/01/02 20:49:32,4.6,52.23
12619,POS消费,地点883,开水,2014/01/03 09:04:03,0.19,50.94
12619,POS消费,地点154,食堂,2014/01/03 11:32:54,12.2,38.74
12619,POS消费,地点240,食堂,2014/01/03 16:48:48,4.6,34.14
12619,POS消费,地点190,超市,2014/01/03 18:05:45,9.5,24.64
12619,POS消费,地点883,开水,2014/01/03 22:14:13,0.04,24.6
12619,POS消费,地点966,洗衣房,2014/01/03 22:58:41,1.2,23.4
12619,POS消费,地点966,洗衣房,2014/01/03 23:18:09,1.2,22.2
12619,POS消费,地点966,洗衣房,2014/01/03 23:19:46,-1.08,23.28
12619,POS消费,地点966,洗衣房,2014/01/03 23:20:56,1.2,22.08
12619,POS消费,地点966,洗衣房,2014/01/03 23:31:27,-0.54,22.62
12619,POS消费,地点966,洗衣房,2014/01/03 23:33:30,1.2,21.42
12619,POS消费,地点966,洗衣房,2014/01/03 23:38:09,-0.9,22.32
12619,POS消费,地点966,洗衣房,2014/01/03 23:38:09,1.2,21.12
12619,POS消费,地点966,洗衣房,2014/01/03 23:38:31,-1.14,22.26
12619,POS消费,地点69,食堂,2014/01/04 07:22:15,1.6,20.66
12619,POS消费,地点60,食堂,2014/01/04 07:26:30,0.5,20.16
12619,POS消费,地点60,食堂,2014/01/04 11:26:10,5.6,14.56
12619,POS消费,地点60,食堂,2014/01/04 11:26:25,5.1,9.46
12619,圈存转账,,,2014/01/04 16:30:10,100.0,109.46
12619,POS消费,地点168,食堂,2014/01/04 16:37:35,5.5,103.96
12619,POS消费,地点204,食堂,2014/01/04 16:42:17,1.0,102.96
12619,POS消费,地点6,淋浴,2014/01/04 16:57:52,1.35,101.61
12619,POS消费,地点996,图书馆,2014/01/04 17:43:51,1.1,100.51
12619,POS消费,地点304,超市,2014/01/04 22:23:49,5.4,95.11
12619,POS消费,地点952,洗衣房,2014/01/04 23:13:18,1.2,93.91
12619,POS消费,地点952,洗衣房,2014/01/04 23:33:17,1.2,92.71
12619,POS消费,地点952,洗衣房,2014/01/04 23:44:50,-0.54,93.25
12619,POS消费,地点883,开水,2014/01/05 07:31:35,0.18,93.07
12619,POS消费,地点118,食堂,2014/01/05 08:01:24,3.0,90.07
12619,POS消费,地点118,食堂,2014/01/05 08:01:28,2.5,87.57
12619,POS消费,地点118,食堂,2014/01/05 08:01:44,2.5,85.07
12619,POS消费,地点118,食堂,2014/01/05 08:02:52,4.3,80.77
12619,POS消费,地点188,超市,2014/01/05 16:13:13,5.4,75.37
12619,POS消费,地点21,开水,2014/01/06 16:51:18,4.5,70.87
12619,POS消费,地点246,食堂,2014/01/06 17:21:01,0.38,65.39
12619,POS消费,地点105,食堂,2014/01/06 17:21:25,5.1,65.77
12619,POS消费,地点192,超市,2014/01/06 22:19:41,10.5,54.89
12619,POS消费,地点217,食堂,2014/01/07 16:26:11,1.0,53.89
12619,POS消费,地点21,开水,2014/01/07 16:28:24,5.6,48.29
12619,POS消费,地点12,文印中心,2014/01/07 19:07:43,1.1,51.13
12619,POS消费,地点188,超市,2014/01/07 22:28:24,2.5,45.79
12619,POS消费,地点123,开水,2014/01/08 13:14:52,0.02,39.47
12619,POS消费,地点21,开水,2014/01/08 13:19:44,6.3,39.49
12619,POS消费,地点188,超市,2014/01/08 18:43:17,5.0,34.47
12619,POS消费,地点168,食堂,2014/01/09 16:29:58,6.5,27.97
12619,POS消费,地点6,淋浴,2014/01/09 16:48:44,4.07,23.9
12619,POS消费,地点996,图书馆,2014/01/09 16:56:05,1.0,22.9
12619,POS消费,地点21,开水,2014/01/09 20:46:32,4.0,18.9
12619,圈存转账,,,2014/01/11 18:32:04,100.0,118.9
12619,POS消费,地点283,食堂,2014/01/11 18:40:20,6.3,112.6
12619,POS消费,地点192,超市,2014/01/11 18:58:23,6.7,105.9
12619,POS消费,地点21,开水,2014/01/12 11:26:40,6.1,99.8
12619,POS消费,地点907,淋浴,2014/01/12 12:02:16,1.2,98.6
12619,POS消费,地点21,开水,2014/01/12 16:02:15,2.0,96.6
12619,POS消费,地点168,食堂,2014/01/12 16:17:00,5.5,91.1
12619,POS消费,地点255,食堂,2014/01/12 16:43:26,4.66,86.44
12619,POS消费,地点118,食堂,2014/01/12 21:49:07,3.0,83.44
12619,POS消费,地点203,食堂,2014/01/13 13:41:47,6.5,76.94
12619,POS消费,地点326,洗衣房,2014/01/13 16:39:44,1.1,82.86
12619,POS消费,地点89,食堂,2014/01/13 17:23:24,3.0,73.94
12619,POS消费,地点21,开水,2014/01/13 19:07:51,6.0,67.94
12619,POS消费,地点21,开水,2014/01/13 19:08:08,10.0,57.94
12619,POS消费,地点816,校车,2014/01/13 19:16:18,1.0,56.94
12619,POS消费,地点105,食堂,2014/01/14 16:32:41,4.6,52.34
12619,POS消费,地点21,开水,2014/01/14 16:41:34,7.2,45.14
12619,POS消费,地点246,食堂,2014/01/14 16:41:51,0.7,44.44
12619,POS消费,地点188,超市,2014/01/14 21:31:32,2.4,42.04
12619,POS消费,地点765,开水,2014/01/14 23:38:20,0.07,40.77
12619,POS消费,地点910,洗衣房,2014/01/15 00:08:31,1.2,40.84
12619,POS消费,地点910,洗衣房,2014/01/15 00:08:35,1.2,39.57
12619,POS消费,地点910,洗衣房,2014/01/15 00:17:56,-0.12,39.69
12619,POS消费,地点61,食堂,2014/01/15 12:21:26,5.1,34.59
12619,POS消费,地点6,淋浴,2014/01/15 18:07:49,0.7,33.89
12619,POS消费,地点282,食堂,2014/01/15 18:29:55,6.3,27.59
12619,POS消费,地点188,超市,2014/01/15 20:52:47,5.0,22.59
12619,POS消费,地点766,开水,2014/01/15 21:13:34,0.01,22.58
12619,POS消费,地点765,开水,2014/01/15 22:08:07,0.01,22.57
12619,POS消费,地点12,文印中心,2014/01/16 07:45:27,0.1,22.47
12619,POS消费,地点326,洗衣房,2014/01/16 07:46:46,0.1,22.17
12619,POS消费,地点6,淋浴,2014/01/16 08:07:49,0.1,22.37
12619,POS消费,地点573,淋浴,2014/01/16 08:07:49,0.1,22.27
12619,POS消费,地点326,洗衣房,2014/01/16 09:08:32,1.3,20.77
12619,POS消费,地点765,开水,2014/01/16 15:26:05,0.01,14.96
12619,POS消费,地点192,超市,2014/01/16 15:31:43,5.8,14.97
12619,POS消费,地点188,超市,2014/01/16 17:35:29,9.2,5.76
12619,POS消费,地点21,开水,2014/01/17 12:41:17,4.5,1.26
12619,圈存转账,,,2014/01/17 12:47:37,10.0,11.26
12619,POS消费,地点910,洗衣房,2014/01/17 13:08:04,1.2,10.06
12619,POS消费,地点910,洗衣房,2014/01/17 13:10:18,1.2,8.86
12619,POS消费,地点910,洗衣房,2014/01/17 13:38:52,-1.02,8.68
12619,POS消费,地点910,洗衣房,2014/01/17 13:38:52,1.2,7.66
12619,POS消费,地点105,食堂,2014/01/17 17:09:57,4.3,4.38
12619,POS消费,地点246,食堂,2014/01/17 17:18:46,0.8,3.58
12619,POS消费,地点6,淋浴,2014/01/17 18:08:26,1.0,2.58
12619,圈存转账,,,2014/02/19 18:52:55,100.0,102.58
12619,POS消费,地点21,开水,2014/02/21 20:23:16,15.2,87.38
12619,POS消费,地点6,淋浴,2014/02/23 00:12:33,1.7,85.48
12619,POS消费,地点6,淋浴,2014/02/23 14:09:06,1.0,83.28
12619,POS消费,地点763,洗衣房,2014/02/23 21:09:23,1.2,84.28
12619,POS消费,地点763,洗衣房,2014/02/23 21:09:24,-0.66,82.74
12619,POS消费,地点763,洗衣房,2014/02/23 21:09:24,1.2,82.08
12619,POS消费,地点21,开水,2014/02/24 10:24:17,3.0,79.74
12619,POS消费,地点203,食堂,2014/02/24 14:40:54,6.5,73.24
12619,POS消费,地点21,开水,2014/02/24 20:44:26,5.1,68.14
12619,POS消费,地点69,食堂,2014/02/25 12:24:08,4.8,63.34
12619,POS消费,地点83,食堂,2014/02/25 12:36:38,3.0,60.34
12619,POS消费,地点240,食堂,2014/02/25 17:47:10,5.1,55.24
12619,POS消费,地点246,食堂,2014/02/25 18:03:54,0.38,54.86
12619,POS消费,地点204,食堂,2014/02/26 14:31:20,5.5,49.36
12619,POS消费,地点996,图书馆,2014/02/26 14:52:31,2.9,46.46
12619,POS消费,地点855,淋浴,2014/02/26 23:33:36,0.1,46.36
12619,POS消费,地点6,淋浴,2014/02/26 23:45:12,1.1,45.26
12619,POS消费,地点1472,校车,2014/02/28 13:40:10,1.0,44.16
12619,POS消费,地点996,图书馆,2014/02/28 16:47:37,2.6,41.56
12619,POS消费,地点996,图书馆,2014/02/28 17:10:44,3.0,38.56
12619,POS消费,地点89,食堂,2014/02/28 21:36:25,5.0,33.56
12619,POS消费,地点21,开水,2014/02/28 21:57:01,3.0,30.56
12619,POS消费,地点192,超市,2014/03/01 22:04:51,5.2,25.36
12619,POS消费,地点21,开水,2014/03/02 11:28:13,5.1,20.26
12619,POS消费,地点21,开水,2014/03/02 11:28:34,5.1,15.16
12619,POS消费,地点65,食堂,2014/03/02 17:19:50,5.1,10.06
12619,POS消费,地点21,开水,2014/03/02 17:21:01,0.38,9.68
12619,POS消费,地点222,校车,2014/03/02 20:59:03,1.0,8.68
12619,POS消费,地点192,超市,2014/03/03 22:05:23,3.8,4.88
12619,POS消费,地点326,洗衣房,2014/03/03 23:46:41,1.1,3.78
12619,圈存转账,,,2014/03/04 11:55:54,100.0,103.78
12619,POS消费,地点1466,食堂,2014/03/04 12:00:01,10.2,93.58
12619,POS消费,地点57,食堂,2014/03/05 09:11:07,2.9,90.68
12619,POS消费,地点203,食堂,2014/03/05 13:39:38,6.5,84.18
12619,POS消费,地点204,食堂,2014/03/05 13:41:48,5.5,78.68
12619,POS消费,地点204,食堂,2014/03/05 13:43:16,1.0,77.68
12619,POS消费,地点1466,食堂,2014/03/06 08:33:17,0.7,76.98
12619,POS消费,地点59,食堂,2014/03/06 08:34:14,1.5,75.48
12619,POS消费,地点228,食堂,2014/03/06 12:46:19,6.5,68.98
12619,POS消费,地点910,洗衣房,2014/03/06 14:27:44,1.2,67.78
12619,POS消费,地点910,洗衣房,2014/03/06 15:02:00,1.2,66.58
12619,POS消费,地点952,洗衣房,2014/03/06 15:21:45,1.2,65.38
12619,POS消费,地点952,洗衣房,2014/03/06 15:30:02,-0.66,66.04
12619,POS消费,地点326,洗衣房,2014/03/06 22:41:40,1.4,64.64
12619,POS消费,地点326,洗衣房,2014/03/07 09:37:23,1.4,64.64
12619,POS消费,地点211,校车,2014/03/07 13:22:35,1.0,63.64
12619,POS消费,地点1472,校车,2014/03/08 09:14:41,1.0,62.64
12619,POS消费,地点21,开水,2014/03/08 22:04:00,3.0,59.64
12619,POS消费,地点168,食堂,2014/03/09 14:01:47,1.0,58.64
12619,POS消费,地点204,食堂,2014/03/09 14:09:33,1.5,57.14
12619,POS消费,地点21,开水,2014/03/09 21:59:23,6.9,50.24
12619,POS消费,地点1466,食堂,2014/03/10 08:59:49,0.7,49.54
12619,POS消费,地点1466,食堂,2014/03/10 09:00:06,1.3,48.24
12619,POS消费,地点21,开水,2014/03/10 09:01:41,0.6,47.64
12619,POS消费,地点1368,食堂,2014/03/10 12:23:26,6.0,41.64
12619,POS消费,地点21,开水,2014/03/11 12:20:13,5.1,36.54
12619,POS消费,地点21,开水,2014/03/11 12:20:30,5.1,31.44
12619,POS消费,地点855,淋浴,2014/03/12 00:03:48,1.1,30.34
12619,POS消费,地点228,食堂,2014/03/12 12:42:55,6.5,23.84
12619,POS消费,地点1472,校车,2014/03/12 17:21:57,1.0,22.84
12619,POS消费,地点105,食堂,2014/03/14 12:11:42,5.6,17.24
12619,POS消费,地点21,开水,2014/03/14 22:04:51,8.0,9.24
12619,POS消费,地点105,食堂,2014/03/15 11:31:13,4.6,4.64
12619,POS消费,地点217,食堂,2014/03/15 11:38:32,1.8,2.84
12619,圈存转账,,,2014/03/15 11:46:40,100.0,102.84
12619,POS消费,地点21,开水,2014/03/15 11:47:02,6.1,96.74
12619,POS消费,地点21,开水,2014/03/15 11:47:20,6.1,90.64
12619,POS消费,地点304,超市,2014/03/16 14:25:34,4.4,84.94
12619,POS消费,地点190,超市,2014/03/16 16:09:45,3.8,81.14
12619,POS消费,地点951,洗衣房,2014/03/16 17:05:54,1.2,79.94
12619,POS消费,地点21,开水,2014/03/16 21:29:43,2.5,76.96
12619,POS消费,地点906,洗衣房,2014/03/16 21:53:51,1.2,78.74
12619,POS消费,地点906,洗衣房,2014/03/16 21:53:52,-0.72,79.46
12619,POS消费,地点262,食堂,2014/03/17 10:54:23,5.0,71.96
12619,POS消费,地点767,淋浴,2014/03/19 00:53:35,1.3,89.34
12619,POS消费,地点219,超市,2014/03/19 15:24:38,1.0,70.96
12619,POS消费,地点1451,校车,2014/03/19 17:26:24,1.0,69.96
12619,POS消费,地点211,校车,2014/03/19 18:01:54,1.0,68.96
12619,POS消费,地点69,食堂,2014/03/21 06:52:16,2.0,66.96
12619,POS消费,地点65,食堂,2014/03/21 06:53:19,1.0,65.96
12619,POS消费,地点65,食堂,2014/03/21 06:56:46,0.2,65.76
12619,POS消费,地点1448,校车,2014/03/21 18:50:33,1.0,64.76
12619,POS消费,地点1466,食堂,2014/03/22 08:53:10,0.5,64.26
12619,POS消费,地点240,食堂,2014/03/22 11:45:12,4.6,59.66
12619,POS消费,地点192,超市,2014/03/22 21:46:00,8.1,51.56
12619,POS消费,地点571,洗衣房,2014/03/23 00:22:37,1.26,50.3
12619,POS消费,地点571,洗衣房,2014/03/23 01:11:18,-1.14,51.44
12619,POS消费,地点26,图书馆,2014/03/23 12:47:00,13.0,38.44
12619,POS消费,地点168,食堂,2014/03/23 13:02:51,5.5,32.94
12619,POS消费,地点204,食堂,2014/03/23 13:06:50,1.0,31.94
12619,POS消费,地点21,开水,2014/03/24 10:25:26,3.4,28.54
12619,POS消费,地点265,食堂,2014/03/26 12:01:36,2.4,26.14
12619,POS消费,地点21,开水,2014/03/26 12:04:04,4.0,22.14
12619,POS消费,地点6,淋浴,2014/03/26 12:43:55,0.1,87.18
12619,POS消费,地点6,淋浴,2014/03/26 12:44:07,0.1,45.16
12619,POS消费,地点573,淋浴,2014/03/26 12:45:06,0.1,87.28
12619,POS消费,地点6,淋浴,2014/03/26 13:10:08,1.9,20.24
12619,POS消费,地点21,开水,2014/03/26 13:31:58,11.2,9.04
12619,POS消费,地点1472,校车,2014/03/26 17:48:56,1.0,5.64
12619,POS消费,地点952,洗衣房,2014/03/26 18:10:11,1.2,6.64
12619,POS消费,地点910,洗衣房,2014/03/26 18:11:21,1.2,7.84
12619,POS消费,地点910,洗衣房,2014/03/26 23:11:43,1.2,4.44
12619,POS消费,地点910,洗衣房,2014/03/26 23:15:25,1.2,3.24
12619,POS消费,地点910,洗衣房,2014/03/26 23:52:36,1.2,2.04
12619,POS消费,地点951,洗衣房,2014/03/26 23:52:39,1.2,1.14
12619,POS消费,地点910,洗衣房,2014/03/26 23:52:39,-0.3,2.34
12619,POS消费,地点951,洗衣房,2014/03/26 23:56:09,-0.84,1.98
12619,圈存转账,,,2014/03/28 12:02:21,30.0,31.98
12619,POS消费,地点246,食堂,2014/03/28 12:02:49,0.35,31.63
12619,POS消费,地点21,开水,2014/03/28 12:10:18,1.7,29.93
12619,POS消费,地点192,超市,2014/03/28 12:23:17,3.0,26.93
12619,POS消费,地点952,洗衣房,2014/03/28 13:42:16,1.2,25.73
12619,POS消费,地点952,洗衣房,2014/03/28 13:46:11,1.2,24.53
12619,POS消费,地点952,洗衣房,2014/03/28 14:10:13,-0.72,25.25
12619,,,,2014/03/28 23:40:31,10.0,15.25
12619,POS消费,地点240,食堂,2014/03/29 11:40:27,5.1,10.15
12619,POS消费,地点21,开水,2014/03/29 21:40:44,2.0,7.25
12619,POS消费,地点190,超市,2014/03/30 16:10:20,5.2,2.05
12619,POS消费,地点12,文印中心,2014/04/02 12:11:22,0.1,22.07
12619,POS消费,地点190,超市,2014/04/02 14:16:28,1.0,1.05
12619,POS消费,地点217,食堂,2014/04/02 15:55:34,2.9,28.15
12619,圈存转账,,,2014/04/02 15:57:24,30.0,31.05
12619,POS消费,地点188,超市,2014/04/03 10:09:27,6.5,21.65
12619,POS消费,地点910,洗衣房,2014/04/03 13:41:18,1.2,20.45
12619,POS消费,地点910,洗衣房,2014/04/03 15:10:28,-0.66,19.91
12619,POS消费,地点910,洗衣房,2014/04/03 15:10:28,1.2,19.25
12619,POS消费,地点910,洗衣房,2014/04/03 15:10:29,1.2,18.71
12619,POS消费,地点910,洗衣房,2014/04/03 15:10:29,-0.42,19.13
12619,POS消费,地点192,超市,2014/04/04 21:42:48,11.7,7.43
12619,POS消费,地点192,超市,2014/04/06 21:26:05,5.0,2.43
12619,POS消费,地点150,食堂,2014/04/08 12:33:24,7.6,94.83
12619,圈存转账,,,2014/04/08 12:35:06,100.0,102.43
12619,POS消费,地点286,食堂,2014/04/08 12:38:30,0.2,94.63
12619,POS消费,地点192,超市,2014/04/08 21:43:47,4.0,90.63
12619,POS消费,地点168,食堂,2014/04/09 12:55:25,5.5,85.13
12619,POS消费,地点21,开水,2014/04/09 15:22:07,4.4,80.73
12619,POS消费,地点26,图书馆,2014/04/10 11:43:26,10.4,70.33
12619,POS消费,地点21,开水,2014/04/11 16:21:57,3.8,66.53
12619,POS消费,地点21,开水,2014/04/11 16:22:18,10.0,56.53
12619,POS消费,地点192,超市,2014/04/11 21:45:31,18.5,38.03
12619,POS消费,地点21,开水,2014/04/12 11:28:21,4.6,33.43
12619,POS消费,地点190,超市,2014/04/13 16:12:44,6.0,25.33
12619,POS消费,地点910,洗衣房,2014/04/13 23:11:13,1.2,32.23
12619,POS消费,地点910,洗衣房,2014/04/13 23:11:13,1.2,31.03
12619,POS消费,地点910,洗衣房,2014/04/13 23:11:14,-0.3,31.33
12619,POS消费,地点246,食堂,2014/04/14 12:01:08,2.73,22.6
12619,POS消费,地点1466,食堂,2014/04/15 11:56:01,5.1,17.5
12619,POS消费,地点21,开水,2014/04/16 11:50:21,3.0,14.5
12619,POS消费,地点21,开水,2014/04/16 11:54:40,1.0,13.5
12619,POS消费,地点246,食堂,2014/04/16 12:10:07,0.35,13.15
12619,POS消费,地点21,开水,2014/04/16 12:18:48,6.3,6.85
12619,POS消费,地点219,超市,2014/04/16 15:05:14,1.0,5.85
12619,POS消费,地点190,超市,2014/04/19 09:14:41,3.0,1.95
12619,POS消费,地点240,食堂,2014/04/19 11:32:29,5.1,96.85
12619,圈存转账,,,2014/04/19 11:33:36,100.0,101.95
12619,POS消费,地点150,食堂,2014/04/21 11:02:04,5.6,90.15
12619,POS消费,地点246,食堂,2014/04/21 11:06:41,0.35,89.8
12619,POS消费,地点21,开水,2014/04/21 22:38:28,8.5,81.3
12619,POS消费,地点240,食堂,2014/04/22 12:07:04,5.6,75.7
12619,POS消费,地点240,食堂,2014/04/22 12:07:27,5.1,70.6
12619,POS消费,地点240,食堂,2014/04/22 12:07:43,5.6,65.0
12619,POS消费,地点21,开水,2014/04/23 11:21:44,3.0,62.0
12619,POS消费,地点21,开水,2014/04/23 11:27:56,3.56,58.44
12619,POS消费,地点219,超市,2014/04/23 14:03:48,1.0,57.44
12619,POS消费,地点190,超市,2014/04/23 15:24:33,2.2,55.24
12619,POS消费,地点1368,食堂,2014/04/24 18:37:34,3.0,52.24
12619,POS消费,地点188,超市,2014/04/24 19:33:57,13.5,38.74
12619,POS消费,地点222,校车,2014/04/25 16:09:30,1.0,36.44
12619,POS消费,地点240,食堂,2014/04/26 11:27:45,5.6,30.84
12619,POS消费,地点240,食堂,2014/04/26 11:40:40,5.1,25.74
12619,POS消费,地点192,超市,2014/04/26 21:22:25,10.0,15.74
12619,POS消费,地点26,图书馆,2014/04/27 13:39:11,6.9,8.84
12619,POS消费,地点966,洗衣房,2014/04/27 18:02:44,1.2,7.64
12619,POS消费,地点966,洗衣房,2014/04/27 21:39:36,1.2,6.44
12619,POS消费,地点966,洗衣房,2014/04/27 22:11:32,-0.12,6.56
12619,POS消费,地点996,图书馆,2014/04/29 11:37:19,4.0,2.56
12619,圈存转账,,,2014/04/29 14:43:07,100.0,102.56
12619,POS消费,地点996,图书馆,2014/04/29 14:45:28,2.6,99.96
12619,POS消费,地点247,食堂,2014/04/29 16:05:54,10.0,89.96
12619,POS消费,地点247,食堂,2014/04/29 16:06:19,0.2,89.76
12619,POS消费,地点246,食堂,2014/04/30 12:04:46,0.38,83.58
12619,POS消费,地点240,食堂,2014/04/30 12:06:02,5.8,83.96
12619,POS消费,地点188,超市,2014/04/30 13:21:03,3.8,79.78
12619,POS消费,地点168,食堂,2014/05/04 19:00:52,6.5,73.28
12619,POS消费,地点910,洗衣房,2014/05/05 15:11:39,1.2,72.08
12619,POS消费,地点910,洗衣房,2014/05/05 15:11:39,1.2,69.68
12619,POS消费,地点952,洗衣房,2014/05/05 15:12:53,1.2,70.88
12619,POS消费,地点910,洗衣房,2014/05/05 15:12:53,-0.48,70.16
12619,POS消费,地点1545,食堂,2014/05/05 17:27:13,6.1,64.06
12619,POS消费,地点21,开水,2014/05/05 17:29:16,0.38,63.68
12619,POS消费,地点188,超市,2014/05/05 22:37:16,5.2,58.48
12619,POS消费,地点228,食堂,2014/05/06 16:57:07,6.5,51.98
12619,POS消费,地点231,食堂,2014/05/06 16:58:48,0.8,51.18
12619,POS消费,地点21,开水,2014/05/07 08:14:53,0.8,50.38
12619,POS消费,地点1471,食堂,2014/05/07 08:16:13,4.8,45.58
12619,POS消费,地点304,超市,2014/05/07 15:30:33,2.0,43.58
12619,POS消费,地点26,图书馆,2014/05/07 18:41:55,10.1,33.48
12619,POS消费,地点188,超市,2014/05/08 12:10:02,9.9,23.58
12619,POS消费,地点168,食堂,2014/05/08 20:23:01,7.5,16.08
12619,POS消费,地点21,开水,2014/05/09 12:17:35,5.6,110.48
12619,圈存转账,,,2014/05/09 12:19:02,100.0,116.08
12619,POS消费,地点21,开水,2014/05/09 12:26:27,6.6,103.88
12619,POS消费,地点105,食堂,2014/05/09 18:14:49,4.6,99.28
12619,POS消费,地点246,食堂,2014/05/09 18:21:23,0.43,98.85
12619,POS消费,地点240,食堂,2014/05/10 11:19:09,4.6,94.25
12619,POS消费,地点21,开水,2014/05/10 11:27:07,5.1,89.15
12619,POS消费,地点21,开水,2014/05/10 11:33:46,6.3,82.85
12619,POS消费,地点240,食堂,2014/05/11 18:22:47,5.6,77.25
12619,POS消费,地点306,食堂,2014/05/11 18:26:04,1.2,76.05
12619,POS消费,地点239,食堂,2014/05/12 17:53:07,5.6,70.45
12619,POS消费,地点21,开水,2014/05/12 20:58:05,10.6,59.85
12619,POS消费,地点168,食堂,2014/05/13 14:04:14,6.5,53.35
12619,POS消费,地点168,食堂,2014/05/13 14:06:06,1.0,52.35
12619,POS消费,地点226,食堂,2014/05/15 11:38:05,3.9,48.45
12619,POS消费,地点21,开水,2014/05/15 11:52:13,6.1,42.35
12619,POS消费,地点192,超市,2014/05/16 11:54:29,3.2,39.15
12619,POS消费,地点188,超市,2014/05/16 12:52:44,3.0,36.15
12619,POS消费,地点188,超市,2014/05/16 12:52:47,5.0,31.15
12619,POS消费,地点150,食堂,2014/05/17 17:18:38,7.1,24.05
12619,POS消费,地点21,开水,2014/05/17 17:37:55,5.0,19.05
12619,POS消费,地点246,食堂,2014/05/17 17:40:35,0.4,18.65
12619,POS消费,地点192,超市,2014/05/17 22:11:29,10.0,8.65
12619,POS消费,地点966,洗衣房,2014/05/18 13:12:21,1.2,5.11
12619,POS消费,地点966,洗衣房,2014/05/18 13:13:34,1.2,7.45
12619,POS消费,地点966,洗衣房,2014/05/18 13:13:35,1.2,6.31
12619,POS消费,地点966,洗衣房,2014/05/18 13:13:35,-0.06,7.51
12619,POS消费,地点966,洗衣房,2014/05/18 13:16:18,-0.72,5.83
12619,POS消费,地点240,食堂,2014/05/18 17:33:36,4.6,1.23
12619,POS消费,地点246,食堂,2014/05/18 17:38:13,0.73,50.5
12619,圈存转账,,,2014/05/18 17:41:17,50.0,51.23
12619,POS消费,地点192,超市,2014/05/18 21:23:39,10.0,40.5
12619,POS消费,地点21,开水,2014/05/18 22:30:58,3.6,36.9
12619,POS消费,地点240,食堂,2014/05/19 11:16:22,5.1,31.8
12619,POS消费,地点190,超市,2014/05/20 13:16:46,6.5,25.3
12619,POS消费,地点21,开水,2014/05/20 20:54:38,4.6,20.7
12619,POS消费,地点21,开水,2014/05/22 12:06:26,5.1,15.6
12619,POS消费,地点217,食堂,2014/05/22 12:18:32,5.8,59.8
12619,圈存转账,,,2014/05/22 12:20:16,50.0,65.6
12619,POS消费,地点21,开水,2014/05/22 20:24:44,5.0,54.8
12619,POS消费,地点21,开水,2014/05/23 12:21:42,2.03,46.11
12619,POS消费,地点72,食堂,2014/05/23 12:22:26,6.66,48.14
12619,POS消费,地点952,洗衣房,2014/05/23 23:00:55,1.2,44.91
12619,POS消费,地点952,洗衣房,2014/05/23 23:59:31,1.2,43.71
12619,POS消费,地点952,洗衣房,2014/05/24 00:00:46,-0.96,44.67
12619,POS消费,地点105,食堂,2014/05/24 11:40:51,4.6,40.07
12619,POS消费,地点21,开水,2014/05/24 21:51:29,20.1,19.97
12619,POS消费,地点228,食堂,2014/05/25 17:53:22,6.1,13.87
12619,POS消费,地点168,食堂,2014/05/25 18:45:33,1.0,6.37
12619,POS消费,地点204,食堂,2014/05/25 18:45:45,6.5,7.37
12619,POS消费,地点996,图书馆,2014/05/25 19:55:04,2.9,3.47
12619,POS消费,地点65,食堂,2014/05/26 11:10:00,4.6,48.87
12619,圈存转账,,,2014/05/26 11:12:24,50.0,53.47
12619,POS消费,地点237,食堂,2014/05/26 11:32:40,4.1,44.77
12619,POS消费,地点192,超市,2014/05/26 12:32:27,1.5,43.27
12619,POS消费,地点996,图书馆,2014/05/26 15:31:52,1.0,42.27
12619,POS消费,地点203,食堂,2014/05/27 19:12:21,7.5,34.77
12619,POS消费,地点203,食堂,2014/05/27 19:12:31,6.5,28.27
12619,POS消费,地点239,食堂,2014/05/28 12:25:33,4.6,23.67
12619,POS消费,地点21,开水,2014/05/28 12:26:09,1.5,22.17
12619,POS消费,地点228,食堂,2014/05/28 12:36:00,6.1,16.07
12619,POS消费,地点231,食堂,2014/05/29 11:17:28,0.8,15.27
12619,POS消费,地点239,食堂,2014/05/29 11:32:42,6.1,9.17
12619,POS消费,地点1006,洗衣房,2014/05/29 18:01:07,1.2,7.97
12619,POS消费,地点1006,洗衣房,2014/05/29 18:01:19,-0.48,7.25
12619,POS消费,地点1006,洗衣房,2014/05/29 18:02:29,1.2,6.77
12619,POS消费,地点21,开水,2014/05/30 12:14:15,0.73,6.52
12619,POS消费,地点61,食堂,2014/05/30 12:48:40,1.1,5.42
12619,POS消费,地点226,食堂,2014/05/31 11:48:46,3.1,52.32
12619,圈存转账,,,2014/05/31 11:50:15,50.0,55.42
12619,POS消费,地点188,超市,2014/05/31 12:52:08,1.5,50.82
12619,POS消费,地点21,开水,2014/05/31 16:59:19,3.0,47.82
12619,POS消费,地点217,食堂,2014/05/31 17:01:32,1.0,46.82
12619,POS消费,地点217,食堂,2014/05/31 17:15:54,1.5,45.32
12619,POS消费,地点226,食堂,2014/06/01 17:33:41,1.5,43.82
12619,POS消费,地点246,食堂,2014/06/01 17:34:27,0.35,43.47
12619,POS消费,地点21,开水,2014/06/01 17:35:52,2.9,40.57
12619,POS消费,地点246,食堂,2014/06/01 18:03:14,0.38,40.19
12619,,,,2014/06/01 19:58:02,5.0,35.19
12619,,,,2014/06/01 19:58:24,5.0,30.19
12619,POS消费,地点21,开水,2014/06/03 12:20:43,5.6,24.59
12619,POS消费,地点21,开水,2014/06/03 12:30:52,6.8,17.79
12619,POS消费,地点952,洗衣房,2014/06/03 14:46:35,1.2,16.59
12619,POS消费,地点952,洗衣房,2014/06/03 15:04:43,-0.12,16.71
12619,POS消费,地点816,校车,2014/06/03 20:29:49,1.0,15.71
12619,POS消费,地点1451,校车,2014/06/04 11:07:47,1.0,14.71
12619,POS消费,地点213,食堂,2014/06/04 16:47:26,2.1,12.61
12619,POS消费,地点21,开水,2014/06/04 19:23:50,5.0,7.61
12619,圈存转账,,,2014/06/05 14:11:42,100.0,107.61
12619,POS消费,地点188,超市,2014/06/05 20:23:55,17.8,89.81
12619,POS消费,地点105,食堂,2014/06/06 12:27:16,4.6,85.21
12619,POS消费,地点1006,洗衣房,2014/06/06 17:35:39,1.2,82.81
12619,POS消费,地点952,洗衣房,2014/06/06 17:37:30,1.2,84.01
12619,POS消费,地点952,洗衣房,2014/06/06 17:40:45,1.2,81.61
12619,POS消费,地点952,洗衣房,2014/06/06 17:41:15,-0.48,82.09
12619,POS消费,地点1466,食堂,2014/06/06 18:06:26,4.6,77.49
12619,POS消费,地点21,开水,2014/06/06 18:16:42,2.9,74.59
12619,POS消费,地点231,食堂,2014/06/07 20:39:57,30.0,44.59
12619,POS消费,地点230,食堂,2014/06/07 20:51:46,2.8,41.79
12619,,,,2014/06/08 11:41:30,5.0,36.79
12619,,,,2014/06/08 11:41:56,2.0,34.79
12619,POS消费,地点1472,校车,2014/06/08 18:23:09,1.0,33.79
12619,POS消费,地点1448,校车,2014/06/09 15:52:11,1.0,32.79
12619,POS消费,地点213,食堂,2014/06/10 11:17:37,0.6,32.19
12619,POS消费,地点213,食堂,2014/06/10 11:25:18,1.2,30.99
12619,POS消费,地点89,食堂,2014/06/10 20:49:48,7.0,23.99
12619,POS消费,地点168,食堂,2014/06/10 21:01:06,7.1,16.89
12619,POS消费,地点203,食堂,2014/06/11 14:24:30,8.5,8.39
12619,POS消费,地点83,食堂,2014/06/11 15:29:59,2.9,5.49
12619,POS消费,地点21,开水,2014/06/11 21:50:02,4.3,1.19
12619,圈存转账,,,2014/06/13 14:11:44,100.0,101.19
12619,POS消费,地点526,食堂,2014/06/13 14:18:37,4.7,96.49
12619,POS消费,地点996,图书馆,2014/06/13 15:58:34,2.6,93.89
12619,POS消费,地点21,开水,2014/06/13 17:32:21,4.6,89.29
12619,POS消费,地点246,食堂,2014/06/13 17:51:52,0.73,88.56
12619,POS消费,地点190,超市,2014/06/13 18:01:51,2.3,86.26
12619,,,,2014/06/13 21:08:59,5.0,81.26
12619,,,,2014/06/13 21:09:20,3.0,78.26
12619,POS消费,地点952,洗衣房,2014/06/14 19:17:10,1.2,77.06
12619,POS消费,地点952,洗衣房,2014/06/14 21:25:19,1.2,75.86
12619,POS消费,地点952,洗衣房,2014/06/14 21:25:19,-0.42,76.28
12619,POS消费,地点21,开水,2014/06/15 21:24:02,2.5,73.78
12619,POS消费,地点213,食堂,2014/06/16 16:05:20,0.75,73.03
12619,POS消费,地点146,校车,2014/06/16 16:18:21,1.0,72.03
12619,POS消费,地点996,图书馆,2014/06/16 16:58:23,2.8,69.23
12619,POS消费,地点192,超市,2014/06/16 20:51:38,2.5,66.73
12619,POS消费,地点21,开水,2014/06/18 15:41:25,4.4,62.33
12619,POS消费,地点21,开水,2014/06/19 12:12:35,5.0,57.33
12619,POS消费,地点218,食堂,2014/06/20 17:28:34,2.9,48.23
12619,POS消费,地点239,食堂,2014/06/20 17:28:54,4.7,52.63
12619,POS消费,地点21,开水,2014/06/20 17:30:09,1.5,51.13
12619,POS消费,地点952,洗衣房,2014/06/20 23:56:41,1.2,47.03
12619,POS消费,地点952,洗衣房,2014/06/21 00:51:05,1.2,45.83
12619,POS消费,地点952,洗衣房,2014/06/21 00:58:26,-0.96,46.79
12619,POS消费,地点952,洗衣房,2014/06/21 01:10:32,1.2,45.59
12619,POS消费,地点952,洗衣房,2014/06/21 01:15:20,-0.78,46.37
12619,POS消费,地点240,食堂,2014/06/21 17:08:09,4.6,41.77
12619,POS消费,地点246,食堂,2014/06/21 17:17:18,0.35,41.42
12619,POS消费,地点21,开水,2014/06/22 17:18:31,5.1,36.32
12619,POS消费,地点21,开水,2014/06/22 17:30:33,5.8,30.52
12619,POS消费,地点21,开水,2014/06/22 17:30:38,0.5,30.02
12619,POS消费,地点228,食堂,2014/06/24 17:11:33,6.0,24.02
12619,POS消费,地点228,食堂,2014/06/24 17:12:32,7.1,16.92
12619,POS消费,地点231,食堂,2014/06/24 17:26:41,0.8,16.12
12619,POS消费,地点192,超市,2014/06/24 17:32:02,10.0,6.12
12619,POS消费,地点213,食堂,2014/06/26 09:25:26,1.7,4.42
12619,圈存转账,,,2014/06/28 10:06:17,100.0,104.42
12619,POS消费,地点21,开水,2014/06/28 18:03:11,6.8,97.62
12619,POS消费,地点21,开水,2014/06/28 18:03:26,10.0,87.62
12619,POS消费,地点1006,洗衣房,2014/06/29 07:43:43,1.2,85.22
12619,POS消费,地点1006,洗衣房,2014/06/29 07:44:59,1.2,86.42
12619,POS消费,地点1006,洗衣房,2014/06/29 07:45:13,-0.48,85.7
12619,POS消费,地点281,超市,2014/06/29 19:23:20,10.0,75.7
12619,POS消费,地点1551,食堂,2014/06/29 19:28:13,1.2,74.5
12619,POS消费,地点190,超市,2014/06/29 19:48:58,5.0,69.5
12619,,,,2014/07/01 17:06:02,8.0,61.5
12619,,,,2014/07/01 17:06:22,2.0,59.5
12619,POS消费,地点21,开水,2014/07/01 17:30:52,19.4,40.1
12619,POS消费,地点305,食堂,2014/07/02 08:54:26,1.6,38.5
12619,POS消费,地点270,食堂,2014/07/02 11:26:19,5.5,17.7
12619,POS消费,地点240,食堂,2014/07/02 11:26:29,5.1,33.4
12619,POS消费,地点240,食堂,2014/07/02 11:26:54,10.2,23.2
12619,POS消费,地点21,开水,2014/07/03 21:03:34,3.8,13.9
12619,POS消费,地点305,食堂,2014/07/05 11:20:31,5.6,108.3
12619,圈存转账,,,2014/07/05 11:23:56,100.0,113.9
12619,POS消费,地点21,开水,2014/07/05 11:37:04,7.5,100.8
12619,POS消费,地点21,开水,2014/07/05 11:37:31,7.5,93.3
12619,POS消费,地点21,开水,2014/07/06 21:38:28,6.6,86.7
12619,POS消费,地点61,食堂,2014/07/08 07:55:57,1.43,85.27
12619,POS消费,地点1006,洗衣房,2014/07/08 18:00:34,1.2,84.07
12619,POS消费,地点1006,洗衣房,2014/07/08 18:20:16,1.2,82.87
12619,POS消费,地点1006,洗衣房,2014/07/08 18:27:20,-0.84,83.71
12619,POS消费,地点1006,洗衣房,2014/07/08 18:27:31,1.2,82.51
12619,POS消费,地点1006,洗衣房,2014/07/08 18:36:36,-0.66,83.17
12619,POS消费,地点910,洗衣房,2014/07/08 18:57:31,1.2,81.97
12619,POS消费,地点910,洗衣房,2014/07/08 19:03:54,-0.9,82.87
12619,POS消费,地点213,食堂,2014/07/09 14:43:17,0.15,82.72
12619,POS消费,地点910,洗衣房,2014/07/09 17:00:40,-1.02,82.54
12619,POS消费,地点910,洗衣房,2014/07/09 17:00:48,1.2,81.52
12619,POS消费,地点188,超市,2014/07/09 22:06:31,12.0,70.54
12619,POS消费,地点188,超市,2014/07/09 22:09:45,6.9,63.64
12619,POS消费,地点1442,校车,2014/07/10 18:03:43,1.0,62.64
12619,POS消费,地点1442,校车,2014/07/10 18:03:56,1.0,61.64
12619,POS消费,地点188,超市,2014/07/10 22:21:39,4.0,57.64
12619,POS消费,地点21,开水,2014/07/11 21:34:17,12.9,44.74
12619,,,,2014/07/12 19:17:50,5.0,38.54
12619,,,,2014/07/12 19:18:19,5.0,33.54
12619,POS消费,地点1006,洗衣房,2014/07/12 20:37:09,1.2,43.54
12619,POS消费,地点1006,洗衣房,2014/07/12 20:37:26,1.2,32.34
12619,POS消费,地点1006,洗衣房,2014/07/12 20:37:32,-0.78,33.12
12619,POS消费,地点21,开水,2014/07/15 17:34:12,2.9,19.02
12619,POS消费,地点157,食堂,2014/07/15 17:41:24,5.6,27.52
12619,POS消费,地点157,食堂,2014/07/15 17:41:40,5.6,21.92
12619,POS消费,地点1442,校车,2014/07/16 12:19:35,1.0,18.02
12619,,,,2014/07/17 08:30:44,1.0,17.02
12619,,,,2014/07/17 08:31:09,7.0,10.02
12619,POS消费,地点72,食堂,2014/07/18 17:26:18,4.0,6.02
12619,POS消费,地点218,食堂,2014/07/18 17:34:15,5.8,48.37
12619,圈存转账,,,2014/07/18 17:36:18,50.0,54.17
12619,POS消费,地点242,食堂,2014/07/18 17:40:12,1.5,4.52
12619,POS消费,地点21,开水,2014/07/18 17:41:12,0.35,4.17
12619,POS消费,地点21,开水,2014/07/18 17:55:34,0.73,47.64
12619,POS消费,地点227,食堂,2014/07/19 18:01:33,5.0,42.64
12619,POS消费,地点21,开水,2014/07/19 18:05:15,11.3,30.74
12619,POS消费,地点231,食堂,2014/07/19 18:05:47,0.6,42.04
12619,,,,2014/07/21 06:27:51,5.0,25.74
12619,,,,2014/07/21 06:28:12,5.0,20.74
12619,POS消费,地点21,开水,2014/07/23 20:59:42,13.6,4.2
12619,圈存转账,,,2014/07/25 19:01:43,50.0,54.2
12619,POS消费,地点188,超市,2014/07/25 19:06:59,19.1,35.1
12619,POS消费,地点188,超市,2014/07/27 20:54:56,9.6,25.5
12619,,,,2014/07/28 21:30:07,7.0,18.5
12619,POS消费,地点21,开水,2014/07/29 20:44:18,10.6,7.9
12619,POS消费,地点934,洗衣房,2014/07/31 15:30:07,1.2,19.54
12619,POS消费,地点934,洗衣房,2014/07/31 15:30:13,1.2,18.28
12619,POS消费,地点934,洗衣房,2014/07/31 15:30:25,1.2,17.2
12619,POS消费,地点933,洗衣房,2014/07/31 15:31:42,-1.14,19.48
12619,POS消费,地点934,洗衣房,2014/07/31 15:32:02,-0.12,18.4
12619,POS消费,地点934,洗衣房,2014/07/31 15:32:14,-0.6,17.8
12619,POS消费,地点933,洗衣房,2014/07/31 15:33:19,1.2,18.34
12619,POS消费,地点952,洗衣房,2014/08/01 18:27:56,3.6,4.24
12619,POS消费,地点952,洗衣房,2014/08/01 18:53:06,-1.62,5.86
12619,POS消费,地点910,洗衣房,2014/08/01 19:39:00,3.6,4.3
12619,POS消费,地点910,洗衣房,2014/08/01 19:40:49,-3.54,7.84
12619,圈存转账,,,2014/08/03 07:13:58,50.0,53.83
12619,POS消费,地点61,食堂,2014/08/03 07:23:02,2.03,3.83
12619,POS消费,地点69,食堂,2014/08/04 07:02:24,1.4,52.43
12619,POS消费,地点65,食堂,2014/08/04 07:04:41,0.5,51.93
12619,POS消费,地点65,食堂,2014/08/04 07:05:03,0.5,51.43
12619,POS消费,地点69,食堂,2014/08/04 07:12:05,1.43,50.0
12619,POS消费,地点69,食堂,2014/08/05 07:07:09,3.2,46.8
12619,POS消费,地点60,食堂,2014/08/05 07:13:40,0.5,46.3
12619,POS消费,地点69,食堂,2014/08/05 07:16:30,1.43,44.87
12619,POS消费,地点21,开水,2014/08/06 11:58:20,11.9,26.27
12619,POS消费,地点239,食堂,2014/08/06 12:03:30,6.7,38.17
12619,POS消费,地点21,开水,2014/08/07 18:26:29,11.1,15.17
12619,圈存转账,,,2014/08/07 19:24:58,50.0,65.17
12619,POS消费,地点21,开水,2014/08/07 19:25:25,3.78,61.39
12619,POS消费,地点21,开水,2014/08/07 19:27:06,9.3,52.09
12619,POS消费,地点21,开水,2014/08/07 19:29:40,8.8,43.29
12619,POS消费,地点1006,洗衣房,2014/08/07 22:01:25,3.6,39.69
12619,POS消费,地点1006,洗衣房,2014/08/07 23:30:14,3.6,36.09
12619,POS消费,地点1006,洗衣房,2014/08/07 23:30:52,-3.42,39.51
12619,POS消费,地点60,食堂,2014/08/08 07:57:01,0.2,35.31
12619,POS消费,地点61,食堂,2014/08/08 08:04:03,4.0,35.51
12619,POS消费,地点59,食堂,2014/08/09 17:16:21,1.5,27.13
12619,POS消费,地点239,食堂,2014/08/09 17:26:18,6.3,29.01
12619,POS消费,地点21,开水,2014/08/09 17:28:32,0.38,28.63
12619,POS消费,地点59,食堂,2014/08/10 11:02:49,1.5,25.63
12619,POS消费,地点21,开水,2014/08/10 11:15:47,0.73,24.9
12619,POS消费,地点60,食堂,2014/08/11 07:39:07,0.5,22.8
12619,POS消费,地点61,食堂,2014/08/11 07:46:19,1.6,23.3
12619,POS消费,地点239,食堂,2014/08/11 17:34:56,3.2,18.6
12619,POS消费,地点21,开水,2014/08/11 17:35:28,1.0,21.8
12619,POS消费,地点21,开水,2014/08/11 17:36:58,0.7,17.9
12619,POS消费,地点188,超市,2014/08/11 18:14:24,7.9,9.27
12619,POS消费,地点21,开水,2014/08/11 18:21:40,0.73,17.17
12619,POS消费,地点262,食堂,2014/08/12 12:15:58,2.6,56.67
12619,圈存转账,,,2014/08/12 12:17:05,50.0,59.27
12619,POS消费,地点251,食堂,2014/08/12 18:06:42,0.5,55.37
12619,POS消费,地点21,开水,2014/08/12 18:07:39,0.8,55.87
12619,POS消费,地点21,开水,2014/08/12 18:11:52,1.63,53.74
12619,POS消费,地点910,洗衣房,2014/08/13 12:26:01,3.6,50.14
12619,POS消费,地点952,洗衣房,2014/08/13 12:29:35,-3.54,50.08
12619,POS消费,地点952,洗衣房,2014/08/13 12:31:02,3.6,46.54
12619,POS消费,地点910,洗衣房,2014/08/13 13:20:50,-0.3,50.38
12619,POS消费,地点21,开水,2014/08/15 17:58:02,10.65,24.0
12619,POS消费,地点253,食堂,2014/08/15 18:07:34,15.0,35.38
12619,POS消费,地点21,开水,2014/08/15 18:09:09,0.73,34.65
12619,POS消费,地点59,食堂,2014/08/16 11:04:36,1.5,17.6
12619,POS消费,地点239,食堂,2014/08/16 11:15:13,4.9,19.1
12619,POS消费,地点228,食堂,2014/08/16 18:14:10,7.0,10.6
12619,POS消费,地点21,开水,2014/08/16 18:28:15,0.7,9.9
12619,POS消费,地点21,开水,2014/08/16 18:44:20,5.6,4.3
12619,POS消费,地点21,开水,2014/08/17 11:17:48,3.3,1.0
12619,卡充值,,,2014/08/17 11:19:46,50.0,51.0
12619,POS消费,地点21,开水,2014/08/17 11:35:54,0.35,50.65
12619,POS消费,地点59,食堂,2014/08/17 17:14:36,3.6,47.05
12619,POS消费,地点21,开水,2014/08/17 17:26:31,5.1,41.95
12619,POS消费,地点21,开水,2014/08/17 17:41:23,0.73,41.22
12619,POS消费,地点239,食堂,2014/08/18 17:13:30,6.3,34.92
12619,POS消费,地点239,食堂,2014/08/18 17:14:02,6.1,28.82
12619,POS消费,地点21,开水,2014/08/19 12:30:26,6.1,22.72
12619,POS消费,地点59,食堂,2014/08/19 17:37:40,3.6,19.12
12619,POS消费,地点72,食堂,2014/08/19 17:53:39,5.1,14.02
12619,POS消费,地点59,食堂,2014/08/20 17:56:13,1.5,1.72
12619,POS消费,地点253,食堂,2014/08/20 18:07:22,10.8,3.22
12619,POS消费,地点21,开水,2014/08/20 18:09:35,0.72,1.0
12619,圈存转账,,,2014/08/23 18:45:56,50.0,51.0
12619,POS消费,地点192,超市,2014/08/23 18:47:19,8.4,42.6
12619,POS消费,地点21,开水,2014/08/25 14:00:01,6.9,35.7
12619,POS消费,地点59,食堂,2014/08/25 17:38:53,1.3,33.67
12619,POS消费,地点192,超市,2014/08/25 17:40:11,7.8,25.87
12619,POS消费,地点21,开水,2014/08/25 17:50:28,0.73,34.97
12619,POS消费,地点952,洗衣房,2014/08/26 14:40:03,3.6,22.27
12619,POS消费,地点952,洗衣房,2014/08/26 15:30:18,-0.48,22.75
12619,POS消费,地点910,洗衣房,2014/08/28 19:21:37,3.6,19.15
12619,POS消费,地点910,洗衣房,2014/08/28 19:53:22,-1.62,20.77
12619,POS消费,地点192,超市,2014/08/28 21:52:14,15.5,5.27
12619,圈存转账,,,2014/08/29 12:21:48,100.0,105.27
12619,POS消费,地点239,食堂,2014/08/29 12:38:07,5.9,99.37
12619,POS消费,地点1448,校车,2014/08/29 17:34:16,1.0,98.37
12619,POS消费,地点188,超市,2014/08/29 20:33:33,12.5,85.87
12619,POS消费,地点837,校车,2014/08/30 18:38:24,1.0,84.87
12619,POS消费,地点21,开水,2014/08/30 21:00:23,4.0,80.87
12619,POS消费,地点242,食堂,2014/08/31 18:05:47,2.6,78.27
12619,POS消费,地点21,开水,2014/08/31 18:08:16,0.73,77.54
