12730,卡充值,,,2013/10/10 14:17:35,100.0,100.04
12730,POS消费,地点170,淋浴,2013/10/12 00:01:58,1.3,98.74
12730,POS消费,地点168,食堂,2013/10/12 13:14:35,5.5,93.24
12730,POS消费,地点21,开水,2013/10/12 13:39:37,4.6,88.64
12730,POS消费,地点21,开水,2013/10/12 21:32:47,13.5,75.14
12730,POS消费,地点901,校车,2013/10/13 09:10:45,4.0,71.14
12730,POS消费,地点188,超市,2013/10/15 12:36:33,8.1,63.04
12730,POS消费,地点204,食堂,2013/10/15 16:55:39,5.5,57.54
12730,POS消费,地点204,食堂,2013/10/15 16:55:42,5.5,52.04
12730,POS消费,地点727,开水,2013/10/16 10:41:12,0.06,51.98
12730,POS消费,地点239,食堂,2013/10/16 11:41:33,10.8,41.18
12730,POS消费,地点727,开水,2013/10/18 00:26:36,0.02,41.16
12730,POS消费,地点727,开水,2013/10/18 18:59:33,0.01,41.15
12730,POS消费,地点731,淋浴,2013/10/18 19:06:45,0.06,41.09
12730,POS消费,地点192,超市,2013/10/18 21:08:00,5.0,36.09
12730,POS消费,地点21,开水,2013/10/19 20:08:07,12.2,23.89
12730,POS消费,地点727,开水,2013/10/20 23:43:32,0.06,23.83
12730,POS消费,地点727,开水,2013/10/21 23:14:32,0.06,23.77
12730,POS消费,地点188,超市,2013/10/22 13:50:48,4.9,18.87
12730,POS消费,地点727,开水,2013/10/23 17:35:24,0.05,18.82
12730,POS消费,地点21,开水,2013/10/23 18:32:11,5.3,13.52
12730,POS消费,地点168,食堂,2013/10/24 12:35:27,5.5,8.02
12730,POS消费,地点192,超市,2013/10/24 12:44:20,6.1,1.92
12730,POS消费,地点727,开水,2013/10/26 02:47:10,0.02,1.9
12730,POS消费,地点727,开水,2013/10/26 03:41:26,0.02,1.88
12730,卡充值,,,2013/10/31 13:25:00,100.0,101.88
12730,POS消费,地点168,食堂,2013/10/31 13:36:01,6.5,95.38
12730,POS消费,地点188,超市,2013/10/31 13:51:08,8.6,86.78
12730,POS消费,地点727,开水,2013/10/31 20:00:52,0.01,86.77
12730,POS消费,地点253,食堂,2013/11/01 18:04:19,3.5,78.17
12730,POS消费,地点72,食堂,2013/11/01 18:05:10,5.1,81.67
12730,POS消费,地点65,食堂,2013/11/01 18:07:32,4.6,73.57
12730,POS消费,地点727,开水,2013/11/02 02:12:36,0.01,73.56
12730,POS消费,地点170,淋浴,2013/11/03 13:07:38,0.7,72.86
12730,POS消费,地点192,超市,2013/11/03 16:36:57,4.5,68.36
12730,POS消费,地点204,食堂,2013/11/04 13:22:06,6.5,61.86
12730,POS消费,地点192,超市,2013/11/04 21:26:58,18.1,43.76
12730,POS消费,地点168,食堂,2013/11/06 13:36:12,6.5,37.26
12730,POS消费,地点21,开水,2013/11/07 10:19:19,9.0,28.26
12730,POS消费,地点188,超市,2013/11/07 17:26:26,8.4,19.86
12730,POS消费,地点816,校车,2013/11/08 18:02:14,1.0,18.86
12730,POS消费,地点188,超市,2013/11/10 10:33:29,7.6,11.26
12730,POS消费,地点188,超市,2013/11/10 10:34:01,6.3,4.96
12730,POS消费,地点727,开水,2013/11/10 10:40:47,0.02,4.94
12730,卡充值,,,2013/11/24 12:09:40,50.0,54.94
12730,,,,2013/11/24 12:21:25,20.0,34.94
12730,POS消费,地点227,食堂,2013/11/24 12:32:29,3.5,31.44
12730,POS消费,地点253,食堂,2013/11/24 12:36:22,4.5,26.94
12730,POS消费,地点21,开水,2013/11/24 12:37:54,1.5,24.64
12730,POS消费,地点21,开水,2013/11/24 12:38:02,0.8,26.14
12730,POS消费,地点188,超市,2013/11/24 12:51:12,5.4,19.24
12730,POS消费,地点168,食堂,2013/11/24 19:59:15,6.5,12.74
12730,POS消费,地点168,食堂,2013/11/24 19:59:23,6.5,6.24
12730,卡充值,,,2013/11/30 10:55:54,30.0,36.24
12730,POS消费,地点727,开水,2013/11/30 17:24:23,0.02,36.22
12730,POS消费,地点816,校车,2013/12/01 15:49:45,1.0,35.22
12730,POS消费,地点727,开水,2013/12/01 23:29:34,0.02,35.2
12730,POS消费,地点188,超市,2013/12/02 18:47:24,2.7,32.5
12730,POS消费,地点727,开水,2013/12/03 13:03:41,0.02,32.48
12730,POS消费,地点727,开水,2013/12/03 18:55:31,0.03,32.45
12730,POS消费,地点727,开水,2013/12/04 00:14:53,0.01,32.44
12730,POS消费,地点727,开水,2013/12/04 00:40:42,0.01,32.43
12730,POS消费,地点91,校车,2013/12/04 11:32:12,5.0,27.43
12730,POS消费,地点21,开水,2013/12/04 11:34:52,5.1,22.33
12730,POS消费,地点253,食堂,2013/12/04 11:35:48,4.2,18.13
12730,POS消费,地点253,食堂,2013/12/04 11:36:11,4.6,13.53
12730,POS消费,地点727,开水,2013/12/04 23:44:59,0.01,13.52
12730,POS消费,地点43,淋浴,2013/12/05 09:42:02,1.5,12.02
12730,POS消费,地点21,开水,2013/12/05 10:10:15,3.9,8.12
12730,POS消费,地点204,食堂,2013/12/05 18:55:06,5.5,2.62
12730,POS消费,地点727,开水,2013/12/05 23:33:27,0.01,2.61
12730,POS消费,地点731,淋浴,2013/12/06 12:06:19,0.03,2.58
12730,POS消费,地点727,开水,2013/12/07 02:11:57,0.01,2.57
12730,卡充值,,,2013/12/08 12:33:49,100.0,102.57
12730,POS消费,地点222,校车,2013/12/08 13:00:44,1.0,101.57
12730,POS消费,地点21,开水,2013/12/08 21:40:02,11.0,90.57
12730,POS消费,地点727,开水,2013/12/09 00:02:20,0.01,90.56
12730,POS消费,地点192,超市,2013/12/09 12:20:16,5.4,85.16
12730,POS消费,地点727,开水,2013/12/09 12:34:49,0.02,85.14
12730,POS消费,地点192,超市,2013/12/09 18:39:00,13.5,71.64
12730,POS消费,地点727,开水,2013/12/10 15:28:58,0.02,71.62
12730,POS消费,地点731,淋浴,2013/12/10 22:36:34,0.03,71.59
12730,POS消费,地点204,食堂,2013/12/11 20:26:38,6.5,65.09
12730,POS消费,地点21,开水,2013/12/11 20:34:48,10.8,54.29
12730,POS消费,地点188,超市,2013/12/12 15:20:22,5.4,48.89
12730,POS消费,地点727,开水,2013/12/13 08:11:52,0.03,48.86
12730,POS消费,地点727,开水,2013/12/13 14:50:31,0.01,48.85
12730,POS消费,地点170,淋浴,2013/12/14 08:17:31,1.5,47.35
12730,POS消费,地点188,超市,2013/12/14 11:34:52,13.6,33.75
12730,POS消费,地点727,开水,2013/12/14 12:07:25,0.02,33.73
12730,POS消费,地点188,超市,2013/12/14 14:01:15,6.4,27.33
12730,POS消费,地点21,开水,2013/12/14 22:27:46,22.0,5.33
12730,POS消费,地点727,开水,2013/12/15 02:32:13,0.02,5.31
12730,POS消费,地点727,开水,2013/12/17 15:32:14,0.01,5.3
12730,POS消费,地点727,开水,2013/12/17 23:42:08,0.02,5.28
12730,POS消费,地点727,开水,2013/12/17 23:45:58,0.01,5.27
12730,POS消费,地点727,开水,2013/12/18 15:21:54,0.01,5.26
12730,POS消费,地点727,开水,2013/12/18 19:35:15,0.02,5.24
12730,POS消费,地点727,开水,2013/12/19 09:11:02,0.1,5.14
12730,POS消费,地点727,开水,2013/12/19 15:01:13,0.01,5.13
12730,POS消费,地点727,开水,2013/12/20 00:05:03,0.02,5.11
12730,POS消费,地点1448,校车,2013/12/21 18:31:27,1.0,4.11
12730,POS消费,地点727,开水,2013/12/22 07:13:56,0.02,4.09
12730,POS消费,地点727,开水,2013/12/23 17:04:37,0.02,4.07
12730,POS消费,地点170,淋浴,2013/12/24 12:21:18,2.1,1.97
12730,POS消费,地点727,开水,2013/12/25 17:09:07,0.01,1.96
12730,POS消费,地点731,淋浴,2013/12/25 23:19:40,0.02,1.94
12730,POS消费,地点727,开水,2013/12/25 23:31:26,0.02,1.92
12730,POS消费,地点727,开水,2013/12/26 23:10:15,0.02,1.9
12730,POS消费,地点727,开水,2013/12/27 11:14:47,0.1,1.8
12730,POS消费,地点727,开水,2013/12/27 23:42:11,0.02,1.78
12730,POS消费,地点727,开水,2013/12/28 15:23:12,0.01,1.77
12730,POS消费,地点727,开水,2013/12/28 16:21:48,0.01,1.76
12730,POS消费,地点727,开水,2013/12/29 15:12:01,0.02,1.74
12730,POS消费,地点731,淋浴,2013/12/30 23:47:26,0.02,1.72
12730,POS消费,地点727,开水,2014/01/02 22:24:47,0.02,1.7
12730,POS消费,地点727,开水,2014/01/03 13:39:02,0.02,1.68
12730,POS消费,地点727,开水,2014/01/04 04:38:27,0.02,1.66
12730,POS消费,地点727,开水,2014/01/04 15:01:32,0.02,1.64
12730,POS消费,地点727,开水,2014/01/05 15:39:36,0.02,1.62
12730,POS消费,地点727,开水,2014/01/15 16:40:26,0.01,1.61
12730,卡充值,,,2014/03/04 18:08:04,200.0,201.61
12730,POS消费,地点72,食堂,2014/03/04 18:24:15,5.6,196.01
12730,POS消费,地点72,食堂,2014/03/04 18:24:49,5.1,190.91
12730,POS消费,地点253,食堂,2014/03/04 18:26:23,6.0,184.91
12730,POS消费,地点218,食堂,2014/03/04 18:37:44,4.3,180.61
12730,POS消费,地点21,开水,2014/03/05 11:37:10,5.1,175.51
12730,POS消费,地点253,食堂,2014/03/05 11:38:01,4.2,171.31
12730,POS消费,地点253,食堂,2014/03/05 11:38:47,5.75,165.56
12730,POS消费,地点21,开水,2014/03/05 18:33:32,10.4,155.16
12730,POS消费,地点222,校车,2014/03/06 18:41:58,1.0,154.16
12730,POS消费,地点727,开水,2014/03/07 13:47:24,0.02,154.14
12730,POS消费,地点21,开水,2014/03/07 18:11:20,0.7,153.44
12730,POS消费,地点21,开水,2014/03/07 18:12:06,1.5,151.94
12730,POS消费,地点192,超市,2014/03/07 18:38:16,2.8,149.14
12730,POS消费,地点192,超市,2014/03/07 19:50:18,19.1,130.04
12730,POS消费,地点727,开水,2014/03/08 00:41:22,0.02,130.02
12730,POS消费,地点727,开水,2014/03/08 05:02:20,0.02,130.0
12730,POS消费,地点21,开水,2014/03/08 19:48:19,5.0,125.0
12730,POS消费,地点170,淋浴,2014/03/09 14:11:45,2.2,122.8
12730,POS消费,地点211,校车,2014/03/09 19:01:44,1.0,121.8
12730,POS消费,地点727,开水,2014/03/10 23:13:30,0.01,121.79
12730,POS消费,地点188,超市,2014/03/11 20:19:38,4.2,117.59
12730,POS消费,地点188,超市,2014/03/12 12:53:39,5.0,112.59
12730,POS消费,地点222,校车,2014/03/12 16:08:13,1.0,111.59
12730,POS消费,地点727,开水,2014/03/13 19:08:40,0.02,92.47
12730,POS消费,地点192,超市,2014/03/13 19:10:18,14.0,97.59
12730,POS消费,地点192,超市,2014/03/13 19:10:36,5.1,92.49
12730,POS消费,地点192,超市,2014/03/15 21:21:37,30.0,62.47
12730,POS消费,地点192,超市,2014/03/15 21:21:43,30.0,32.47
12730,POS消费,地点192,超市,2014/03/15 21:21:49,0.3,32.17
12730,POS消费,地点727,开水,2014/03/18 13:30:59,0.02,32.15
12730,POS消费,地点21,开水,2014/03/19 14:43:07,8.1,24.05
12730,POS消费,地点192,超市,2014/03/19 20:03:20,9.0,15.05
12730,POS消费,地点727,开水,2014/03/21 14:51:52,0.02,15.03
12730,POS消费,地点727,开水,2014/03/22 13:27:09,0.02,15.01
12730,POS消费,地点21,开水,2014/03/22 20:56:49,5.4,9.61
12730,POS消费,地点170,淋浴,2014/03/23 12:26:42,3.0,6.61
12730,POS消费,地点727,开水,2014/03/24 23:11:46,0.02,6.59
12730,POS消费,地点204,食堂,2014/03/28 09:12:52,5.5,1.09
12730,POS消费,地点170,淋浴,2014/03/28 15:14:03,0.9,0.19
12730,卡充值,,,2014/04/10 16:42:12,100.0,100.19
12730,POS消费,地点21,开水,2014/04/10 16:45:16,6.0,94.19
12730,POS消费,地点727,开水,2014/04/12 04:43:17,0.02,94.17
12730,POS消费,地点727,开水,2014/04/12 19:13:30,0.06,94.11
12730,POS消费,地点188,超市,2014/04/14 20:28:11,8.22,85.89
12730,POS消费,地点188,超市,2014/04/15 12:02:18,14.4,71.49
12730,POS消费,地点727,开水,2014/04/15 12:14:11,0.06,71.43
12730,POS消费,地点21,开水,2014/04/15 16:33:18,12.4,59.03
12730,POS消费,地点188,超市,2014/04/15 22:35:08,11.4,47.63
12730,POS消费,地点21,开水,2014/04/16 20:51:01,6.0,41.63
12730,POS消费,地点188,超市,2014/04/17 14:23:29,6.7,34.93
12730,POS消费,地点188,超市,2014/04/18 10:03:34,15.2,19.73
12730,POS消费,地点21,开水,2014/04/18 12:01:22,6.2,13.53
12730,POS消费,地点21,开水,2014/04/18 22:33:07,5.4,8.13
12730,POS消费,地点727,开水,2014/04/19 06:13:38,0.02,8.11
12730,POS消费,地点170,淋浴,2014/04/23 03:39:31,1.9,6.21
12730,POS消费,地点731,淋浴,2014/04/25 15:14:01,0.02,6.19
12730,POS消费,地点727,开水,2014/04/26 02:09:05,0.01,6.18
12730,POS消费,地点727,开水,2014/04/26 16:14:42,0.01,6.17
12730,POS消费,地点727,开水,2014/04/28 01:08:34,0.02,6.15
12730,POS消费,地点170,淋浴,2014/04/28 13:56:07,0.3,4.55
12730,POS消费,地点170,淋浴,2014/04/28 13:57:20,1.3,4.85
12730,POS消费,地点846,洗衣房,2014/04/29 09:37:16,-0.12,2.27
12730,POS消费,地点846,洗衣房,2014/04/29 09:37:16,1.2,3.35
12730,POS消费,地点201,洗衣房,2014/04/29 09:41:08,1.2,2.15
12730,POS消费,地点201,洗衣房,2014/04/29 10:05:27,-0.24,1.31
12730,POS消费,地点201,洗衣房,2014/04/29 10:05:27,1.2,1.07
12730,POS消费,地点727,开水,2014/05/04 03:28:22,0.02,1.29
12730,卡充值,,,2014/06/14 17:39:03,100.0,101.29
12730,POS消费,地点227,食堂,2014/06/14 17:58:20,3.5,97.79
12730,POS消费,地点188,超市,2014/06/14 22:20:21,3.7,94.09
12730,POS消费,地点727,开水,2014/06/15 02:44:28,0.02,94.07
12730,POS消费,地点239,食堂,2014/06/15 18:01:53,4.8,89.27
12730,POS消费,地点242,食堂,2014/06/15 18:02:54,1.5,87.77
12730,POS消费,地点192,超市,2014/06/15 18:19:54,3.0,84.77
12730,POS消费,地点170,淋浴,2014/06/15 18:48:26,0.2,84.57
12730,POS消费,地点816,校车,2014/06/15 19:22:53,1.0,83.57
12730,POS消费,地点727,开水,2014/06/16 01:13:09,0.02,83.55
12730,POS消费,地点204,食堂,2014/06/16 18:38:14,5.5,78.05
12730,POS消费,地点188,超市,2014/06/16 18:40:09,15.2,62.85
12730,POS消费,地点188,超市,2014/06/17 16:33:12,3.0,59.85
12730,POS消费,地点879,淋浴,2014/06/18 09:05:08,1.3,58.55
12730,POS消费,地点21,开水,2014/06/18 10:01:04,7.9,50.65
12730,POS消费,地点21,开水,2014/06/18 12:59:17,9.7,40.95
12730,POS消费,地点21,开水,2014/06/18 15:05:17,30.0,10.95
12730,POS消费,地点21,开水,2014/06/18 15:05:20,1.9,9.05
12730,POS消费,地点168,食堂,2014/06/18 18:44:39,5.5,3.55
12730,POS消费,地点879,淋浴,2014/06/22 19:58:43,0.9,2.65
12730,POS消费,地点222,校车,2014/06/26 17:24:24,1.0,1.65
