12865,卡片开户,,,2014/07/16 14:01:34,0.0,0.0
12865,卡充值,,,2014/08/29 12:39:15,600.0,600.0
12865,POS消费,地点70,食堂,2014/08/29 12:39:16,2.5,597.5
12865,POS消费,地点70,食堂,2014/08/29 12:39:38,2.0,595.5
12865,POS消费,地点61,食堂,2014/08/29 12:56:51,9.6,585.9
12865,POS消费,地点61,食堂,2014/08/29 12:57:24,11.6,574.3
12865,POS消费,地点61,食堂,2014/08/29 12:57:54,11.6,562.7
12865,POS消费,地点69,食堂,2014/08/30 07:40:48,1.6,559.7
12865,POS消费,地点60,食堂,2014/08/30 07:43:16,1.4,561.3
12865,POS消费,地点211,校车,2014/08/30 09:09:43,1.0,558.7
12865,POS消费,地点211,校车,2014/08/30 09:09:57,1.0,557.7
12865,POS消费,地点211,校车,2014/08/30 09:10:03,1.0,556.7
12865,POS消费,地点1596,食堂,2014/08/30 11:44:36,8.6,548.1
12865,POS消费,地点1596,食堂,2014/08/30 11:45:07,8.4,539.7
12865,POS消费,地点1596,食堂,2014/08/30 11:45:15,0.4,539.3
12865,POS消费,地点168,食堂,2014/08/30 18:40:33,5.5,533.8
12865,POS消费,地点157,食堂,2014/08/31 08:03:10,0.8,533.0
12865,POS消费,地点232,食堂,2014/08/31 11:56:27,5.0,528.0
12865,POS消费,地点21,开水,2014/08/31 20:36:10,0.12,527.88
12865,POS消费,地点21,开水,2014/08/31 20:38:04,0.11,527.77
12865,POS消费,地点1908,淋浴,2014/08/31 20:59:13,0.2,527.57
12865,POS消费,地点1908,淋浴,2014/08/31 21:02:37,0.1,527.47
