12925,POS消费,地点232,食堂,2014/07/01 18:28:12,0.11,0.83
12925,POS消费,地点232,食堂,2014/07/01 18:28:12,0.0,0.0
12925,卡片开户,,,2014/07/17 16:03:38,0.0,0.0
12925,卡充值,,,2014/08/29 14:03:14,200.0,200.0
12925,POS消费,地点89,食堂,2014/08/29 18:23:37,4.5,195.5
12925,POS消费,地点6,淋浴,2014/08/30 08:58:18,4.5,191.0
12925,POS消费,地点232,食堂,2014/08/30 09:01:12,1.5,189.5
12925,POS消费,地点21,开水,2014/08/30 12:09:16,7.6,181.9
12925,POS消费,地点188,超市,2014/08/30 12:34:47,37.6,144.3
12925,POS消费,地点232,食堂,2014/08/30 17:58:27,3.0,141.3
12925,POS消费,地点526,食堂,2014/08/30 20:02:09,6.0,135.3
12925,POS消费,地点21,开水,2014/08/31 08:27:46,1.8,133.5
12925,POS消费,地点21,开水,2014/08/31 08:27:57,1.8,131.7
12925,POS消费,地点89,食堂,2014/08/31 12:06:06,4.5,127.2
12925,POS消费,地点1588,食堂,2014/08/31 18:28:33,7.1,120.1
12925,POS消费,地点188,超市,2014/08/31 20:03:05,1.0,119.1
