12999,卡片开户,,,2014/07/16 13:29:56,0.0,0.0
12999,卡充值,,,2014/08/30 09:45:32,500.0,500.0
12999,POS消费,地点282,食堂,2014/08/30 11:03:25,5.5,494.5
12999,POS消费,地点1451,校车,2014/08/30 11:18:05,1.0,493.5
12999,POS消费,地点192,超市,2014/08/30 14:51:20,6.0,487.5
12999,POS消费,地点65,食堂,2014/08/30 17:31:49,9.6,477.9
12999,POS消费,地点188,超市,2014/08/30 17:42:57,3.0,474.9
12999,POS消费,地点12,文印中心,2014/08/30 21:33:31,0.9,474.0
12999,POS消费,地点1887,开水,2014/08/30 21:42:23,0.01,473.99
12999,POS消费,地点184,食堂,2014/08/31 08:11:02,4.0,469.99
12999,POS消费,地点184,食堂,2014/08/31 08:11:13,-4.0,473.99
12999,POS消费,地点184,食堂,2014/08/31 08:11:20,4.0,469.99
12999,POS消费,地点314,食堂,2014/08/31 10:55:04,1.1,468.89
12999,POS消费,地点248,超市,2014/08/31 17:18:03,4.6,464.29
12999,POS消费,地点12,文印中心,2014/08/31 21:18:15,0.2,464.09
12999,POS消费,地点12,文印中心,2014/08/31 21:21:39,0.2,463.89
12999,POS消费,地点12,文印中心,2014/08/31 21:23:32,0.1,463.79
12999,POS消费,地点12,文印中心,2014/08/31 21:30:09,0.6,463.19
12999,POS消费,地点1887,开水,2014/08/31 22:41:43,0.01,463.18
