13,卡片开户,,,2014/07/16 10:16:16,0.0,0.0
13,卡充值,,,2014/08/29 09:57:42,500.0,500.0
13,POS消费,地点188,超市,2014/08/29 11:30:51,100.0,400.0
13,POS消费,地点188,超市,2014/08/29 11:31:02,100.0,300.0
13,POS消费,地点188,超市,2014/08/29 11:31:31,87.1,212.9
13,POS消费,地点314,食堂,2014/08/29 19:09:11,67.6,145.22
13,POS消费,地点21,开水,2014/08/30 08:06:23,1.4,143.82
13,POS消费,地点21,开水,2014/08/30 09:00:46,0.3,143.52
13,POS消费,地点192,超市,2014/08/30 11:46:46,2.4,141.12
13,POS消费,地点1588,食堂,2014/08/30 12:10:30,5.3,135.82
13,POS消费,地点195,超市,2014/08/30 18:50:20,2.0,133.32
13,POS消费,地点65,食堂,2014/08/31 08:04:50,0.5,132.82
13,POS消费,地点65,食堂,2014/08/31 08:04:53,0.6,132.22
13,POS消费,地点103,食堂,2014/08/31 11:58:58,4.1,128.12
13,POS消费,地点103,食堂,2014/08/31 11:59:07,3.5,124.62
13,POS消费,地点65,食堂,2014/08/31 17:59:46,9.6,114.94
