13135,POS消费,地点483,淋浴,2014/09/09 21:36:00,0.5,59.32
13135,POS消费,地点91,校车,2014/09/10 17:23:34,6.0,53.32
13135,POS消费,地点21,开水,2014/09/10 21:03:14,2.2,51.12
13135,POS消费,地点91,校车,2014/09/11 11:40:46,6.0,45.12
13135,POS消费,地点232,食堂,2014/09/11 11:42:14,7.5,37.62
13135,卡充值,,,2014/09/11 12:06:41,100.0,137.62
13135,POS消费,地点483,淋浴,2014/09/11 21:22:22,0.7,136.92
13135,POS消费,地点21,开水,2014/09/13 17:59:34,5.7,130.62
13135,POS消费,地点483,淋浴,2014/09/14 09:23:28,0.6,136.32
13135,POS消费,地点483,淋浴,2014/09/14 13:56:49,0.1,130.52
13135,POS消费,地点232,食堂,2014/09/15 17:56:48,6.0,124.52
13135,POS消费,地点483,淋浴,2014/09/16 21:11:34,0.9,123.62
13135,POS消费,地点483,淋浴,2014/09/17 22:02:13,1.4,122.22
13135,POS消费,地点21,开水,2014/09/18 17:00:04,4.6,117.62
13135,POS消费,地点232,食堂,2014/09/18 17:00:27,2.0,115.62
13135,POS消费,地点21,开水,2014/09/18 17:02:12,1.5,114.12
13135,POS消费,地点232,食堂,2014/09/18 17:07:52,1.0,113.12
13135,POS消费,地点232,食堂,2014/09/18 17:08:12,0.1,113.02
13135,POS消费,地点21,开水,2014/09/19 07:24:49,0.7,112.32
13135,POS消费,地点232,食堂,2014/09/19 07:25:16,3.0,109.32
13135,POS消费,地点21,开水,2014/09/19 07:28:01,1.0,108.32
13135,POS消费,地点21,开水,2014/09/19 07:42:36,4.56,103.76
13135,POS消费,地点91,校车,2014/09/19 18:04:26,10.0,93.76
13135,POS消费,地点232,食堂,2014/09/19 18:05:47,7.3,86.46
13135,POS消费,地点232,食堂,2014/09/19 18:11:20,0.3,86.16
13135,POS消费,地点21,开水,2014/09/19 18:35:30,3.3,82.86
13135,POS消费,地点91,校车,2014/09/19 20:32:22,10.2,72.66
13135,POS消费,地点21,开水,2014/09/20 20:54:20,6.5,66.16
13135,POS消费,地点483,淋浴,2014/09/21 19:01:59,1.1,65.06
13135,POS消费,地点21,开水,2014/09/22 18:03:01,5.3,59.76
13135,POS消费,地点21,开水,2014/09/23 11:36:13,5.7,54.06
13135,POS消费,地点232,食堂,2014/09/23 18:18:41,8.5,45.56
13135,POS消费,地点91,校车,2014/09/23 18:20:36,3.0,42.56
13135,POS消费,地点483,淋浴,2014/09/24 23:54:26,0.8,41.76
13135,POS消费,地点232,食堂,2014/09/25 11:50:12,3.5,38.26
13135,POS消费,地点91,校车,2014/09/25 11:51:20,5.4,32.86
13135,POS消费,地点21,开水,2014/09/25 11:52:24,1.5,31.36
13135,卡充值,,,2014/09/25 12:24:05,100.0,131.36
13135,POS消费,地点91,校车,2014/09/25 17:32:58,6.0,125.36
13135,POS消费,地点483,淋浴,2014/09/25 22:29:10,1.1,124.26
13135,POS消费,地点483,淋浴,2014/10/25 23:36:43,0.8,123.46
13135,POS消费,地点91,校车,2014/10/26 17:04:22,8.5,114.96
13135,POS消费,地点483,淋浴,2014/10/27 14:19:05,0.1,114.86
13135,POS消费,地点232,食堂,2014/10/27 18:03:47,9.3,105.56
13135,POS消费,地点232,食堂,2014/10/27 18:05:50,2.0,103.56
13135,POS消费,地点21,开水,2014/10/27 18:17:41,1.5,102.06
13135,POS消费,地点91,校车,2014/10/27 21:34:41,3.5,98.56
13135,POS消费,地点483,淋浴,2014/10/27 23:12:19,0.9,97.66
13135,POS消费,地点6,淋浴,2014/10/28 12:15:01,8.5,89.16
13135,POS消费,地点91,校车,2014/10/28 12:17:37,3.0,86.16
13135,POS消费,地点21,开水,2014/10/29 12:23:00,4.7,81.46
13135,POS消费,地点125,淋浴,2014/10/29 13:08:24,0.12,81.34
13135,POS消费,地点483,淋浴,2014/10/31 23:50:21,1.1,80.24
13135,POS消费,地点26,图书馆,2014/11/01 19:21:04,11.9,68.34
13135,POS消费,地点26,图书馆,2014/11/01 19:29:34,4.0,64.34
13135,POS消费,地点21,开水,2014/11/02 11:42:44,4.7,59.64
13135,POS消费,地点483,淋浴,2014/11/02 22:51:17,0.7,58.94
13135,POS消费,地点91,校车,2014/11/03 20:37:43,3.0,55.94
13135,POS消费,地点232,食堂,2014/11/04 12:05:41,6.0,49.94
13135,POS消费,地点21,开水,2014/11/04 12:29:47,4.0,45.94
13135,POS消费,地点483,淋浴,2014/11/05 16:14:47,1.2,44.74
13135,POS消费,地点91,校车,2014/11/05 18:33:44,5.5,39.24
13135,POS消费,地点21,开水,2014/11/06 17:49:19,3.2,36.04
13135,POS消费,地点21,开水,2014/11/07 12:33:16,6.2,29.84
13135,POS消费,地点26,图书馆,2014/11/07 19:41:31,12.4,17.44
13135,POS消费,地点483,淋浴,2014/11/08 23:31:27,1.1,16.34
13135,卡充值,,,2014/11/09 17:29:19,70.0,86.34
13135,POS消费,地点21,开水,2014/11/09 17:31:07,8.0,78.34
13135,POS消费,地点21,开水,2014/11/11 11:25:14,4.7,73.64
13135,POS消费,地点483,淋浴,2014/11/11 21:40:29,1.1,72.54
13135,POS消费,地点21,开水,2014/11/12 15:43:58,19.0,53.54
13135,POS消费,地点232,食堂,2014/11/12 18:15:36,5.7,47.84
13135,POS消费,地点21,开水,2014/11/13 21:37:54,13.6,34.24
13135,POS消费,地点232,食堂,2014/11/14 11:54:59,2.5,25.74
13135,POS消费,地点232,食堂,2014/11/14 11:55:09,6.0,28.24
13135,POS消费,地点91,校车,2014/11/14 18:18:45,6.5,19.24
13135,POS消费,地点483,淋浴,2014/11/14 20:33:09,1.0,18.24
13135,POS消费,地点483,淋浴,2014/11/15 22:35:38,0.3,17.94
13135,POS消费,地点21,开水,2014/11/18 18:02:13,9.4,8.54
13135,POS消费,地点483,淋浴,2014/11/18 20:24:02,2.1,6.44
13135,POS消费,地点125,淋浴,2014/11/19 00:19:41,0.15,6.29
13135,POS消费,地点91,校车,2014/11/19 12:02:32,5.5,0.79
13135,卡充值,,,2014/11/19 16:55:11,100.0,100.79
13135,POS消费,地点91,校车,2014/11/19 19:12:02,4.5,96.29
13135,POS消费,地点91,校车,2014/11/19 19:12:35,7.2,89.09
13135,POS消费,地点21,开水,2014/11/19 19:15:14,7.5,81.59
13135,POS消费,地点483,淋浴,2014/11/19 21:42:20,1.2,80.39
13135,POS消费,地点125,淋浴,2014/11/22 13:21:30,0.01,80.38
13135,POS消费,地点483,淋浴,2014/11/23 20:24:05,1.1,79.28
13135,POS消费,地点21,开水,2014/11/24 09:07:38,0.7,78.58
13135,POS消费,地点232,食堂,2014/11/24 09:08:30,3.0,75.58
13135,POS消费,地点91,校车,2014/11/24 12:19:07,7.0,68.58
13135,POS消费,地点91,校车,2014/11/24 17:46:44,9.0,59.58
13135,POS消费,地点21,开水,2014/11/25 16:54:22,4.0,55.58
13135,POS消费,地点483,淋浴,2014/11/26 18:13:59,1.0,54.58
13135,POS消费,地点21,开水,2014/11/29 12:28:28,2.7,51.88
13135,POS消费,地点483,淋浴,2014/11/30 17:55:42,0.8,51.08
13135,POS消费,地点91,校车,2014/12/01 12:11:50,6.5,44.58
13135,POS消费,地点21,开水,2014/12/03 12:15:54,4.7,39.88
13135,POS消费,地点483,淋浴,2014/12/03 16:34:21,0.6,39.28
13135,POS消费,地点91,校车,2014/12/06 18:32:41,5.5,33.78
13135,POS消费,地点6,淋浴,2014/12/06 18:35:52,6.5,27.28
13135,POS消费,地点6,淋浴,2014/12/06 18:38:28,1.0,26.28
13135,POS消费,地点483,淋浴,2014/12/06 20:02:51,1.5,24.78
13135,POS消费,地点91,校车,2014/12/08 18:13:17,5.0,19.78
13135,POS消费,地点91,校车,2014/12/08 18:13:29,0.5,19.28
13135,POS消费,地点483,淋浴,2014/12/08 19:16:00,2.4,16.88
13135,POS消费,地点125,淋浴,2014/12/09 09:39:08,0.01,16.87
13135,POS消费,地点91,校车,2014/12/09 12:51:10,11.0,5.87
13135,POS消费,地点91,校车,2014/12/09 12:51:42,3.0,2.87
13135,POS消费,地点483,淋浴,2014/12/10 21:42:50,1.5,1.37
13135,POS消费,地点125,淋浴,2014/12/11 00:06:10,0.08,1.29
13135,卡充值,,,2014/12/11 12:21:23,100.0,101.29
13135,POS消费,地点21,开水,2014/12/11 12:22:58,2.1,99.19
13135,POS消费,地点21,开水,2014/12/14 18:02:12,8.4,90.79
13135,POS消费,地点483,淋浴,2014/12/14 19:18:15,1.5,89.29
13135,POS消费,地点21,开水,2014/12/15 19:07:04,7.5,81.79
13135,POS消费,地点483,淋浴,2014/12/16 19:40:29,1.6,80.19
13135,POS消费,地点91,校车,2014/12/17 16:54:46,4.1,76.09
13135,POS消费,地点483,淋浴,2014/12/19 18:38:40,1.1,74.99
13135,POS消费,地点483,淋浴,2014/12/22 22:25:59,0.6,74.39
13135,POS消费,地点91,校车,2014/12/23 12:38:58,6.5,67.89
13135,POS消费,地点483,淋浴,2014/12/24 21:45:27,1.6,66.29
13135,POS消费,地点125,淋浴,2014/12/25 23:43:06,0.08,66.21
13135,POS消费,地点483,淋浴,2014/12/26 22:31:13,1.3,64.91
13135,POS消费,地点91,校车,2014/12/27 20:08:06,3.7,61.21
13135,POS消费,地点125,淋浴,2014/12/28 23:51:37,0.07,61.14
13135,POS消费,地点483,淋浴,2014/12/29 15:29:35,0.1,61.04
13135,POS消费,地点483,淋浴,2014/12/29 22:49:07,1.6,59.44
13135,POS消费,地点125,淋浴,2014/12/29 23:20:53,0.01,59.43
13135,POS消费,地点125,淋浴,2014/12/29 23:45:10,0.01,59.42
13135,POS消费,地点21,开水,2014/12/30 10:06:49,1.5,57.92
13135,POS消费,地点21,开水,2014/12/30 10:07:30,0.06,57.86
13135,POS消费,地点21,开水,2014/12/30 10:08:55,0.83,57.03
13135,POS消费,地点21,开水,2014/12/30 10:10:24,2.0,55.03
13135,POS消费,地点21,开水,2014/12/30 20:22:26,5.0,50.03
13135,POS消费,地点125,淋浴,2014/12/30 23:33:28,0.07,49.96
13135,POS消费,地点91,校车,2014/12/31 22:05:46,6.0,43.96
13135,POS消费,地点483,淋浴,2015/01/01 18:09:17,1.3,42.66
13135,POS消费,地点91,校车,2015/01/02 12:09:08,6.0,36.66
13135,POS消费,地点125,淋浴,2015/01/03 20:49:53,0.16,36.5
13135,POS消费,地点125,淋浴,2015/01/05 02:18:53,0.01,36.49
13135,POS消费,地点125,淋浴,2015/01/05 22:22:35,0.08,36.41
13135,POS消费,地点91,校车,2015/01/06 12:38:33,6.5,29.91
13135,POS消费,地点125,淋浴,2015/01/06 20:58:58,0.16,29.75
13135,POS消费,地点125,淋浴,2015/01/06 23:57:53,0.01,29.74
13135,POS消费,地点125,淋浴,2015/01/08 21:10:06,0.15,29.59
13135,POS消费,地点483,淋浴,2015/01/09 14:58:46,0.1,29.49
13135,POS消费,地点483,淋浴,2015/01/09 15:39:56,1.1,28.39
13135,POS消费,地点125,淋浴,2015/01/10 01:01:49,0.16,28.23
13135,卡充值,,,2015/01/10 17:09:50,100.0,128.23
13135,POS消费,地点125,淋浴,2015/01/11 20:28:47,0.41,127.82
13135,POS消费,地点125,淋浴,2015/01/11 20:48:42,0.3,127.52
13135,POS消费,地点91,校车,2015/01/12 12:17:22,5.0,122.52
13135,POS消费,地点21,开水,2015/01/12 12:21:46,2.8,119.72
13135,POS消费,地点21,开水,2015/01/12 12:22:01,1.2,118.52
13135,POS消费,地点125,淋浴,2015/01/12 20:09:30,0.72,117.8
13135,POS消费,地点483,淋浴,2015/01/12 20:26:51,2.0,115.8
13135,POS消费,地点21,开水,2015/01/13 12:06:22,4.7,111.1
13135,POS消费,地点91,校车,2015/01/13 12:07:56,5.5,105.6
13135,POS消费,地点91,校车,2015/01/13 12:14:53,1.0,104.6
13135,POS消费,地点91,校车,2015/01/13 17:20:32,6.0,98.6
13135,POS消费,地点21,开水,2015/01/13 17:39:36,5.3,93.3
13135,POS消费,地点125,淋浴,2015/01/13 21:22:23,0.5,92.8
13135,POS消费,地点483,淋浴,2015/01/13 21:34:21,1.8,91.0
13135,POS消费,地点91,校车,2015/01/14 11:14:30,6.5,84.5
13135,POS消费,地点125,淋浴,2015/01/14 20:26:11,0.39,84.11
13135,POS消费,地点483,淋浴,2015/01/14 23:19:09,0.7,83.41
