13171,卡片开户,,,2014/07/19 11:38:38,0.0,0.0
13171,卡充值,,,2014/08/29 13:23:30,100.0,100.0
13171,POS消费,地点1451,校车,2014/08/29 14:35:10,1.0,99.0
13171,POS消费,地点1451,校车,2014/08/29 14:35:27,1.0,98.0
13171,POS消费,地点60,食堂,2014/08/30 08:17:02,0.5,97.5
13171,POS消费,地点134,食堂,2014/08/30 12:29:31,9.8,87.7
13171,POS消费,地点1847,食堂,2014/08/30 12:35:19,3.0,84.7
13171,POS消费,地点805,洗衣房,2014/08/30 14:22:46,3.6,81.1
13171,POS消费,地点1596,食堂,2014/08/30 17:47:52,8.6,72.5
13171,POS消费,地点21,开水,2014/08/30 21:03:43,3.5,69.0
13171,POS消费,地点1588,食堂,2014/08/31 08:04:41,2.2,66.8
13171,POS消费,地点1588,食堂,2014/08/31 08:04:49,0.8,66.0
13171,POS消费,地点243,食堂,2014/08/31 11:30:10,3.0,63.0
13171,POS消费,地点1847,食堂,2014/08/31 11:35:05,1.0,56.4
13171,POS消费,地点249,食堂,2014/08/31 11:47:05,5.6,57.4
13171,POS消费,地点822,食堂,2014/08/31 17:20:15,10.6,45.8
