13201,卡片开户,,,2014/07/16 16:05:34,0.0,0.0
13201,卡充值,,,2014/08/28 10:02:04,3000.0,3000.0
13201,POS消费,地点190,超市,2014/08/28 10:26:06,87.0,2913.0
13201,POS消费,地点190,超市,2014/08/28 10:26:15,100.0,2813.0
13201,POS消费,地点292,超市,2014/08/28 10:32:52,30.0,2783.0
13201,POS消费,地点292,超市,2014/08/28 10:33:05,6.8,2776.2
13201,POS消费,地点292,超市,2014/08/28 12:09:58,5.0,2771.2
13201,POS消费,地点314,食堂,2014/08/28 12:30:19,20.8,2750.4
13201,POS消费,地点314,食堂,2014/08/28 12:31:14,0.3,2750.1
13201,POS消费,地点248,超市,2014/08/28 18:38:36,7.3,2742.8
13201,POS消费,地点292,超市,2014/08/28 18:49:28,8.0,2734.8
13201,POS消费,地点190,超市,2014/08/28 19:22:14,15.6,2719.2
13201,POS消费,地点190,超市,2014/08/28 20:24:04,56.0,2663.2
13201,POS消费,地点61,食堂,2014/08/29 08:16:59,7.0,2656.2
13201,POS消费,地点26,图书馆,2014/08/29 11:26:33,28.0,2628.2
13201,POS消费,地点91,校车,2014/08/29 11:54:55,5.6,2622.6
13201,POS消费,地点21,开水,2014/08/29 11:55:30,1.5,2621.1
13201,POS消费,地点21,开水,2014/08/29 11:58:36,2.9,2618.2
13201,POS消费,地点190,超市,2014/08/29 15:23:36,7.8,2610.4
13201,POS消费,地点21,开水,2014/08/29 17:42:08,4.0,2606.4
13201,POS消费,地点91,校车,2014/08/29 17:46:27,6.7,2599.7
13201,POS消费,地点21,开水,2014/08/29 17:47:06,1.5,2598.2
13201,POS消费,地点1067,淋浴,2014/08/29 20:14:45,0.1,2598.1
13201,POS消费,地点1067,淋浴,2014/08/29 20:15:10,0.1,2598.0
13201,POS消费,地点1043,淋浴,2014/08/29 20:15:28,1.2,2596.8
13201,POS消费,地点190,超市,2014/08/30 08:19:03,15.0,2581.8
13201,POS消费,地点822,食堂,2014/08/30 11:44:11,5.6,2574.85
13201,POS消费,地点225,食堂,2014/08/30 11:45:51,2.4,2568.45
13201,POS消费,地点182,食堂,2014/08/30 11:47:45,4.0,2570.85
13201,POS消费,地点826,食堂,2014/08/30 11:51:30,1.35,2580.45
13201,POS消费,地点27,教务处,2014/08/30 13:34:40,10.0,2558.45
13201,POS消费,地点118,食堂,2014/08/31 06:52:31,6.5,2551.95
13201,POS消费,地点190,超市,2014/08/31 13:01:48,5.4,2546.55
13201,POS消费,地点70,食堂,2014/08/31 17:49:00,2.0,2544.55
