13318,卡片开户,,,2014/07/21 09:34:58,0.0,0.0
13318,卡充值,,,2014/08/28 10:10:46,1500.0,1500.0
13318,POS消费,地点1442,校车,2014/08/28 11:37:34,1.0,1499.0
13318,POS消费,地点1442,校车,2014/08/28 11:37:58,1.0,1498.0
13318,POS消费,地点1442,校车,2014/08/28 11:38:04,1.0,1497.0
13318,POS消费,地点1442,校车,2014/08/28 11:38:14,1.0,1496.0
13318,POS消费,地点188,超市,2014/08/28 12:01:53,85.8,1410.2
13318,POS消费,地点21,开水,2014/08/28 12:26:10,3.0,1407.2
13318,POS消费,地点21,开水,2014/08/28 12:26:42,0.35,1406.85
13318,POS消费,地点87,食堂,2014/08/28 12:28:19,4.66,1402.19
13318,POS消费,地点228,食堂,2014/08/28 12:30:55,18.0,1384.19
13318,POS消费,地点21,开水,2014/08/28 12:34:32,1.0,1383.19
13318,POS消费,地点218,食堂,2014/08/28 12:48:30,3.0,1380.19
13318,POS消费,地点218,食堂,2014/08/28 16:30:51,5.9,1374.29
13318,POS消费,地点218,食堂,2014/08/28 16:31:30,3.0,1371.29
13318,POS消费,地点1472,校车,2014/08/29 10:18:02,1.0,1370.29
13318,POS消费,地点21,开水,2014/08/29 11:25:51,2.0,1368.29
13318,POS消费,地点262,食堂,2014/08/29 11:26:38,2.75,1365.54
13318,POS消费,地点59,食堂,2014/08/29 11:29:21,4.9,1360.64
13318,POS消费,地点1545,食堂,2014/08/29 11:32:20,3.0,1357.64
13318,POS消费,地点251,食堂,2014/08/29 11:46:22,1.0,1356.64
13318,POS消费,地点89,食堂,2014/08/29 11:59:28,4.5,1352.14
13318,POS消费,地点536,开水,2014/08/29 14:21:21,0.01,1352.13
13318,POS消费,地点314,食堂,2014/08/29 14:33:09,30.0,1322.13
13318,POS消费,地点314,食堂,2014/08/29 14:33:12,0.2,1321.93
13318,POS消费,地点243,食堂,2014/08/30 12:00:26,12.0,1309.93
13318,POS消费,地点192,超市,2014/08/30 15:39:09,14.7,1295.23
13318,POS消费,地点1844,淋浴,2014/08/30 22:22:07,0.4,1294.83
13318,POS消费,地点1844,淋浴,2014/08/30 22:23:59,0.1,1294.73
13318,POS消费,地点1844,淋浴,2014/08/31 08:04:05,0.2,1294.53
13318,POS消费,地点61,食堂,2014/08/31 08:57:02,6.3,1288.23
13318,POS消费,地点232,食堂,2014/08/31 11:48:36,6.0,1282.23
13318,POS消费,地点168,食堂,2014/08/31 12:09:56,9.0,1273.23
13318,POS消费,地点21,开水,2014/08/31 12:09:57,6.0,1267.23
13318,POS消费,地点88,食堂,2014/08/31 12:12:03,4.0,1263.23
13318,POS消费,地点88,食堂,2014/08/31 12:12:13,4.0,1259.23
13318,POS消费,地点88,食堂,2014/08/31 12:12:22,3.0,1256.23
13318,POS消费,地点188,超市,2014/08/31 21:29:32,26.4,1229.83
