13361,卡片开户,,,2014/07/13 10:57:01,0.0,0.0
13361,卡充值,,,2014/08/28 16:27:51,300.0,300.0
13361,POS消费,地点1447,校车,2014/08/28 18:08:51,1.0,299.0
13361,POS消费,地点1447,校车,2014/08/28 18:08:57,1.0,298.0
13361,POS消费,地点168,食堂,2014/08/28 18:22:17,5.5,292.5
13361,POS消费,地点168,食堂,2014/08/28 18:22:39,5.5,287.0
13361,POS消费,地点168,食堂,2014/08/28 18:23:12,7.5,279.5
13361,POS消费,地点314,食堂,2014/08/28 19:04:54,6.0,273.5
13361,POS消费,地点12,文印中心,2014/08/28 20:13:20,0.1,273.4
13361,POS消费,地点12,文印中心,2014/08/28 20:14:48,0.1,273.2
13361,POS消费,地点12,文印中心,2014/08/28 20:15:00,0.1,273.3
13361,POS消费,地点12,文印中心,2014/08/28 20:15:16,0.1,273.1
13361,POS消费,地点12,文印中心,2014/08/28 20:22:26,0.1,273.0
13361,POS消费,地点12,文印中心,2014/08/28 20:26:23,0.2,272.8
13361,POS消费,地点72,食堂,2014/08/29 08:29:08,3.2,269.6
13361,POS消费,地点72,食堂,2014/08/29 08:29:29,3.0,266.6
13361,POS消费,地点195,超市,2014/08/29 08:57:52,30.0,236.6
13361,POS消费,地点195,超市,2014/08/29 08:57:55,11.6,225.0
13361,POS消费,地点21,开水,2014/08/29 18:07:03,7.3,217.7
13361,POS消费,地点12,文印中心,2014/08/30 06:06:48,0.7,217.0
13361,POS消费,地点218,食堂,2014/08/30 12:16:37,3.0,214.0
13361,POS消费,地点124,食堂,2014/08/30 12:21:05,4.5,209.5
13361,POS消费,地点124,食堂,2014/08/30 12:22:21,3.0,206.5
13361,POS消费,地点1847,食堂,2014/08/30 12:34:51,1.0,205.5
13361,POS消费,地点118,食堂,2014/08/30 13:28:18,9.5,196.0
13361,POS消费,地点1390,洗衣房,2014/08/30 14:21:52,3.6,192.4
13361,POS消费,地点157,食堂,2014/08/30 18:13:25,6.8,185.6
13361,POS消费,地点1588,食堂,2014/08/30 18:13:56,4.0,181.6
13361,POS消费,地点114,食堂,2014/08/30 18:26:11,3.5,178.1
13361,POS消费,地点941,淋浴,2014/08/30 22:34:25,0.4,177.7
13361,POS消费,地点91,校车,2014/08/31 07:49:45,1.6,176.1
13361,POS消费,地点272,食堂,2014/08/31 17:33:16,12.0,164.1
13361,POS消费,地点190,超市,2014/08/31 20:37:50,17.2,146.9
13361,POS消费,地点12,文印中心,2014/08/31 23:05:25,0.3,146.6
