13393,卡片开户,,,2014/07/16 12:12:44,0.0,0.0
13393,卡充值,,,2014/08/28 10:15:42,2000.0,2000.0
13393,POS消费,地点36,开水,2014/08/28 12:10:24,0.02,1999.98
13393,POS消费,地点161,食堂,2014/08/28 12:32:29,1.0,1998.98
13393,POS消费,地点161,食堂,2014/08/28 12:32:50,9.2,1989.78
13393,POS消费,地点161,食堂,2014/08/28 12:33:26,11.4,1978.38
13393,POS消费,地点161,食堂,2014/08/28 12:34:01,9.2,1969.18
13393,POS消费,地点251,食堂,2014/08/28 12:49:09,2.5,1966.68
13393,POS消费,地点60,食堂,2014/08/29 08:38:14,0.8,1965.88
13393,POS消费,地点21,开水,2014/08/29 11:20:11,20.0,1945.88
13393,POS消费,地点21,开水,2014/08/29 11:20:16,11.2,1934.68
13393,POS消费,地点251,食堂,2014/08/29 11:39:40,1.0,1933.68
13393,POS消费,地点21,开水,2014/08/29 17:31:27,9.0,1924.68
13393,POS消费,地点21,开水,2014/08/29 17:31:43,0.8,1923.88
13393,POS消费,地点179,食堂,2014/08/29 17:47:51,4.0,1919.88
13393,POS消费,地点21,开水,2014/08/29 17:50:31,0.7,1919.18
13393,POS消费,地点1588,食堂,2014/08/30 17:36:11,4.1,1915.08
13393,POS消费,地点755,淋浴,2014/08/30 20:02:49,0.1,1914.98
13393,POS消费,地点24,淋浴,2014/08/30 20:15:10,0.7,1914.28
13393,POS消费,地点828,洗衣房,2014/08/31 08:10:39,3.6,1910.68
13393,POS消费,地点134,食堂,2014/08/31 08:52:23,1.55,1909.13
13393,POS消费,地点1847,食堂,2014/08/31 11:29:37,3.0,1901.53
13393,POS消费,地点134,食堂,2014/08/31 11:39:22,4.6,1904.53
13393,POS消费,地点103,食堂,2014/08/31 17:54:57,7.1,1894.43
13393,POS消费,地点21,开水,2014/08/31 20:51:54,9.4,1885.03
13393,POS消费,地点24,淋浴,2014/08/31 22:52:43,0.8,1884.23
