1344,卡片开户,,,2014/07/17 09:35:59,0.0,0.0
1344,卡充值,,,2014/08/28 19:09:13,100.0,100.0
1344,POS消费,地点91,校车,2014/08/28 19:20:30,16.0,84.0
1344,POS消费,地点192,超市,2014/08/28 20:00:08,9.4,74.6
1344,POS消费,地点192,超市,2014/08/29 09:44:06,3.5,71.1
1344,POS消费,地点168,食堂,2014/08/29 09:51:22,11.0,60.1
1344,POS消费,地点192,超市,2014/08/29 10:25:01,30.0,30.1
1344,POS消费,地点192,超市,2014/08/29 10:25:14,-30.0,60.1
1344,POS消费,地点192,超市,2014/08/29 10:25:29,3.0,57.1
1344,POS消费,地点203,食堂,2014/08/29 13:06:37,13.0,44.1
1344,POS消费,地点141,开水,2014/08/29 15:01:34,0.02,44.08
1344,POS消费,地点1674,食堂,2014/08/29 17:25:39,6.0,38.08
1344,POS消费,地点141,开水,2014/08/29 19:33:59,0.02,38.06
1344,POS消费,地点232,食堂,2014/08/30 07:45:07,8.0,30.06
1344,POS消费,地点6,淋浴,2014/08/30 07:50:38,0.7,29.36
1344,POS消费,地点72,食堂,2014/08/30 13:00:31,4.6,24.76
1344,卡充值,,,2014/08/30 13:34:58,100.0,124.76
1344,POS消费,地点269,食堂,2014/08/30 18:39:55,4.6,120.16
1344,POS消费,地点182,食堂,2014/08/30 18:43:04,7.0,113.16
1344,POS消费,地点139,开水,2014/08/30 20:40:52,0.14,113.02
1344,POS消费,地点561,洗衣房,2014/08/30 21:40:20,3.6,109.42
1344,POS消费,地点561,洗衣房,2014/08/30 22:46:24,-3.24,109.06
1344,POS消费,地点561,洗衣房,2014/08/30 22:46:24,3.6,105.82
1344,POS消费,地点60,食堂,2014/08/31 06:46:57,0.8,106.66
1344,POS消费,地点61,食堂,2014/08/31 06:51:10,1.6,107.46
1344,POS消费,地点91,校车,2014/08/31 10:55:18,7.1,99.56
1344,POS消费,地点27,教务处,2014/08/31 16:32:51,15.0,84.56
1344,POS消费,地点91,校车,2014/08/31 17:33:35,3.0,81.56
1344,POS消费,地点141,开水,2014/08/31 20:21:35,0.02,81.54
