13454,卡片开户,,,2014/07/18 11:33:52,0.0,0.0
13454,卡充值,,,2014/08/28 16:02:11,200.0,200.0
13454,POS消费,地点1869,淋浴,2014/08/28 23:09:40,0.6,199.4
13454,POS消费,地点218,食堂,2014/08/29 10:50:42,5.8,193.6
13454,POS消费,地点89,食堂,2014/08/29 11:07:27,4.5,189.1
13454,POS消费,地点12,文印中心,2014/08/29 21:18:59,0.6,188.5
13454,POS消费,地点1879,淋浴,2014/08/29 22:45:32,0.1,188.4
13454,POS消费,地点1932,洗衣房,2014/08/30 07:33:23,1.2,187.2
13454,POS消费,地点1932,洗衣房,2014/08/30 07:59:35,1.2,186.0
13454,POS消费,地点134,食堂,2014/08/30 08:59:08,1.15,184.85
13454,POS消费,地点1629,开水,2014/08/30 22:02:46,0.07,184.78
13454,POS消费,地点1629,开水,2014/08/31 06:50:29,0.03,184.75
13454,POS消费,地点114,食堂,2014/08/31 07:38:43,2.0,181.55
13454,POS消费,地点61,食堂,2014/08/31 07:47:02,1.2,183.55
13454,POS消费,地点91,校车,2014/08/31 11:44:03,8.0,173.55
13454,POS消费,地点21,开水,2014/08/31 11:46:54,1.5,172.05
13454,POS消费,地点195,超市,2014/08/31 16:54:15,24.6,147.45
13454,POS消费,地点184,食堂,2014/08/31 17:24:45,4.6,142.85
13454,POS消费,地点12,文印中心,2014/08/31 23:25:43,0.1,142.75
13454,POS消费,地点12,文印中心,2014/08/31 23:26:47,0.7,142.05
