13549,卡片开户,,,2014/07/17 16:22:33,0.0,0.0
13549,更新卡信息,,,2014/07/17 16:41:15,0.0,0.0
13549,卡充值,,,2014/08/29 18:05:03,300.0,300.0
13549,POS消费,地点21,开水,2014/08/29 18:13:13,8.6,291.4
13549,POS消费,地点114,食堂,2014/08/29 18:26:45,2.0,289.4
13549,POS消费,地点218,食堂,2014/08/29 18:27:19,1.8,287.6
13549,POS消费,地点12,文印中心,2014/08/29 19:54:23,0.2,287.34
13549,POS消费,地点12,文印中心,2014/08/29 20:02:38,0.6,286.74
13549,POS消费,地点1884,开水,2014/08/30 00:19:20,0.01,287.59
13549,POS消费,地点1884,开水,2014/08/30 00:26:26,0.01,287.57
13549,POS消费,地点1884,开水,2014/08/30 00:28:12,0.01,287.58
13549,POS消费,地点1884,开水,2014/08/30 00:30:28,0.01,287.56
13549,POS消费,地点1884,开水,2014/08/30 00:33:31,0.01,287.55
13549,POS消费,地点1884,开水,2014/08/30 00:51:27,0.01,287.54
13549,POS消费,地点161,食堂,2014/08/30 08:13:17,3.4,283.3
13549,POS消费,地点1884,开水,2014/08/30 08:56:47,0.01,286.73
13549,POS消费,地点1884,开水,2014/08/30 08:57:21,0.01,286.72
13549,POS消费,地点1884,开水,2014/08/30 09:13:47,0.01,286.71
13549,POS消费,地点1884,开水,2014/08/30 09:16:04,0.01,286.7
13549,POS消费,地点21,开水,2014/08/30 10:22:29,7.0,276.3
13549,POS消费,地点61,食堂,2014/08/30 12:58:33,8.6,267.7
13549,POS消费,地点1588,食堂,2014/08/30 18:10:30,7.6,260.1
13549,POS消费,地点236,食堂,2014/08/30 18:12:30,4.4,255.7
13549,POS消费,地点12,文印中心,2014/08/30 21:49:16,0.7,255.0
13549,POS消费,地点65,食堂,2014/08/31 08:30:52,0.8,253.9
13549,POS消费,地点60,食堂,2014/08/31 08:39:06,0.3,254.7
13549,POS消费,地点69,食堂,2014/08/31 12:05:55,8.6,245.3
13549,POS消费,地点232,食堂,2014/08/31 17:31:16,4.5,240.8
13549,POS消费,地点21,开水,2014/08/31 17:49:00,23.2,217.6
13549,POS消费,地点12,文印中心,2014/08/31 18:51:18,0.5,217.1
