13616,POS消费,地点26,图书馆,2014/07/02 18:04:32,0.11,1.15
13616,POS消费,地点26,图书馆,2014/07/02 18:04:32,0.0,0.0
13616,卡片开户,,,2014/07/16 10:52:12,0.0,0.0
13616,卡充值,,,2014/08/27 17:50:42,500.0,500.0
13616,POS消费,地点21,开水,2014/08/28 09:42:34,100.0,400.0
13616,POS消费,地点21,开水,2014/08/28 09:42:44,42.8,357.2
13616,POS消费,地点195,超市,2014/08/28 11:51:47,28.0,329.2
13616,POS消费,地点61,食堂,2014/08/29 18:14:32,8.4,320.8
13616,POS消费,地点61,食堂,2014/08/29 18:15:00,8.6,312.2
13616,POS消费,地点61,食堂,2014/08/29 18:15:15,6.6,305.6
13616,POS消费,地点21,开水,2014/08/29 18:27:48,0.01,305.59
13616,POS消费,地点192,超市,2014/08/29 19:10:14,16.8,288.79
13616,POS消费,地点192,超市,2014/08/29 19:28:25,25.4,263.39
13616,POS消费,地点12,文印中心,2014/08/29 21:55:14,1.1,262.29
13616,POS消费,地点753,开水,2014/08/29 23:02:30,0.09,262.2
13616,POS消费,地点72,食堂,2014/08/30 08:43:19,3.6,257.6
13616,POS消费,地点60,食堂,2014/08/30 08:43:45,1.0,261.2
13616,POS消费,地点82,食堂,2014/08/30 11:14:02,5.9,251.7
13616,POS消费,地点157,食堂,2014/08/30 17:32:49,5.6,246.1
13616,POS消费,地点1847,食堂,2014/08/30 17:47:20,1.5,244.6
13616,POS消费,地点1847,食堂,2014/08/30 17:47:24,2.9,241.7
13616,POS消费,地点41,淋浴,2014/08/30 21:08:50,0.1,241.6
13616,POS消费,地点12,文印中心,2014/08/30 21:10:11,0.1,241.5
13616,POS消费,地点752,淋浴,2014/08/30 21:21:56,0.5,241.0
13616,POS消费,地点21,开水,2014/08/31 08:01:09,2.3,237.9
13616,POS消费,地点157,食堂,2014/08/31 08:09:23,0.8,240.2
13616,POS消费,地点91,校车,2014/08/31 11:37:06,10.9,227.0
13616,POS消费,地点232,食堂,2014/08/31 18:11:35,10.0,217.0
13616,POS消费,地点752,淋浴,2014/08/31 22:51:06,0.5,216.5
