13617,卡片开户,,,2014/07/19 13:22:10,0.0,0.0
13617,卡充值,,,2014/08/29 11:26:20,1000.0,1000.0
13617,POS消费,地点65,食堂,2014/08/29 11:30:19,14.6,985.4
13617,POS消费,地点87,食堂,2014/08/29 11:31:16,4.6,980.8
13617,POS消费,地点89,食堂,2014/08/29 11:49:20,6.0,974.8
13617,POS消费,地点21,开水,2014/08/29 11:54:51,3.0,971.8
13617,POS消费,地点26,图书馆,2014/08/29 12:43:48,281.7,690.1
13617,POS消费,地点356,开水,2014/08/29 13:37:45,0.01,690.09
13617,POS消费,地点232,食堂,2014/08/29 17:46:17,8.0,682.09
13617,POS消费,地点232,食堂,2014/08/29 17:46:34,6.0,676.09
13617,POS消费,地点21,开水,2014/08/29 17:47:43,13.4,662.69
13617,POS消费,地点91,校车,2014/08/29 17:58:55,3.0,659.69
13617,POS消费,地点91,校车,2014/08/29 18:00:13,3.0,656.69
13617,POS消费,地点356,开水,2014/08/30 07:24:44,0.01,656.68
13617,POS消费,地点195,超市,2014/08/30 08:47:18,26.8,629.88
13617,POS消费,地点195,超市,2014/08/30 08:47:34,0.3,629.58
13617,POS消费,地点89,食堂,2014/08/30 12:18:11,3.0,626.58
13617,POS消费,地点21,开水,2014/08/30 12:28:14,3.0,623.58
13617,POS消费,地点213,食堂,2014/08/30 16:09:50,0.7,622.88
13617,POS消费,地点264,食堂,2014/08/30 17:44:04,10.6,612.28
13617,POS消费,地点188,超市,2014/08/30 21:20:39,2.3,609.98
13617,POS消费,地点65,食堂,2014/08/31 08:20:33,0.8,609.18
13617,POS消费,地点21,开水,2014/08/31 08:39:47,1.8,607.38
13617,POS消费,地点65,食堂,2014/08/31 11:55:52,4.4,602.98
13617,POS消费,地点1921,淋浴,2014/08/31 18:59:10,1.5,601.48
