13705,卡片开户,,,2014/07/10 14:28:15,0.0,0.0
13705,卡充值,,,2014/08/18 11:17:52,200.0,200.0
13705,POS消费,地点1700,食堂,2014/08/18 11:34:58,2.5,174.7
13705,POS消费,地点1700,食堂,2014/08/18 11:35:15,2.5,172.2
13705,POS消费,地点82,食堂,2014/08/18 11:41:27,7.6,192.4
13705,POS消费,地点82,食堂,2014/08/18 11:41:45,7.6,184.8
13705,POS消费,地点82,食堂,2014/08/18 11:42:10,7.6,177.2
13705,POS消费,地点59,食堂,2014/08/18 17:42:30,3.6,168.6
13705,POS消费,地点59,食堂,2014/08/18 17:42:57,3.6,165.0
13705,POS消费,地点61,食堂,2014/08/19 06:52:33,1.8,163.2
13705,POS消费,地点61,食堂,2014/08/19 06:52:48,1.4,161.8
13705,POS消费,地点69,食堂,2014/08/19 17:30:36,7.6,154.2
13705,POS消费,地点188,超市,2014/08/19 17:56:43,10.7,143.5
13705,POS消费,地点21,开水,2014/08/20 12:35:23,4.6,138.9
13705,POS消费,地点21,开水,2014/08/20 18:17:08,1.8,137.1
13705,POS消费,地点60,食堂,2014/08/20 18:30:47,2.9,134.2
13705,POS消费,地点60,食堂,2014/08/21 07:09:57,0.5,133.7
13705,POS消费,地点60,食堂,2014/08/21 07:10:04,0.6,133.1
13705,POS消费,地点60,食堂,2014/08/21 07:10:37,0.5,132.6
13705,POS消费,地点61,食堂,2014/08/21 07:20:21,6.0,126.6
13705,POS消费,地点89,食堂,2014/08/21 11:58:05,4.5,122.1
13705,POS消费,地点1596,食堂,2014/08/21 17:39:45,8.6,113.5
