1375,卡片开户,,,2014/07/21 09:37:36,0.0,0.0
1375,卡充值,,,2014/08/10 13:15:59,500.0,500.0
1375,POS消费,地点21,开水,2014/08/10 18:11:56,8.6,491.4
1375,POS消费,地点21,开水,2014/08/10 18:12:30,8.6,482.8
1375,POS消费,地点21,开水,2014/08/10 18:32:59,30.0,452.8
1375,POS消费,地点21,开水,2014/08/10 18:33:02,30.0,422.8
1375,POS消费,地点21,开水,2014/08/10 18:33:07,9.4,413.4
1375,POS消费,地点69,食堂,2014/08/11 08:16:02,1.4,412.0
1375,POS消费,地点633,淋浴,2014/08/11 16:05:12,0.4,411.6
1375,POS消费,地点21,开水,2014/08/11 18:03:12,9.0,402.6
1375,POS消费,地点65,食堂,2014/08/12 08:13:21,0.8,401.8
1375,POS消费,地点1108,淋浴,2014/08/12 14:51:13,0.6,401.2
1375,POS消费,地点1108,淋浴,2014/08/13 07:38:46,0.9,400.3
1375,POS消费,地点1108,淋浴,2014/08/13 23:55:26,0.9,399.4
1375,POS消费,地点1108,淋浴,2014/08/14 07:57:26,1.2,398.2
1375,POS消费,地点21,开水,2014/08/14 18:29:19,9.0,389.2
1375,POS消费,地点1335,洗衣房,2014/08/14 21:47:47,3.6,385.6
1375,POS消费,地点1108,淋浴,2014/08/15 00:13:37,1.0,384.6
1375,POS消费,地点1108,淋浴,2014/08/15 08:05:50,1.3,383.3
1375,POS消费,地点69,食堂,2014/08/15 08:17:43,1.15,382.15
1375,POS消费,地点264,食堂,2014/08/15 11:35:04,5.6,376.55
1375,POS消费,地点59,食堂,2014/08/17 11:36:27,1.5,365.85
1375,POS消费,地点253,食堂,2014/08/17 11:46:35,5.0,371.55
1375,POS消费,地点253,食堂,2014/08/17 11:46:48,4.2,367.35
1375,POS消费,地点21,开水,2014/08/17 11:50:35,3.0,362.85
1375,POS消费,地点1013,淋浴,2014/08/18 07:38:10,0.1,362.75
1375,POS消费,地点1669,淋浴,2014/08/18 07:38:40,0.1,362.65
1375,POS消费,地点945,淋浴,2014/08/18 07:39:55,0.1,362.45
1375,POS消费,地点1669,淋浴,2014/08/18 07:40:31,1.6,360.85
1375,POS消费,地点1669,淋浴,2014/08/18 07:41:37,0.1,362.55
1375,POS消费,地点61,食堂,2014/08/18 08:31:18,1.4,359.45
1375,POS消费,地点633,淋浴,2014/08/19 01:45:31,1.4,358.05
1375,POS消费,地点1108,淋浴,2014/08/19 07:33:19,1.0,357.05
1375,POS消费,地点633,淋浴,2014/08/20 00:12:11,1.2,355.85
1375,POS消费,地点1108,淋浴,2014/08/20 08:02:51,1.3,354.55
1375,POS消费,地点1108,淋浴,2014/08/21 00:19:12,0.8,353.75
1375,POS消费,地点633,淋浴,2014/08/21 00:34:17,1.0,352.75
1375,POS消费,地点1108,淋浴,2014/08/21 07:55:28,1.2,351.55
1375,POS消费,地点1335,洗衣房,2014/08/21 08:17:41,3.6,347.95
1375,POS消费,地点89,食堂,2014/08/21 08:56:08,3.0,344.95
1375,POS消费,地点89,食堂,2014/08/21 08:56:38,3.0,341.95
1375,POS消费,地点1108,淋浴,2014/08/22 00:08:28,0.9,341.05
1375,POS消费,地点1108,淋浴,2014/08/22 07:39:47,1.6,339.45
1375,POS消费,地点89,食堂,2014/08/22 08:46:35,3.0,336.45
1375,POS消费,地点89,食堂,2014/08/22 08:46:39,3.0,333.45
1375,POS消费,地点1335,洗衣房,2014/08/22 13:56:49,3.6,329.85
1375,POS消费,地点1344,洗衣房,2014/08/22 13:56:57,3.6,326.25
1375,POS消费,地点21,开水,2014/08/22 15:14:45,3.0,323.25
1375,POS消费,地点21,开水,2014/08/22 15:18:45,3.0,320.25
1375,POS消费,地点192,超市,2014/08/22 15:26:36,13.5,306.75
1375,POS消费,地点1335,洗衣房,2014/08/22 18:41:37,3.6,303.15
1375,POS消费,地点633,淋浴,2014/08/22 23:11:25,0.3,302.85
1375,POS消费,地点549,淋浴,2014/08/22 23:57:45,0.8,302.05
1375,POS消费,地点1108,淋浴,2014/08/23 07:15:55,0.9,301.15
1375,POS消费,地点89,食堂,2014/08/23 07:58:03,9.0,292.15
1375,POS消费,地点89,食堂,2014/08/23 08:01:21,3.0,289.15
1375,POS消费,地点21,开水,2014/08/29 15:15:49,3.0,286.15
1375,POS消费,地点27,教务处,2014/08/29 17:51:48,15.0,271.15
1375,POS消费,地点21,开水,2014/08/29 22:20:28,30.0,241.15
1375,POS消费,地点21,开水,2014/08/29 22:20:32,4.9,236.25
1375,POS消费,地点1304,开水,2014/08/29 22:47:21,0.01,236.24
1375,POS消费,地点1304,开水,2014/08/30 09:28:14,0.01,236.23
1375,POS消费,地点213,食堂,2014/08/30 11:46:24,1.0,235.23
1375,POS消费,地点157,食堂,2014/08/30 17:41:37,5.6,229.63
1375,POS消费,地点21,开水,2014/08/30 17:44:15,3.0,226.63
1375,POS消费,地点192,超市,2014/08/30 20:24:15,21.1,205.53
1375,POS消费,地点1621,淋浴,2014/08/30 23:44:24,0.8,204.73
1375,POS消费,地点1621,淋浴,2014/08/30 23:51:56,0.2,204.53
1375,POS消费,地点1621,淋浴,2014/08/30 23:53:32,0.2,204.33
1375,POS消费,地点157,食堂,2014/08/31 11:42:45,5.6,198.73
1375,POS消费,地点1847,食堂,2014/08/31 11:45:39,1.8,196.93
1375,POS消费,地点21,开水,2014/08/31 17:53:09,4.6,192.33
