14024,卡片开户,,,2014/07/18 12:03:46,0.0,0.0
14024,卡充值,,,2014/08/31 12:16:58,300.0,300.0
14024,POS消费,地点72,食堂,2014/08/31 12:19:24,5.0,295.0
14024,POS消费,地点21,开水,2014/08/31 12:39:38,30.0,265.0
14024,POS消费,地点21,开水,2014/08/31 12:39:43,8.3,256.7
14024,POS消费,地点203,食堂,2014/08/31 18:12:45,6.5,250.2
14024,POS消费,地点203,食堂,2014/08/31 18:13:43,7.5,242.7
14024,POS消费,地点1155,食堂,2014/08/31 19:40:34,8.6,234.1
14024,POS消费,地点1949,淋浴,2014/08/31 20:10:40,0.6,233.5
