14060,卡片开户,,,2014/07/19 16:14:47,0.0,0.0
14060,卡充值,,,2014/08/30 17:10:31,200.0,200.0
14060,POS消费,地点230,食堂,2014/08/30 18:02:51,5.0,195.0
14060,POS消费,地点314,食堂,2014/08/30 21:18:29,30.0,165.0
14060,POS消费,地点314,食堂,2014/08/30 21:18:32,3.0,162.0
14060,POS消费,地点60,食堂,2014/08/31 08:10:50,1.1,160.9
14060,POS消费,地点161,食堂,2014/08/31 08:11:04,0.6,160.3
14060,POS消费,地点82,食堂,2014/08/31 12:18:42,3.9,156.4
14060,POS消费,地点192,超市,2014/08/31 12:21:22,7.0,149.4
14060,POS消费,地点230,食堂,2014/08/31 18:19:48,4.5,144.9
