14075,POS消费,地点512,淋浴,2014/09/01 22:32:06,0.1,2.81
14075,POS消费,地点512,淋浴,2014/09/03 22:20:48,0.8,2.01
14075,POS消费,地点512,淋浴,2014/09/03 22:31:06,0.3,1.71
14075,POS消费,地点512,淋浴,2014/09/08 14:39:32,0.5,1.21
14075,POS消费,地点512,淋浴,2014/09/11 00:22:47,0.1,1.11
14075,POS消费,地点512,淋浴,2014/09/14 09:30:44,0.3,0.81
14075,POS消费,地点512,淋浴,2014/09/15 22:01:45,0.1,0.71
14075,POS消费,地点512,淋浴,2014/09/16 22:47:29,0.5,0.21
14075,卡充值,,,2014/10/13 11:55:32,200.0,200.21
14075,POS消费,地点91,校车,2014/10/13 12:04:19,16.0,184.21
14075,POS消费,地点91,校车,2014/10/13 17:55:52,12.6,171.61
14075,POS消费,地点512,淋浴,2014/10/13 22:07:06,0.7,170.91
14075,POS消费,地点91,校车,2014/10/14 11:53:34,24.0,146.91
14075,POS消费,地点21,开水,2014/10/14 17:33:37,2.9,144.01
14075,POS消费,地点91,校车,2014/10/14 17:35:37,16.0,128.01
14075,POS消费,地点91,校车,2014/10/14 22:55:11,6.0,122.01
14075,POS消费,地点91,校车,2014/10/15 12:28:35,19.6,102.41
14075,POS消费,地点21,开水,2014/10/15 12:38:56,5.8,96.61
14075,POS消费,地点91,校车,2014/10/15 17:50:01,15.6,81.01
14075,POS消费,地点512,淋浴,2014/10/15 23:20:16,0.5,80.51
14075,POS消费,地点91,校车,2014/10/16 11:50:11,10.0,70.51
14075,POS消费,地点21,开水,2014/10/16 17:16:26,5.6,64.91
14075,POS消费,地点21,开水,2014/10/16 17:16:45,2.6,62.31
14075,POS消费,地点91,校车,2014/10/16 17:17:18,2.0,60.31
14075,POS消费,地点91,校车,2014/10/16 17:18:21,4.0,56.31
14075,POS消费,地点91,校车,2014/10/16 17:18:57,4.5,51.81
14075,POS消费,地点21,开水,2014/10/16 17:19:38,5.4,46.41
14075,POS消费,地点21,开水,2014/10/17 12:19:33,2.9,43.51
14075,POS消费,地点91,校车,2014/10/17 12:21:56,16.0,27.51
14075,卡充值,,,2014/10/17 12:42:44,300.0,327.51
14075,POS消费,地点91,校车,2014/10/17 17:24:11,15.6,311.91
14075,POS消费,地点21,开水,2014/10/18 21:35:02,6.5,305.41
14075,POS消费,地点512,淋浴,2014/10/18 21:39:08,0.9,304.51
14075,POS消费,地点91,校车,2014/10/19 11:05:10,8.0,296.51
14075,POS消费,地点91,校车,2014/10/19 17:30:22,10.0,286.51
14075,POS消费,地点232,食堂,2014/10/19 17:33:11,15.5,271.01
14075,POS消费,地点91,校车,2014/10/19 17:34:00,9.7,261.31
14075,POS消费,地点512,淋浴,2014/10/19 22:52:36,0.1,261.21
14075,POS消费,地点21,开水,2014/10/20 09:42:37,2.6,258.61
14075,POS消费,地点21,开水,2014/10/20 09:46:06,0.83,257.78
14075,POS消费,地点248,超市,2014/10/20 11:59:41,18.0,239.78
14075,POS消费,地点91,校车,2014/10/20 17:55:06,10.0,229.78
14075,POS消费,地点91,校车,2014/10/21 11:53:49,20.6,209.18
14075,POS消费,地点91,校车,2014/10/21 17:50:05,14.6,194.58
14075,POS消费,地点512,淋浴,2014/10/21 23:05:18,0.1,194.48
14075,POS消费,地点91,校车,2014/10/22 11:38:37,8.0,186.48
14075,POS消费,地点91,校车,2014/10/22 12:43:07,8.5,177.98
14075,POS消费,地点512,淋浴,2014/10/22 12:56:41,1.0,176.98
14075,POS消费,地点91,校车,2014/10/22 17:10:55,10.0,166.98
14075,POS消费,地点232,食堂,2014/10/22 17:12:00,6.0,160.98
14075,POS消费,地点21,开水,2014/10/22 17:12:32,5.8,155.18
14075,POS消费,地点512,淋浴,2014/10/22 22:50:08,0.1,155.08
14075,POS消费,地点21,开水,2014/10/23 08:52:52,4.13,150.95
14075,POS消费,地点26,图书馆,2014/10/23 11:43:28,8.6,142.35
14075,POS消费,地点91,校车,2014/10/23 18:12:52,12.6,129.75
14075,POS消费,地点91,校车,2014/10/23 18:13:04,8.6,121.15
14075,POS消费,地点248,超市,2014/10/23 21:14:32,4.8,116.35
14075,POS消费,地点512,淋浴,2014/10/23 22:53:28,0.5,115.85
14075,POS消费,地点91,校车,2014/10/24 11:54:16,10.0,105.85
14075,POS消费,地点91,校车,2014/10/24 11:56:36,4.5,101.35
14075,POS消费,地点91,校车,2014/10/24 17:15:13,16.0,85.35
14075,POS消费,地点21,开水,2014/10/25 08:21:41,1.53,83.82
14075,POS消费,地点21,开水,2014/10/25 08:21:50,2.2,81.62
14075,POS消费,地点26,图书馆,2014/10/25 11:44:48,8.6,73.02
14075,POS消费,地点21,开水,2014/10/25 17:37:28,0.45,61.57
14075,POS消费,地点91,校车,2014/10/25 17:43:41,5.0,68.02
14075,POS消费,地点232,食堂,2014/10/25 17:44:07,6.0,62.02
14075,POS消费,地点91,校车,2014/10/25 22:23:03,21.0,40.57
14075,POS消费,地点512,淋浴,2014/10/25 23:03:55,0.1,40.47
14075,POS消费,地点21,开水,2014/10/26 08:50:53,3.73,36.74
14075,POS消费,地点26,图书馆,2014/10/26 12:08:24,8.6,28.14
14075,POS消费,地点26,图书馆,2014/10/26 12:08:43,10.6,17.54
14075,卡充值,,,2014/10/26 17:40:11,200.0,217.54
14075,POS消费,地点91,校车,2014/10/26 17:44:37,13.6,203.94
14075,POS消费,地点12,文印中心,2014/10/26 18:04:01,12.8,191.14
14075,POS消费,地点21,开水,2014/10/27 21:01:53,16.0,175.14
14075,POS消费,地点512,淋浴,2014/10/27 21:22:16,0.9,174.24
14075,POS消费,地点21,开水,2014/10/28 10:07:58,3.03,171.21
14075,POS消费,地点91,校车,2014/10/28 12:04:47,10.0,161.21
14075,POS消费,地点21,开水,2014/10/29 09:54:48,0.83,160.38
14075,POS消费,地点91,校车,2014/10/29 12:00:38,18.0,142.38
14075,POS消费,地点91,校车,2014/10/30 11:06:13,8.0,134.38
14075,POS消费,地点91,校车,2014/10/30 17:49:33,10.0,124.38
14075,POS消费,地点91,校车,2014/10/30 17:52:16,6.75,117.63
14075,POS消费,地点512,淋浴,2014/10/30 23:05:39,0.9,116.73
14075,POS消费,地点26,图书馆,2014/10/31 12:23:37,12.6,104.13
14075,POS消费,地点91,校车,2014/10/31 17:31:59,6.0,98.13
14075,POS消费,地点21,开水,2014/11/01 08:34:44,4.53,93.6
14075,POS消费,地点238,食堂,2014/11/01 16:55:34,10.0,83.6
14075,POS消费,地点512,淋浴,2014/11/01 22:16:45,0.1,83.5
14075,POS消费,地点91,校车,2014/11/02 17:33:46,10.0,73.5
14075,POS消费,地点91,校车,2014/11/02 17:35:31,5.75,67.75
14075,POS消费,地点91,校车,2014/11/02 17:35:52,2.75,65.0
14075,POS消费,地点21,开水,2014/11/02 21:23:40,2.7,62.3
14075,POS消费,地点21,开水,2014/11/03 10:05:59,4.33,57.97
14075,POS消费,地点91,校车,2014/11/03 12:36:58,16.6,41.37
14075,POS消费,地点248,超市,2014/11/03 12:53:45,2.6,38.77
14075,POS消费,地点21,开水,2014/11/03 20:36:37,16.0,22.77
14075,POS消费,地点512,淋浴,2014/11/03 23:34:09,0.1,22.67
14075,POS消费,地点21,开水,2014/11/04 07:44:08,4.53,18.14
14075,POS消费,地点91,校车,2014/11/04 17:30:35,7.0,11.14
14075,POS消费,地点248,超市,2014/11/04 17:49:19,3.9,7.24
14075,POS消费,地点512,淋浴,2014/11/04 23:35:36,0.1,7.14
14075,POS消费,地点21,开水,2014/11/05 10:03:45,2.2,4.94
14075,卡充值,,,2014/11/05 12:02:12,200.0,204.94
14075,POS消费,地点91,校车,2014/11/05 12:08:53,22.0,182.94
14075,POS消费,地点91,校车,2014/11/05 17:32:01,12.0,170.94
14075,POS消费,地点512,淋浴,2014/11/05 23:11:04,0.5,170.44
14075,POS消费,地点91,校车,2014/11/06 17:34:23,11.6,158.84
14075,POS消费,地点21,开水,2014/11/07 08:07:00,3.73,155.11
14075,POS消费,地点91,校车,2014/11/07 11:59:24,12.0,143.11
14075,POS消费,地点21,开水,2014/11/07 12:01:23,3.0,140.11
14075,POS消费,地点21,开水,2014/11/07 12:01:28,-3.0,143.11
14075,POS消费,地点21,开水,2014/11/07 12:01:32,2.9,140.21
14075,POS消费,地点91,校车,2014/11/07 12:05:27,13.0,127.21
14075,POS消费,地点91,校车,2014/11/07 17:38:59,12.0,115.21
14075,POS消费,地点248,超市,2014/11/07 17:58:39,6.8,108.41
14075,POS消费,地点512,淋浴,2014/11/07 23:43:16,0.1,108.31
14075,POS消费,地点21,开水,2014/11/08 08:26:18,3.03,105.28
14075,POS消费,地点91,校车,2014/11/08 12:03:47,10.0,95.28
14075,POS消费,地点248,超市,2014/11/08 12:20:48,4.0,91.28
14075,POS消费,地点91,校车,2014/11/08 17:47:10,12.0,79.28
14075,POS消费,地点91,校车,2014/11/09 11:42:40,12.0,67.28
14075,POS消费,地点21,开水,2014/11/09 17:15:49,0.45,66.83
14075,POS消费,地点232,食堂,2014/11/09 17:16:15,6.0,60.83
14075,POS消费,地点91,校车,2014/11/09 17:22:53,5.0,55.83
14075,POS消费,地点512,淋浴,2014/11/09 23:25:16,0.5,55.33
14075,POS消费,地点91,校车,2014/11/11 12:03:55,12.0,43.33
14075,POS消费,地点232,食堂,2014/11/11 17:30:01,8.4,34.93
14075,POS消费,地点512,淋浴,2014/11/11 17:46:28,1.1,33.83
14075,POS消费,地点21,开水,2014/11/12 08:31:46,1.53,32.3
14075,POS消费,地点91,校车,2014/11/12 17:43:30,5.0,27.3
14075,POS消费,地点91,校车,2014/11/12 17:43:39,13.0,14.3
14075,POS消费,地点91,校车,2014/11/13 17:39:14,12.0,2.3
14075,卡充值,,,2014/11/17 12:04:33,100.0,102.3
14075,POS消费,地点91,校车,2014/11/17 12:09:04,12.0,90.3
14075,POS消费,地点91,校车,2014/11/17 18:02:08,12.0,78.3
14075,POS消费,地点21,开水,2014/11/17 22:04:59,5.0,73.3
14075,POS消费,地点512,淋浴,2014/11/17 22:16:08,0.9,72.4
14075,POS消费,地点21,开水,2014/11/18 07:50:22,1.53,70.87
14075,POS消费,地点512,淋浴,2014/11/18 22:58:04,0.1,70.77
14075,POS消费,地点512,淋浴,2014/11/19 23:23:32,0.1,70.67
14075,POS消费,地点91,校车,2014/11/20 11:41:37,12.0,58.67
14075,POS消费,地点91,校车,2014/11/20 11:41:41,12.0,46.67
14075,POS消费,地点91,校车,2014/11/20 17:22:18,12.0,34.67
14075,POS消费,地点91,校车,2014/11/21 11:38:16,12.0,22.67
14075,POS消费,地点512,淋浴,2014/11/22 00:22:45,0.1,22.57
14075,POS消费,地点21,开水,2014/11/22 11:47:43,4.4,18.17
14075,POS消费,地点21,开水,2014/11/22 11:48:40,2.0,16.17
14075,POS消费,地点21,开水,2014/11/22 11:48:45,2.5,13.67
14075,POS消费,地点512,淋浴,2014/11/22 22:59:25,0.8,12.87
14075,POS消费,地点91,校车,2014/11/23 11:30:13,8.0,4.87
14075,卡充值,,,2014/11/24 11:42:36,100.0,104.87
14075,POS消费,地点91,校车,2014/11/24 11:45:32,12.0,92.87
14075,POS消费,地点512,淋浴,2014/11/24 22:59:18,0.2,92.67
14075,POS消费,地点26,图书馆,2014/11/25 11:42:02,8.6,84.07
14075,POS消费,地点91,校车,2014/11/25 17:31:11,12.0,72.07
14075,POS消费,地点248,超市,2014/11/25 17:51:52,12.5,59.57
14075,POS消费,地点512,淋浴,2014/11/25 23:16:22,0.1,59.47
14075,POS消费,地点91,校车,2014/11/26 12:01:54,12.0,47.47
14075,POS消费,地点26,图书馆,2014/11/27 11:36:46,16.6,30.87
14075,POS消费,地点91,校车,2014/11/27 17:46:01,12.0,18.87
14075,POS消费,地点248,超市,2014/11/27 21:25:07,2.2,16.67
14075,POS消费,地点512,淋浴,2014/11/29 00:05:08,0.4,16.27
14075,POS消费,地点512,淋浴,2014/11/29 00:15:04,0.1,16.17
14075,POS消费,地点91,校车,2014/11/29 11:44:24,12.0,4.17
14075,POS消费,地点512,淋浴,2014/11/30 00:06:48,0.1,4.07
14075,POS消费,地点288,校车,2014/11/30 13:37:09,4.0,0.07
14075,卡充值,,,2014/12/03 12:02:49,100.0,100.07
14075,POS消费,地点26,图书馆,2014/12/03 12:05:36,8.6,91.47
14075,POS消费,地点26,图书馆,2014/12/03 12:05:46,8.0,83.47
14075,POS消费,地点248,超市,2014/12/03 12:30:28,5.4,78.07
14075,POS消费,地点91,校车,2014/12/03 17:21:27,12.0,66.07
14075,POS消费,地点248,超市,2014/12/03 17:43:58,5.0,61.07
14075,POS消费,地点91,校车,2014/12/04 12:14:37,12.0,49.07
14075,POS消费,地点91,校车,2014/12/04 17:47:08,12.0,37.07
14075,POS消费,地点91,校车,2014/12/04 17:50:58,12.0,25.07
14075,POS消费,地点248,超市,2014/12/04 18:09:24,3.7,21.37
14075,POS消费,地点512,淋浴,2014/12/04 22:30:36,1.2,20.17
14075,POS消费,地点91,校车,2014/12/05 11:27:01,12.0,8.17
14075,POS消费,地点248,超市,2014/12/05 11:48:14,5.0,3.17
14075,POS消费,地点512,淋浴,2014/12/08 21:54:25,0.1,3.07
14075,POS消费,地点512,淋浴,2014/12/08 23:04:30,0.1,2.97
14075,POS消费,地点512,淋浴,2014/12/08 23:24:22,0.1,2.87
14075,POS消费,地点512,淋浴,2014/12/13 23:28:19,1.4,1.47
14075,POS消费,地点512,淋浴,2014/12/17 22:51:08,0.1,1.37
14075,POS消费,地点512,淋浴,2014/12/22 22:20:44,0.1,1.27
14075,POS消费,地点512,淋浴,2014/12/23 22:58:24,0.1,1.17
14075,POS消费,地点512,淋浴,2014/12/23 22:59:25,0.1,1.07
14075,POS消费,地点512,淋浴,2014/12/23 22:59:40,0.1,0.97
14075,POS消费,地点512,淋浴,2014/12/23 23:00:22,0.1,0.87
14075,POS消费,地点512,淋浴,2014/12/23 23:00:47,0.1,0.77
14075,POS消费,地点512,淋浴,2014/12/23 23:03:19,0.1,0.67
14075,POS消费,地点512,淋浴,2014/12/23 23:04:25,0.1,0.57
14075,POS消费,地点512,淋浴,2014/12/23 23:09:09,0.1,0.47
14075,POS消费,地点512,淋浴,2014/12/26 22:10:02,0.1,0.37
14075,POS消费,地点512,淋浴,2015/06/18 23:24:50,0.3,0.07
