14084,卡片开户,,,2014/07/16 11:34:27,0.0,0.0
14084,卡充值,,,2014/08/28 17:18:51,300.0,300.0
14084,POS消费,地点1551,食堂,2014/08/30 12:38:47,19.0,281.0
14084,POS消费,地点222,校车,2014/08/30 16:17:09,1.0,280.0
14084,POS消费,地点222,校车,2014/08/30 16:36:23,1.0,279.0
14084,POS消费,地点190,超市,2014/08/30 20:25:12,76.4,202.6
14084,POS消费,地点1352,开水,2014/08/30 22:31:23,0.01,202.59
14084,POS消费,地点1027,开水,2014/08/30 22:33:08,0.01,202.58
14084,POS消费,地点21,开水,2014/08/31 07:33:28,2.4,200.18
14084,POS消费,地点21,开水,2014/08/31 07:33:52,2.9,197.28
14084,POS消费,地点91,校车,2014/08/31 07:36:11,1.6,195.68
14084,POS消费,地点91,校车,2014/08/31 07:42:37,0.83,194.85
14084,POS消费,地点1451,校车,2014/08/31 11:57:26,1.0,193.85
14084,POS消费,地点1451,校车,2014/08/31 11:58:11,1.0,192.85
14084,POS消费,地点190,超市,2014/08/31 12:02:44,19.4,173.45
14084,POS消费,地点190,超市,2014/08/31 12:04:03,2.8,170.65
14084,POS消费,地点218,食堂,2014/08/31 17:35:07,1.8,168.85
14084,POS消费,地点134,食堂,2014/08/31 17:53:28,12.6,156.25
