14156,卡片开户,,,2014/07/17 15:57:35,0.0,0.0
14156,卡充值,,,2014/08/29 11:33:53,600.0,600.0
14156,POS消费,地点69,食堂,2014/08/29 11:46:55,6.4,593.6
14156,POS消费,地点69,食堂,2014/08/29 11:47:43,9.6,584.0
14156,POS消费,地点69,食堂,2014/08/29 11:48:32,11.6,572.4
14156,POS消费,地点21,开水,2014/08/29 15:29:21,2.0,570.4
14156,POS消费,地点975,开水,2014/08/29 21:37:01,0.01,570.39
14156,POS消费,地点975,开水,2014/08/29 21:40:22,0.01,570.38
14156,POS消费,地点975,开水,2014/08/29 21:43:12,0.01,570.37
14156,POS消费,地点103,食堂,2014/08/30 07:51:39,2.2,568.17
14156,POS消费,地点134,食堂,2014/08/30 07:51:44,0.8,566.57
14156,POS消费,地点103,食堂,2014/08/30 07:51:50,0.8,567.37
14156,POS消费,地点975,开水,2014/08/30 09:30:58,0.01,566.56
14156,POS消费,地点1021,淋浴,2014/08/30 18:53:23,0.5,566.06
14156,POS消费,地点271,校医院,2014/08/30 19:24:57,23.0,543.06
14156,POS消费,地点21,开水,2014/08/30 19:58:03,8.8,534.26
14156,POS消费,地点192,超市,2014/08/30 20:02:26,30.0,504.26
14156,POS消费,地点192,超市,2014/08/30 20:02:31,18.5,485.76
14156,POS消费,地点975,开水,2014/08/30 20:21:56,0.01,485.75
14156,POS消费,地点975,开水,2014/08/31 08:09:03,0.01,485.74
14156,POS消费,地点1021,淋浴,2014/08/31 10:20:26,0.3,485.44
14156,POS消费,地点91,校车,2014/08/31 11:23:51,6.0,479.44
14156,POS消费,地点1186,淋浴,2014/08/31 13:35:55,0.01,479.43
14156,POS消费,地点219,超市,2014/08/31 17:10:05,4.0,475.43
14156,POS消费,地点219,超市,2014/08/31 19:14:59,2.0,473.43
