14216,卡片开户,,,2014/07/20 13:28:06,0.0,0.0
14216,卡充值,,,2014/08/29 13:09:46,500.0,500.0
14216,POS消费,地点72,食堂,2014/08/29 13:23:41,9.6,490.4
14216,POS消费,地点61,食堂,2014/08/30 12:50:51,9.6,480.8
14216,POS消费,地点61,食堂,2014/08/30 12:51:45,9.6,471.2
14216,POS消费,地点314,食堂,2014/08/30 12:57:52,28.0,443.2
14216,POS消费,地点91,校车,2014/08/30 17:00:05,5.5,437.7
14216,POS消费,地点89,食堂,2014/08/31 08:46:47,3.0,434.7
14216,POS消费,地点1596,食堂,2014/08/31 12:14:06,8.6,426.1
