14249,卡片开户,,,2014/07/16 13:51:44,0.0,0.0
14249,卡充值,,,2014/08/29 11:30:30,2000.0,2000.0
14249,POS消费,地点61,食堂,2014/08/29 13:38:55,8.6,1991.4
14249,POS消费,地点61,食堂,2014/08/29 13:39:11,8.6,1982.8
14249,POS消费,地点61,食堂,2014/08/29 13:39:26,8.6,1974.2
14249,POS消费,地点61,食堂,2014/08/29 18:51:57,4.6,1969.6
14249,POS消费,地点61,食堂,2014/08/29 18:52:08,8.6,1961.0
14249,POS消费,地点188,超市,2014/08/29 19:16:03,69.4,1891.6
14249,POS消费,地点1852,开水,2014/08/29 21:21:07,0.01,1891.58
14249,POS消费,地点1852,开水,2014/08/29 21:21:57,0.01,1891.57
14249,POS消费,地点1852,开水,2014/08/29 21:22:18,0.01,1891.59
14249,POS消费,地点1852,开水,2014/08/29 21:23:07,0.01,1891.56
14249,POS消费,地点1852,开水,2014/08/29 21:24:41,0.01,1891.55
14249,POS消费,地点1870,开水,2014/08/29 21:42:31,0.01,1891.54
14249,POS消费,地点1870,开水,2014/08/30 14:04:53,0.01,1891.53
14249,POS消费,地点21,开水,2014/08/30 18:32:14,10.6,1880.93
14249,POS消费,地点1899,淋浴,2014/08/30 18:48:19,0.4,1880.53
14249,POS消费,地点1852,开水,2014/08/30 20:22:00,0.01,1880.52
14249,POS消费,地点1852,开水,2014/08/30 20:23:06,0.01,1880.51
14249,POS消费,地点1884,开水,2014/08/30 21:48:28,0.01,1880.5
14249,POS消费,地点1852,开水,2014/08/30 21:50:06,0.01,1880.46
14249,POS消费,地点1884,开水,2014/08/30 21:57:50,0.01,1880.47
14249,POS消费,地点1884,开水,2014/08/30 21:58:19,0.01,1880.49
14249,POS消费,地点1884,开水,2014/08/30 21:59:24,0.01,1880.48
14249,POS消费,地点72,食堂,2014/08/31 07:51:41,1.6,1878.06
14249,POS消费,地点60,食堂,2014/08/31 07:51:59,0.8,1879.66
14249,POS消费,地点248,超市,2014/08/31 11:50:09,4.6,1873.46
14249,POS消费,地点1947,淋浴,2014/08/31 22:28:00,0.1,1873.36
14249,POS消费,地点1949,淋浴,2014/08/31 22:35:42,0.1,1873.26
14249,POS消费,地点1862,淋浴,2014/08/31 22:41:07,0.5,1872.76
