1429,卡片开户,,,2014/07/19 09:52:54,0.0,0.0
1429,卡充值,,,2014/08/29 12:36:41,200.0,200.0
1429,POS消费,地点195,超市,2014/08/29 15:49:29,30.0,170.0
1429,POS消费,地点195,超市,2014/08/29 15:49:32,30.0,140.0
1429,POS消费,地点195,超市,2014/08/29 15:49:35,8.8,131.2
1429,POS消费,地点134,食堂,2014/08/29 17:22:06,8.6,122.6
1429,POS消费,地点192,超市,2014/08/29 17:45:04,0.66,121.94
1429,POS消费,地点157,食堂,2014/08/30 12:16:33,10.6,111.34
1429,POS消费,地点232,食堂,2014/08/30 17:57:44,7.0,104.34
1429,POS消费,地点1961,超市,2014/08/30 18:34:47,10.7,93.64
1429,POS消费,地点1305,开水,2014/08/30 20:17:40,0.02,93.62
1429,POS消费,地点1561,开水,2014/08/30 20:37:52,0.08,93.54
1429,POS消费,地点167,食堂,2014/08/31 08:22:58,1.6,91.94
1429,POS消费,地点314,食堂,2014/08/31 09:55:08,27.0,64.94
1429,POS消费,地点134,食堂,2014/08/31 12:14:46,5.8,59.14
1429,POS消费,地点232,食堂,2014/08/31 18:37:17,7.0,52.14
1429,POS消费,地点21,开水,2014/08/31 19:08:45,4.6,47.54
1429,POS消费,地点1561,开水,2014/08/31 19:35:23,0.01,47.53
1429,POS消费,地点1561,开水,2014/08/31 19:47:24,0.08,47.45
