14337,卡片开户,,,2014/07/14 10:23:55,0.0,0.0
14337,卡充值,,,2014/08/28 15:28:21,1000.0,1000.0
14337,POS消费,地点21,开水,2014/08/29 08:16:19,4.8,995.2
14337,POS消费,地点21,开水,2014/08/29 08:16:37,4.0,991.2
14337,POS消费,地点222,校车,2014/08/29 10:21:03,1.0,990.2
14337,POS消费,地点222,校车,2014/08/29 15:51:30,1.0,989.2
14337,POS消费,地点816,校车,2014/08/30 14:35:51,1.0,988.2
14337,POS消费,地点314,食堂,2014/08/30 20:10:38,74.9,913.3
14337,POS消费,地点373,开水,2014/08/30 22:18:45,0.01,913.29
14337,POS消费,地点373,开水,2014/08/30 22:19:33,0.07,913.22
14337,POS消费,地点103,食堂,2014/08/31 07:40:16,3.5,909.72
14337,POS消费,地点232,食堂,2014/08/31 11:31:11,14.5,895.22
14337,POS消费,地点6,淋浴,2014/08/31 16:59:23,0.3,894.92
14337,POS消费,地点972,食堂,2014/08/31 17:42:43,4.0,890.92
