14484,卡片开户,,,2014/07/14 12:03:09,0.0,0.0
14484,卡充值,,,2014/08/28 15:31:37,400.0,400.0
14484,POS消费,地点243,食堂,2014/08/28 15:31:56,1.0,399.0
14484,POS消费,地点744,开水,2014/08/28 17:02:40,0.01,398.99
14484,POS消费,地点188,超市,2014/08/28 18:04:39,7.0,391.98
14484,POS消费,地点744,开水,2014/08/28 18:23:59,0.09,391.89
14484,POS消费,地点65,食堂,2014/08/29 08:43:38,0.4,390.69
14484,POS消费,地点60,食堂,2014/08/29 08:49:21,0.8,391.09
14484,POS消费,地点72,食堂,2014/08/29 11:49:47,5.6,385.09
14484,POS消费,地点314,食堂,2014/08/29 12:37:53,28.0,357.09
14484,POS消费,地点741,淋浴,2014/08/29 23:37:59,0.1,356.94
14484,POS消费,地点89,食堂,2014/08/30 18:08:41,4.5,352.44
14484,POS消费,地点89,食堂,2014/08/30 18:08:48,4.5,347.94
14484,POS消费,地点741,淋浴,2014/08/30 23:35:13,0.1,347.84
14484,POS消费,地点741,淋浴,2014/08/30 23:44:28,0.7,347.14
14484,POS消费,地点219,超市,2014/08/31 11:11:40,4.0,343.14
14484,POS消费,地点168,食堂,2014/08/31 12:49:14,4.5,338.64
14484,POS消费,地点192,超市,2014/08/31 13:02:37,2.8,335.84
14484,POS消费,地点936,洗衣房,2014/08/31 17:06:15,3.6,332.24
14484,POS消费,地点21,开水,2014/08/31 17:40:22,1.2,331.04
14484,POS消费,地点251,食堂,2014/08/31 17:55:31,0.6,330.44
14484,POS消费,地点911,淋浴,2014/08/31 22:28:47,0.5,329.94
