14514,卡片开户,,,2014/07/17 08:51:33,0.0,0.0
14514,卡充值,,,2014/08/28 16:53:00,400.0,400.0
14514,POS消费,地点188,超市,2014/08/28 20:40:42,89.4,310.6
14514,POS消费,地点188,超市,2014/08/28 21:23:41,7.0,303.6
14514,POS消费,地点192,超市,2014/08/28 22:18:17,10.4,293.2
14514,POS消费,地点1472,校车,2014/08/29 10:08:30,1.0,292.2
14514,POS消费,地点188,超市,2014/08/29 21:54:06,72.1,220.1
14514,POS消费,地点72,食堂,2014/08/30 09:34:25,3.0,216.7
14514,POS消费,地点168,食堂,2014/08/30 09:41:54,9.5,207.2
14514,POS消费,地点146,校车,2014/08/30 11:25:06,1.0,206.2
14514,POS消费,地点192,超市,2014/08/30 15:14:36,30.0,176.2
14514,POS消费,地点192,超市,2014/08/30 15:14:45,30.0,146.2
14514,POS消费,地点192,超市,2014/08/30 15:14:48,3.9,142.3
14514,POS消费,地点204,食堂,2014/08/30 18:21:49,4.5,137.3
14514,POS消费,地点188,超市,2014/08/30 21:02:36,36.0,101.3
14514,POS消费,地点248,超市,2014/08/31 11:36:09,7.6,93.7
14514,POS消费,地点195,超市,2014/08/31 12:24:42,2.7,91.0
14514,POS消费,地点232,食堂,2014/08/31 17:25:04,12.9,78.1
14514,POS消费,地点91,校车,2014/08/31 17:30:24,5.0,73.1
