14660,卡片开户,,,2014/07/17 15:59:45,0.0,0.0
14660,卡充值,,,2014/08/29 12:48:21,500.0,500.0
14660,POS消费,地点65,食堂,2014/08/29 13:06:40,12.6,487.4
14660,POS消费,地点65,食堂,2014/08/29 13:07:05,12.6,474.8
14660,POS消费,地点21,开水,2014/08/29 17:47:51,10.6,464.2
14660,POS消费,地点21,开水,2014/08/29 17:48:25,10.6,453.6
14660,POS消费,地点1924,淋浴,2014/08/30 08:14:12,0.9,452.7
14660,POS消费,地点1927,洗衣房,2014/08/30 08:40:49,1.2,451.5
14660,POS消费,地点61,食堂,2014/08/30 09:27:02,3.4,448.1
14660,卡充值,,,2014/08/30 16:16:38,500.0,948.1
14660,POS消费,地点21,开水,2014/08/30 16:55:30,8.3,939.8
14660,POS消费,地点1596,食堂,2014/08/30 17:49:18,8.6,931.2
14660,POS消费,地点1862,淋浴,2014/08/30 23:49:24,0.6,930.6
14660,POS消费,地点21,开水,2014/08/31 07:41:29,2.4,928.2
14660,POS消费,地点91,校车,2014/08/31 07:41:50,0.5,927.7
14660,POS消费,地点248,超市,2014/08/31 11:55:06,5.6,922.1
14660,POS消费,地点21,开水,2014/08/31 12:05:02,4.0,918.1
14660,POS消费,地点184,食堂,2014/08/31 18:01:35,3.5,914.6
14660,POS消费,地点218,食堂,2014/08/31 18:04:29,4.8,909.8
