14949,卡片开户,,,2014/07/30 16:33:08,0.0,0.0
14949,卡充值,,,2014/08/29 11:45:38,1000.0,1000.0
14949,POS消费,地点188,超市,2014/08/29 16:55:41,31.1,968.9
14949,POS消费,地点190,超市,2014/08/30 10:50:26,9.3,959.6
14949,POS消费,地点188,超市,2014/08/30 11:08:04,5.0,954.6
14949,POS消费,地点134,食堂,2014/08/31 11:47:05,4.6,950.0
14949,POS消费,地点1701,食堂,2014/08/31 12:00:13,1.8,948.2
14949,POS消费,地点247,食堂,2014/08/31 18:52:10,12.0,936.2
14949,POS消费,地点258,食堂,2014/08/31 18:53:39,16.0,920.2
