15076,卡片开户,,,2014/07/19 09:58:12,0.0,0.0
15076,卡充值,,,2014/08/28 09:32:06,1000.0,1000.0
15076,POS消费,地点26,图书馆,2014/08/28 11:15:30,13.3,986.7
15076,POS消费,地点204,食堂,2014/08/28 11:44:40,10.0,976.7
15076,POS消费,地点269,食堂,2014/08/28 11:45:46,4.6,972.1
15076,POS消费,地点88,食堂,2014/08/28 11:51:53,4.05,968.05
15076,POS消费,地点21,开水,2014/08/28 12:23:37,3.0,965.05
15076,POS消费,地点21,开水,2014/08/29 19:02:24,2.5,962.55
15076,POS消费,地点314,食堂,2014/08/30 10:32:11,30.0,932.55
15076,POS消费,地点314,食堂,2014/08/30 10:32:15,7.9,924.65
15076,POS消费,地点230,食堂,2014/08/30 17:52:43,5.0,919.65
15076,POS消费,地点218,食堂,2014/08/30 18:04:44,2.9,916.75
15076,POS消费,地点26,图书馆,2014/08/30 18:58:36,21.9,894.85
15076,POS消费,地点325,淋浴,2014/08/30 19:49:19,0.1,894.75
15076,POS消费,地点1371,淋浴,2014/08/30 19:53:54,0.1,894.55
15076,POS消费,地点1371,淋浴,2014/08/30 19:54:33,0.1,894.65
15076,POS消费,地点1371,淋浴,2014/08/30 20:02:48,0.1,893.85
15076,POS消费,地点1371,淋浴,2014/08/30 20:05:03,0.6,893.95
15076,POS消费,地点1155,食堂,2014/08/31 17:53:22,4.3,889.55
15076,POS消费,地点21,开水,2014/08/31 18:25:52,14.4,875.15
15076,POS消费,地点1298,洗衣房,2014/08/31 18:56:15,3.6,871.55
15076,POS消费,地点1298,洗衣房,2014/08/31 19:42:30,-0.84,872.39
15076,POS消费,地点1298,洗衣房,2014/08/31 19:42:41,3.6,868.79
15076,POS消费,地点1298,洗衣房,2014/08/31 19:43:04,-3.54,872.33
