15085,卡片开户,,,2014/07/20 13:05:41,0.0,0.0
15085,卡充值,,,2014/08/29 12:53:19,200.0,200.0
15085,POS消费,地点218,食堂,2014/08/29 12:53:59,5.8,194.2
15085,POS消费,地点21,开水,2014/08/29 12:59:24,8.6,185.6
15085,POS消费,地点21,开水,2014/08/29 12:59:48,8.6,177.0
15085,POS消费,地点72,食堂,2014/08/29 18:22:57,9.6,167.4
15085,POS消费,地点72,食堂,2014/08/29 18:23:20,10.6,156.8
15085,POS消费,地点233,食堂,2014/08/30 16:57:28,7.6,149.2
15085,POS消费,地点1884,开水,2014/08/30 20:49:08,0.01,149.19
15085,POS消费,地点1884,开水,2014/08/30 20:51:16,0.01,149.18
15085,POS消费,地点1884,开水,2014/08/30 20:52:13,0.01,149.17
15085,POS消费,地点1884,开水,2014/08/30 20:53:47,0.01,149.16
15085,POS消费,地点232,食堂,2014/08/31 07:41:02,1.7,147.46
15085,POS消费,地点21,开水,2014/08/31 12:41:19,6.9,140.56
15085,POS消费,地点269,食堂,2014/08/31 18:24:14,9.6,130.96
15085,POS消费,地点1911,淋浴,2014/08/31 22:09:14,0.3,130.66
15085,POS消费,地点1911,淋浴,2014/08/31 22:11:46,0.1,130.56
15085,POS消费,地点1911,淋浴,2014/08/31 22:13:40,0.1,130.46
15085,POS消费,地点1911,淋浴,2014/08/31 22:15:50,0.2,130.26
