15082,卡片开户,,,2014/07/16 15:31:17,0.0,0.0
15082,卡充值,,,2014/08/28 11:04:51,500.0,500.0
15082,POS消费,地点1293,洗衣房,2014/08/28 11:22:24,3.6,496.4
15082,POS消费,地点1293,洗衣房,2014/08/28 12:21:16,3.6,492.8
15082,POS消费,地点1293,洗衣房,2014/08/28 12:37:11,3.6,491.84
15082,POS消费,地点1293,洗衣房,2014/08/28 12:38:34,-2.64,495.44
15082,POS消费,地点1293,洗衣房,2014/08/28 13:06:59,-1.8,493.64
15082,POS消费,地点1442,校车,2014/08/28 14:28:57,1.0,492.64
15082,POS消费,地点314,食堂,2014/08/28 16:56:19,28.0,464.64
15082,POS消费,地点21,开水,2014/08/28 17:37:36,3.0,461.64
15082,POS消费,地点21,开水,2014/08/28 18:28:20,9.0,452.64
15082,POS消费,地点21,开水,2014/08/28 18:51:10,1.15,451.49
15082,POS消费,地点1447,校车,2014/08/28 19:06:09,1.0,450.49
15082,POS消费,地点1447,校车,2014/08/28 19:06:15,1.0,449.49
15082,POS消费,地点21,开水,2014/08/30 12:04:51,3.0,446.49
15082,POS消费,地点526,食堂,2014/08/30 14:54:29,8.0,438.49
15082,POS消费,地点526,食堂,2014/08/30 14:54:35,14.0,424.49
15082,POS消费,地点434,开水,2014/08/31 06:36:36,0.01,424.48
15082,POS消费,地点69,食堂,2014/08/31 07:05:36,1.2,423.28
15082,POS消费,地点91,校车,2014/08/31 12:22:58,5.5,417.78
15082,POS消费,地点927,淋浴,2014/08/31 16:47:23,0.2,417.48
15082,POS消费,地点927,淋浴,2014/08/31 16:49:57,0.1,417.68
15082,POS消费,地点232,食堂,2014/08/31 18:18:20,6.0,411.48
15082,POS消费,地点21,开水,2014/08/31 21:28:12,8.5,402.98
