15106,卡片开户,,,2014/07/10 12:40:29,0.0,0.0
15106,卡充值,,,2014/08/25 12:06:55,200.0,200.0
15106,POS消费,地点65,食堂,2014/08/26 07:23:15,0.8,196.8
15106,POS消费,地点61,食堂,2014/08/26 07:34:30,2.4,197.6
15106,POS消费,地点69,食堂,2014/08/26 17:12:59,9.6,187.2
15106,POS消费,地点61,食堂,2014/08/27 07:49:48,1.4,185.8
15106,POS消费,地点61,食堂,2014/08/27 07:49:53,0.8,185.0
15106,换卡,,,2014/08/27 12:29:17,0.0,0.0
15106,POS消费,地点222,校车,2014/08/27 17:35:18,1.0,184.0
15106,POS消费,地点222,校车,2014/08/28 19:35:33,1.0,183.0
15106,POS消费,地点222,校车,2014/08/28 19:37:08,1.0,182.0
15106,POS消费,地点188,超市,2014/08/29 08:24:40,4.2,177.8
15106,POS消费,地点218,食堂,2014/08/29 16:22:23,2.9,174.9
15106,POS消费,地点218,食堂,2014/08/29 16:22:32,2.9,172.0
15106,POS消费,地点1532,淋浴,2014/08/29 22:55:20,0.2,171.7
15106,POS消费,地点1532,淋浴,2014/08/29 22:55:56,0.1,171.9
15106,POS消费,地点146,校车,2014/08/30 08:50:16,1.0,170.7
15106,POS消费,地点222,校车,2014/08/30 09:16:31,1.0,169.7
15106,POS消费,地点222,校车,2014/08/30 16:25:14,1.0,168.7
15106,POS消费,地点69,食堂,2014/08/30 17:18:10,9.6,159.1
15106,POS消费,地点188,超市,2014/08/30 21:05:33,17.4,141.7
15106,POS消费,地点568,开水,2014/08/31 08:23:23,0.01,141.69
15106,POS消费,地点114,食堂,2014/08/31 08:39:35,4.0,137.69
15106,POS消费,地点1472,校车,2014/08/31 18:11:35,1.0,136.69
15106,POS消费,地点314,食堂,2014/08/31 21:09:12,0.1,136.59
15106,POS消费,地点1961,超市,2014/08/31 21:13:58,3.5,133.09
15106,POS消费,地点1527,淋浴,2014/08/31 23:03:52,0.6,132.49
