1527,卡片开户,,,2014/07/16 11:38:44,0.0,0.0
1527,卡充值,,,2014/08/29 17:04:02,200.0,200.0
1527,POS消费,地点21,开水,2014/08/29 17:47:01,27.3,172.7
1527,POS消费,地点204,食堂,2014/08/30 09:51:05,5.5,166.7
1527,POS消费,地点286,食堂,2014/08/30 17:44:30,1.0,165.7
1527,POS消费,地点286,食堂,2014/08/30 17:44:49,6.0,159.7
1527,POS消费,地点21,开水,2014/08/31 08:31:53,2.3,156.8
1527,POS消费,地点222,校车,2014/08/31 09:38:06,1.0,155.8
1527,POS消费,地点286,食堂,2014/08/31 11:32:24,1.0,154.8
1527,POS消费,地点267,食堂,2014/08/31 11:33:52,6.0,148.8
1527,POS消费,地点192,超市,2014/08/31 12:08:58,30.0,118.8
1527,POS消费,地点192,超市,2014/08/31 12:09:05,4.0,114.8
1527,POS消费,地点168,食堂,2014/08/31 18:51:42,10.5,104.3
1527,POS消费,地点222,校车,2014/08/31 19:21:04,1.0,103.3
