15385,卡片开户,,,2014/07/17 09:24:56,0.0,0.0
15385,卡充值,,,2014/08/29 08:31:18,500.0,500.0
15385,POS消费,地点60,食堂,2014/08/29 08:43:36,0.8,499.2
15385,POS消费,地点60,食堂,2014/08/29 08:43:41,0.8,498.4
15385,POS消费,地点1853,开水,2014/08/29 18:37:45,0.01,498.39
15385,POS消费,地点1853,开水,2014/08/30 13:21:45,0.02,498.33
15385,POS消费,地点184,食堂,2014/08/30 17:49:27,4.1,494.23
15385,POS消费,地点1853,开水,2014/08/30 22:46:56,0.02,494.21
15385,POS消费,地点60,食堂,2014/08/31 07:21:06,0.8,493.41
15385,POS消费,地点239,食堂,2014/08/31 11:40:16,9.6,483.81
15385,POS消费,地点65,食堂,2014/08/31 17:32:58,5.6,478.21
15385,POS消费,地点1853,开水,2014/08/31 21:47:19,0.02,478.19
15385,POS消费,地点1853,开水,2014/08/31 22:11:49,0.08,478.1
