15549,卡片开户,,,2014/07/14 12:01:07,0.0,0.0
15549,卡充值,,,2014/08/30 12:42:49,1000.0,1000.0
15549,POS消费,地点1887,开水,2014/08/30 13:32:03,0.01,999.99
15549,POS消费,地点91,校车,2014/08/30 16:52:09,16.0,983.99
15549,POS消费,地点91,校车,2014/08/30 16:52:14,3.0,980.99
15549,POS消费,地点1932,洗衣房,2014/08/30 22:35:55,1.2,979.79
15549,POS消费,地点103,食堂,2014/08/31 07:44:29,1.8,977.99
15549,POS消费,地点195,超市,2014/08/31 10:56:11,10.5,967.49
15549,POS消费,地点1629,开水,2014/08/31 11:36:33,0.12,967.37
15549,POS消费,地点248,超市,2014/08/31 12:11:06,4.6,962.77
15549,POS消费,地点12,文印中心,2014/08/31 18:55:09,0.8,949.07
15549,POS消费,地点1932,洗衣房,2014/08/31 19:08:59,1.2,947.87
15549,POS消费,地点1932,洗衣房,2014/08/31 19:34:42,1.2,946.67
15549,POS消费,地点1932,洗衣房,2014/08/31 19:38:51,1.2,945.47
15549,POS消费,地点192,超市,2014/08/31 20:15:18,30.0,915.47
15549,POS消费,地点192,超市,2014/08/31 20:15:36,15.1,900.37
