15554,卡片开户,,,2014/07/10 14:28:33,0.0,0.0
15554,卡充值,,,2014/08/18 12:16:40,200.0,200.0
15554,POS消费,地点1700,食堂,2014/08/18 12:28:16,9.0,191.0
15554,POS消费,地点61,食堂,2014/08/18 12:35:20,12.6,178.4
15554,POS消费,地点61,食堂,2014/08/18 12:35:57,12.6,165.8
15554,POS消费,地点251,食堂,2014/08/18 12:47:31,2.3,163.5
15554,POS消费,地点21,开水,2014/08/18 16:39:45,19.8,143.7
15554,POS消费,地点65,食堂,2014/08/18 17:48:42,9.6,134.1
15554,POS消费,地点65,食堂,2014/08/18 17:49:07,8.1,126.0
15554,POS消费,地点82,食堂,2014/08/18 18:04:58,8.1,117.9
15554,POS消费,地点65,食堂,2014/08/19 12:00:28,9.6,108.3
15554,POS消费,地点65,食堂,2014/08/19 12:00:50,9.6,98.7
15554,POS消费,地点14,淋浴,2014/08/19 13:05:37,0.1,98.6
15554,POS消费,地点230,食堂,2014/08/20 18:27:35,5.0,93.6
15554,POS消费,地点82,食堂,2014/08/21 12:02:30,9.8,83.8
