15565,卡片开户,,,2014/07/16 11:05:26,0.0,0.0
15565,卡充值,,,2014/08/28 10:54:58,300.0,300.0
15565,POS消费,地点292,超市,2014/08/28 12:09:46,2.5,297.5
15565,POS消费,地点26,图书馆,2014/08/28 17:17:15,58.1,239.4
15565,POS消费,地点248,超市,2014/08/28 18:37:38,6.1,233.3
15565,POS消费,地点190,超市,2014/08/28 19:22:31,30.0,203.3
15565,POS消费,地点190,超市,2014/08/28 19:22:41,25.5,177.8
15565,POS消费,地点61,食堂,2014/08/29 08:17:51,3.4,174.4
15565,POS消费,地点26,图书馆,2014/08/29 10:43:10,13.4,161.0
15565,POS消费,地点225,食堂,2014/08/29 11:35:10,8.6,152.4
15565,POS消费,地点307,食堂,2014/08/29 11:36:04,1.0,151.4
15565,POS消费,地点1067,淋浴,2014/08/29 18:09:20,0.1,151.3
15565,POS消费,地点1067,淋浴,2014/08/29 18:11:58,0.3,151.0
15565,POS消费,地点21,开水,2014/08/29 18:22:19,3.1,147.9
15565,POS消费,地点21,开水,2014/08/29 18:22:27,1.0,146.9
15565,POS消费,地点21,开水,2014/08/29 18:27:39,5.8,141.1
15565,POS消费,地点1364,洗衣房,2014/08/29 20:13:50,3.6,137.5
15565,POS消费,地点1364,洗衣房,2014/08/29 20:13:50,-0.36,137.86
15565,POS消费,地点21,开水,2014/08/30 06:41:34,3.8,134.06
15565,POS消费,地点91,校车,2014/08/30 11:13:10,3.3,130.76
15565,POS消费,地点91,校车,2014/08/30 11:13:50,3.9,126.86
15565,POS消费,地点219,超市,2014/08/30 14:13:42,6.0,120.86
15565,POS消费,地点219,超市,2014/08/30 15:55:12,12.0,108.86
15565,POS消费,地点219,超市,2014/08/30 15:55:16,4.0,104.86
15565,POS消费,地点168,食堂,2014/08/30 17:33:57,5.5,99.36
15565,POS消费,地点21,开水,2014/08/31 06:40:56,4.1,95.26
15565,POS消费,地点91,校车,2014/08/31 17:47:15,5.6,89.66
