15602,POS消费,地点26,图书馆,2014/07/02 18:04:32,0.0,0.0
15602,POS消费,地点26,图书馆,2014/07/02 18:04:32,0.11,2.5
15602,卡片开户,,,2014/07/19 13:16:58,0.0,0.0
15602,卡充值,,,2014/08/30 09:51:27,200.0,200.0
15602,POS消费,地点21,开水,2014/08/30 11:56:42,1.5,192.9
15602,POS消费,地点134,食堂,2014/08/30 12:07:16,5.6,194.4
15602,POS消费,地点190,超市,2014/08/30 16:51:39,0.5,192.4
15602,POS消费,地点21,开水,2014/08/30 18:01:12,1.5,190.9
15602,POS消费,地点103,食堂,2014/08/30 18:17:14,3.5,187.4
15602,POS消费,地点292,超市,2014/08/30 20:23:34,0.4,187.0
15602,POS消费,地点1881,淋浴,2014/08/30 22:01:56,0.1,186.9
15602,POS消费,地点1881,淋浴,2014/08/30 22:03:04,0.4,186.5
15602,POS消费,地点1881,淋浴,2014/08/30 22:06:41,0.4,186.1
15602,POS消费,地点1629,开水,2014/08/30 22:44:28,0.08,186.02
15602,POS消费,地点114,食堂,2014/08/31 08:16:40,2.5,183.52
15602,POS消费,地点21,开水,2014/08/31 11:41:17,0.7,182.82
15602,POS消费,地点21,开水,2014/08/31 11:42:10,1.0,181.82
15602,POS消费,地点248,超市,2014/08/31 11:45:45,4.0,177.82
15602,POS消费,地点1629,开水,2014/08/31 12:23:05,0.08,177.74
15602,POS消费,地点1881,淋浴,2014/08/31 12:34:52,0.2,177.54
15602,POS消费,地点21,开水,2014/08/31 17:16:00,1.6,175.94
15602,POS消费,地点21,开水,2014/08/31 17:18:28,1.0,174.94
15602,POS消费,地点21,开水,2014/08/31 17:18:32,9.0,165.94
15602,POS消费,地点219,超市,2014/08/31 18:37:35,4.5,161.44
15602,POS消费,地点1629,开水,2014/08/31 22:32:10,0.09,161.35
15602,POS消费,地点1629,开水,2014/08/31 22:58:08,0.01,161.34
