15650,POS消费,地点1718,淋浴,2014/09/04 23:24:36,0.4,1.01
15650,POS消费,地点1705,开水,2014/09/07 22:41:26,0.01,1.0
15650,POS消费,地点1719,淋浴,2014/09/09 00:09:12,0.3,0.7
15650,卡充值,,,2014/09/09 16:19:31,30.0,30.7
15650,POS消费,地点1718,淋浴,2014/09/09 23:30:01,0.6,30.1
15650,POS消费,地点21,开水,2014/09/10 09:48:31,2.5,27.6
15650,POS消费,地点21,开水,2014/09/10 09:49:15,2.0,25.6
15650,POS消费,地点1719,淋浴,2014/09/10 13:41:00,0.6,25.0
15650,POS消费,地点1718,淋浴,2014/09/17 00:03:07,0.5,24.5
15650,POS消费,地点1705,开水,2014/09/17 10:55:42,0.01,24.49
15650,POS消费,地点21,开水,2014/09/17 11:35:28,1.5,22.99
15650,POS消费,地点21,开水,2014/09/17 11:39:48,5.5,17.49
15650,POS消费,地点21,开水,2014/09/17 18:04:30,5.0,12.49
15650,卡充值,,,2014/09/19 11:09:09,20.0,32.49
15650,POS消费,地点91,校车,2014/09/19 11:18:38,10.0,22.49
15650,POS消费,地点21,开水,2014/09/19 11:33:53,3.3,19.19
15650,POS消费,地点21,开水,2014/09/20 17:50:30,3.0,16.19
15650,POS消费,地点21,开水,2014/09/20 17:51:12,1.0,15.19
15650,POS消费,地点91,校车,2014/09/20 17:51:40,4.55,10.64
15650,POS消费,地点21,开水,2014/09/23 11:59:32,1.5,9.14
15650,POS消费,地点21,开水,2014/09/23 11:59:44,3.0,6.14
15650,POS消费,地点1720,淋浴,2014/09/24 23:49:54,0.4,5.74
15650,POS消费,地点21,开水,2014/09/28 15:52:11,3.0,2.74
15650,POS消费,地点1705,开水,2014/09/28 22:36:29,0.01,2.73
15650,POS消费,地点1713,淋浴,2014/09/29 00:21:40,0.1,2.63
15650,POS消费,地点1718,淋浴,2014/09/29 00:23:11,0.1,2.53
15650,POS消费,地点1719,淋浴,2014/09/29 00:23:23,0.1,2.43
15650,POS消费,地点1824,淋浴,2014/09/29 00:23:35,0.1,2.33
15650,POS消费,地点1710,淋浴,2014/09/29 00:23:42,0.1,2.23
15650,POS消费,地点1720,淋浴,2014/09/29 00:23:52,0.1,2.13
15650,POS消费,地点1720,淋浴,2014/09/29 23:18:29,0.5,1.63
15650,卡充值,,,2014/09/30 10:08:46,20.0,21.63
15650,POS消费,地点91,校车,2014/09/30 10:40:28,10.5,11.13
15650,POS消费,地点1719,淋浴,2014/09/30 13:33:36,0.1,11.03
15650,POS消费,地点1718,淋浴,2014/09/30 13:34:34,0.8,10.23
15650,POS消费,地点1705,开水,2014/10/09 14:20:49,0.01,10.22
15650,POS消费,地点91,校车,2014/10/10 12:04:25,10.0,0.22
15650,POS消费,地点1824,淋浴,2014/10/14 22:58:20,0.2,0.02
15650,POS消费,地点1705,开水,2014/10/17 12:01:04,0.01,0.01
15650,卡充值,,,2014/11/10 11:59:00,30.0,30.01
15650,POS消费,地点91,校车,2014/11/10 12:01:29,10.5,19.51
15650,POS消费,地点21,开水,2014/11/10 12:03:00,10.0,9.51
15650,POS消费,地点1824,淋浴,2014/11/11 22:45:53,0.5,9.01
15650,POS消费,地点1705,开水,2014/11/12 12:34:01,0.03,8.98
15650,POS消费,地点21,开水,2014/11/14 08:29:29,2.6,6.38
15650,POS消费,地点1705,开水,2014/11/18 13:17:24,0.03,6.35
15650,卡充值,,,2014/11/21 12:02:01,10.0,16.35
15650,POS消费,地点91,校车,2014/11/21 12:08:27,3.7,12.65
15650,POS消费,地点21,开水,2014/11/21 12:10:34,3.5,9.15
15650,POS消费,地点21,开水,2014/11/21 12:28:08,2.5,6.65
15650,POS消费,地点1824,淋浴,2014/11/24 23:24:35,0.6,6.05
15650,POS消费,地点1718,淋浴,2014/11/27 22:45:35,0.6,5.45
15650,POS消费,地点1824,淋浴,2014/12/01 23:53:26,0.5,4.95
15650,POS消费,地点1720,淋浴,2014/12/13 23:55:45,0.6,4.35
15650,POS消费,地点21,开水,2014/12/14 09:43:27,2.8,1.55
15650,POS消费,地点1720,淋浴,2015/01/08 15:37:50,0.1,1.45
15650,POS消费,地点1710,淋浴,2015/01/08 23:22:09,0.8,0.65
15650,POS消费,地点2195,开水,2015/01/09 14:26:07,0.03,0.62
15650,POS消费,地点1710,淋浴,2015/01/11 02:17:21,0.1,0.52
15650,POS消费,地点1720,淋浴,2015/01/11 02:17:58,0.1,0.42
15650,POS消费,地点2195,开水,2015/01/11 02:22:12,0.13,0.29
15650,卡充值,,,2015/03/16 11:32:28,30.0,30.29
15650,POS消费,地点6,淋浴,2015/03/16 11:37:31,12.0,18.29
15650,POS消费,地点21,开水,2015/03/16 12:08:49,6.3,11.99
15650,POS消费,地点21,开水,2015/03/17 08:58:59,2.0,9.99
15650,POS消费,地点21,开水,2015/03/17 08:59:02,0.6,9.39
15650,POS消费,地点1713,淋浴,2015/03/23 23:13:14,0.4,8.99
15650,POS消费,地点2195,开水,2015/03/24 12:40:07,0.12,8.87
15650,POS消费,地点21,开水,2015/03/24 14:23:34,4.4,4.47
15650,POS消费,地点1720,淋浴,2015/03/27 23:59:45,0.5,3.97
15650,POS消费,地点1720,淋浴,2015/03/31 21:50:19,0.6,3.37
15650,卡充值,,,2015/04/01 12:04:50,30.0,33.37
15650,POS消费,地点91,校车,2015/04/01 12:09:22,10.0,23.37
15650,POS消费,地点21,开水,2015/04/01 12:35:46,3.0,20.37
15650,POS消费,地点1719,淋浴,2015/04/08 22:02:11,0.8,19.57
15650,POS消费,地点2195,开水,2015/04/09 12:18:57,0.04,19.53
15650,POS消费,地点232,食堂,2015/04/16 11:21:05,6.0,13.53
15650,POS消费,地点21,开水,2015/04/16 11:45:41,5.2,8.33
15650,POS消费,地点1710,淋浴,2015/04/16 22:44:33,0.6,7.73
15650,POS消费,地点248,超市,2015/04/17 08:19:04,4.4,3.33
15650,POS消费,地点2195,开水,2015/04/23 12:03:38,0.05,3.28
15650,POS消费,地点1718,淋浴,2015/04/26 23:18:57,0.6,2.68
15650,POS消费,地点21,开水,2015/05/07 08:27:09,2.6,0.08
15650,POS消费,地点2195,开水,2015/05/21 17:41:11,0.01,0.07
