15730,POS消费,地点1098,文印中心,2014/09/02 13:54:54,0.5,9.22
15730,POS消费,地点829,图书馆,2014/09/12 14:09:58,4.0,5.22
15730,卡充值,,,2014/09/12 16:15:03,50.0,55.22
15730,POS消费,地点21,开水,2014/09/12 16:18:58,2.5,52.72
15730,POS消费,地点228,食堂,2014/10/10 11:53:30,13.0,39.72
15730,POS消费,地点228,食堂,2014/10/10 11:54:51,2.5,37.22
15730,POS消费,地点228,食堂,2014/10/10 11:55:09,7.0,30.22
15730,POS消费,地点228,食堂,2014/10/10 11:56:44,7.0,21.42
15730,POS消费,地点231,食堂,2014/10/10 12:08:45,0.6,29.62
15730,POS消费,地点231,食堂,2014/10/10 12:08:56,1.2,28.42
15730,POS消费,地点231,食堂,2014/10/10 12:17:28,0.8,20.62
15730,POS消费,地点218,食堂,2014/10/10 12:19:20,2.9,17.72
15730,POS消费,地点1456,校车,2014/10/10 12:50:36,2.0,15.72
15730,POS消费,地点1456,校车,2014/10/10 12:50:44,2.0,13.72
15730,POS消费,地点1456,校车,2014/10/10 12:50:51,2.0,11.72
15730,POS消费,地点21,开水,2014/11/24 07:32:26,4.4,7.32
15730,POS消费,地点1098,文印中心,2014/12/22 15:41:26,0.2,7.12
15730,POS消费,地点21,开水,2014/12/23 09:47:59,3.9,3.22
15730,POS消费,地点1098,文印中心,2014/12/23 13:23:46,0.6,2.62
15730,卡充值,,,2015/07/19 12:58:49,50.0,52.62
15730,,,,2015/07/19 14:14:25,40.0,12.62
15730,卡充值,,,2015/08/12 10:32:43,10.0,12.62
15730,,,,2015/08/12 11:39:39,10.0,2.62
15730,,,,2015/08/12 11:43:21,10.0,2.62
15730,POS消费,地点1098,文印中心,2015/08/31 15:28:45,0.5,2.12
