15751,卡片开户,,,2014/07/12 15:47:39,0.0,0.0
15751,卡充值,,,2014/08/30 08:46:24,100.0,100.0
15751,POS消费,地点89,食堂,2014/08/30 12:01:05,4.5,95.5
15751,POS消费,地点21,开水,2014/08/30 17:19:58,3.0,92.5
15751,POS消费,地点21,开水,2014/08/30 17:21:08,1.5,91.0
15751,POS消费,地点188,超市,2014/08/30 19:35:44,15.5,75.5
15751,POS消费,地点1937,洗衣房,2014/08/30 20:54:22,3.6,71.9
15751,POS消费,地点1531,洗衣房,2014/08/30 21:02:02,-3.54,71.84
15751,POS消费,地点1531,洗衣房,2014/08/30 21:02:02,3.6,68.3
15751,POS消费,地点179,食堂,2014/08/31 08:17:04,1.35,70.49
15751,POS消费,地点255,食堂,2014/08/31 11:23:05,5.6,64.89
15751,POS消费,地点248,超市,2014/08/31 16:29:22,5.6,59.29
15751,POS消费,地点6,淋浴,2014/08/31 16:37:48,3.0,56.29
15751,POS消费,地点21,开水,2014/08/31 21:47:01,14.5,41.79
