15764,卡片开户,,,2014/07/18 10:38:29,0.0,0.0
15764,卡充值,,,2014/08/28 11:31:39,50.0,50.0
15764,POS消费,地点59,食堂,2014/08/28 11:36:14,3.6,46.4
15764,POS消费,地点59,食堂,2014/08/28 11:36:55,3.3,43.1
15764,POS消费,地点242,食堂,2014/08/28 11:49:02,0.6,42.5
15764,POS消费,地点239,食堂,2014/08/28 11:50:31,10.0,32.5
15764,POS消费,地点251,食堂,2014/08/28 11:51:39,3.0,29.5
15764,POS消费,地点1910,淋浴,2014/08/28 21:08:05,0.2,29.2
15764,POS消费,地点1910,淋浴,2014/08/28 21:09:17,0.1,29.4
15764,POS消费,地点1910,淋浴,2014/08/28 21:12:37,0.2,29.0
15764,POS消费,地点1910,淋浴,2014/08/28 21:16:56,0.2,28.8
15764,POS消费,地点1910,淋浴,2014/08/28 21:18:00,0.5,28.3
15764,POS消费,地点1910,淋浴,2014/08/28 21:19:51,0.1,28.2
15764,POS消费,地点1910,淋浴,2014/08/28 21:20:12,0.1,28.1
15764,POS消费,地点1915,淋浴,2014/08/28 21:27:09,0.7,27.4
15764,POS消费,地点237,食堂,2014/08/29 11:16:04,4.8,22.6
15764,POS消费,地点251,食堂,2014/08/29 11:27:45,1.0,21.6
15764,POS消费,地点242,食堂,2014/08/29 17:35:13,3.3,18.3
15764,POS消费,地点251,食堂,2014/08/29 17:35:20,1.0,17.3
15764,POS消费,地点1915,淋浴,2014/08/29 21:29:21,0.5,16.8
15764,POS消费,地点161,食堂,2014/08/30 17:36:10,10.2,6.6
15764,POS消费,地点192,超市,2014/08/30 21:00:51,3.0,3.6
15764,POS消费,地点192,超市,2014/08/30 21:01:18,0.3,3.3
15764,POS消费,地点1909,淋浴,2014/08/30 22:17:57,0.1,3.2
15764,POS消费,地点1904,淋浴,2014/08/30 22:18:49,0.1,3.1
15764,POS消费,地点21,开水,2014/08/31 12:27:00,8.6,193.7
15764,卡充值,,,2014/08/31 12:31:46,200.0,202.3
15764,POS消费,地点21,开水,2014/08/31 18:04:52,3.0,188.1
15764,POS消费,地点184,食堂,2014/08/31 18:05:00,2.6,191.1
15764,POS消费,地点1472,校车,2014/08/31 18:35:54,1.0,187.1
15764,POS消费,地点1918,淋浴,2014/08/31 23:09:15,1.1,186.0
