15765,卡片开户,,,2014/07/20 13:12:22,0.0,0.0
15765,卡充值,,,2014/08/29 14:31:16,200.0,200.0
15765,POS消费,地点27,教务处,2014/08/29 16:38:23,15.0,185.0
15765,POS消费,地点251,食堂,2014/08/29 18:26:56,1.5,183.5
15765,POS消费,地点21,开水,2014/08/29 18:29:58,1.05,182.45
15765,POS消费,地点251,食堂,2014/08/29 18:31:00,1.5,180.95
15765,POS消费,地点65,食堂,2014/08/30 09:32:18,0.8,180.15
15765,POS消费,地点61,食堂,2014/08/30 11:56:53,6.6,173.55
15765,POS消费,地点61,食堂,2014/08/30 11:57:16,6.6,166.95
15765,POS消费,地点61,食堂,2014/08/30 12:00:04,5.4,161.55
15765,POS消费,地点1579,开水,2014/08/30 12:36:52,0.01,161.54
15765,POS消费,地点1579,开水,2014/08/30 12:37:14,0.01,161.53
15765,POS消费,地点1592,开水,2014/08/30 12:50:13,0.09,161.44
15765,POS消费,地点213,食堂,2014/08/30 16:23:55,0.15,161.29
15765,POS消费,地点69,食堂,2014/08/30 17:30:10,9.6,151.69
15765,POS消费,地点12,文印中心,2014/08/30 21:35:17,0.3,151.39
15765,POS消费,地点89,食堂,2014/08/31 11:45:06,4.5,146.89
15765,POS消费,地点1657,淋浴,2014/08/31 21:15:26,0.6,146.29
15765,POS消费,地点1592,开水,2014/08/31 21:41:33,0.06,146.23
