15839,卡片开户,,,2014/07/18 10:52:23,0.0,0.0
15839,卡充值,,,2014/08/29 16:38:57,600.0,600.0
15839,POS消费,地点114,食堂,2014/08/29 16:39:14,5.0,595.0
15839,POS消费,地点87,食堂,2014/08/30 12:24:09,4.6,590.4
15839,POS消费,地点192,超市,2014/08/30 16:22:03,30.0,560.4
15839,POS消费,地点192,超市,2014/08/30 16:22:08,30.0,530.4
15839,POS消费,地点192,超市,2014/08/30 16:22:13,13.3,517.1
15839,POS消费,地点21,开水,2014/08/30 17:26:00,1.0,508.5
15839,POS消费,地点1588,食堂,2014/08/30 17:37:22,7.6,509.5
15839,POS消费,地点1961,超市,2014/08/30 21:05:56,32.5,476.0
15839,POS消费,地点192,超市,2014/08/31 09:59:28,20.9,455.1
15839,POS消费,地点1674,食堂,2014/08/31 11:53:25,3.0,452.1
15839,POS消费,地点21,开水,2014/08/31 12:02:23,1.5,450.6
15839,POS消费,地点1847,食堂,2014/08/31 12:11:47,1.0,449.6
15839,POS消费,地点1961,超市,2014/08/31 12:18:09,35.0,414.6
15839,POS消费,地点1072,淋浴,2014/08/31 22:13:14,0.5,414.1
