15845,卡片开户,,,2014/07/19 13:16:19,0.0,0.0
15845,卡充值,,,2014/08/29 13:32:37,500.0,500.0
15845,POS消费,地点69,食堂,2014/08/29 13:53:19,8.6,491.4
15845,POS消费,地点69,食堂,2014/08/29 13:53:45,8.6,482.8
15845,POS消费,地点69,食堂,2014/08/29 13:54:04,8.6,474.2
15845,POS消费,地点188,超市,2014/08/29 16:22:34,22.6,451.6
15845,卡充值,,,2014/08/29 17:40:32,500.0,951.6
15845,POS消费,地点89,食堂,2014/08/29 18:44:34,4.5,947.1
15845,POS消费,地点180,开水,2014/08/29 19:33:25,0.01,947.09
15845,POS消费,地点19,开水,2014/08/29 21:16:34,0.1,946.99
15845,POS消费,地点232,食堂,2014/08/30 07:23:47,2.95,944.04
15845,POS消费,地点19,开水,2014/08/30 07:38:03,0.12,943.92
15845,POS消费,地点1385,校车,2014/08/30 09:10:13,2.0,941.92
15845,POS消费,地点1387,校车,2014/08/30 11:20:28,2.0,939.92
15845,POS消费,地点21,开水,2014/08/30 11:56:16,3.0,936.92
15845,POS消费,地点972,食堂,2014/08/30 12:01:06,4.0,932.92
15845,POS消费,地点314,食堂,2014/08/30 13:16:52,28.0,904.92
15845,POS消费,地点314,食堂,2014/08/30 13:19:06,2.0,902.92
15845,POS消费,地点124,食堂,2014/08/30 17:07:12,4.5,898.42
15845,POS消费,地点1847,食堂,2014/08/30 17:24:59,4.3,894.12
15845,POS消费,地点69,食堂,2014/08/31 07:19:20,2.4,891.72
15845,POS消费,地点60,食堂,2014/08/31 07:32:57,0.5,891.22
15845,POS消费,地点21,开水,2014/08/31 11:17:20,7.1,884.12
15845,POS消费,地点192,超市,2014/08/31 11:34:25,3.0,881.12
15845,POS消费,地点182,食堂,2014/08/31 17:34:00,8.6,872.52
15845,POS消费,地点1847,食堂,2014/08/31 17:45:23,1.5,871.02
