15869,卡片开户,,,2014/07/19 16:32:21,0.0,0.0
15869,卡挂失,,,2014/08/28 13:00:02,0.0,0.0
15869,卡片开户,,,2014/08/28 13:00:29,215.0,200.0
15869,POS消费,地点1447,校车,2014/08/28 16:30:57,1.0,199.0
15869,POS消费,地点1447,校车,2014/08/28 16:31:04,1.0,198.0
15869,POS消费,地点1447,校车,2014/08/28 16:31:14,1.0,197.0
15869,POS消费,地点146,校车,2014/08/28 17:19:32,1.0,196.0
15869,POS消费,地点146,校车,2014/08/28 17:19:39,1.0,195.0
15869,POS消费,地点146,校车,2014/08/28 17:19:52,1.0,194.0
15869,POS消费,地点21,开水,2014/08/29 11:50:13,6.0,188.0
15869,POS消费,地点232,食堂,2014/08/29 11:59:35,5.5,182.5
15869,POS消费,地点91,校车,2014/08/29 12:03:39,5.5,177.0
15869,POS消费,地点837,校车,2014/08/29 12:59:12,1.0,176.0
15869,POS消费,地点1904,淋浴,2014/08/29 21:57:36,0.1,174.9
15869,POS消费,地点1904,淋浴,2014/08/29 21:59:59,0.1,174.8
15869,POS消费,地点69,食堂,2014/08/30 07:41:03,4.1,170.7
15869,POS消费,地点837,校车,2014/08/30 09:53:39,1.0,169.7
15869,POS消费,地点1915,淋浴,2014/08/31 07:09:10,0.5,167.2
15869,POS消费,地点1915,淋浴,2014/08/31 07:11:01,0.2,167.0
15869,POS消费,地点87,食堂,2014/08/31 07:56:38,2.0,165.0
15869,POS消费,地点87,食堂,2014/08/31 07:57:02,2.0,163.0
15869,POS消费,地点69,食堂,2014/08/31 17:48:50,4.6,158.4
15869,POS消费,地点219,超市,2014/08/31 19:22:32,4.0,154.4
15869,POS消费,地点1918,淋浴,2014/08/31 20:11:18,0.5,153.9
15869,POS消费,地点1918,淋浴,2014/08/31 20:19:36,0.1,153.8
