15875,卡片开户,,,2014/07/19 10:23:34,0.0,0.0
15875,卡充值,,,2014/08/27 14:55:44,200.0,200.0
15875,卡充值,,,2014/08/27 15:12:57,300.0,500.0
15875,POS消费,地点192,超市,2014/08/27 15:45:57,30.0,470.0
15875,POS消费,地点192,超市,2014/08/27 15:46:00,30.0,440.0
15875,POS消费,地点192,超市,2014/08/27 15:46:04,30.0,410.0
15875,POS消费,地点192,超市,2014/08/27 15:47:03,30.0,380.0
15875,POS消费,地点192,超市,2014/08/27 15:47:11,30.0,350.0
15875,POS消费,地点192,超市,2014/08/27 15:47:20,30.0,320.0
15875,POS消费,地点192,超市,2014/08/27 15:47:35,30.0,290.0
15875,POS消费,地点192,超市,2014/08/27 15:47:51,30.0,260.0
15875,POS消费,地点192,超市,2014/08/27 15:48:00,30.0,230.0
15875,POS消费,地点192,超市,2014/08/27 15:48:09,30.0,200.0
15875,POS消费,地点192,超市,2014/08/27 15:48:22,30.0,170.0
15875,POS消费,地点192,超市,2014/08/27 15:48:30,30.0,140.0
15875,POS消费,地点192,超市,2014/08/27 15:48:49,12.4,127.6
15875,POS消费,地点1632,开水,2014/08/27 16:53:22,0.05,127.55
15875,POS消费,地点21,开水,2014/08/28 18:08:03,8.2,119.35
15875,POS消费,地点91,校车,2014/08/28 18:09:47,13.5,105.85
15875,POS消费,地点21,开水,2014/08/29 08:34:47,4.8,101.05
15875,POS消费,地点21,开水,2014/08/29 08:34:54,2.0,99.05
15875,POS消费,地点21,开水,2014/08/29 08:35:13,4.1,94.95
15875,POS消费,地点211,校车,2014/08/29 12:43:43,1.0,93.95
15875,POS消费,地点211,校车,2014/08/29 12:43:49,1.0,92.95
15875,POS消费,地点1632,开水,2014/08/29 14:22:17,0.01,92.94
15875,POS消费,地点21,开水,2014/08/29 16:44:36,30.0,62.94
15875,POS消费,地点21,开水,2014/08/29 16:44:45,3.8,59.14
15875,POS消费,地点21,开水,2014/08/29 16:45:05,3.0,56.14
15875,POS消费,地点114,食堂,2014/08/29 16:45:15,2.0,54.14
15875,POS消费,地点218,食堂,2014/08/29 16:46:22,1.8,52.34
15875,POS消费,地点1632,开水,2014/08/29 17:23:14,0.08,52.26
15875,POS消费,地点91,校车,2014/08/30 12:20:14,8.0,44.26
15875,POS消费,地点91,校车,2014/08/30 12:20:51,1.5,42.76
15875,POS消费,地点1893,淋浴,2014/08/30 13:06:52,0.3,42.46
15875,POS消费,地点1625,淋浴,2014/08/30 13:09:29,0.9,41.56
15875,POS消费,地点1631,开水,2014/08/30 16:34:15,0.01,41.55
15875,POS消费,地点157,食堂,2014/08/31 08:15:04,0.5,41.05
15875,POS消费,地点1409,食堂,2014/08/31 08:17:20,4.1,36.95
15875,POS消费,地点91,校车,2014/08/31 12:06:04,13.4,23.55
15875,POS消费,地点91,校车,2014/08/31 12:13:52,0.6,22.95
15875,POS消费,地点21,开水,2014/08/31 12:18:36,3.2,19.75
15875,POS消费,地点1631,开水,2014/08/31 16:44:20,0.08,19.67
15875,POS消费,地点219,超市,2014/08/31 18:12:17,4.0,15.67
15875,POS消费,地点21,开水,2014/08/31 18:47:40,3.0,12.67
15875,POS消费,地点188,超市,2014/08/31 19:13:27,8.0,4.67
15875,POS消费,地点1889,洗衣房,2014/08/31 19:20:11,-3.54,4.61
15875,POS消费,地点1889,洗衣房,2014/08/31 19:20:11,3.6,1.07
15875,POS消费,地点1889,洗衣房,2014/08/31 19:21:01,3.6,1.01
15875,POS消费,地点1625,淋浴,2014/08/31 19:36:30,0.7,0.31
