1596,POS消费,地点26,图书馆,2014/07/03 11:53:31,0.0,0.0
1596,POS消费,地点26,图书馆,2014/07/03 11:53:31,0.12,0.27
1596,卡片开户,,,2014/07/18 12:07:32,0.0,0.0
1596,卡充值,,,2014/08/28 18:52:14,50.0,50.0
1596,POS消费,地点188,超市,2014/08/28 20:54:03,6.5,43.5
1596,POS消费,地点72,食堂,2014/08/29 08:09:08,2.6,40.9
1596,POS消费,地点60,食堂,2014/08/29 08:19:06,0.5,40.4
1596,POS消费,地点134,食堂,2014/08/29 12:57:52,9.6,30.8
1596,POS消费,地点192,超市,2014/08/29 15:35:52,16.0,14.8
1596,POS消费,地点61,食堂,2014/08/29 18:50:14,8.6,6.2
1596,POS消费,地点188,超市,2014/08/29 21:09:52,0.3,5.9
1596,POS消费,地点1954,淋浴,2014/08/29 22:08:16,0.5,5.4
1596,POS消费,地点1852,开水,2014/08/30 07:35:54,0.01,5.39
1596,POS消费,地点1852,开水,2014/08/30 07:36:24,0.01,5.38
1596,卡充值,,,2014/08/30 08:46:27,100.0,105.38
1596,POS消费,地点21,开水,2014/08/30 08:53:13,2.15,103.23
1596,POS消费,地点146,校车,2014/08/30 10:48:31,1.0,102.23
1596,POS消费,地点195,超市,2014/08/30 16:41:44,28.0,74.23
1596,POS消费,地点89,食堂,2014/08/30 17:55:48,4.5,69.73
1596,POS消费,地点1954,淋浴,2014/08/30 22:04:57,0.4,69.33
1596,POS消费,地点1588,食堂,2014/08/31 08:27:02,3.95,65.38
1596,POS消费,地点21,开水,2014/08/31 12:08:32,4.6,60.78
1596,POS消费,地点188,超市,2014/08/31 12:36:00,2.5,58.28
1596,POS消费,地点248,超市,2014/08/31 17:32:36,4.6,53.68
