15985,卡片开户,,,2014/07/14 10:02:08,0.0,0.0
15985,卡充值,,,2014/08/29 14:57:39,300.0,300.0
15985,POS消费,地点1870,开水,2014/08/29 15:45:07,0.01,299.98
15985,POS消费,地点1884,开水,2014/08/29 17:07:34,0.01,299.99
15985,POS消费,地点1884,开水,2014/08/30 05:23:18,0.01,299.97
15985,POS消费,地点1884,开水,2014/08/30 05:26:28,0.01,299.96
15985,POS消费,地点61,食堂,2014/08/30 12:05:26,6.4,293.56
15985,POS消费,地点1884,开水,2014/08/30 13:16:25,0.01,293.52
15985,POS消费,地点1884,开水,2014/08/30 13:16:31,0.01,293.51
15985,POS消费,地点1884,开水,2014/08/30 13:16:42,0.01,293.49
15985,POS消费,地点1884,开水,2014/08/30 13:16:54,0.01,293.47
15985,POS消费,地点1884,开水,2014/08/30 13:17:25,0.01,293.55
15985,POS消费,地点1884,开水,2014/08/30 13:17:31,0.01,293.54
15985,POS消费,地点1884,开水,2014/08/30 13:17:37,0.01,293.53
15985,POS消费,地点1884,开水,2014/08/30 13:18:22,0.01,293.5
15985,POS消费,地点1884,开水,2014/08/30 13:18:34,0.01,293.48
15985,POS消费,地点124,食堂,2014/08/30 18:09:37,4.5,288.97
15985,POS消费,地点1871,洗衣房,2014/08/30 19:43:53,1.2,287.17
15985,POS消费,地点1872,洗衣房,2014/08/30 20:34:19,1.2,285.97
15985,POS消费,地点1872,洗衣房,2014/08/30 20:40:20,1.2,285.91
15985,POS消费,地点1872,洗衣房,2014/08/30 20:41:36,-1.14,287.11
15985,POS消费,地点1872,洗衣房,2014/08/30 21:03:28,1.2,284.71
15985,POS消费,地点1872,洗衣房,2014/08/30 21:26:22,1.2,283.51
15985,POS消费,地点1872,洗衣房,2014/08/30 21:44:25,-0.84,284.35
15985,POS消费,地点1870,开水,2014/08/31 07:53:56,0.01,284.34
15985,POS消费,地点263,食堂,2014/08/31 17:24:43,8.6,275.74
15985,POS消费,地点1870,开水,2014/08/31 18:46:18,0.01,275.73
15985,POS消费,地点26,图书馆,2014/08/31 22:54:16,0.1,275.63
15985,POS消费,地点1872,洗衣房,2014/08/31 23:12:55,1.2,274.43
15985,POS消费,地点1872,洗衣房,2014/08/31 23:35:22,1.2,273.23
