15992,卡片开户,,,2014/07/18 11:40:39,0.0,0.0
15992,卡充值,,,2014/08/29 10:43:27,500.0,500.0
15992,POS消费,地点72,食堂,2014/08/30 17:34:58,5.1,494.9
15992,POS消费,地点72,食堂,2014/08/30 17:35:19,5.6,489.3
15992,POS消费,地点222,校车,2014/08/30 18:04:48,1.0,488.3
15992,POS消费,地点1946,淋浴,2014/08/30 21:07:32,1.0,487.3
15992,POS消费,地点1409,食堂,2014/08/31 08:02:55,2.6,484.7
15992,POS消费,地点134,食堂,2014/08/31 08:05:03,0.9,483.8
15992,POS消费,地点21,开水,2014/08/31 12:11:43,4.0,479.8
15992,POS消费,地点1916,淋浴,2014/08/31 19:58:34,1.1,478.7
