16015,卡充值,,,2013/09/01 11:17:52,200.0,200.07
16015,POS消费,地点91,校车,2013/09/01 18:27:12,12.0,188.07
16015,POS消费,地点91,校车,2013/09/01 18:35:16,0.6,187.47
16015,POS消费,地点26,图书馆,2013/09/01 18:36:56,1.8,185.67
16015,POS消费,地点91,校车,2013/09/01 18:44:10,0.3,185.37
16015,POS消费,地点315,淋浴,2013/09/01 18:59:01,0.4,184.97
16015,POS消费,地点21,开水,2013/09/01 19:51:40,43.3,141.67
16015,POS消费,地点21,开水,2013/09/02 07:12:12,4.6,137.07
16015,POS消费,地点21,开水,2013/09/02 12:07:28,10.6,126.47
16015,POS消费,地点21,开水,2013/09/02 18:02:18,5.6,120.87
16015,POS消费,地点21,开水,2013/09/02 18:03:30,2.0,118.87
16015,POS消费,地点21,开水,2013/09/02 18:12:54,2.0,116.87
16015,POS消费,地点315,淋浴,2013/09/02 20:01:53,0.5,116.37
16015,POS消费,地点86,开水,2013/09/03 06:59:00,0.14,116.23
16015,POS消费,地点21,开水,2013/09/03 07:16:03,2.0,114.23
16015,POS消费,地点21,开水,2013/09/03 07:16:52,3.03,111.2
16015,POS消费,地点315,淋浴,2013/09/03 13:54:52,0.2,111.0
16015,POS消费,地点21,开水,2013/09/03 14:13:15,6.8,104.2
16015,POS消费,地点91,校车,2013/09/03 17:14:20,7.6,96.6
16015,POS消费,地点91,校车,2013/09/03 17:25:13,0.2,96.4
16015,POS消费,地点21,开水,2013/09/03 17:35:38,3.3,93.1
16015,POS消费,地点21,开水,2013/09/04 07:11:44,2.0,91.1
16015,POS消费,地点21,开水,2013/09/04 07:12:08,1.8,89.3
16015,POS消费,地点21,开水,2013/09/04 11:32:01,5.6,83.7
16015,POS消费,地点21,开水,2013/09/04 11:33:43,2.0,81.7
16015,POS消费,地点21,开水,2013/09/04 11:34:03,2.0,79.7
16015,POS消费,地点315,淋浴,2013/09/04 20:15:20,0.4,79.3
16015,POS消费,地点27,教务处,2013/09/05 12:03:33,22.0,57.3
16015,POS消费,地点21,开水,2013/09/05 17:46:25,3.0,54.3
16015,POS消费,地点21,开水,2013/09/05 17:46:46,2.5,51.8
16015,POS消费,地点21,开水,2013/09/05 18:04:37,2.0,49.8
16015,POS消费,地点21,开水,2013/09/05 21:59:51,8.7,41.1
16015,POS消费,地点315,淋浴,2013/09/05 22:24:27,0.4,40.7
16015,POS消费,地点21,开水,2013/09/06 07:26:44,3.0,37.7
16015,POS消费,地点21,开水,2013/09/06 07:27:16,2.5,35.2
16015,POS消费,地点21,开水,2013/09/06 07:28:12,1.0,34.2
16015,POS消费,地点21,开水,2013/09/06 18:41:07,2.8,31.4
16015,POS消费,地点21,开水,2013/09/06 18:42:34,2.0,29.4
16015,POS消费,地点21,开水,2013/09/06 18:44:43,2.0,27.4
16015,POS消费,地点21,开水,2013/09/06 19:06:27,3.7,23.7
16015,POS消费,地点315,淋浴,2013/09/06 19:13:24,0.4,23.3
16015,POS消费,地点21,开水,2013/09/07 08:38:52,1.0,22.3
16015,POS消费,地点21,开水,2013/09/07 08:39:40,2.0,20.3
16015,POS消费,地点21,开水,2013/09/07 11:02:41,4.6,15.7
16015,POS消费,地点21,开水,2013/09/07 11:03:53,5.0,10.7
16015,POS消费,地点21,开水,2013/09/07 11:04:43,2.5,8.2
16015,POS消费,地点21,开水,2013/09/07 15:30:35,3.6,4.6
16015,POS消费,地点21,开水,2013/09/07 18:35:52,3.6,1.0
16015,POS消费,地点21,开水,2013/09/07 18:46:10,1.0,0.0
16015,卡充值,,,2013/09/08 09:25:50,200.0,200.0
16015,POS消费,地点21,开水,2013/09/08 09:26:54,4.4,195.6
16015,POS消费,地点21,开水,2013/09/08 11:34:46,5.0,190.6
16015,POS消费,地点21,开水,2013/09/08 11:35:10,3.0,187.6
16015,POS消费,地点91,校车,2013/09/08 18:18:24,12.0,175.6
16015,POS消费,地点26,图书馆,2013/09/08 18:23:53,7.2,168.4
16015,POS消费,地点26,图书馆,2013/09/08 18:24:07,-7.2,175.6
16015,POS消费,地点26,图书馆,2013/09/08 18:24:09,5.4,170.2
16015,POS消费,地点86,开水,2013/09/08 21:59:06,0.04,170.16
16015,POS消费,地点86,开水,2013/09/09 06:56:13,0.12,170.04
16015,POS消费,地点21,开水,2013/09/09 07:20:06,3.0,167.04
16015,POS消费,地点232,食堂,2013/09/09 12:03:52,11.0,156.04
16015,POS消费,地点315,淋浴,2013/09/09 16:26:16,0.3,155.74
16015,POS消费,地点315,淋浴,2013/09/09 16:31:56,0.1,155.64
16015,POS消费,地点21,开水,2013/09/09 18:04:36,3.6,152.04
16015,POS消费,地点21,开水,2013/09/09 18:05:04,2.0,150.04
16015,POS消费,地点21,开水,2013/09/09 18:05:42,1.62,148.42
16015,POS消费,地点315,淋浴,2013/09/09 22:06:14,0.2,148.22
16015,POS消费,地点21,开水,2013/09/10 07:24:49,2.6,145.62
16015,POS消费,地点315,淋浴,2013/09/10 15:33:07,0.3,145.32
16015,POS消费,地点21,开水,2013/09/10 15:52:11,4.6,140.72
16015,POS消费,地点27,教务处,2013/09/10 17:59:35,14.0,126.72
16015,POS消费,地点315,淋浴,2013/09/10 21:30:39,0.2,126.52
16015,POS消费,地点86,开水,2013/09/11 06:58:12,0.15,126.37
16015,POS消费,地点21,开水,2013/09/11 07:12:18,5.33,121.04
16015,POS消费,地点21,开水,2013/09/11 11:34:42,5.6,115.44
16015,POS消费,地点232,食堂,2013/09/11 11:35:29,5.0,110.44
16015,POS消费,地点21,开水,2013/09/11 17:14:27,4.0,106.44
16015,POS消费,地点315,淋浴,2013/09/11 23:11:05,0.1,106.34
16015,POS消费,地点86,开水,2013/09/11 23:11:35,0.12,106.22
16015,POS消费,地点21,开水,2013/09/12 07:11:42,3.0,103.22
16015,POS消费,地点232,食堂,2013/09/12 12:00:56,2.6,100.62
16015,POS消费,地点21,开水,2013/09/12 12:03:17,4.0,96.62
16015,POS消费,地点26,图书馆,2013/09/12 12:18:31,0.8,95.82
16015,POS消费,地点21,开水,2013/09/12 16:40:00,7.5,88.32
16015,POS消费,地点21,开水,2013/09/12 17:34:31,2.0,86.32
16015,POS消费,地点91,校车,2013/09/12 17:35:34,7.6,78.72
16015,POS消费,地点315,淋浴,2013/09/12 22:07:08,0.2,78.52
16015,POS消费,地点86,开水,2013/09/13 07:07:28,0.11,78.41
16015,POS消费,地点21,开水,2013/09/13 11:59:22,6.0,72.41
16015,POS消费,地点315,淋浴,2013/09/13 16:23:31,0.4,72.01
16015,POS消费,地点315,淋浴,2013/09/13 21:28:19,0.2,71.81
16015,POS消费,地点86,开水,2013/09/14 09:18:45,0.12,71.69
16015,POS消费,地点21,开水,2013/09/14 09:49:39,2.0,69.69
16015,POS消费,地点21,开水,2013/09/14 11:48:00,2.6,67.09
16015,POS消费,地点21,开水,2013/09/14 11:49:14,4.0,63.09
16015,POS消费,地点21,开水,2013/09/14 18:46:31,2.6,60.49
16015,POS消费,地点315,淋浴,2013/09/14 22:56:24,0.1,60.39
16015,POS消费,地点86,开水,2013/09/15 02:32:51,0.08,60.31
16015,POS消费,地点86,开水,2013/09/15 02:33:45,0.07,60.24
16015,POS消费,地点315,淋浴,2013/09/15 16:15:44,0.4,59.84
16015,POS消费,地点21,开水,2013/09/15 18:07:01,3.6,56.24
16015,POS消费,地点21,开水,2013/09/15 18:08:24,5.28,50.96
16015,POS消费,地点21,开水,2013/09/15 18:09:09,2.0,48.96
16015,POS消费,地点315,淋浴,2013/09/15 22:21:14,0.2,48.76
16015,POS消费,地点86,开水,2013/09/16 06:54:22,0.13,48.63
16015,POS消费,地点21,开水,2013/09/16 07:05:09,2.0,46.63
16015,POS消费,地点91,校车,2013/09/16 12:04:19,10.0,36.63
16015,POS消费,地点232,食堂,2013/09/16 18:02:09,6.0,30.63
16015,POS消费,地点21,开水,2013/09/16 22:03:24,5.3,25.33
16015,POS消费,地点315,淋浴,2013/09/16 22:43:19,0.3,25.03
16015,POS消费,地点86,开水,2013/09/17 07:04:23,0.13,24.9
16015,POS消费,地点21,开水,2013/09/17 11:21:46,3.0,21.9
16015,POS消费,地点21,开水,2013/09/17 11:22:13,2.5,19.4
16015,卡充值,,,2013/09/17 16:27:41,200.0,219.4
16015,POS消费,地点21,开水,2013/09/17 16:35:01,13.1,206.3
16015,POS消费,地点315,淋浴,2013/09/17 22:53:49,0.2,206.1
16015,POS消费,地点86,开水,2013/09/18 07:08:46,0.13,205.97
16015,POS消费,地点21,开水,2013/09/18 07:26:40,2.5,203.47
16015,POS消费,地点21,开水,2013/09/18 07:27:04,2.0,201.47
16015,POS消费,地点232,食堂,2013/09/18 11:29:10,5.6,195.87
16015,POS消费,地点21,开水,2013/09/18 11:29:49,2.0,193.87
16015,POS消费,地点91,校车,2013/09/18 17:27:29,10.0,183.87
16015,POS消费,地点315,淋浴,2013/09/18 22:03:41,0.2,183.67
16015,POS消费,地点315,淋浴,2013/09/18 22:07:26,0.1,183.57
16015,POS消费,地点86,开水,2013/09/19 06:54:53,0.1,183.47
16015,POS消费,地点21,开水,2013/09/19 09:27:16,3.0,180.47
16015,POS消费,地点21,开水,2013/09/19 12:18:02,6.0,174.47
16015,POS消费,地点91,校车,2013/09/19 18:10:12,7.6,166.87
16015,POS消费,地点21,开水,2013/09/19 18:18:49,5.4,161.47
16015,POS消费,地点86,开水,2013/09/20 07:21:39,0.11,161.36
16015,POS消费,地点21,开水,2013/09/20 08:36:08,1.6,159.76
16015,POS消费,地点21,开水,2013/09/20 08:37:39,0.66,159.1
16015,POS消费,地点315,淋浴,2013/09/20 18:59:24,0.2,158.9
16015,POS消费,地点91,校车,2013/09/20 19:29:04,10.0,148.9
16015,POS消费,地点91,校车,2013/09/20 19:29:08,1.5,147.4
16015,POS消费,地点21,开水,2013/09/21 19:23:24,2.8,144.6
16015,POS消费,地点315,淋浴,2013/09/21 21:41:33,0.2,144.4
16015,POS消费,地点21,开水,2013/09/22 07:23:39,2.2,142.2
16015,POS消费,地点21,开水,2013/09/22 12:53:49,12.1,130.1
16015,POS消费,地点86,开水,2013/09/22 15:54:16,0.15,129.95
16015,POS消费,地点91,校车,2013/09/22 18:17:34,6.0,123.95
16015,POS消费,地点86,开水,2013/09/23 06:50:17,0.14,123.81
16015,POS消费,地点21,开水,2013/09/23 07:07:04,2.0,121.81
16015,POS消费,地点21,开水,2013/09/23 12:05:56,2.1,119.71
16015,POS消费,地点232,食堂,2013/09/23 12:08:27,5.0,114.71
16015,POS消费,地点315,淋浴,2013/09/23 15:18:03,0.5,114.21
16015,POS消费,地点315,淋浴,2013/09/23 15:26:41,0.1,114.11
16015,POS消费,地点248,超市,2013/09/23 17:02:57,2.0,112.11
16015,POS消费,地点21,开水,2013/09/23 17:04:54,5.6,106.51
16015,POS消费,地点21,开水,2013/09/23 17:05:33,1.5,105.01
16015,POS消费,地点21,开水,2013/09/23 20:21:53,13.1,91.91
16015,POS消费,地点315,淋浴,2013/09/23 22:10:26,0.2,91.71
16015,POS消费,地点315,淋浴,2013/09/23 22:16:08,0.4,91.31
16015,POS消费,地点21,开水,2013/09/24 07:15:06,0.83,90.48
16015,POS消费,地点21,开水,2013/09/24 12:05:14,5.6,84.88
16015,POS消费,地点21,开水,2013/09/24 17:42:29,1.8,83.08
16015,POS消费,地点315,淋浴,2013/09/24 17:48:40,0.3,82.78
16015,POS消费,地点315,淋浴,2013/09/24 17:54:58,0.1,82.68
16015,POS消费,地点86,开水,2013/09/25 06:58:41,0.14,82.54
16015,POS消费,地点21,开水,2013/09/25 07:19:39,3.0,79.54
16015,POS消费,地点21,开水,2013/09/25 07:20:29,4.5,75.04
16015,POS消费,地点21,开水,2013/09/25 07:21:17,2.5,72.54
16015,POS消费,地点21,开水,2013/09/25 11:52:56,2.2,70.34
16015,POS消费,地点21,开水,2013/09/25 11:54:49,4.1,66.24
16015,POS消费,地点315,淋浴,2013/09/25 15:29:46,0.4,65.84
16015,POS消费,地点315,淋浴,2013/09/25 15:36:30,0.1,65.74
16015,POS消费,地点91,校车,2013/09/25 17:41:52,12.0,53.74
16015,POS消费,地点21,开水,2013/09/26 07:05:37,2.0,51.74
16015,POS消费,地点91,校车,2013/09/26 12:16:02,16.0,35.74
16015,POS消费,地点21,开水,2013/09/26 16:54:23,4.6,31.14
16015,POS消费,地点315,淋浴,2013/09/26 21:30:30,0.6,30.54
16015,POS消费,地点315,淋浴,2013/09/26 21:42:10,0.1,30.44
16015,POS消费,地点315,淋浴,2013/09/26 21:56:57,0.1,30.34
16015,POS消费,地点86,开水,2013/09/27 08:10:58,0.13,30.21
16015,POS消费,地点21,开水,2013/09/27 08:33:01,2.2,28.01
16015,POS消费,地点21,开水,2013/09/27 11:11:20,4.1,23.91
16015,POS消费,地点21,开水,2013/09/27 11:11:38,5.0,18.91
16015,POS消费,地点315,淋浴,2013/09/27 19:05:50,0.3,18.61
16015,POS消费,地点21,开水,2013/09/28 09:22:54,2.2,16.41
16015,POS消费,地点21,开水,2013/09/28 12:41:47,7.6,8.81
16015,POS消费,地点91,校车,2013/09/28 17:40:30,7.6,1.21
16015,POS消费,地点86,开水,2013/09/29 07:21:47,0.14,1.07
16015,卡充值,,,2013/09/29 10:35:45,300.0,301.07
16015,POS消费,地点21,开水,2013/09/29 11:26:21,5.6,295.47
16015,POS消费,地点21,开水,2013/09/29 11:27:09,2.0,293.47
16015,POS消费,地点315,淋浴,2013/09/29 18:09:37,0.3,293.17
16015,POS消费,地点21,开水,2013/09/29 18:34:53,6.6,286.57
16015,POS消费,地点21,开水,2013/09/30 07:15:09,2.2,284.37
16015,POS消费,地点91,校车,2013/09/30 12:00:37,11.0,273.37
16015,POS消费,地点315,淋浴,2013/09/30 15:47:14,0.1,273.27
16015,POS消费,地点21,开水,2013/09/30 18:00:56,2.6,270.67
16015,POS消费,地点21,开水,2013/09/30 18:01:25,5.0,265.67
16015,POS消费,地点21,开水,2013/09/30 18:12:59,0.2,265.47
16015,POS消费,地点315,淋浴,2013/09/30 18:23:04,0.5,264.97
16015,POS消费,地点21,开水,2013/09/30 21:10:35,11.7,253.27
16015,POS消费,地点86,开水,2013/10/04 12:56:04,0.06,253.21
16015,POS消费,地点315,淋浴,2013/10/04 21:58:53,0.7,252.51
16015,POS消费,地点21,开水,2013/10/05 12:21:30,3.1,249.41
16015,POS消费,地点21,开水,2013/10/05 12:22:01,5.0,244.41
16015,POS消费,地点91,校车,2013/10/05 17:39:00,8.0,236.41
16015,POS消费,地点21,开水,2013/10/05 20:42:59,10.7,225.71
16015,POS消费,地点315,淋浴,2013/10/05 22:30:03,0.7,225.01
16015,POS消费,地点21,开水,2013/10/06 10:20:06,2.6,222.41
16015,POS消费,地点315,淋浴,2013/10/06 18:36:22,0.3,222.11
16015,POS消费,地点21,开水,2013/10/07 08:17:57,2.6,219.51
16015,POS消费,地点21,开水,2013/10/07 12:03:44,5.6,213.91
16015,POS消费,地点21,开水,2013/10/07 12:04:24,4.0,209.91
16015,POS消费,地点86,开水,2013/10/07 14:15:18,0.11,209.8
16015,POS消费,地点21,开水,2013/10/07 15:38:17,6.6,203.2
16015,POS消费,地点21,开水,2013/10/07 17:39:49,2.6,200.6
16015,POS消费,地点21,开水,2013/10/07 17:40:18,4.0,196.6
16015,POS消费,地点21,开水,2013/10/08 07:17:27,1.6,195.0
16015,POS消费,地点21,开水,2013/10/08 07:17:42,0.6,194.4
16015,POS消费,地点232,食堂,2013/10/08 11:46:02,6.0,188.4
16015,POS消费,地点248,超市,2013/10/08 15:54:43,1.0,187.4
16015,POS消费,地点21,开水,2013/10/08 17:59:11,4.6,182.8
16015,POS消费,地点21,开水,2013/10/08 18:01:16,3.0,179.8
16015,POS消费,地点315,淋浴,2013/10/08 21:44:51,0.2,179.6
16015,POS消费,地点315,淋浴,2013/10/08 22:37:08,0.4,179.2
16015,POS消费,地点21,开水,2013/10/09 07:29:20,1.6,177.6
16015,POS消费,地点21,开水,2013/10/09 07:29:27,1.0,176.6
16015,POS消费,地点21,开水,2013/10/09 12:18:11,3.6,173.0
16015,POS消费,地点21,开水,2013/10/09 12:18:33,2.0,171.0
16015,POS消费,地点248,超市,2013/10/09 13:28:23,1.0,170.0
16015,POS消费,地点26,图书馆,2013/10/09 13:32:36,1.2,168.8
16015,POS消费,地点315,淋浴,2013/10/09 21:58:06,0.2,168.6
16015,POS消费,地点21,开水,2013/10/10 07:08:15,1.6,167.0
16015,POS消费,地点21,开水,2013/10/10 07:10:08,0.6,166.4
16015,POS消费,地点21,开水,2013/10/10 11:42:58,10.6,155.8
16015,POS消费,地点21,开水,2013/10/10 12:13:39,24.0,131.8
16015,POS消费,地点315,淋浴,2013/10/10 14:08:04,0.2,131.6
16015,POS消费,地点91,校车,2013/10/10 16:46:45,7.6,124.0
16015,POS消费,地点21,开水,2013/10/10 18:04:34,19.5,104.5
16015,POS消费,地点315,淋浴,2013/10/10 22:33:27,0.2,104.3
16015,POS消费,地点21,开水,2013/10/11 07:07:16,3.0,101.3
16015,POS消费,地点21,开水,2013/10/11 07:08:23,0.6,100.7
16015,POS消费,地点21,开水,2013/10/11 12:17:14,4.6,96.1
16015,POS消费,地点21,开水,2013/10/11 12:18:17,2.0,94.1
16015,POS消费,地点21,开水,2013/10/11 17:41:03,2.1,92.0
16015,POS消费,地点21,开水,2013/10/11 17:41:51,5.0,87.0
16015,POS消费,地点315,淋浴,2013/10/11 22:49:44,0.2,86.8
16015,POS消费,地点315,淋浴,2013/10/11 22:56:59,0.3,86.5
16015,POS消费,地点21,开水,2013/10/12 07:12:55,4.33,82.17
16015,POS消费,地点21,开水,2013/10/12 07:13:23,0.6,81.57
16015,POS消费,地点21,开水,2013/10/12 12:03:21,6.6,74.97
16015,POS消费,地点21,开水,2013/10/12 14:41:29,1.0,73.27
16015,卡充值,,,2013/10/12 14:42:53,100.0,173.27
16015,POS消费,地点91,校车,2013/10/12 19:19:39,10.0,163.27
16015,POS消费,地点21,开水,2013/10/13 08:16:52,6.33,156.64
16015,POS消费,地点21,开水,2013/10/13 08:16:59,0.2,156.44
16015,POS消费,地点21,开水,2013/10/13 11:02:17,2.0,154.44
16015,POS消费,地点26,图书馆,2013/10/13 11:02:36,0.5,153.94
16015,POS消费,地点21,开水,2013/10/13 11:04:09,2.0,151.94
16015,POS消费,地点315,淋浴,2013/10/13 18:03:54,0.7,74.27
16015,POS消费,地点315,淋浴,2013/10/13 18:04:00,0.3,162.97
16015,POS消费,地点315,淋浴,2013/10/13 18:04:09,0.1,151.84
16015,POS消费,地点91,校车,2013/10/13 18:44:07,9.0,142.84
16015,POS消费,地点86,开水,2013/10/14 07:00:29,0.12,142.72
16015,POS消费,地点21,开水,2013/10/14 07:12:58,1.6,141.12
16015,POS消费,地点21,开水,2013/10/14 07:13:23,0.6,140.52
16015,POS消费,地点21,开水,2013/10/14 12:06:16,4.0,136.52
16015,POS消费,地点21,开水,2013/10/14 12:11:00,6.7,129.82
16015,POS消费,地点21,开水,2013/10/14 18:03:21,2.6,127.22
16015,POS消费,地点21,开水,2013/10/14 18:04:46,2.0,125.22
16015,POS消费,地点315,淋浴,2013/10/14 21:32:44,0.3,124.92
16015,POS消费,地点21,开水,2013/10/15 07:15:51,7.53,117.39
16015,POS消费,地点271,校医院,2013/10/15 11:40:34,15.0,102.39
16015,POS消费,地点21,开水,2013/10/15 19:44:02,30.0,72.39
16015,POS消费,地点21,开水,2013/10/15 19:44:07,12.2,60.19
16015,POS消费,地点315,淋浴,2013/10/15 22:39:14,0.4,59.79
16015,POS消费,地点21,开水,2013/10/16 07:19:41,6.53,53.26
16015,POS消费,地点21,开水,2013/10/16 10:55:58,3.5,49.76
16015,POS消费,地点21,开水,2013/10/16 10:56:46,2.0,47.76
16015,POS消费,地点21,开水,2013/10/16 16:12:01,1.8,45.96
16015,POS消费,地点21,开水,2013/10/16 16:15:49,10.8,35.16
16015,POS消费,地点21,开水,2013/10/16 17:08:58,2.1,33.06
16015,POS消费,地点21,开水,2013/10/16 17:09:28,3.0,30.06
16015,POS消费,地点315,淋浴,2013/10/16 23:02:23,0.3,29.76
16015,POS消费,地点86,开水,2013/10/17 07:05:12,0.12,29.64
16015,POS消费,地点21,开水,2013/10/17 07:20:15,6.5,23.14
16015,POS消费,地点21,开水,2013/10/17 12:00:30,10.6,12.54
16015,POS消费,地点21,开水,2013/10/17 18:28:40,1.8,10.74
16015,POS消费,地点315,淋浴,2013/10/17 22:52:26,0.1,10.64
16015,POS消费,地点315,淋浴,2013/10/17 22:54:03,0.4,10.24
16015,POS消费,地点21,开水,2013/10/18 07:25:25,6.53,3.71
16015,POS消费,地点315,淋浴,2013/10/18 16:29:55,0.4,3.31
16015,POS消费,地点21,开水,2013/10/18 18:24:06,2.23,1.08
16015,POS消费,地点86,开水,2013/10/19 08:04:23,0.13,0.95
16015,卡充值,,,2013/10/19 13:38:16,100.0,100.95
16015,POS消费,地点21,开水,2013/10/19 20:00:23,13.0,87.95
16015,POS消费,地点86,开水,2013/10/20 00:34:22,0.13,87.82
16015,POS消费,地点21,开水,2013/10/20 09:18:24,4.3,83.52
16015,POS消费,地点21,开水,2013/10/20 09:19:19,0.8,82.72
16015,POS消费,地点21,开水,2013/10/20 12:26:51,7.6,75.12
16015,POS消费,地点315,淋浴,2013/10/20 17:12:26,0.5,74.62
16015,POS消费,地点315,淋浴,2013/10/20 17:25:27,0.1,74.52
16015,POS消费,地点86,开水,2013/10/21 07:06:22,0.15,74.37
16015,POS消费,地点21,开水,2013/10/21 07:33:21,6.83,67.54
16015,POS消费,地点232,食堂,2013/10/21 12:01:24,6.0,61.54
16015,POS消费,地点21,开水,2013/10/21 12:05:27,5.0,56.54
16015,POS消费,地点26,图书馆,2013/10/21 13:36:15,0.3,56.24
16015,POS消费,地点315,淋浴,2013/10/21 16:40:37,0.1,56.14
16015,POS消费,地点315,淋浴,2013/10/21 18:55:40,0.1,56.04
16015,POS消费,地点21,开水,2013/10/21 22:16:23,12.8,43.24
16015,POS消费,地点315,淋浴,2013/10/21 22:55:52,0.2,43.04
16015,POS消费,地点21,开水,2013/10/22 07:40:39,2.33,40.71
16015,POS消费,地点232,食堂,2013/10/22 11:38:41,6.0,34.71
16015,POS消费,地点315,淋浴,2013/10/23 00:20:53,0.2,34.51
16015,POS消费,地点86,开水,2013/10/23 00:29:08,0.12,34.39
16015,POS消费,地点21,开水,2013/10/23 07:11:10,1.6,32.79
16015,POS消费,地点21,开水,2013/10/23 07:11:24,1.2,31.59
16015,POS消费,地点21,开水,2013/10/23 11:37:02,4.6,26.99
16015,POS消费,地点21,开水,2013/10/23 11:37:28,5.0,21.99
16015,POS消费,地点248,超市,2013/10/23 13:06:28,1.0,20.99
16015,POS消费,地点21,开水,2013/10/23 17:30:25,3.6,17.39
16015,POS消费,地点21,开水,2013/10/23 17:31:58,2.23,15.16
16015,POS消费,地点315,淋浴,2013/10/23 22:45:48,0.5,14.66
16015,POS消费,地点86,开水,2013/10/24 08:20:52,0.14,14.52
16015,POS消费,地点21,开水,2013/10/24 09:29:25,7.3,7.22
16015,POS消费,地点21,开水,2013/10/24 09:30:25,0.2,7.02
16015,POS消费,地点91,校车,2013/10/24 12:02:00,4.0,3.02
16015,POS消费,地点21,开水,2013/10/24 12:02:40,0.45,2.57
16015,卡充值,,,2013/10/24 16:23:19,200.0,202.57
16015,POS消费,地点91,校车,2013/10/24 20:49:48,10.0,192.57
16015,POS消费,地点315,淋浴,2013/10/24 21:26:09,0.2,192.37
16015,POS消费,地点21,开水,2013/10/25 07:26:48,2.83,189.54
16015,POS消费,地点232,食堂,2013/10/25 11:54:15,5.6,183.94
16015,POS消费,地点21,开水,2013/10/25 11:55:03,2.0,181.94
16015,POS消费,地点21,开水,2013/10/25 13:56:51,3.2,178.74
16015,POS消费,地点315,淋浴,2013/10/25 14:26:28,0.1,178.64
16015,POS消费,地点315,淋浴,2013/10/25 18:22:18,0.1,178.54
16015,POS消费,地点315,淋浴,2013/10/25 22:53:36,0.8,177.74
16015,POS消费,地点315,淋浴,2013/10/25 23:29:32,0.1,177.64
16015,POS消费,地点21,开水,2013/10/26 11:56:41,8.6,169.04
16015,POS消费,地点21,开水,2013/10/26 12:10:36,3.03,166.01
16015,POS消费,地点315,淋浴,2013/10/26 18:25:14,0.5,165.51
16015,POS消费,地点86,开水,2013/10/27 09:01:07,0.14,165.37
16015,POS消费,地点21,开水,2013/10/27 09:14:20,1.6,163.77
16015,POS消费,地点21,开水,2013/10/27 09:14:37,0.6,163.17
16015,POS消费,地点21,开水,2013/10/27 10:57:06,2.6,160.57
16015,POS消费,地点21,开水,2013/10/27 10:57:52,1.5,159.07
16015,POS消费,地点21,开水,2013/10/27 14:11:49,12.3,146.77
16015,POS消费,地点852,淋浴,2013/10/27 21:38:45,0.3,146.47
16015,POS消费,地点315,淋浴,2013/10/27 22:15:17,0.5,145.97
16015,POS消费,地点21,开水,2013/10/28 09:47:16,3.33,142.64
16015,POS消费,地点91,校车,2013/10/28 12:00:23,10.5,132.14
16015,POS消费,地点21,开水,2013/10/28 17:59:57,7.1,125.04
16015,POS消费,地点21,开水,2013/10/28 18:02:45,4.8,120.24
16015,POS消费,地点315,淋浴,2013/10/28 22:46:37,0.4,119.84
16015,POS消费,地点315,淋浴,2013/10/28 22:53:10,0.2,119.64
16015,POS消费,地点21,开水,2013/10/29 07:25:10,1.6,118.04
16015,POS消费,地点21,开水,2013/10/29 18:35:06,5.6,112.44
16015,POS消费,地点315,淋浴,2013/10/29 23:11:53,0.1,112.34
16015,POS消费,地点21,开水,2013/10/30 08:06:14,3.53,108.81
16015,POS消费,地点21,开水,2013/10/30 08:06:34,2.0,106.81
16015,POS消费,地点477,开水,2013/10/30 10:31:59,0.01,106.8
16015,POS消费,地点232,食堂,2013/10/30 17:58:19,6.0,100.8
16015,POS消费,地点21,开水,2013/10/30 18:28:46,2.5,98.3
16015,POS消费,地点315,淋浴,2013/10/30 23:25:15,0.5,97.8
16015,POS消费,地点21,开水,2013/10/31 06:56:16,2.8,95.0
16015,POS消费,地点21,开水,2013/10/31 06:56:35,0.6,94.4
16015,POS消费,地点21,开水,2013/11/01 07:14:38,2.8,91.6
16015,POS消费,地点21,开水,2013/11/01 07:15:08,0.8,90.8
16015,POS消费,地点21,开水,2013/11/01 07:15:31,1.1,89.7
16015,POS消费,地点21,开水,2013/11/01 07:15:47,0.6,89.1
16015,POS消费,地点315,淋浴,2013/11/01 18:52:31,0.5,88.6
16015,POS消费,地点86,开水,2013/11/02 12:07:00,0.15,88.45
16015,POS消费,地点21,开水,2013/11/02 13:16:50,12.3,76.15
16015,POS消费,地点21,开水,2013/11/02 13:17:42,7.2,68.95
16015,POS消费,地点21,开水,2013/11/02 13:18:12,0.3,68.65
16015,POS消费,地点21,开水,2013/11/02 17:30:10,7.6,61.05
16015,POS消费,地点21,开水,2013/11/02 17:30:54,4.4,56.65
16015,POS消费,地点315,淋浴,2013/11/02 22:07:26,0.6,56.05
16015,POS消费,地点21,开水,2013/11/03 07:46:19,2.8,53.25
16015,POS消费,地点21,开水,2013/11/03 07:46:58,0.6,52.65
16015,POS消费,地点21,开水,2013/11/03 17:47:30,5.0,47.65
16015,POS消费,地点21,开水,2013/11/03 17:48:33,1.5,46.15
16015,POS消费,地点315,淋浴,2013/11/03 22:38:01,0.6,45.55
16015,POS消费,地点26,图书馆,2013/11/04 11:59:52,8.0,37.55
16015,POS消费,地点21,开水,2013/11/04 12:03:13,3.5,34.05
16015,POS消费,地点91,校车,2013/11/04 18:39:14,10.0,24.05
16015,POS消费,地点248,超市,2013/11/04 18:52:55,3.5,20.55
16015,POS消费,地点315,淋浴,2013/11/04 23:36:10,0.1,20.45
16015,POS消费,地点315,淋浴,2013/11/04 23:38:36,0.5,19.95
16015,POS消费,地点21,开水,2013/11/05 07:39:50,2.0,14.42
16015,POS消费,地点21,开水,2013/11/05 07:39:56,3.53,16.42
16015,POS消费,地点21,开水,2013/11/05 11:32:12,2.1,12.32
16015,POS消费,地点21,开水,2013/11/05 11:33:21,4.0,8.32
16015,POS消费,地点315,淋浴,2013/11/05 17:42:43,0.1,8.22
16015,POS消费,地点86,开水,2013/11/06 13:00:01,0.01,8.21
16015,POS消费,地点315,淋浴,2013/11/06 14:17:25,0.4,7.81
16015,卡充值,,,2013/11/06 14:36:10,200.0,207.81
16015,POS消费,地点91,校车,2013/11/06 17:55:42,6.0,201.81
16015,POS消费,地点21,开水,2013/11/06 22:04:59,25.8,176.01
16015,POS消费,地点21,开水,2013/11/07 08:18:05,6.53,169.48
16015,POS消费,地点21,开水,2013/11/07 12:05:59,2.03,167.45
16015,POS消费,地点21,开水,2013/11/07 14:22:59,1.0,166.45
16015,POS消费,地点315,淋浴,2013/11/07 16:57:49,0.4,166.05
16015,POS消费,地点21,开水,2013/11/08 07:53:19,2.0,164.05
16015,POS消费,地点21,开水,2013/11/08 07:53:34,3.53,160.52
16015,POS消费,地点21,开水,2013/11/08 07:54:18,0.2,160.32
16015,POS消费,地点232,食堂,2013/11/08 10:23:15,6.7,153.62
16015,POS消费,地点91,校车,2013/11/08 11:47:38,6.0,147.62
16015,POS消费,地点21,开水,2013/11/08 11:48:32,2.0,145.62
16015,POS消费,地点315,淋浴,2013/11/08 14:34:59,0.6,145.02
16015,POS消费,地点21,开水,2013/11/08 15:14:36,1.0,144.02
16015,POS消费,地点21,开水,2013/11/08 17:39:34,2.6,141.42
16015,POS消费,地点21,开水,2013/11/08 17:39:52,5.0,136.42
16015,POS消费,地点21,开水,2013/11/08 17:41:35,3.5,132.92
16015,POS消费,地点315,淋浴,2013/11/09 00:08:02,0.1,132.82
16015,POS消费,地点21,开水,2013/11/09 08:43:55,2.8,130.02
16015,POS消费,地点21,开水,2013/11/09 08:45:02,0.2,129.82
16015,POS消费,地点21,开水,2013/11/09 11:32:46,2.1,127.72
16015,POS消费,地点21,开水,2013/11/09 11:33:05,4.0,123.72
16015,POS消费,地点86,开水,2013/11/09 14:02:45,0.12,123.6
16015,POS消费,地点232,食堂,2013/11/09 17:47:29,6.0,117.6
16015,POS消费,地点477,开水,2013/11/10 08:21:31,0.01,117.59
16015,POS消费,地点21,开水,2013/11/10 08:45:14,3.0,114.59
16015,POS消费,地点21,开水,2013/11/10 08:45:19,0.6,113.99
16015,POS消费,地点21,开水,2013/11/10 08:46:35,0.2,113.79
16015,POS消费,地点21,开水,2013/11/10 12:33:14,5.6,108.19
16015,POS消费,地点86,开水,2013/11/11 08:14:26,0.15,108.04
16015,POS消费,地点21,开水,2013/11/11 08:37:51,2.0,106.04
16015,POS消费,地点21,开水,2013/11/11 08:38:27,5.0,101.04
16015,POS消费,地点21,开水,2013/11/11 08:38:28,0.2,100.84
16015,POS消费,地点232,食堂,2013/11/11 12:03:58,6.0,94.84
16015,POS消费,地点21,开水,2013/11/11 15:44:14,1.0,93.84
16015,POS消费,地点21,开水,2013/11/11 18:35:38,6.5,87.34
16015,POS消费,地点21,开水,2013/11/11 18:36:23,1.8,85.54
16015,POS消费,地点21,开水,2013/11/12 08:06:20,6.5,79.04
16015,POS消费,地点232,食堂,2013/11/12 11:29:46,2.6,76.44
16015,POS消费,地点21,开水,2013/11/12 11:30:06,5.0,71.44
16015,POS消费,地点21,开水,2013/11/12 17:44:06,6.0,65.44
16015,POS消费,地点91,校车,2013/11/12 17:44:58,12.0,53.44
16015,POS消费,地点21,开水,2013/11/12 17:45:59,3.0,50.44
16015,POS消费,地点21,开水,2013/11/12 17:46:54,2.03,48.41
16015,POS消费,地点315,淋浴,2013/11/12 20:59:50,0.3,48.11
16015,POS消费,地点21,开水,2013/11/13 07:27:17,2.8,45.31
16015,POS消费,地点21,开水,2013/11/13 07:27:41,0.6,44.71
16015,POS消费,地点21,开水,2013/11/13 11:37:19,5.6,39.11
16015,POS消费,地点21,开水,2013/11/13 11:38:01,2.5,36.61
16015,POS消费,地点21,开水,2013/11/13 11:38:45,2.2,34.41
16015,POS消费,地点21,开水,2013/11/13 11:39:13,1.5,32.91
16015,POS消费,地点248,超市,2013/11/13 14:11:35,1.0,31.91
16015,POS消费,地点21,开水,2013/11/13 17:24:06,3.6,28.31
16015,POS消费,地点21,开水,2013/11/13 17:24:42,4.0,24.31
16015,POS消费,地点21,开水,2013/11/13 17:25:15,2.0,22.31
16015,POS消费,地点315,淋浴,2013/11/13 17:47:32,0.7,21.61
16015,POS消费,地点315,淋浴,2013/11/13 18:01:33,0.1,21.51
16015,POS消费,地点86,开水,2013/11/14 08:48:05,0.15,21.36
16015,POS消费,地点21,开水,2013/11/14 09:05:24,0.8,20.56
16015,POS消费,地点21,开水,2013/11/14 09:05:30,2.0,18.56
16015,POS消费,地点21,开水,2013/11/14 12:00:18,5.6,12.96
16015,POS消费,地点21,开水,2013/11/14 12:01:45,1.5,11.46
16015,POS消费,地点21,开水,2013/11/14 12:02:51,5.2,6.26
16015,POS消费,地点21,开水,2013/11/14 12:03:14,1.5,4.76
16015,卡充值,,,2013/11/14 18:19:07,200.0,204.76
16015,POS消费,地点21,开水,2013/11/14 18:21:10,9.0,195.76
16015,POS消费,地点21,开水,2013/11/14 18:22:31,3.0,192.76
16015,POS消费,地点315,淋浴,2013/11/14 18:30:48,0.3,192.46
16015,POS消费,地点21,开水,2013/11/15 07:59:02,2.8,189.66
16015,POS消费,地点21,开水,2013/11/15 07:59:22,0.6,189.06
16015,POS消费,地点21,开水,2013/11/15 11:21:43,2.1,186.96
16015,POS消费,地点232,食堂,2013/11/15 11:22:25,5.0,181.96
16015,POS消费,地点21,开水,2013/11/15 11:23:42,6.0,175.96
16015,POS消费,地点315,淋浴,2013/11/15 18:02:09,0.6,175.36
16015,POS消费,地点21,开水,2013/11/15 21:18:40,6.5,168.86
16015,POS消费,地点86,开水,2013/11/15 22:39:17,0.15,168.71
16015,POS消费,地点21,开水,2013/11/16 08:20:36,2.8,165.91
16015,POS消费,地点21,开水,2013/11/16 08:20:59,0.6,165.31
16015,POS消费,地点21,开水,2013/11/16 11:35:20,6.0,159.31
16015,POS消费,地点86,开水,2013/11/16 11:46:06,0.01,159.3
16015,POS消费,地点21,开水,2013/11/16 18:11:34,2.6,156.7
16015,POS消费,地点21,开水,2013/11/16 18:11:58,4.0,152.7
16015,POS消费,地点21,开水,2013/11/16 18:24:54,9.3,143.4
16015,POS消费,地点86,开水,2013/11/17 08:01:46,0.01,143.39
16015,POS消费,地点477,开水,2013/11/17 08:02:28,0.01,143.38
16015,POS消费,地点21,开水,2013/11/17 08:20:06,5.5,137.88
16015,POS消费,地点21,开水,2013/11/17 08:20:47,0.2,137.68
16015,POS消费,地点315,淋浴,2013/11/17 20:02:57,0.6,137.08
16015,POS消费,地点86,开水,2013/11/17 23:18:35,0.15,136.93
16015,POS消费,地点21,开水,2013/11/18 08:04:23,3.0,133.93
16015,POS消费,地点91,校车,2013/11/18 12:00:33,6.6,127.33
16015,POS消费,地点91,校车,2013/11/18 12:00:57,4.6,122.73
16015,POS消费,地点21,开水,2013/11/18 12:02:00,2.5,120.23
16015,POS消费,地点21,开水,2013/11/18 12:02:08,1.0,119.23
16015,POS消费,地点21,开水,2013/11/18 12:02:31,1.5,117.73
16015,POS消费,地点232,食堂,2013/11/18 17:08:11,6.0,111.73
16015,POS消费,地点21,开水,2013/11/19 09:24:09,2.8,108.93
16015,POS消费,地点21,开水,2013/11/19 09:24:48,0.6,108.33
16015,POS消费,地点21,开水,2013/11/19 11:36:40,3.1,105.23
16015,POS消费,地点21,开水,2013/11/19 11:37:51,6.0,99.23
16015,POS消费,地点86,开水,2013/11/19 11:54:00,0.11,99.12
16015,POS消费,地点248,超市,2013/11/19 14:21:24,2.0,97.12
16015,POS消费,地点21,开水,2013/11/19 19:06:30,14.3,82.82
16015,POS消费,地点315,淋浴,2013/11/19 19:17:10,0.5,82.32
16015,POS消费,地点21,开水,2013/11/20 07:37:38,1.1,81.22
16015,POS消费,地点21,开水,2013/11/20 11:14:12,4.4,76.82
16015,POS消费,地点21,开水,2013/11/20 11:14:25,0.73,76.09
16015,POS消费,地点21,开水,2013/11/20 11:15:05,2.1,73.99
16015,POS消费,地点21,开水,2013/11/20 11:16:18,5.0,68.99
16015,POS消费,地点91,校车,2013/11/20 11:26:38,2.5,66.49
16015,POS消费,地点21,开水,2013/11/20 18:20:25,5.6,60.89
16015,POS消费,地点21,开水,2013/11/20 18:21:27,5.0,55.89
16015,POS消费,地点21,开水,2013/11/20 18:21:48,5.0,50.89
16015,POS消费,地点86,开水,2013/11/20 22:49:10,0.17,50.72
16015,POS消费,地点477,开水,2013/11/21 08:24:04,0.01,50.71
16015,POS消费,地点21,开水,2013/11/21 08:49:32,2.8,47.91
16015,POS消费,地点21,开水,2013/11/21 08:50:35,2.0,45.91
16015,POS消费,地点21,开水,2013/11/21 12:03:39,2.83,43.08
16015,POS消费,地点91,校车,2013/11/21 12:06:21,10.6,32.48
16015,POS消费,地点91,校车,2013/11/21 12:18:20,8.9,23.58
16015,POS消费,地点21,开水,2013/11/21 16:53:03,2.5,21.08
16015,POS消费,地点21,开水,2013/11/21 16:53:41,5.0,16.08
16015,卡充值,,,2013/11/21 16:54:34,200.0,216.08
16015,POS消费,地点477,开水,2013/11/21 19:22:28,0.01,216.07
16015,POS消费,地点91,校车,2013/11/22 07:23:45,3.0,213.07
16015,POS消费,地点21,开水,2013/11/22 11:51:57,2.6,210.47
16015,POS消费,地点21,开水,2013/11/22 11:52:38,4.0,206.47
16015,POS消费,地点21,开水,2013/11/22 17:02:15,2.0,204.47
16015,POS消费,地点21,开水,2013/11/22 17:02:40,2.5,201.97
16015,POS消费,地点21,开水,2013/11/22 17:02:52,0.7,201.27
16015,POS消费,地点21,开水,2013/11/22 17:03:06,1.0,200.27
16015,POS消费,地点315,淋浴,2013/11/22 21:52:47,0.7,199.57
16015,POS消费,地点21,开水,2013/11/23 09:38:22,7.83,191.74
16015,POS消费,地点86,开水,2013/11/23 16:58:03,0.09,191.65
16015,POS消费,地点86,开水,2013/11/23 21:37:35,0.16,191.49
16015,POS消费,地点86,开水,2013/11/24 08:04:28,0.15,191.34
16015,POS消费,地点21,开水,2013/11/24 08:23:48,0.8,190.54
16015,POS消费,地点21,开水,2013/11/24 08:23:54,2.0,188.54
16015,POS消费,地点21,开水,2013/11/24 08:24:33,0.6,187.94
16015,POS消费,地点21,开水,2013/11/24 11:06:20,2.1,185.84
16015,POS消费,地点21,开水,2013/11/24 11:07:04,4.0,181.84
16015,POS消费,地点315,淋浴,2013/11/24 14:55:48,0.6,181.24
16015,POS消费,地点91,校车,2013/11/24 17:12:29,8.0,173.24
16015,POS消费,地点21,开水,2013/11/24 17:24:07,9.7,163.54
16015,POS消费,地点86,开水,2013/11/25 08:27:11,0.15,163.39
16015,POS消费,地点21,开水,2013/11/25 09:24:47,6.83,156.56
16015,POS消费,地点91,校车,2013/11/25 11:56:20,6.0,150.56
16015,POS消费,地点315,淋浴,2013/11/25 22:33:16,0.6,149.96
16015,POS消费,地点21,开水,2013/11/26 08:46:41,3.4,146.56
16015,POS消费,地点21,开水,2013/11/26 12:19:28,10.6,135.96
16015,POS消费,地点21,开水,2013/11/26 16:35:33,10.2,125.76
16015,POS消费,地点21,开水,2013/11/26 16:36:03,1.5,124.26
16015,POS消费,地点91,校车,2013/11/26 21:58:01,7.2,117.06
16015,POS消费,地点315,淋浴,2013/11/26 22:51:11,0.1,116.96
16015,POS消费,地点21,开水,2013/11/27 11:23:57,2.1,114.86
16015,POS消费,地点21,开水,2013/11/27 11:25:04,4.0,110.86
16015,POS消费,地点315,淋浴,2013/11/27 18:34:25,0.8,110.06
16015,POS消费,地点86,开水,2013/11/27 21:11:46,0.12,109.94
16015,POS消费,地点315,淋浴,2013/11/27 21:14:16,0.1,109.84
16015,POS消费,地点21,开水,2013/11/27 21:57:39,4.0,105.84
16015,POS消费,地点21,开水,2013/11/28 08:21:41,2.8,103.04
16015,POS消费,地点21,开水,2013/11/28 08:21:56,0.6,102.44
16015,POS消费,地点1385,校车,2013/11/28 10:20:26,2.0,100.44
16015,POS消费,地点184,食堂,2013/11/28 11:59:14,4.4,96.04
16015,POS消费,地点219,超市,2013/11/28 14:09:52,4.0,92.04
16015,POS消费,地点1215,校车,2013/11/28 15:36:16,2.0,90.04
16015,POS消费,地点315,淋浴,2013/11/28 17:03:11,0.5,89.54
16015,POS消费,地点315,淋浴,2013/11/28 17:13:29,0.1,89.44
16015,POS消费,地点21,开水,2013/11/28 17:40:37,7.6,81.84
16015,POS消费,地点232,食堂,2013/11/29 12:33:44,5.6,76.24
16015,POS消费,地点21,开水,2013/11/29 17:54:20,5.6,70.64
16015,POS消费,地点21,开水,2013/11/29 17:55:27,2.0,68.64
16015,POS消费,地点21,开水,2013/11/29 21:31:39,6.9,61.74
16015,POS消费,地点315,淋浴,2013/11/29 23:14:25,0.1,61.64
16015,POS消费,地点21,开水,2013/11/30 12:43:32,5.5,56.14
16015,POS消费,地点21,开水,2013/11/30 12:45:20,1.5,54.64
16015,POS消费,地点315,淋浴,2013/11/30 17:35:40,0.7,53.94
16015,POS消费,地点315,淋浴,2013/11/30 17:47:38,0.1,53.84
16015,POS消费,地点21,开水,2013/11/30 18:00:16,3.6,50.24
16015,POS消费,地点21,开水,2013/11/30 18:00:43,1.5,48.74
16015,卡充值,,,2013/11/30 18:13:34,200.0,248.74
16015,POS消费,地点21,开水,2013/11/30 20:57:26,12.5,236.24
16015,POS消费,地点477,开水,2013/11/30 23:15:04,0.01,236.23
16015,POS消费,地点232,食堂,2013/12/01 11:15:08,6.0,230.23
16015,POS消费,地点315,淋浴,2013/12/01 18:26:45,0.5,229.73
16015,POS消费,地点21,开水,2013/12/02 09:26:42,2.8,226.93
16015,POS消费,地点91,校车,2013/12/02 12:00:10,6.0,220.93
16015,POS消费,地点315,淋浴,2013/12/02 14:11:51,0.5,220.43
16015,POS消费,地点21,开水,2013/12/02 16:57:23,2.1,218.33
16015,POS消费,地点21,开水,2013/12/02 16:57:52,5.0,213.33
16015,POS消费,地点86,开水,2013/12/03 06:53:12,0.15,213.18
16015,POS消费,地点21,开水,2013/12/03 07:14:31,4.0,209.18
16015,POS消费,地点1394,校车,2013/12/03 10:26:33,2.0,207.18
16015,POS消费,地点65,食堂,2013/12/03 11:49:42,6.4,200.78
16015,POS消费,地点219,超市,2013/12/03 11:58:46,1.0,199.78
16015,POS消费,地点219,超市,2013/12/03 11:58:54,1.0,198.78
16015,POS消费,地点1215,校车,2013/12/03 14:54:12,2.0,196.78
16015,POS消费,地点315,淋浴,2013/12/03 16:15:14,0.3,196.48
16015,POS消费,地点86,开水,2013/12/04 08:55:15,0.14,196.34
16015,POS消费,地点21,开水,2013/12/04 09:36:19,5.3,191.04
16015,POS消费,地点21,开水,2013/12/04 12:10:45,4.5,186.54
16015,POS消费,地点248,超市,2013/12/04 14:06:54,1.5,185.04
16015,POS消费,地点315,淋浴,2013/12/04 22:04:16,0.6,184.44
16015,POS消费,地点477,开水,2013/12/05 08:46:31,0.01,184.43
16015,POS消费,地点21,开水,2013/12/05 12:00:56,6.5,177.93
16015,POS消费,地点315,淋浴,2013/12/05 14:11:03,0.3,177.63
16015,POS消费,地点91,校车,2013/12/05 21:00:45,9.1,168.53
16015,POS消费,地点21,开水,2013/12/06 09:57:29,6.53,162.0
16015,POS消费,地点21,开水,2013/12/06 11:57:44,4.5,157.5
16015,POS消费,地点21,开水,2013/12/06 17:39:24,6.0,151.5
16015,POS消费,地点21,开水,2013/12/06 17:39:55,2.5,149.0
16015,POS消费,地点315,淋浴,2013/12/07 00:00:25,0.3,148.7
16015,POS消费,地点86,开水,2013/12/07 10:30:50,0.14,148.56
16015,POS消费,地点91,校车,2013/12/07 19:59:03,9.2,139.36
16015,POS消费,地点315,淋浴,2013/12/07 20:39:00,0.5,138.86
16015,POS消费,地点315,淋浴,2013/12/07 22:14:52,0.1,138.76
16015,POS消费,地点21,开水,2013/12/08 10:19:19,6.83,131.93
16015,POS消费,地点21,开水,2013/12/08 14:30:58,7.8,124.13
16015,POS消费,地点21,开水,2013/12/08 17:58:13,3.8,120.33
16015,POS消费,地点21,开水,2013/12/08 17:58:43,9.0,111.33
16015,POS消费,地点21,开水,2013/12/08 18:01:24,3.0,108.33
16015,POS消费,地点315,淋浴,2013/12/08 23:00:57,0.4,107.93
16015,卡充值,,,2013/12/09 09:35:34,200.0,307.93
16015,POS消费,地点21,开水,2013/12/09 09:37:05,1.6,306.33
16015,POS消费,地点91,校车,2013/12/09 11:57:23,6.0,300.33
16015,POS消费,地点21,开水,2013/12/09 14:19:31,1.5,298.83
16015,POS消费,地点315,淋浴,2013/12/09 14:24:44,0.4,298.43
16015,POS消费,地点21,开水,2013/12/09 17:12:18,2.6,295.83
16015,POS消费,地点21,开水,2013/12/09 17:13:04,4.0,291.83
16015,POS消费,地点1269,校车,2013/12/10 10:22:46,2.0,289.83
16015,POS消费,地点219,超市,2013/12/10 11:51:42,8.0,281.83
16015,POS消费,地点1215,校车,2013/12/10 15:37:13,2.0,279.83
16015,POS消费,地点91,校车,2013/12/10 16:50:22,7.6,272.23
16015,POS消费,地点91,校车,2013/12/10 17:03:12,0.2,272.03
16015,POS消费,地点315,淋浴,2013/12/10 17:21:51,0.6,271.43
16015,POS消费,地点21,开水,2013/12/11 08:10:48,1.6,269.83
16015,POS消费,地点21,开水,2013/12/11 08:11:37,0.6,269.23
16015,POS消费,地点21,开水,2013/12/11 11:18:28,2.1,267.13
16015,POS消费,地点21,开水,2013/12/11 11:18:38,1.2,265.93
16015,POS消费,地点91,校车,2013/12/11 11:19:38,5.0,260.93
16015,POS消费,地点21,开水,2013/12/11 16:21:37,14.3,246.63
16015,POS消费,地点21,开水,2013/12/11 18:16:24,5.0,241.63
16015,POS消费,地点91,校车,2013/12/11 18:17:53,5.5,236.13
16015,POS消费,地点21,开水,2013/12/12 08:34:45,3.0,233.13
16015,POS消费,地点91,校车,2013/12/12 11:56:34,6.0,227.13
16015,POS消费,地点315,淋浴,2013/12/12 22:07:28,0.5,226.63
16015,POS消费,地点86,开水,2013/12/13 08:02:23,0.14,226.49
16015,POS消费,地点21,开水,2013/12/13 08:26:29,2.5,223.99
16015,POS消费,地点21,开水,2013/12/13 11:49:27,3.1,220.89
16015,POS消费,地点91,校车,2013/12/13 11:50:41,4.9,215.99
16015,POS消费,地点91,校车,2013/12/13 18:33:08,7.0,208.99
16015,POS消费,地点21,开水,2013/12/13 18:34:42,2.6,206.39
16015,POS消费,地点21,开水,2013/12/13 21:37:44,9.5,196.89
16015,POS消费,地点315,淋浴,2013/12/14 00:04:06,0.7,196.19
16015,POS消费,地点91,校车,2013/12/14 11:50:13,6.2,189.99
16015,POS消费,地点21,开水,2013/12/14 11:50:28,1.05,188.94
16015,POS消费,地点21,开水,2013/12/14 11:51:10,3.0,185.94
16015,POS消费,地点91,校车,2013/12/14 17:31:49,7.6,178.34
16015,POS消费,地点21,开水,2013/12/14 17:45:42,3.6,174.74
16015,POS消费,地点21,开水,2013/12/14 22:12:35,2.8,171.94
16015,POS消费,地点21,开水,2013/12/15 09:36:48,0.8,171.14
16015,POS消费,地点21,开水,2013/12/15 09:37:16,4.0,167.14
16015,POS消费,地点315,淋浴,2013/12/15 13:42:23,0.5,166.64
16015,POS消费,地点91,校车,2013/12/15 16:51:18,7.6,159.04
16015,POS消费,地点315,淋浴,2013/12/15 23:28:07,0.1,158.94
16015,POS消费,地点86,开水,2013/12/16 09:17:14,0.15,158.79
16015,POS消费,地点21,开水,2013/12/16 09:28:56,3.0,155.79
16015,POS消费,地点21,开水,2013/12/16 12:09:18,6.5,149.29
16015,POS消费,地点315,淋浴,2013/12/16 14:37:47,0.4,148.89
16015,POS消费,地点21,开水,2013/12/16 22:04:40,2.8,146.09
16015,POS消费,地点21,开水,2013/12/17 08:04:24,4.03,142.06
16015,POS消费,地点91,校车,2013/12/17 11:31:11,7.8,134.26
16015,POS消费,地点315,淋浴,2013/12/17 13:49:31,0.8,133.46
16015,POS消费,地点86,开水,2013/12/18 10:28:54,0.1,133.36
16015,POS消费,地点21,开水,2013/12/18 10:34:18,4.03,129.33
16015,POS消费,地点21,开水,2013/12/18 10:34:47,2.0,127.33
16015,POS消费,地点91,校车,2013/12/18 11:25:15,5.1,122.23
16015,POS消费,地点21,开水,2013/12/18 11:25:25,0.7,121.53
16015,POS消费,地点21,开水,2013/12/18 11:26:26,1.5,120.03
16015,POS消费,地点315,淋浴,2013/12/18 15:06:14,0.7,119.33
16015,POS消费,地点21,开水,2013/12/18 17:49:06,6.0,113.33
16015,POS消费,地点21,开水,2013/12/18 17:50:13,2.5,110.83
16015,POS消费,地点86,开水,2013/12/19 08:54:53,0.13,110.7
16015,POS消费,地点21,开水,2013/12/19 09:17:06,2.8,107.9
16015,POS消费,地点21,开水,2013/12/19 09:17:56,0.6,107.3
16015,POS消费,地点91,校车,2013/12/19 12:00:34,6.0,101.3
16015,POS消费,地点315,淋浴,2013/12/19 17:01:19,0.8,100.5
16015,POS消费,地点232,食堂,2013/12/20 12:27:07,5.6,94.9
16015,POS消费,地点21,开水,2013/12/20 12:27:46,5.0,89.9
16015,POS消费,地点21,开水,2013/12/20 12:39:24,5.6,84.3
16015,POS消费,地点21,开水,2013/12/20 18:19:40,2.6,81.7
16015,POS消费,地点21,开水,2013/12/20 18:20:06,2.0,79.7
16015,POS消费,地点315,淋浴,2013/12/21 13:22:38,0.7,79.0
16015,POS消费,地点86,开水,2013/12/21 21:49:30,0.15,78.85
16015,POS消费,地点86,开水,2013/12/22 09:26:52,0.16,78.69
16015,POS消费,地点21,开水,2013/12/22 09:44:10,3.0,75.69
16015,POS消费,地点21,开水,2013/12/22 17:45:05,1.08,74.61
16015,POS消费,地点21,开水,2013/12/22 17:45:46,2.9,71.71
16015,POS消费,地点21,开水,2013/12/22 17:46:13,1.5,70.21
16015,POS消费,地点91,校车,2013/12/22 17:46:58,3.0,67.21
16015,POS消费,地点21,开水,2013/12/22 17:48:31,5.6,61.61
16015,POS消费,地点315,淋浴,2013/12/22 20:02:22,1.0,60.61
16015,POS消费,地点315,淋浴,2013/12/22 22:31:12,0.4,60.21
16015,POS消费,地点21,开水,2013/12/23 08:36:20,2.8,57.41
16015,POS消费,地点21,开水,2013/12/23 08:36:39,0.6,56.81
16015,POS消费,地点21,开水,2013/12/23 11:32:29,2.1,54.71
16015,POS消费,地点21,开水,2013/12/23 11:33:22,5.0,49.71
16015,POS消费,地点21,开水,2013/12/23 14:23:47,7.0,42.71
16015,POS消费,地点21,开水,2013/12/23 17:49:45,6.1,36.61
16015,POS消费,地点315,淋浴,2013/12/23 19:56:39,0.9,35.71
16015,POS消费,地点21,开水,2013/12/24 11:41:15,6.6,29.11
16015,POS消费,地点91,校车,2013/12/24 18:12:52,7.6,21.51
16015,POS消费,地点21,开水,2013/12/24 18:54:12,12.2,9.31
16015,POS消费,地点315,淋浴,2013/12/25 16:25:35,0.6,8.71
16015,POS消费,地点21,开水,2013/12/25 17:51:38,3.6,5.11
16015,POS消费,地点21,开水,2013/12/25 17:52:12,2.5,2.61
16015,卡充值,,,2013/12/25 18:06:38,200.0,202.61
16015,POS消费,地点232,食堂,2013/12/26 11:55:29,6.0,196.61
16015,POS消费,地点21,开水,2013/12/26 17:34:35,3.6,193.01
16015,POS消费,地点91,校车,2013/12/26 17:35:08,5.1,187.91
16015,POS消费,地点852,淋浴,2013/12/26 19:24:40,0.8,187.11
16015,POS消费,地点21,开水,2013/12/27 15:09:17,13.5,173.61
16015,POS消费,地点21,开水,2013/12/27 17:49:38,3.6,170.01
16015,POS消费,地点315,淋浴,2013/12/28 00:10:25,0.8,169.21
16015,POS消费,地点86,开水,2013/12/28 08:00:29,0.15,169.06
16015,POS消费,地点21,开水,2013/12/28 08:12:03,1.6,167.46
16015,POS消费,地点315,淋浴,2013/12/28 16:57:46,0.8,166.66
16015,POS消费,地点91,校车,2013/12/28 19:53:44,10.0,156.66
16015,POS消费,地点21,开水,2013/12/28 22:09:32,3.3,153.36
16015,POS消费,地点21,开水,2013/12/29 12:22:26,3.6,149.76
16015,POS消费,地点21,开水,2013/12/29 12:22:53,2.43,147.33
16015,POS消费,地点91,校车,2013/12/29 12:23:52,4.1,143.23
16015,POS消费,地点91,校车,2013/12/29 17:02:43,6.0,137.23
16015,POS消费,地点91,校车,2013/12/29 17:07:11,2.0,135.23
16015,POS消费,地点315,淋浴,2013/12/29 20:03:09,1.0,134.23
16015,POS消费,地点21,开水,2013/12/30 11:36:33,2.1,132.13
16015,POS消费,地点21,开水,2013/12/30 11:36:59,3.0,129.13
16015,POS消费,地点21,开水,2013/12/30 16:41:13,6.9,122.23
16015,POS消费,地点21,开水,2013/12/30 18:01:45,5.0,117.23
16015,POS消费,地点21,开水,2013/12/30 18:02:20,0.7,116.53
16015,POS消费,地点315,淋浴,2013/12/30 23:14:50,0.8,115.73
16015,POS消费,地点21,开水,2013/12/31 09:33:37,0.7,115.03
16015,POS消费,地点21,开水,2013/12/31 09:34:20,2.83,112.2
16015,POS消费,地点232,食堂,2013/12/31 11:30:31,6.0,106.2
16015,POS消费,地点86,开水,2013/12/31 16:48:07,0.1,106.1
16015,POS消费,地点21,开水,2013/12/31 18:01:15,3.0,103.1
16015,POS消费,地点91,校车,2013/12/31 18:01:46,4.1,99.0
16015,POS消费,地点21,开水,2013/12/31 18:02:46,1.05,97.95
16015,POS消费,地点21,开水,2014/01/01 17:44:07,5.6,92.35
16015,POS消费,地点21,开水,2014/01/01 17:56:11,16.1,76.25
16015,POS消费,地点315,淋浴,2014/01/01 21:26:38,0.7,75.55
16015,POS消费,地点21,开水,2014/01/02 11:58:05,4.6,70.95
16015,POS消费,地点21,开水,2014/01/02 11:58:35,3.0,67.95
16015,POS消费,地点21,开水,2014/01/02 11:59:27,2.0,65.95
16015,POS消费,地点12,文印中心,2014/01/02 12:42:19,5.0,60.95
16015,卡充值,,,2014/01/02 13:47:34,100.0,160.95
16015,POS消费,地点91,校车,2014/01/02 18:04:31,8.0,152.95
16015,POS消费,地点21,开水,2014/01/02 18:18:48,3.6,149.35
16015,POS消费,地点86,开水,2014/01/02 23:28:22,0.14,149.21
16015,POS消费,地点21,开水,2014/01/03 11:23:08,2.1,147.11
16015,POS消费,地点21,开水,2014/01/03 11:23:20,3.0,144.11
16015,POS消费,地点91,校车,2014/01/03 17:42:20,9.0,135.11
16015,POS消费,地点232,食堂,2014/01/03 17:43:08,1.5,133.61
16015,POS消费,地点315,淋浴,2014/01/03 18:08:56,0.6,133.01
16015,POS消费,地点21,开水,2014/01/04 12:05:20,1.4,131.61
16015,POS消费,地点21,开水,2014/01/04 12:05:43,5.6,126.01
16015,POS消费,地点21,开水,2014/01/04 15:40:28,6.7,119.31
16015,POS消费,地点315,淋浴,2014/01/04 17:28:43,0.8,118.51
16015,POS消费,地点21,开水,2014/01/04 18:32:31,7.0,111.51
16015,POS消费,地点21,开水,2014/01/05 11:19:13,2.1,109.41
16015,POS消费,地点21,开水,2014/01/05 11:19:48,3.0,106.41
16015,POS消费,地点91,校车,2014/01/05 11:20:35,3.0,103.41
16015,卡充值,,,2014/01/05 11:29:57,100.0,203.41
16015,POS消费,地点21,开水,2014/01/05 17:13:22,5.0,198.41
16015,POS消费,地点21,开水,2014/01/05 17:14:15,1.05,197.36
16015,POS消费,地点91,校车,2014/01/05 17:14:46,4.1,193.26
16015,POS消费,地点21,开水,2014/01/05 17:33:18,8.2,185.06
16015,POS消费,地点315,淋浴,2014/01/05 22:42:29,0.5,184.56
16015,POS消费,地点86,开水,2014/01/06 09:20:28,0.14,184.42
16015,POS消费,地点91,校车,2014/01/06 11:52:29,6.0,178.42
16015,POS消费,地点91,校车,2014/01/06 11:52:40,6.0,172.42
16015,POS消费,地点21,开水,2014/01/06 11:53:55,5.0,167.42
16015,POS消费,地点315,淋浴,2014/01/06 21:44:20,0.6,166.82
16015,POS消费,地点21,开水,2014/01/07 07:42:34,3.0,163.82
16015,POS消费,地点21,开水,2014/01/07 11:31:37,2.0,161.82
16015,POS消费,地点21,开水,2014/01/07 11:32:40,1.05,160.77
16015,POS消费,地点91,校车,2014/01/07 11:32:56,4.9,155.87
16015,POS消费,地点21,开水,2014/01/07 11:34:05,1.5,154.37
16015,POS消费,地点315,淋浴,2014/01/07 23:00:58,0.6,153.77
16015,POS消费,地点21,开水,2014/01/08 08:59:21,1.6,152.17
16015,POS消费,地点91,校车,2014/01/08 10:30:12,10.0,142.17
16015,POS消费,地点91,校车,2014/01/08 17:49:56,6.0,136.17
16015,POS消费,地点21,开水,2014/01/08 19:44:51,13.3,122.87
16015,POS消费,地点315,淋浴,2014/01/08 23:11:41,0.5,122.37
16015,POS消费,地点21,开水,2014/01/09 18:18:15,5.4,116.97
16015,POS消费,地点91,校车,2014/01/09 18:19:11,7.0,109.97
16015,POS消费,地点21,开水,2014/01/09 18:19:53,1.08,108.89
16015,POS消费,地点21,开水,2014/01/09 18:20:15,2.0,106.89
16015,POS消费,地点315,淋浴,2014/01/09 18:47:00,0.7,106.19
16015,POS消费,地点21,开水,2014/01/10 10:10:38,0.7,105.49
16015,POS消费,地点21,开水,2014/01/10 10:11:24,1.8,103.69
16015,POS消费,地点21,开水,2014/01/10 12:02:37,2.0,101.69
16015,POS消费,地点21,开水,2014/01/10 12:03:05,1.5,100.19
16015,POS消费,地点91,校车,2014/01/10 12:03:28,2.5,97.69
16015,POS消费,地点91,校车,2014/01/10 17:42:49,6.0,91.69
16015,POS消费,地点26,图书馆,2014/01/11 13:09:28,23.1,68.59
16015,POS消费,地点91,校车,2014/01/11 13:14:45,10.0,58.59
16015,POS消费,地点91,校车,2014/01/11 13:32:54,10.0,48.59
16015,POS消费,地点21,开水,2014/01/11 18:11:24,5.0,43.59
16015,POS消费,地点21,开水,2014/01/11 18:12:07,0.7,42.89
16015,POS消费,地点91,校车,2014/01/11 18:21:09,8.0,34.89
16015,POS消费,地点21,开水,2014/01/11 20:43:56,9.9,24.99
16015,POS消费,地点315,淋浴,2014/01/11 21:30:48,0.6,24.39
16015,POS消费,地点315,淋浴,2014/01/11 21:53:23,0.1,24.29
16015,POS消费,地点21,开水,2014/01/12 18:10:16,0.7,23.59
16015,POS消费,地点91,校车,2014/01/12 18:12:04,4.5,19.09
16015,POS消费,地点21,开水,2014/01/12 18:12:25,3.0,16.09
16015,POS消费,地点21,开水,2014/01/12 18:12:52,2.0,14.09
16015,POS消费,地点315,淋浴,2014/01/12 20:24:52,0.8,13.29
16015,POS消费,地点315,淋浴,2014/01/12 22:32:51,0.3,12.99
16015,POS消费,地点86,开水,2014/01/13 09:43:17,0.11,12.88
16015,POS消费,地点21,开水,2014/01/13 10:18:33,0.7,12.18
16015,POS消费,地点21,开水,2014/01/13 10:18:46,1.0,11.18
16015,POS消费,地点91,校车,2014/01/13 17:44:44,4.5,6.68
16015,POS消费,地点21,开水,2014/01/13 17:44:56,3.0,3.68
16015,POS消费,地点21,开水,2014/01/13 17:45:10,0.7,2.98
16015,POS消费,地点21,开水,2014/01/13 17:45:54,2.0,0.98
16015,POS消费,地点315,淋浴,2014/01/13 19:14:03,0.6,0.38
16015,POS消费,地点315,淋浴,2014/01/13 20:20:54,0.1,0.28
16015,POS消费,地点86,开水,2014/01/14 06:12:04,0.1,0.18
16015,POS消费,地点86,开水,2014/02/16 15:50:11,0.02,0.16
16015,POS消费,地点477,开水,2014/02/16 15:51:13,0.01,0.15
16015,POS消费,地点948,淋浴,2014/02/16 20:32:08,0.1,0.05
16015,卡充值,,,2014/02/17 11:40:50,300.0,300.05
16015,POS消费,地点477,开水,2014/02/17 21:27:19,0.01,300.04
16015,POS消费,地点21,开水,2014/02/17 21:54:25,20.7,279.34
16015,POS消费,地点21,开水,2014/02/17 21:54:48,0.3,279.04
16015,POS消费,地点477,开水,2014/02/18 00:37:22,0.01,279.03
16015,POS消费,地点477,开水,2014/02/18 10:22:26,0.01,279.02
16015,POS消费,地点91,校车,2014/02/18 12:01:14,5.0,274.02
16015,POS消费,地点232,食堂,2014/02/18 12:04:19,6.0,268.02
16015,POS消费,地点21,开水,2014/02/18 12:04:59,0.65,267.37
16015,POS消费,地点315,淋浴,2014/02/18 22:01:33,1.4,265.97
16015,POS消费,地点86,开水,2014/02/19 11:45:00,0.01,265.96
16015,POS消费,地点477,开水,2014/02/19 11:45:31,0.01,265.95
16015,POS消费,地点315,淋浴,2014/02/19 14:49:23,0.3,265.65
16015,POS消费,地点86,开水,2014/02/20 10:31:05,0.15,265.5
16015,POS消费,地点21,开水,2014/02/20 21:53:04,11.6,253.9
16015,POS消费,地点315,淋浴,2014/02/20 21:59:59,0.5,253.4
16015,POS消费,地点86,开水,2014/02/21 11:10:48,0.13,253.27
16015,POS消费,地点86,开水,2014/02/21 11:33:56,0.13,253.14
16015,POS消费,地点315,淋浴,2014/02/21 22:04:53,0.5,252.64
16015,POS消费,地点315,淋浴,2014/02/21 23:01:57,0.5,252.14
16015,POS消费,地点21,开水,2014/02/23 09:39:21,1.83,250.31
16015,POS消费,地点21,开水,2014/02/23 09:39:33,0.8,249.51
16015,POS消费,地点21,开水,2014/02/23 11:36:55,3.6,245.91
16015,POS消费,地点21,开水,2014/02/23 11:37:08,4.0,241.91
16015,POS消费,地点21,开水,2014/02/23 11:38:44,2.5,239.41
16015,POS消费,地点21,开水,2014/02/23 11:38:51,2.5,236.91
16015,POS消费,地点315,淋浴,2014/02/23 22:13:30,0.4,236.51
16015,POS消费,地点86,开水,2014/02/24 07:15:51,0.15,236.36
16015,POS消费,地点21,开水,2014/02/24 07:37:21,1.8,234.56
16015,POS消费,地点21,开水,2014/02/24 12:05:24,7.5,227.06
16015,POS消费,地点91,校车,2014/02/24 21:48:13,7.9,219.16
16015,POS消费,地点21,开水,2014/02/24 21:51:59,5.8,213.36
16015,POS消费,地点315,淋浴,2014/02/24 22:06:08,0.3,213.06
16015,POS消费,地点315,淋浴,2014/02/24 22:21:12,0.1,212.96
16015,POS消费,地点21,开水,2014/02/25 07:20:10,1.83,211.13
16015,POS消费,地点21,开水,2014/02/25 12:18:28,3.0,208.13
16015,POS消费,地点21,开水,2014/02/25 12:19:46,5.0,203.13
16015,POS消费,地点21,开水,2014/02/25 12:19:55,5.0,198.13
16015,POS消费,地点91,校车,2014/02/25 18:05:46,10.0,188.13
16015,POS消费,地点315,淋浴,2014/02/25 22:14:54,0.8,187.33
16015,POS消费,地点21,开水,2014/02/26 07:46:28,1.8,185.53
16015,POS消费,地点21,开水,2014/02/26 10:53:28,5.6,179.93
16015,POS消费,地点21,开水,2014/02/26 10:54:00,1.5,178.43
16015,POS消费,地点315,淋浴,2014/02/26 22:25:08,0.6,177.83
16015,POS消费,地点91,校车,2014/02/27 11:26:46,5.0,170.73
16015,POS消费,地点21,开水,2014/02/27 11:26:47,2.1,175.73
16015,POS消费,地点21,开水,2014/02/27 17:52:34,5.6,165.13
16015,POS消费,地点21,开水,2014/02/27 17:55:04,1.5,163.63
16015,POS消费,地点21,开水,2014/02/27 21:09:29,10.5,153.13
16015,POS消费,地点21,开水,2014/02/28 07:20:34,1.8,151.33
16015,POS消费,地点21,开水,2014/02/28 12:17:04,6.0,145.33
16015,POS消费,地点21,开水,2014/02/28 12:18:50,2.0,143.33
16015,POS消费,地点91,校车,2014/02/28 17:30:22,11.0,132.33
16015,POS消费,地点315,淋浴,2014/02/28 21:42:58,0.6,131.73
16015,POS消费,地点86,开水,2014/03/01 11:16:31,0.15,131.58
16015,POS消费,地点21,开水,2014/03/01 11:47:04,5.6,125.98
16015,POS消费,地点21,开水,2014/03/01 11:47:11,2.5,123.48
16015,POS消费,地点91,校车,2014/03/01 16:09:15,23.3,100.18
16015,POS消费,地点315,淋浴,2014/03/01 21:44:52,0.8,99.38
16015,POS消费,地点86,开水,2014/03/02 11:49:57,0.15,99.23
16015,POS消费,地点21,开水,2014/03/02 12:16:28,5.6,93.63
16015,POS消费,地点21,开水,2014/03/02 12:18:28,2.0,91.63
16015,POS消费,地点21,开水,2014/03/02 17:04:10,2.6,89.03
16015,POS消费,地点21,开水,2014/03/02 17:05:22,5.0,84.03
16015,POS消费,地点21,开水,2014/03/02 17:15:59,6.0,78.03
16015,POS消费,地点21,开水,2014/03/02 17:16:14,6.0,72.03
16015,POS消费,地点21,开水,2014/03/02 17:16:43,2.5,69.53
16015,POS消费,地点21,开水,2014/03/02 17:17:54,5.0,64.53
16015,POS消费,地点21,开水,2014/03/03 07:17:55,1.83,62.7
16015,POS消费,地点232,食堂,2014/03/03 12:02:14,6.0,56.7
16015,POS消费,地点21,开水,2014/03/03 18:16:52,6.0,50.7
16015,POS消费,地点21,开水,2014/03/03 18:17:30,5.0,45.7
16015,POS消费,地点91,校车,2014/03/03 18:47:58,7.0,38.7
16015,POS消费,地点21,开水,2014/03/03 21:43:44,6.9,31.8
16015,POS消费,地点315,淋浴,2014/03/03 23:24:02,0.5,31.3
16015,POS消费,地点21,开水,2014/03/04 07:18:40,1.23,30.07
16015,卡充值,,,2014/03/04 11:16:20,200.0,230.07
16015,POS消费,地点315,淋浴,2014/03/04 15:59:41,0.4,229.67
16015,POS消费,地点91,校车,2014/03/04 18:04:29,13.0,216.67
16015,POS消费,地点21,开水,2014/03/05 07:13:33,1.83,214.84
16015,POS消费,地点232,食堂,2014/03/05 11:59:00,6.0,208.84
16015,POS消费,地点21,开水,2014/03/05 17:41:54,5.6,203.24
16015,POS消费,地点21,开水,2014/03/05 17:42:26,2.5,200.74
16015,POS消费,地点315,淋浴,2014/03/05 21:47:14,0.5,200.24
16015,POS消费,地点315,淋浴,2014/03/05 21:59:40,0.1,200.14
16015,POS消费,地点86,开水,2014/03/06 07:18:22,0.12,200.02
16015,POS消费,地点21,开水,2014/03/06 07:34:15,1.83,198.19
16015,POS消费,地点21,开水,2014/03/06 10:11:15,2.0,196.19
16015,POS消费,地点248,超市,2014/03/06 14:10:12,4.0,192.19
16015,POS消费,地点315,淋浴,2014/03/06 17:27:20,0.8,191.39
16015,POS消费,地点86,开水,2014/03/07 06:56:09,0.15,191.24
16015,POS消费,地点21,开水,2014/03/07 07:10:04,0.7,190.54
16015,POS消费,地点21,开水,2014/03/07 07:10:58,0.2,190.34
16015,POS消费,地点21,开水,2014/03/07 11:29:31,5.6,184.74
16015,POS消费,地点248,超市,2014/03/07 14:08:57,4.0,180.74
16015,POS消费,地点315,淋浴,2014/03/07 16:14:04,0.2,180.54
16015,POS消费,地点315,淋浴,2014/03/07 16:22:14,0.5,180.04
16015,POS消费,地点21,开水,2014/03/07 18:09:35,6.0,174.04
16015,POS消费,地点21,开水,2014/03/08 09:57:44,1.4,172.64
16015,POS消费,地点21,开水,2014/03/08 12:07:34,10.0,162.64
16015,POS消费,地点21,开水,2014/03/08 12:08:12,10.6,152.04
16015,POS消费,地点21,开水,2014/03/08 12:14:34,0.2,151.84
16015,POS消费,地点21,开水,2014/03/08 14:30:13,12.7,139.14
16015,POS消费,地点21,开水,2014/03/08 14:31:27,2.0,137.14
16015,POS消费,地点86,开水,2014/03/08 14:54:37,0.15,136.99
16015,POS消费,地点21,开水,2014/03/08 20:20:59,33.5,103.49
16015,POS消费,地点21,开水,2014/03/09 11:27:23,2.0,101.49
16015,POS消费,地点21,开水,2014/03/09 11:27:56,5.6,95.89
16015,POS消费,地点21,开水,2014/03/09 11:28:52,2.0,93.89
16015,POS消费,地点91,校车,2014/03/09 17:16:41,11.0,82.89
16015,POS消费,地点315,淋浴,2014/03/09 21:43:39,0.4,82.49
16015,POS消费,地点21,开水,2014/03/10 08:07:17,1.83,80.66
16015,POS消费,地点232,食堂,2014/03/10 11:56:22,6.0,74.66
16015,POS消费,地点21,开水,2014/03/10 16:33:36,4.0,70.66
16015,POS消费,地点315,淋浴,2014/03/10 22:48:05,0.2,70.46
16015,POS消费,地点21,开水,2014/03/11 07:09:45,1.83,68.63
16015,POS消费,地点21,开水,2014/03/11 10:14:38,5.9,62.73
16015,POS消费,地点21,开水,2014/03/11 18:02:24,5.6,57.13
16015,POS消费,地点21,开水,2014/03/11 18:03:12,2.5,54.63
16015,POS消费,地点21,开水,2014/03/12 07:14:32,1.83,52.8
16015,POS消费,地点21,开水,2014/03/12 12:01:47,5.0,47.8
16015,POS消费,地点21,开水,2014/03/12 12:02:53,7.3,40.5
16015,POS消费,地点315,淋浴,2014/03/12 13:22:53,0.3,40.2
16015,POS消费,地点26,图书馆,2014/03/12 17:55:41,0.5,39.7
16015,POS消费,地点91,校车,2014/03/12 17:58:21,5.9,33.8
16015,POS消费,地点21,开水,2014/03/12 21:47:25,6.5,27.3
16015,POS消费,地点86,开水,2014/03/12 23:45:38,0.15,27.15
16015,POS消费,地点21,开水,2014/03/13 07:16:34,2.0,25.15
16015,POS消费,地点21,开水,2014/03/13 07:17:35,2.53,22.62
16015,POS消费,地点91,校车,2014/03/13 11:40:33,7.6,15.02
16015,POS消费,地点248,超市,2014/03/13 14:17:29,6.3,8.72
16015,POS消费,地点315,淋浴,2014/03/13 16:17:31,0.7,8.02
16015,卡充值,,,2014/03/13 18:14:58,200.0,208.02
16015,POS消费,地点21,开水,2014/03/13 18:18:13,1.23,200.86
16015,POS消费,地点91,校车,2014/03/13 18:18:50,5.93,202.09
16015,POS消费,地点21,开水,2014/03/13 18:18:51,6.0,194.86
16015,POS消费,地点21,开水,2014/03/13 18:19:23,5.4,189.46
16015,POS消费,地点21,开水,2014/03/13 18:21:09,3.6,185.86
16015,POS消费,地点86,开水,2014/03/14 07:09:32,0.14,185.72
16015,POS消费,地点91,校车,2014/03/14 18:02:05,13.0,172.72
16015,POS消费,地点21,开水,2014/03/14 21:45:58,4.0,168.72
16015,POS消费,地点852,淋浴,2014/03/14 22:31:58,0.6,168.12
16015,POS消费,地点86,开水,2014/03/15 08:37:00,0.15,167.97
16015,POS消费,地点86,开水,2014/03/16 00:51:24,0.16,167.81
16015,POS消费,地点86,开水,2014/03/16 09:31:53,0.15,167.66
16015,POS消费,地点91,校车,2014/03/16 18:11:18,9.0,158.66
16015,POS消费,地点21,开水,2014/03/16 21:21:41,13.5,145.16
16015,POS消费,地点315,淋浴,2014/03/16 22:02:56,0.4,144.76
16015,POS消费,地点86,开水,2014/03/17 07:45:40,0.14,144.62
16015,POS消费,地点6,淋浴,2014/03/17 10:48:52,8.6,136.02
16015,POS消费,地点232,食堂,2014/03/17 10:50:47,6.0,130.02
16015,POS消费,地点21,开水,2014/03/17 18:14:11,6.5,123.52
16015,POS消费,地点21,开水,2014/03/17 18:15:22,2.8,120.72
16015,POS消费,地点21,开水,2014/03/17 18:16:56,5.6,115.12
16015,POS消费,地点91,校车,2014/03/17 18:18:52,2.0,113.12
16015,POS消费,地点315,淋浴,2014/03/17 23:06:54,0.5,112.62
16015,POS消费,地点315,淋浴,2014/03/17 23:18:48,0.1,112.52
16015,POS消费,地点21,开水,2014/03/18 07:36:22,1.83,110.69
16015,POS消费,地点91,校车,2014/03/18 11:38:06,13.0,97.69
16015,POS消费,地点21,开水,2014/03/18 17:55:24,2.0,95.69
16015,POS消费,地点91,校车,2014/03/18 17:57:16,13.0,82.69
16015,POS消费,地点315,淋浴,2014/03/18 21:49:44,0.4,82.29
16015,POS消费,地点21,开水,2014/03/19 07:33:27,1.83,80.46
16015,POS消费,地点232,食堂,2014/03/19 12:00:54,6.0,74.46
16015,卡充值,,,2014/03/19 12:11:18,300.0,374.46
16015,POS消费,地点21,开水,2014/03/19 12:28:24,3.5,370.96
16015,POS消费,地点315,淋浴,2014/03/19 15:55:40,0.3,370.66
16015,POS消费,地点21,开水,2014/03/19 17:50:00,5.6,365.06
16015,POS消费,地点21,开水,2014/03/19 17:50:36,1.5,363.56
16015,POS消费,地点21,开水,2014/03/19 17:51:30,2.5,361.06
16015,POS消费,地点21,开水,2014/03/19 18:11:16,6.0,355.06
16015,POS消费,地点21,开水,2014/03/19 18:11:26,6.0,349.06
16015,POS消费,地点21,开水,2014/03/19 21:26:43,2.8,346.26
16015,POS消费,地点21,开水,2014/03/19 21:35:27,5.5,340.76
16015,POS消费,地点315,淋浴,2014/03/19 21:49:52,0.3,340.46
16015,POS消费,地点86,开水,2014/03/20 06:55:42,0.13,340.33
16015,POS消费,地点21,开水,2014/03/20 07:15:24,1.83,338.5
16015,POS消费,地点21,开水,2014/03/20 18:09:14,6.0,332.5
16015,POS消费,地点21,开水,2014/03/20 18:09:53,6.0,326.5
16015,POS消费,地点91,校车,2014/03/20 18:11:14,5.9,320.6
16015,POS消费,地点21,开水,2014/03/20 18:13:42,3.0,317.6
16015,POS消费,地点21,开水,2014/03/20 22:14:38,7.0,310.6
16015,POS消费,地点315,淋浴,2014/03/21 00:10:46,0.4,310.2
16015,POS消费,地点1456,校车,2014/03/21 10:15:08,2.0,308.2
16015,POS消费,地点219,超市,2014/03/21 12:52:48,8.0,300.2
16015,POS消费,地点1491,校车,2014/03/21 18:26:33,4.0,296.2
16015,POS消费,地点21,开水,2014/03/21 19:31:26,13.9,282.3
16015,POS消费,地点315,淋浴,2014/03/21 23:09:29,0.5,281.8
16015,POS消费,地点21,开水,2014/03/22 09:17:13,3.6,278.2
16015,POS消费,地点21,开水,2014/03/22 21:11:52,30.0,248.2
16015,POS消费,地点21,开水,2014/03/22 21:11:58,6.7,241.5
16015,POS消费,地点315,淋浴,2014/03/22 21:56:41,0.5,241.0
16015,POS消费,地点86,开水,2014/03/23 10:04:35,0.15,240.85
16015,POS消费,地点21,开水,2014/03/23 11:53:39,10.6,230.25
16015,POS消费,地点21,开水,2014/03/23 13:53:11,0.5,229.75
16015,POS消费,地点21,开水,2014/03/23 13:53:18,13.0,216.75
16015,POS消费,地点315,淋浴,2014/03/23 15:28:23,0.6,216.15
16015,POS消费,地点21,开水,2014/03/23 18:08:21,5.6,210.55
16015,POS消费,地点91,校车,2014/03/23 18:09:49,4.1,206.45
16015,POS消费,地点91,校车,2014/03/23 18:10:04,5.4,201.05
16015,POS消费,地点91,校车,2014/03/23 18:21:26,3.0,198.05
16015,POS消费,地点21,开水,2014/03/24 08:35:33,2.83,195.22
16015,POS消费,地点1394,校车,2014/03/24 10:17:40,2.0,193.22
16015,POS消费,地点237,食堂,2014/03/24 11:52:55,2.6,190.62
16015,POS消费,地点219,超市,2014/03/24 12:10:20,10.0,180.62
16015,POS消费,地点219,超市,2014/03/24 12:10:48,1.0,179.62
16015,POS消费,地点1394,校车,2014/03/24 14:48:58,2.0,177.62
16015,POS消费,地点315,淋浴,2014/03/24 16:21:57,0.3,177.32
16015,POS消费,地点21,开水,2014/03/25 09:19:54,0.7,176.62
16015,POS消费,地点21,开水,2014/03/25 11:35:20,2.1,174.52
16015,POS消费,地点21,开水,2014/03/25 11:36:23,5.0,169.52
16015,POS消费,地点91,校车,2014/03/25 11:37:07,7.0,162.52
16015,POS消费,地点91,校车,2014/03/25 18:01:55,13.0,149.52
16015,POS消费,地点315,淋浴,2014/03/25 22:18:15,0.3,149.22
16015,POS消费,地点21,开水,2014/03/26 07:25:34,2.3,146.92
16015,POS消费,地点91,校车,2014/03/26 11:58:00,6.0,140.92
16015,POS消费,地点21,开水,2014/03/26 17:51:44,4.6,136.32
16015,POS消费,地点91,校车,2014/03/26 17:53:09,8.1,128.22
16015,POS消费,地点315,淋浴,2014/03/26 23:34:31,0.5,127.72
16015,POS消费,地点21,开水,2014/03/27 08:07:04,0.83,126.89
16015,POS消费,地点21,开水,2014/03/27 08:07:12,1.5,125.39
16015,POS消费,地点21,开水,2014/03/27 17:17:31,11.8,113.59
16015,POS消费,地点21,开水,2014/03/27 17:18:15,3.5,110.09
16015,POS消费,地点21,开水,2014/03/27 17:18:49,3.5,106.59
16015,POS消费,地点315,淋浴,2014/03/27 18:19:47,0.5,106.09
16015,POS消费,地点91,校车,2014/03/27 21:26:24,9.0,97.09
16015,POS消费,地点21,开水,2014/03/28 07:10:11,1.53,95.56
16015,POS消费,地点1269,校车,2014/03/28 10:15:36,2.0,93.56
16015,POS消费,地点69,食堂,2014/03/28 11:57:08,5.6,87.96
16015,POS消费,地点61,食堂,2014/03/28 11:58:31,3.0,84.96
16015,POS消费,地点1269,校车,2014/03/28 14:42:26,2.0,82.96
16015,POS消费,地点326,洗衣房,2014/03/28 16:10:57,3.0,79.96
16015,POS消费,地点315,淋浴,2014/03/28 16:18:35,0.5,79.46
16015,POS消费,地点315,淋浴,2014/03/28 16:33:10,0.1,79.36
16015,POS消费,地点21,开水,2014/03/28 17:23:13,2.3,77.06
16015,POS消费,地点91,校车,2014/03/28 17:24:59,12.9,64.16
16015,POS消费,地点21,开水,2014/03/28 17:34:40,1.8,62.36
16015,POS消费,地点326,洗衣房,2014/03/28 17:38:40,3.0,59.36
16015,POS消费,地点21,开水,2014/03/29 07:44:13,3.8,55.56
16015,POS消费,地点21,开水,2014/03/29 07:45:00,1.8,53.76
16015,POS消费,地点21,开水,2014/03/29 12:04:04,4.1,49.66
16015,POS消费,地点21,开水,2014/03/29 12:04:44,5.0,44.66
16015,POS消费,地点21,开水,2014/03/29 12:13:19,3.5,41.16
16015,POS消费,地点315,淋浴,2014/03/29 14:50:13,0.1,41.06
16015,POS消费,地点326,洗衣房,2014/03/29 16:26:09,6.0,35.06
16015,POS消费,地点21,开水,2014/03/29 18:03:47,6.0,29.06
16015,POS消费,地点91,校车,2014/03/29 18:04:30,5.4,23.66
16015,POS消费,地点315,淋浴,2014/03/29 23:21:25,0.1,23.56
16015,POS消费,地点21,开水,2014/03/30 08:25:19,2.5,21.06
16015,POS消费,地点315,淋浴,2014/03/30 15:30:53,0.5,20.56
16015,POS消费,地点86,开水,2014/03/30 23:27:00,0.14,20.42
16015,POS消费,地点21,开水,2014/03/31 08:04:22,2.33,18.09
16015,POS消费,地点91,校车,2014/03/31 12:07:53,13.0,5.09
16015,POS消费,地点21,开水,2014/03/31 12:20:42,2.8,2.29
16015,卡充值,,,2014/03/31 12:29:55,200.0,202.29
16015,POS消费,地点315,淋浴,2014/03/31 22:27:19,0.5,201.79
16015,POS消费,地点21,开水,2014/04/01 07:02:32,0.83,200.96
16015,POS消费,地点326,洗衣房,2014/04/01 11:11:24,6.0,194.96
16015,POS消费,地点326,洗衣房,2014/04/01 16:20:09,3.0,191.96
16015,POS消费,地点91,校车,2014/04/01 17:55:35,13.0,178.96
16015,POS消费,地点21,开水,2014/04/01 18:20:23,3.5,175.46
16015,POS消费,地点326,洗衣房,2014/04/01 21:22:36,3.0,172.46
16015,POS消费,地点326,洗衣房,2014/04/01 21:22:41,3.0,169.46
16015,POS消费,地点315,淋浴,2014/04/01 23:08:25,0.3,169.16
16015,POS消费,地点21,开水,2014/04/02 07:27:50,2.33,166.83
16015,POS消费,地点21,开水,2014/04/02 20:50:06,13.5,153.33
16015,POS消费,地点21,开水,2014/04/03 08:04:10,0.83,152.5
16015,POS消费,地点21,开水,2014/04/03 11:05:57,3.6,148.9
16015,POS消费,地点232,食堂,2014/04/03 11:06:37,5.0,143.9
16015,POS消费,地点21,开水,2014/04/03 14:09:13,5.6,138.3
16015,POS消费,地点91,校车,2014/04/03 18:40:28,10.0,128.3
16015,POS消费,地点326,洗衣房,2014/04/03 18:55:15,3.0,125.3
16015,POS消费,地点21,开水,2014/04/03 20:44:45,17.3,108.0
16015,POS消费,地点315,淋浴,2014/04/03 23:36:50,0.7,107.3
16015,POS消费,地点21,开水,2014/04/04 08:05:55,2.33,104.97
16015,POS消费,地点21,开水,2014/04/04 12:11:17,4.9,100.07
16015,POS消费,地点86,开水,2014/04/04 12:17:51,0.04,100.03
16015,POS消费,地点91,校车,2014/04/04 17:57:43,13.0,87.03
16015,POS消费,地点326,洗衣房,2014/04/04 22:10:41,15.0,72.03
16015,POS消费,地点21,开水,2014/04/05 18:31:04,2.5,69.53
16015,POS消费,地点315,淋浴,2014/04/06 00:00:43,0.7,68.83
16015,POS消费,地点91,校车,2014/04/06 12:09:45,6.8,62.03
16015,POS消费,地点91,校车,2014/04/06 12:10:03,6.8,55.23
16015,POS消费,地点21,开水,2014/04/06 12:10:18,5.0,50.23
16015,POS消费,地点21,开水,2014/04/06 12:11:12,1.8,48.43
16015,POS消费,地点21,开水,2014/04/06 12:11:22,2.0,46.43
16015,POS消费,地点315,淋浴,2014/04/07 22:28:14,0.5,45.93
16015,POS消费,地点232,食堂,2014/04/08 11:44:39,5.6,40.33
16015,POS消费,地点21,开水,2014/04/08 11:45:03,3.5,36.83
16015,POS消费,地点315,淋浴,2014/04/08 14:12:07,0.2,36.63
16015,POS消费,地点91,校车,2014/04/08 18:10:44,6.0,30.63
16015,POS消费,地点21,开水,2014/04/08 18:23:23,1.0,29.63
16015,POS消费,地点326,洗衣房,2014/04/08 18:24:02,3.0,26.63
16015,POS消费,地点21,开水,2014/04/08 22:14:47,8.4,18.23
16015,POS消费,地点91,校车,2014/04/09 12:01:08,6.0,12.23
16015,POS消费,地点21,开水,2014/04/09 12:03:50,5.0,7.23
16015,POS消费,地点21,开水,2014/04/09 12:13:39,1.8,5.43
16015,POS消费,地点21,开水,2014/04/09 12:20:39,3.5,1.93
16015,卡充值,,,2014/04/09 17:49:09,200.0,201.93
16015,POS消费,地点21,开水,2014/04/09 17:52:00,5.6,196.33
16015,POS消费,地点21,开水,2014/04/09 17:52:19,3.5,192.83
16015,POS消费,地点21,开水,2014/04/09 17:53:00,2.0,190.83
16015,POS消费,地点326,洗衣房,2014/04/09 21:36:24,3.0,187.83
16015,POS消费,地点315,淋浴,2014/04/09 21:49:52,0.1,187.73
16015,POS消费,地点21,开水,2014/04/10 08:46:52,0.83,186.9
16015,POS消费,地点1394,校车,2014/04/10 10:25:42,2.0,184.9
16015,POS消费,地点219,超市,2014/04/10 11:43:52,22.0,162.9
16015,POS消费,地点219,超市,2014/04/10 11:43:59,8.0,154.9
16015,POS消费,地点219,超市,2014/04/10 11:45:07,4.0,150.9
16015,POS消费,地点1394,校车,2014/04/10 14:32:37,2.0,148.9
16015,POS消费,地点315,淋浴,2014/04/10 16:14:15,0.3,148.6
16015,POS消费,地点21,开水,2014/04/11 08:39:27,2.83,145.77
16015,POS消费,地点315,淋浴,2014/04/11 15:13:57,0.4,145.37
16015,POS消费,地点248,超市,2014/04/11 15:53:09,10.5,134.87
16015,POS消费,地点91,校车,2014/04/11 17:58:13,6.0,128.87
16015,POS消费,地点21,开水,2014/04/11 18:16:10,3.3,125.57
16015,POS消费,地点315,淋浴,2014/04/12 22:38:52,0.2,125.37
16015,POS消费,地点86,开水,2014/04/13 08:44:53,0.14,125.23
16015,POS消费,地点315,淋浴,2014/04/13 23:58:33,0.4,124.83
16015,POS消费,地点315,淋浴,2014/04/14 00:06:39,0.1,124.73
16015,POS消费,地点21,开水,2014/04/14 08:31:03,3.3,121.43
16015,POS消费,地点21,开水,2014/04/14 12:04:13,6.0,115.43
16015,POS消费,地点91,校车,2014/04/14 12:06:54,4.6,110.83
16015,POS消费,地点91,校车,2014/04/14 17:47:20,13.0,97.83
16015,POS消费,地点21,开水,2014/04/14 17:56:53,1.0,96.83
16015,POS消费,地点315,淋浴,2014/04/14 23:19:20,0.1,96.73
16015,POS消费,地点315,淋浴,2014/04/14 23:24:08,0.1,96.63
16015,POS消费,地点86,开水,2014/04/15 08:51:30,0.14,96.49
16015,POS消费,地点86,开水,2014/04/15 09:35:59,0.14,96.35
16015,POS消费,地点91,校车,2014/04/15 11:34:31,10.0,86.35
16015,POS消费,地点91,校车,2014/04/15 17:57:36,3.0,83.35
16015,POS消费,地点21,开水,2014/04/15 18:00:52,13.3,70.05
16015,POS消费,地点315,淋浴,2014/04/15 22:34:20,0.3,69.75
16015,POS消费,地点21,开水,2014/04/16 09:49:45,3.6,66.15
16015,POS消费,地点91,校车,2014/04/16 11:58:16,15.0,51.15
16015,POS消费,地点21,开水,2014/04/16 17:44:55,4.5,45.85
16015,POS消费,地点91,校车,2014/04/16 17:47:04,5.9,39.95
16015,POS消费,地点91,校车,2014/04/16 17:48:00,3.0,36.95
16015,POS消费,地点21,开水,2014/04/17 08:09:33,7.03,29.53
16015,POS消费,地点315,淋浴,2014/04/17 09:48:37,0.8,50.35
16015,POS消费,地点86,开水,2014/04/17 09:54:29,0.39,36.56
16015,卡充值,,,2014/04/17 10:16:33,300.0,329.53
16015,POS消费,地点21,开水,2014/04/17 10:22:40,9.8,319.73
16015,POS消费,地点12,文印中心,2014/04/17 14:16:59,3.9,315.83
16015,POS消费,地点315,淋浴,2014/04/17 16:44:22,0.2,315.63
16015,POS消费,地点315,淋浴,2014/04/17 16:53:20,0.5,315.13
16015,POS消费,地点21,开水,2014/04/17 17:37:11,6.0,309.13
16015,POS消费,地点21,开水,2014/04/17 17:37:48,4.0,305.13
16015,POS消费,地点315,淋浴,2014/04/18 00:08:24,0.1,305.03
16015,POS消费,地点477,开水,2014/04/18 07:51:57,0.01,305.02
16015,POS消费,地点91,校车,2014/04/18 12:15:56,9.6,295.42
16015,POS消费,地点21,开水,2014/04/18 12:20:43,4.5,290.92
16015,POS消费,地点21,开水,2014/04/18 12:21:00,6.0,284.92
16015,POS消费,地点21,开水,2014/04/18 19:21:57,22.4,262.52
16015,POS消费,地点315,淋浴,2014/04/18 23:08:56,0.4,262.12
16015,POS消费,地点91,校车,2014/04/19 12:26:44,7.6,254.52
16015,POS消费,地点232,食堂,2014/04/19 12:31:03,6.0,248.52
16015,POS消费,地点91,校车,2014/04/19 18:02:03,6.0,242.52
16015,POS消费,地点91,校车,2014/04/19 18:15:52,27.6,214.92
16015,POS消费,地点1502,淋浴,2014/04/20 00:17:28,0.3,214.62
16015,POS消费,地点86,开水,2014/04/20 07:47:28,0.15,214.47
16015,POS消费,地点21,开水,2014/04/20 08:04:39,2.5,211.97
16015,POS消费,地点21,开水,2014/04/20 18:31:56,8.1,203.87
16015,POS消费,地点21,开水,2014/04/20 18:32:46,2.5,201.37
16015,POS消费,地点86,开水,2014/04/21 01:34:14,0.12,201.25
16015,POS消费,地点232,食堂,2014/04/21 17:22:06,17.0,184.25
16015,POS消费,地点315,淋浴,2014/04/21 19:51:10,0.1,184.15
16015,POS消费,地点315,淋浴,2014/04/21 22:44:26,0.8,183.35
16015,POS消费,地点315,淋浴,2014/04/22 15:33:33,0.5,182.85
16015,POS消费,地点315,淋浴,2014/04/22 15:45:00,0.1,182.75
16015,POS消费,地点86,开水,2014/04/23 08:54:08,0.16,182.59
16015,POS消费,地点232,食堂,2014/04/23 17:07:23,9.0,173.59
16015,POS消费,地点21,开水,2014/04/23 17:14:17,1.8,171.79
16015,POS消费,地点315,淋浴,2014/04/23 18:11:02,0.3,171.49
16015,POS消费,地点21,开水,2014/04/24 07:07:10,2.6,168.89
16015,POS消费,地点21,开水,2014/04/24 07:07:16,1.8,167.09
16015,POS消费,地点21,开水,2014/04/24 13:20:44,16.0,151.09
16015,POS消费,地点21,开水,2014/04/24 13:20:55,2.0,149.09
16015,POS消费,地点21,开水,2014/04/24 21:24:00,8.4,140.69
16015,POS消费,地点315,淋浴,2014/04/24 21:49:01,0.3,140.39
16015,POS消费,地点315,淋浴,2014/04/24 21:57:22,0.2,140.19
16015,POS消费,地点315,淋浴,2014/04/24 22:58:52,0.5,139.69
16015,POS消费,地点21,开水,2014/04/25 08:20:50,1.6,138.09
16015,POS消费,地点21,开水,2014/04/25 11:33:32,4.1,133.99
16015,POS消费,地点91,校车,2014/04/25 11:35:26,5.1,128.89
16015,POS消费,地点21,开水,2014/04/25 11:36:11,2.0,126.89
16015,POS消费,地点21,开水,2014/04/25 11:45:17,4.5,122.39
16015,POS消费,地点91,校车,2014/04/25 11:46:12,5.1,117.29
16015,POS消费,地点21,开水,2014/04/25 22:03:42,3.3,113.99
16015,POS消费,地点21,开水,2014/04/25 22:03:48,3.5,110.49
16015,POS消费,地点86,开水,2014/04/26 09:14:13,0.15,110.34
16015,POS消费,地点21,开水,2014/04/26 12:23:40,17.9,92.44
16015,POS消费,地点21,开水,2014/04/26 17:55:02,5.6,86.84
16015,POS消费,地点21,开水,2014/04/26 17:55:47,5.0,81.84
16015,POS消费,地点315,淋浴,2014/04/26 19:43:55,0.5,81.34
16015,POS消费,地点21,开水,2014/04/27 09:19:59,1.83,79.51
16015,POS消费,地点21,开水,2014/04/27 18:15:39,5.0,74.51
16015,POS消费,地点21,开水,2014/04/27 22:01:33,10.0,64.51
16015,POS消费,地点86,开水,2014/04/28 08:19:28,0.14,64.37
16015,POS消费,地点21,开水,2014/04/28 12:01:38,6.0,58.37
16015,POS消费,地点21,开水,2014/04/28 19:21:04,1.5,56.87
16015,POS消费,地点86,开水,2014/04/28 19:47:46,0.12,56.75
16015,POS消费,地点315,淋浴,2014/04/28 22:42:04,0.2,56.55
16015,POS消费,地点86,开水,2014/04/29 08:05:24,0.14,56.41
16015,POS消费,地点21,开水,2014/04/29 08:16:20,1.83,54.58
16015,POS消费,地点315,淋浴,2014/04/29 14:56:34,0.1,54.48
16015,POS消费,地点315,淋浴,2014/04/29 15:00:47,0.1,54.38
16015,POS消费,地点12,文印中心,2014/04/29 16:08:43,4.3,50.08
16015,POS消费,地点12,文印中心,2014/04/29 16:09:23,1.2,48.88
16015,POS消费,地点91,校车,2014/04/29 18:19:11,13.0,35.88
16015,POS消费,地点315,淋浴,2014/04/29 22:09:59,0.3,35.58
16015,POS消费,地点86,开水,2014/04/30 08:43:40,0.13,35.45
16015,POS消费,地点21,开水,2014/04/30 09:29:47,4.13,31.32
16015,POS消费,地点232,食堂,2014/04/30 11:58:49,6.0,25.32
16015,POS消费,地点315,淋浴,2014/04/30 15:42:24,0.5,24.82
16015,POS消费,地点91,校车,2014/04/30 18:16:35,6.0,18.82
16015,POS消费,地点21,开水,2014/04/30 18:20:51,3.03,15.79
16015,POS消费,地点86,开水,2014/05/01 00:31:23,0.15,15.64
16015,POS消费,地点21,开水,2014/05/01 12:26:12,5.6,10.04
16015,POS消费,地点91,校车,2014/05/01 12:27:01,5.94,4.1
16015,POS消费,地点315,淋浴,2014/05/01 18:17:42,0.4,3.7
16015,POS消费,地点86,开水,2014/05/01 20:30:15,0.13,3.57
16015,POS消费,地点86,开水,2014/05/04 08:11:15,0.03,3.54
16015,POS消费,地点21,开水,2014/05/04 08:25:34,1.6,1.94
16015,卡充值,,,2014/05/04 13:43:57,300.0,301.94
16015,POS消费,地点315,淋浴,2014/05/04 17:16:57,0.3,301.64
16015,POS消费,地点21,开水,2014/05/04 19:02:12,4.5,297.14
16015,POS消费,地点315,淋浴,2014/05/04 23:51:20,0.4,296.74
16015,POS消费,地点12,文印中心,2014/05/05 09:16:34,2.0,294.74
16015,POS消费,地点21,开水,2014/05/05 11:59:27,1.5,293.24
16015,POS消费,地点21,开水,2014/05/05 12:03:37,3.5,284.64
16015,POS消费,地点91,校车,2014/05/05 12:03:47,5.1,288.14
16015,POS消费,地点91,校车,2014/05/05 17:31:54,9.0,275.64
16015,POS消费,地点91,校车,2014/05/05 17:32:32,9.0,266.64
16015,POS消费,地点26,图书馆,2014/05/06 10:09:50,0.15,266.49
16015,POS消费,地点21,开水,2014/05/06 11:20:15,2.5,263.99
16015,POS消费,地点315,淋浴,2014/05/06 22:51:08,0.2,263.79
16015,POS消费,地点21,开水,2014/05/07 07:33:27,1.63,262.16
16015,POS消费,地点232,食堂,2014/05/07 12:03:28,10.0,252.16
16015,POS消费,地点315,淋浴,2014/05/07 14:57:10,0.1,252.06
16015,POS消费,地点21,开水,2014/05/07 17:49:11,5.35,246.71
16015,POS消费,地点91,校车,2014/05/07 17:51:22,5.4,239.81
16015,POS消费,地点315,淋浴,2014/05/07 21:25:48,0.2,239.61
16015,POS消费,地点271,校医院,2014/05/08 10:38:07,28.0,211.61
16015,卡挂失,,,2014/05/08 17:27:56,0.0,0.0
16015,卡片开户,,,2014/05/08 17:30:26,100.0,85.0
16015,POS消费,地点21,开水,2014/05/08 18:51:19,2.0,83.0
16015,POS消费,地点21,开水,2014/05/08 18:51:24,2.0,81.0
16015,POS消费,地点477,开水,2014/05/09 07:46:36,0.01,80.99
16015,POS消费,地点21,开水,2014/05/09 08:11:19,7.33,73.66
16015,POS消费,地点21,开水,2014/05/09 11:32:30,1.08,72.58
16015,POS消费,地点21,开水,2014/05/09 11:34:04,1.8,64.08
16015,POS消费,地点91,校车,2014/05/09 11:34:07,6.7,65.88
16015,POS消费,地点21,开水,2014/05/09 11:36:27,3.0,61.08
16015,POS消费,地点21,开水,2014/05/09 18:05:46,4.1,56.98
16015,POS消费,地点21,开水,2014/05/09 18:05:56,4.0,52.98
16015,POS消费,地点21,开水,2014/05/10 12:42:54,1.23,42.15
16015,POS消费,地点91,校车,2014/05/10 12:42:55,4.6,48.38
16015,POS消费,地点91,校车,2014/05/10 12:43:11,5.0,43.38
16015,POS消费,地点21,开水,2014/05/10 12:44:21,3.0,39.15
16015,POS消费,地点232,食堂,2014/05/10 17:01:50,8.0,31.15
16015,POS消费,地点21,开水,2014/05/10 20:03:41,8.0,23.15
16015,POS消费,地点21,开水,2014/05/11 12:14:58,6.0,17.15
16015,POS消费,地点21,开水,2014/05/11 12:15:23,2.0,15.15
16015,POS消费,地点315,淋浴,2014/05/11 17:03:46,0.1,15.05
16015,POS消费,地点21,开水,2014/05/11 18:19:27,5.6,9.45
16015,POS消费,地点91,校车,2014/05/11 18:21:08,8.0,1.45
16015,POS消费,地点86,开水,2014/05/11 23:59:52,0.01,1.44
16015,POS消费,地点477,开水,2014/05/12 00:00:33,0.01,1.43
16015,卡片销户,,,2014/05/12 10:05:24,1.43,0.0
16015,卡补办,,,2014/05/12 10:07:32,15.0,211.61
16015,更新卡信息,,,2014/05/12 10:07:52,0.0,0.0
16015,POS消费,地点21,开水,2014/05/12 10:23:10,12.2,199.41
16015,POS消费,地点86,开水,2014/05/12 12:20:18,0.01,199.4
16015,POS消费,地点477,开水,2014/05/12 12:20:48,0.01,199.39
16015,POS消费,地点91,校车,2014/05/12 17:47:35,13.0,186.39
16015,POS消费,地点21,开水,2014/05/12 18:05:18,8.1,178.29
16015,POS消费,地点315,淋浴,2014/05/12 22:22:00,0.3,177.99
16015,POS消费,地点315,淋浴,2014/05/12 22:28:53,0.3,177.69
16015,POS消费,地点21,开水,2014/05/13 10:10:30,9.33,168.36
16015,POS消费,地点21,开水,2014/05/13 14:31:16,7.2,161.16
16015,POS消费,地点21,开水,2014/05/13 17:03:30,5.0,154.06
16015,POS消费,地点21,开水,2014/05/13 17:03:46,2.1,159.06
16015,POS消费,地点91,校车,2014/05/13 17:12:13,4.1,149.96
16015,POS消费,地点315,淋浴,2014/05/13 21:16:01,0.7,149.26
16015,POS消费,地点21,开水,2014/05/14 06:44:40,0.7,148.56
16015,POS消费,地点91,校车,2014/05/14 11:56:10,6.0,142.56
16015,POS消费,地点91,校车,2014/05/14 17:43:52,6.0,136.56
16015,POS消费,地点21,开水,2014/05/14 17:47:40,2.0,134.56
16015,POS消费,地点315,淋浴,2014/05/14 21:50:31,0.4,134.16
16015,POS消费,地点21,开水,2014/05/15 08:32:40,1.82,132.34
16015,POS消费,地点21,开水,2014/05/15 08:32:51,3.3,129.04
16015,POS消费,地点315,淋浴,2014/05/15 14:04:30,0.2,128.84
16015,POS消费,地点91,校车,2014/05/15 18:07:06,10.6,118.24
16015,POS消费,地点21,开水,2014/05/16 08:18:23,0.7,117.54
16015,POS消费,地点21,开水,2014/05/16 08:19:31,1.8,115.74
16015,POS消费,地点21,开水,2014/05/16 12:20:51,19.4,96.34
16015,POS消费,地点315,淋浴,2014/05/16 13:28:43,0.2,96.14
16015,POS消费,地点91,校车,2014/05/17 17:04:55,11.0,85.14
16015,POS消费,地点26,图书馆,2014/05/17 17:12:31,7.2,77.94
16015,POS消费,地点315,淋浴,2014/05/18 17:57:32,0.5,77.44
16015,POS消费,地点91,校车,2014/05/18 20:17:38,3.0,74.44
16015,POS消费,地点21,开水,2014/05/18 20:49:27,23.5,50.94
16015,POS消费,地点21,开水,2014/05/19 11:42:46,6.0,44.56
16015,POS消费,地点91,校车,2014/05/19 11:44:04,7.0,37.56
16015,POS消费,地点21,开水,2014/05/19 11:44:53,0.73,36.83
16015,POS消费,地点21,开水,2014/05/19 11:45:56,1.8,35.03
16015,POS消费,地点86,开水,2014/05/19 14:34:17,0.38,50.56
16015,POS消费,地点315,淋浴,2014/05/19 15:57:33,0.4,34.63
16015,POS消费,地点315,淋浴,2014/05/19 22:34:29,0.3,34.33
16015,POS消费,地点86,开水,2014/05/20 07:57:38,0.15,34.18
16015,POS消费,地点21,开水,2014/05/20 08:46:33,2.5,31.68
16015,POS消费,地点86,开水,2014/05/21 01:37:17,0.13,31.55
16015,POS消费,地点21,开水,2014/05/21 08:53:56,2.8,28.75
16015,POS消费,地点21,开水,2014/05/21 09:02:15,0.8,27.95
16015,POS消费,地点21,开水,2014/05/21 10:58:28,0.73,27.22
16015,POS消费,地点91,校车,2014/05/21 10:59:37,5.6,21.62
16015,卡充值,,,2014/05/21 10:59:59,200.0,218.02
16015,POS消费,地点21,开水,2014/05/21 11:00:22,3.6,18.02
16015,POS消费,地点315,淋浴,2014/05/21 15:18:55,0.6,217.42
16015,POS消费,地点21,开水,2014/05/21 16:10:55,1.0,216.42
16015,POS消费,地点86,开水,2014/05/21 23:50:58,0.13,216.29
16015,POS消费,地点21,开水,2014/05/22 08:26:57,3.0,213.29
16015,POS消费,地点21,开水,2014/05/22 08:27:47,0.6,212.69
16015,POS消费,地点21,开水,2014/05/22 11:24:55,4.5,208.19
16015,POS消费,地点91,校车,2014/05/22 11:25:58,5.9,202.29
16015,POS消费,地点315,淋浴,2014/05/22 18:54:01,0.3,201.99
16015,POS消费,地点315,淋浴,2014/05/22 23:39:11,0.3,201.69
16015,POS消费,地点86,开水,2014/05/23 06:27:28,0.01,201.68
16015,POS消费,地点477,开水,2014/05/23 06:28:10,0.01,201.67
16015,POS消费,地点91,校车,2014/05/23 11:05:11,3.0,198.67
16015,POS消费,地点315,淋浴,2014/05/23 23:00:15,0.5,198.17
16015,POS消费,地点86,开水,2014/05/24 08:15:33,0.14,198.03
16015,POS消费,地点21,开水,2014/05/24 08:57:25,0.7,197.33
16015,POS消费,地点248,超市,2014/05/24 13:30:13,1.0,196.33
16015,POS消费,地点248,超市,2014/05/24 13:31:00,3.0,193.33
16015,POS消费,地点315,淋浴,2014/05/24 16:47:40,0.3,193.03
16015,POS消费,地点21,开水,2014/05/25 12:00:32,0.5,192.53
16015,POS消费,地点21,开水,2014/05/25 12:01:06,3.0,189.53
16015,POS消费,地点21,开水,2014/05/25 12:08:56,11.0,178.53
16015,POS消费,地点315,淋浴,2014/05/25 15:24:01,0.4,178.13
16015,POS消费,地点315,淋浴,2014/05/25 15:31:58,0.1,178.03
16015,POS消费,地点91,校车,2014/05/25 17:12:38,13.0,165.03
16015,POS消费,地点26,图书馆,2014/05/25 17:16:59,3.0,162.03
16015,POS消费,地点21,开水,2014/05/25 17:34:04,6.0,156.03
16015,POS消费,地点21,开水,2014/05/25 18:10:56,19.5,136.53
16015,POS消费,地点21,开水,2014/05/26 11:56:06,0.7,135.83
16015,POS消费,地点21,开水,2014/05/26 11:57:01,0.35,135.48
16015,POS消费,地点26,图书馆,2014/05/26 11:59:52,3.0,132.48
16015,POS消费,地点315,淋浴,2014/05/26 21:39:01,0.3,132.18
16015,POS消费,地点86,开水,2014/05/27 01:06:31,0.15,132.03
16015,POS消费,地点21,开水,2014/05/27 12:31:53,6.0,126.03
16015,POS消费,地点21,开水,2014/05/27 12:32:57,3.0,123.03
16015,POS消费,地点21,开水,2014/05/27 12:33:18,1.8,121.23
16015,POS消费,地点21,开水,2014/05/27 12:35:39,4.9,116.33
16015,POS消费,地点315,淋浴,2014/05/27 16:13:00,0.3,116.03
16015,POS消费,地点21,开水,2014/05/27 18:06:22,2.0,112.53
16015,POS消费,地点21,开水,2014/05/27 18:07:06,1.5,114.53
16015,POS消费,地点315,淋浴,2014/05/27 21:44:24,0.4,112.13
16015,POS消费,地点86,开水,2014/05/27 23:23:39,0.15,111.98
16015,POS消费,地点91,校车,2014/05/28 08:59:03,3.0,108.98
16015,POS消费,地点21,开水,2014/05/28 09:03:35,3.0,105.98
16015,POS消费,地点271,校医院,2014/05/28 12:36:59,15.5,90.48
16015,POS消费,地点21,开水,2014/05/28 17:47:53,0.5,89.98
16015,POS消费,地点91,校车,2014/05/28 17:52:52,7.0,82.98
16015,POS消费,地点86,开水,2014/05/29 01:08:57,0.14,82.84
16015,POS消费,地点21,开水,2014/05/29 08:35:59,2.0,80.84
16015,POS消费,地点21,开水,2014/05/29 11:27:47,4.1,76.74
16015,POS消费,地点21,开水,2014/05/29 11:28:58,2.0,74.74
16015,POS消费,地点315,淋浴,2014/05/29 14:54:21,0.4,74.34
16015,POS消费,地点91,校车,2014/05/29 17:59:07,3.0,71.34
16015,POS消费,地点21,开水,2014/05/30 08:12:15,0.83,70.51
16015,POS消费,地点21,开水,2014/05/30 11:32:31,3.5,67.01
16015,POS消费,地点271,校医院,2014/05/30 16:08:32,15.5,51.51
16015,POS消费,地点315,淋浴,2014/05/30 19:25:00,0.5,51.01
16015,POS消费,地点21,开水,2014/05/30 21:51:19,3.3,47.71
16015,POS消费,地点86,开水,2014/05/31 06:29:35,0.13,47.58
16015,POS消费,地点21,开水,2014/05/31 06:54:43,1.8,45.78
16015,POS消费,地点21,开水,2014/05/31 06:55:02,3.0,42.78
16015,POS消费,地点21,开水,2014/06/01 12:11:39,0.73,42.05
16015,POS消费,地点91,校车,2014/06/01 12:14:53,5.43,36.62
16015,POS消费,地点852,淋浴,2014/06/02 00:09:12,0.4,36.22
16015,POS消费,地点86,开水,2014/06/02 07:26:21,0.15,36.07
16015,POS消费,地点21,开水,2014/06/02 08:02:17,3.0,33.07
16015,POS消费,地点315,淋浴,2014/06/02 22:08:59,0.4,32.67
16015,POS消费,地点86,开水,2014/06/03 07:29:04,0.15,32.52
16015,POS消费,地点21,开水,2014/06/03 07:49:58,0.7,31.82
16015,POS消费,地点12,文印中心,2014/06/03 10:08:25,2.0,29.82
16015,POS消费,地点91,校车,2014/06/03 13:56:08,10.0,19.82
16015,卡充值,,,2014/06/03 16:17:01,300.0,313.82
16015,POS消费,地点91,校车,2014/06/03 16:17:43,6.0,13.82
16015,POS消费,地点315,淋浴,2014/06/04 00:12:06,0.4,313.42
16015,POS消费,地点21,开水,2014/06/04 07:46:44,0.7,312.72
16015,POS消费,地点21,开水,2014/06/04 07:51:29,1.8,310.92
16015,POS消费,地点21,开水,2014/06/04 18:00:23,2.5,308.42
16015,POS消费,地点21,开水,2014/06/04 20:40:04,3.5,304.92
16015,POS消费,地点315,淋浴,2014/06/04 23:30:04,0.4,304.52
16015,POS消费,地点86,开水,2014/06/05 10:34:38,0.16,304.36
16015,POS消费,地点21,开水,2014/06/05 11:54:41,1.08,303.28
16015,POS消费,地点91,校车,2014/06/05 11:55:38,7.5,295.78
16015,POS消费,地点21,开水,2014/06/05 11:57:29,4.0,291.78
16015,POS消费,地点315,淋浴,2014/06/05 14:26:22,0.2,291.58
16015,POS消费,地点271,校医院,2014/06/05 18:01:17,15.5,276.08
16015,POS消费,地点91,校车,2014/06/05 18:29:07,3.0,273.08
16015,POS消费,地点21,开水,2014/06/06 07:59:13,1.63,271.45
16015,POS消费,地点21,开水,2014/06/06 12:32:01,2.0,269.45
16015,POS消费,地点315,淋浴,2014/06/06 16:27:25,0.4,269.05
16015,POS消费,地点21,开水,2014/06/06 22:32:05,30.0,239.05
16015,POS消费,地点21,开水,2014/06/06 22:32:09,8.5,230.55
16015,POS消费,地点315,淋浴,2014/06/06 23:01:33,0.2,230.35
16015,POS消费,地点21,开水,2014/06/07 07:34:44,2.0,228.35
16015,POS消费,地点21,开水,2014/06/07 13:02:53,12.4,215.95
16015,POS消费,地点315,淋浴,2014/06/07 16:23:21,0.2,215.75
16015,POS消费,地点852,淋浴,2014/06/07 17:48:22,0.4,215.35
16015,POS消费,地点21,开水,2014/06/07 18:25:44,8.0,207.35
16015,POS消费,地点315,淋浴,2014/06/07 22:40:50,0.3,207.05
16015,POS消费,地点315,淋浴,2014/06/07 23:28:50,0.2,206.85
16015,POS消费,地点86,开水,2014/06/08 07:37:59,0.16,206.69
16015,POS消费,地点21,开水,2014/06/08 07:44:46,0.7,205.99
16015,POS消费,地点21,开水,2014/06/08 07:49:07,0.8,205.19
16015,POS消费,地点12,文印中心,2014/06/08 12:26:24,7.8,194.39
16015,POS消费,地点26,图书馆,2014/06/08 12:26:54,3.0,202.19
16015,POS消费,地点86,开水,2014/06/09 01:58:48,0.14,194.25
16015,POS消费,地点91,校车,2014/06/09 16:24:21,10.0,184.25
16015,POS消费,地点315,淋浴,2014/06/10 00:10:13,0.3,183.95
16015,POS消费,地点86,开水,2014/06/10 10:45:39,0.14,183.81
16015,POS消费,地点21,开水,2014/06/10 11:09:00,5.0,174.71
16015,POS消费,地点21,开水,2014/06/10 11:09:11,4.1,179.71
16015,POS消费,地点26,图书馆,2014/06/10 14:06:12,5.25,169.46
16015,POS消费,地点21,开水,2014/06/10 18:04:41,3.0,166.46
16015,POS消费,地点21,开水,2014/06/10 18:05:40,5.4,161.06
16015,POS消费,地点315,淋浴,2014/06/10 18:39:22,0.5,160.56
16015,POS消费,地点91,校车,2014/06/11 17:58:17,6.0,154.56
16015,POS消费,地点315,淋浴,2014/06/11 22:48:50,0.5,154.06
16015,POS消费,地点21,开水,2014/06/12 11:58:12,2.6,151.46
16015,POS消费,地点21,开水,2014/06/12 11:59:14,2.0,149.46
16015,POS消费,地点315,淋浴,2014/06/13 15:57:52,0.4,149.06
16015,POS消费,地点315,淋浴,2014/06/13 20:14:54,0.1,148.96
16015,POS消费,地点21,开水,2014/06/14 17:33:12,0.73,148.23
16015,POS消费,地点91,校车,2014/06/14 17:33:48,6.23,142.0
16015,POS消费,地点232,食堂,2014/06/14 17:38:31,10.4,131.6
16015,POS消费,地点21,开水,2014/06/14 17:39:09,2.0,129.6
16015,POS消费,地点315,淋浴,2014/06/14 19:29:07,0.1,129.5
16015,POS消费,地点21,开水,2014/06/14 23:08:21,4.0,125.5
16015,POS消费,地点86,开水,2014/06/15 10:37:37,0.14,125.36
16015,POS消费,地点21,开水,2014/06/15 11:34:01,10.6,114.76
16015,POS消费,地点315,淋浴,2014/06/15 20:29:54,0.5,114.26
16015,POS消费,地点21,开水,2014/06/15 21:18:28,30.0,84.26
16015,POS消费,地点21,开水,2014/06/15 21:18:33,5.8,78.46
16015,POS消费,地点21,开水,2014/06/16 10:41:45,14.4,64.06
16015,POS消费,地点315,淋浴,2014/06/16 20:08:00,0.3,63.76
16015,POS消费,地点21,开水,2014/06/17 07:23:41,0.83,62.93
16015,POS消费,地点21,开水,2014/06/17 07:23:59,0.8,62.13
16015,POS消费,地点12,文印中心,2014/06/17 11:55:33,8.0,54.13
16015,POS消费,地点91,校车,2014/06/17 17:30:35,13.0,41.13
16015,POS消费,地点26,图书馆,2014/06/17 17:41:26,3.0,38.13
16015,POS消费,地点91,校车,2014/06/17 20:41:00,6.0,32.13
16015,POS消费,地点315,淋浴,2014/06/17 23:53:33,0.5,31.63
16015,POS消费,地点21,开水,2014/06/18 09:37:16,1.6,30.03
16015,POS消费,地点271,校医院,2014/06/18 13:14:35,16.0,14.03
16015,POS消费,地点21,开水,2014/06/18 16:50:04,12.2,1.83
16015,POS消费,地点86,开水,2014/06/19 00:46:54,0.12,1.71
16015,POS消费,地点21,开水,2014/06/19 08:08:40,0.7,1.01
16015,卡充值,,,2014/06/19 11:24:49,300.0,301.01
16015,POS消费,地点21,开水,2014/06/19 11:27:36,2.5,298.51
16015,POS消费,地点91,校车,2014/06/19 11:29:26,5.9,292.61
16015,POS消费,地点21,开水,2014/06/19 11:30:13,1.8,290.81
16015,POS消费,地点21,开水,2014/06/19 11:32:34,7.5,283.31
16015,POS消费,地点315,淋浴,2014/06/19 14:20:24,0.3,283.01
16015,POS消费,地点315,淋浴,2014/06/19 14:28:36,0.1,282.91
16015,POS消费,地点86,开水,2014/06/20 07:01:06,0.15,282.76
16015,POS消费,地点21,开水,2014/06/20 07:48:07,1.6,281.16
16015,POS消费,地点232,食堂,2014/06/20 11:51:55,16.0,265.16
16015,POS消费,地点91,校车,2014/06/20 16:05:55,3.0,262.16
16015,POS消费,地点315,淋浴,2014/06/20 19:12:54,0.5,261.66
16015,POS消费,地点21,开水,2014/06/20 21:28:25,6.9,254.76
16015,POS消费,地点86,开水,2014/06/21 08:23:14,0.15,254.61
16015,POS消费,地点21,开水,2014/06/21 09:06:48,1.6,253.01
16015,POS消费,地点21,开水,2014/06/21 11:22:54,3.1,249.91
16015,POS消费,地点91,校车,2014/06/21 11:23:55,5.7,242.21
16015,POS消费,地点21,开水,2014/06/21 11:24:38,2.0,247.91
16015,POS消费,地点315,淋浴,2014/06/21 16:26:58,0.6,241.61
16015,POS消费,地点21,开水,2014/06/21 17:51:20,3.3,238.31
16015,POS消费,地点21,开水,2014/06/21 17:52:21,4.1,234.21
16015,POS消费,地点21,开水,2014/06/22 13:33:13,1.0,233.21
16015,POS消费,地点91,校车,2014/06/22 13:42:00,9.0,224.21
16015,POS消费,地点91,校车,2014/06/22 13:42:16,1.5,222.71
16015,POS消费,地点26,图书馆,2014/06/22 17:48:11,6.6,216.11
16015,POS消费,地点26,图书馆,2014/06/22 17:48:44,3.0,213.11
16015,POS消费,地点91,校车,2014/06/22 17:49:58,1.0,212.11
16015,POS消费,地点315,淋浴,2014/06/22 20:39:11,0.2,211.91
16015,POS消费,地点86,开水,2014/06/23 09:23:01,0.16,211.75
16015,POS消费,地点21,开水,2014/06/23 12:24:37,5.0,206.75
16015,POS消费,地点21,开水,2014/06/23 12:26:08,2.0,204.75
16015,POS消费,地点315,淋浴,2014/06/23 17:07:30,0.5,204.25
16015,POS消费,地点232,食堂,2014/06/23 18:11:51,8.0,196.25
16015,POS消费,地点232,食堂,2014/06/23 18:16:57,1.0,195.25
16015,POS消费,地点26,图书馆,2014/06/23 18:22:16,7.2,188.05
16015,POS消费,地点21,开水,2014/06/23 20:28:57,3.5,184.55
16015,POS消费,地点21,开水,2014/06/24 09:13:17,1.6,182.95
16015,POS消费,地点315,淋浴,2014/06/24 13:29:22,0.2,182.75
16015,POS消费,地点91,校车,2014/06/24 17:37:50,7.6,175.15
16015,POS消费,地点21,开水,2014/06/25 11:43:07,3.1,172.05
16015,POS消费,地点21,开水,2014/06/25 11:43:54,4.0,168.05
16015,POS消费,地点21,开水,2014/06/25 11:45:08,3.0,165.05
16015,POS消费,地点21,开水,2014/06/25 17:29:45,1.0,164.05
16015,POS消费,地点91,校车,2014/06/25 17:33:37,30.0,134.05
16015,POS消费,地点91,校车,2014/06/25 17:33:51,30.0,104.05
16015,POS消费,地点91,校车,2014/06/25 17:55:39,2.0,102.05
16015,POS消费,地点86,开水,2014/06/26 07:40:17,0.15,101.9
16015,POS消费,地点21,开水,2014/06/26 08:08:12,1.6,100.3
16015,POS消费,地点232,食堂,2014/06/26 12:05:56,1.6,98.7
16015,POS消费,地点12,文印中心,2014/06/26 12:07:08,6.3,92.4
16015,POS消费,地点26,图书馆,2014/06/26 12:07:41,3.0,89.4
16015,POS消费,地点91,校车,2014/06/26 22:07:08,3.0,86.4
16015,POS消费,地点86,开水,2014/06/27 07:45:57,0.15,86.25
16015,POS消费,地点21,开水,2014/06/27 09:02:12,1.6,84.65
16015,POS消费,地点21,开水,2014/06/27 11:52:32,3.1,81.55
16015,POS消费,地点91,校车,2014/06/27 11:53:16,5.7,75.85
16015,POS消费,地点315,淋浴,2014/06/27 17:01:55,0.5,75.35
16015,POS消费,地点21,开水,2014/06/27 17:19:47,3.0,72.35
16015,POS消费,地点21,开水,2014/06/27 17:24:10,3.0,69.35
16015,POS消费,地点315,淋浴,2014/06/28 00:11:19,0.4,68.95
16015,POS消费,地点21,开水,2014/06/28 11:36:37,3.1,65.85
16015,POS消费,地点91,校车,2014/06/28 11:37:31,5.7,60.15
16015,POS消费,地点21,开水,2014/06/28 11:50:05,3.0,57.15
16015,POS消费,地点21,开水,2014/06/28 16:25:05,9.3,47.85
16015,POS消费,地点315,淋浴,2014/06/28 20:11:56,0.4,47.45
16015,POS消费,地点86,开水,2014/06/29 01:51:47,0.13,47.32
16015,POS消费,地点86,开水,2014/06/29 12:00:07,0.12,47.2
16015,POS消费,地点21,开水,2014/06/29 12:19:24,3.1,44.1
16015,POS消费,地点91,校车,2014/06/29 12:20:04,5.9,38.2
16015,POS消费,地点21,开水,2014/06/29 12:20:48,3.0,35.2
16015,POS消费,地点21,开水,2014/06/30 08:47:09,2.3,32.9
16015,POS消费,地点91,校车,2014/06/30 17:21:36,5.6,27.3
16015,POS消费,地点91,校车,2014/06/30 17:22:21,2.0,25.3
16015,POS消费,地点315,淋浴,2014/07/01 00:00:20,0.2,25.1
16015,POS消费,地点21,开水,2014/07/01 08:23:10,1.6,23.5
16015,POS消费,地点21,开水,2014/07/01 11:21:12,2.1,21.4
16015,POS消费,地点21,开水,2014/07/01 17:18:39,2.1,19.3
16015,POS消费,地点21,开水,2014/07/01 17:19:07,5.0,14.3
16015,POS消费,地点315,淋浴,2014/07/02 16:00:03,0.4,13.9
16015,POS消费,地点315,淋浴,2014/07/02 19:41:33,0.3,13.6
16015,POS消费,地点86,开水,2014/07/03 08:40:49,0.15,13.45
16015,卡充值,,,2014/07/03 08:51:08,100.0,113.45
16015,POS消费,地点21,开水,2014/07/03 08:53:00,1.6,111.85
16015,POS消费,地点91,校车,2014/07/03 12:15:59,7.0,104.85
16015,POS消费,地点91,校车,2014/07/03 12:16:57,1.5,103.35
16015,POS消费,地点21,开水,2014/07/03 12:27:21,2.0,101.35
16015,POS消费,地点315,淋浴,2014/07/03 18:29:35,0.6,100.75
16015,POS消费,地点91,校车,2014/07/03 19:49:37,3.0,97.75
16015,POS消费,地点21,开水,2014/07/04 07:37:49,2.3,95.45
16015,POS消费,地点21,开水,2014/07/04 11:40:24,2.6,92.85
16015,POS消费,地点21,开水,2014/07/04 16:02:51,4.0,88.85
16015,POS消费,地点21,开水,2014/07/04 17:27:38,6.0,82.85
16015,POS消费,地点21,开水,2014/07/04 17:27:56,2.5,80.35
16015,POS消费,地点86,开水,2014/07/04 22:54:44,0.11,80.24
16015,POS消费,地点86,开水,2014/07/04 23:07:39,0.14,80.1
16015,POS消费,地点315,淋浴,2014/07/04 23:51:28,0.2,79.9
16015,POS消费,地点86,开水,2014/07/05 07:51:08,0.15,79.75
16015,POS消费,地点21,开水,2014/07/05 08:05:49,4.8,74.95
16015,POS消费,地点91,校车,2014/07/05 11:52:54,7.0,67.95
16015,POS消费,地点91,校车,2014/07/05 11:52:59,1.5,66.45
16015,POS消费,地点21,开水,2014/07/05 17:41:30,4.6,61.85
16015,POS消费,地点315,淋浴,2014/07/05 22:37:07,0.4,61.45
16015,POS消费,地点232,食堂,2014/07/06 08:22:06,3.0,58.45
16015,POS消费,地点21,开水,2014/07/06 08:23:21,3.0,55.45
16015,POS消费,地点271,校医院,2014/07/06 11:58:50,15.5,39.95
16015,POS消费,地点21,开水,2014/07/06 21:07:16,3.6,36.35
16015,POS消费,地点86,开水,2014/07/07 07:12:24,0.19,36.16
16015,POS消费,地点21,开水,2014/07/07 07:40:24,0.7,35.46
16015,POS消费,地点91,校车,2014/07/07 13:02:39,8.5,26.96
16015,POS消费,地点21,开水,2014/07/07 13:20:52,5.9,21.06
16015,POS消费,地点315,淋浴,2014/07/07 19:33:42,0.5,20.56
16015,POS消费,地点21,开水,2014/07/08 11:50:34,11.7,8.86
16015,POS消费,地点86,开水,2014/07/08 11:55:25,0.12,8.74
16015,POS消费,地点315,淋浴,2014/07/08 16:31:06,0.4,8.34
16015,POS消费,地点21,开水,2014/07/08 18:10:29,0.5,7.84
16015,POS消费,地点21,开水,2014/07/08 18:10:51,0.7,7.14
16015,POS消费,地点21,开水,2014/07/08 18:11:55,1.5,5.64
16015,POS消费,地点315,淋浴,2014/07/08 22:17:49,0.1,5.54
16015,POS消费,地点21,开水,2014/07/09 09:07:02,0.8,4.74
16015,POS消费,地点21,开水,2014/07/09 09:07:51,3.0,1.74
16015,卡充值,,,2014/07/09 12:20:58,200.0,201.74
16015,POS消费,地点21,开水,2014/07/09 12:25:20,5.6,196.14
16015,POS消费,地点21,开水,2014/07/09 12:25:44,5.0,191.14
16015,POS消费,地点248,超市,2014/07/09 12:38:06,1.8,189.34
16015,POS消费,地点21,开水,2014/07/09 17:51:35,5.6,183.74
16015,POS消费,地点21,开水,2014/07/09 17:52:16,2.5,181.24
16015,POS消费,地点21,开水,2014/07/09 17:58:48,4.1,177.14
16015,POS消费,地点315,淋浴,2014/07/09 22:19:58,0.3,176.84
16015,POS消费,地点86,开水,2014/07/10 06:49:13,0.13,176.71
16015,POS消费,地点21,开水,2014/07/10 10:34:07,10.1,166.61
16015,POS消费,地点315,淋浴,2014/07/10 16:41:28,0.3,166.31
16015,POS消费,地点21,开水,2014/07/11 09:18:55,2.0,164.31
16015,POS消费,地点21,开水,2014/07/11 09:19:28,2.03,162.28
16015,POS消费,地点21,开水,2014/07/11 12:08:52,18.0,144.28
16015,POS消费,地点315,淋浴,2014/07/11 15:12:54,0.3,143.98
16015,POS消费,地点315,淋浴,2014/07/11 19:11:44,0.1,143.88
16015,POS消费,地点91,校车,2014/07/12 17:25:11,3.0,140.88
16015,POS消费,地点21,开水,2014/07/12 17:26:31,3.8,137.08
16015,POS消费,地点21,开水,2014/07/13 21:34:33,10.1,126.98
16015,POS消费,地点315,淋浴,2014/07/13 23:34:24,0.3,126.68
16015,POS消费,地点86,开水,2014/07/14 07:11:56,0.13,126.55
16015,POS消费,地点315,淋浴,2014/07/14 22:11:00,0.6,125.95
16015,POS消费,地点21,开水,2014/07/15 07:21:34,0.7,125.25
16015,POS消费,地点21,开水,2014/07/15 19:08:17,3.3,121.95
16015,POS消费,地点21,开水,2014/07/15 19:22:17,4.5,117.45
16015,POS消费,地点315,淋浴,2014/07/15 20:53:55,0.3,117.15
16015,POS消费,地点86,开水,2014/07/16 07:02:45,0.15,117.0
16015,POS消费,地点21,开水,2014/07/16 07:30:51,4.33,112.67
16015,POS消费,地点21,开水,2014/07/16 20:45:30,6.6,106.07
16015,POS消费,地点315,淋浴,2014/07/16 23:21:15,0.1,105.97
16015,POS消费,地点852,淋浴,2014/07/16 23:27:00,0.1,105.87
16015,POS消费,地点21,开水,2014/07/17 07:15:10,4.0,101.87
16015,POS消费,地点315,淋浴,2014/07/17 19:56:54,0.5,101.37
16015,POS消费,地点86,开水,2014/07/18 07:01:51,0.14,101.23
16015,POS消费,地点21,开水,2014/07/18 07:20:03,3.8,97.43
16015,POS消费,地点21,开水,2014/07/18 18:00:48,4.6,92.83
16015,POS消费,地点21,开水,2014/07/18 18:02:16,5.0,87.83
16015,POS消费,地点21,开水,2014/07/18 18:14:51,3.6,84.23
16015,POS消费,地点315,淋浴,2014/07/18 19:48:15,0.2,84.03
16015,POS消费,地点21,开水,2014/07/19 08:56:47,2.8,81.23
16015,POS消费,地点21,开水,2014/07/19 11:00:55,5.6,75.63
16015,POS消费,地点91,校车,2014/07/19 11:01:27,4.05,71.58
16015,POS消费,地点315,淋浴,2014/07/19 14:40:07,0.5,71.08
16015,POS消费,地点315,淋浴,2014/07/19 20:16:48,0.2,70.88
16015,POS消费,地点86,开水,2014/07/20 10:44:41,0.13,70.75
16015,POS消费,地点91,校车,2014/07/20 12:10:52,6.0,64.75
16015,POS消费,地点21,开水,2014/07/20 12:20:03,2.6,62.15
16015,POS消费,地点21,开水,2014/07/20 12:20:21,2.0,60.15
16015,POS消费,地点21,开水,2014/07/20 12:21:11,3.6,56.55
16015,POS消费,地点315,淋浴,2014/07/20 21:42:36,0.3,56.25
16015,POS消费,地点86,开水,2014/07/20 22:24:06,0.14,56.11
16015,POS消费,地点86,开水,2014/07/21 06:24:46,0.19,55.92
16015,POS消费,地点21,开水,2014/07/21 07:14:36,3.8,52.12
16015,POS消费,地点315,淋浴,2014/07/21 20:58:39,0.3,51.82
16015,POS消费,地点21,开水,2014/07/22 07:25:22,0.7,51.12
16015,POS消费,地点21,开水,2014/07/22 07:26:36,1.0,50.12
16015,POS消费,地点21,开水,2014/07/22 18:11:06,1.0,49.12
16015,POS消费,地点21,开水,2014/07/22 18:13:23,5.6,43.52
16015,POS消费,地点21,开水,2014/07/22 18:13:49,5.0,38.52
16015,POS消费,地点315,淋浴,2014/07/22 20:51:25,0.2,38.32
16015,POS消费,地点86,开水,2014/07/23 07:05:26,0.12,38.2
16015,POS消费,地点21,开水,2014/07/23 07:29:31,0.9,37.3
16015,POS消费,地点21,开水,2014/07/23 07:32:45,2.0,35.3
16015,POS消费,地点21,开水,2014/07/23 18:07:03,1.0,34.3
16015,POS消费,地点315,淋浴,2014/07/23 20:50:46,0.2,34.1
16015,POS消费,地点21,开水,2014/07/24 07:27:43,0.9,33.2
16015,POS消费,地点21,开水,2014/07/24 07:28:39,2.0,31.2
16015,POS消费,地点21,开水,2014/07/24 17:56:11,5.8,25.4
16015,POS消费,地点21,开水,2014/07/24 17:56:49,1.0,24.4
16015,POS消费,地点315,淋浴,2014/07/24 22:06:37,0.2,24.2
16015,POS消费,地点315,淋浴,2014/07/24 22:50:07,0.2,24.0
16015,POS消费,地点86,开水,2014/07/25 07:00:08,0.14,23.86
16015,POS消费,地点21,开水,2014/07/25 07:32:37,2.63,21.23
16015,POS消费,地点21,开水,2014/07/26 12:16:06,6.0,15.23
16015,POS消费,地点21,开水,2014/07/26 12:16:30,2.0,13.23
16015,POS消费,地点315,淋浴,2014/07/26 18:59:20,0.2,13.03
16015,POS消费,地点21,开水,2014/07/27 09:19:12,1.8,11.23
16015,POS消费,地点91,校车,2014/07/27 18:12:05,7.6,3.63
16015,POS消费,地点21,开水,2014/07/27 18:13:40,3.6,0.03
16015,POS消费,地点86,开水,2014/07/27 21:15:32,0.01,0.02
16015,卡充值,,,2014/07/29 17:50:42,100.0,100.02
16015,POS消费,地点21,开水,2014/07/29 17:54:32,4.2,95.82
16015,POS消费,地点21,开水,2014/07/29 17:54:55,5.0,90.82
16015,POS消费,地点21,开水,2014/07/29 17:55:25,3.1,87.72
16015,POS消费,地点21,开水,2014/07/29 17:56:18,1.8,85.92
16015,POS消费,地点315,淋浴,2014/07/29 21:05:02,0.2,85.72
16015,POS消费,地点86,开水,2014/07/30 00:11:46,0.14,85.58
16015,POS消费,地点21,开水,2014/07/30 07:39:56,1.83,83.75
16015,POS消费,地点315,淋浴,2014/07/30 22:07:18,0.2,83.55
16015,POS消费,地点21,开水,2014/07/31 07:38:04,1.8,81.75
16015,POS消费,地点21,开水,2014/07/31 18:07:31,4.3,77.45
16015,POS消费,地点21,开水,2014/07/31 18:08:02,5.3,72.15
16015,POS消费,地点21,开水,2014/07/31 18:08:35,5.6,66.55
16015,POS消费,地点315,淋浴,2014/07/31 22:27:01,0.4,66.15
16015,POS消费,地点86,开水,2014/08/01 07:07:57,0.15,66.0
16015,POS消费,地点21,开水,2014/08/01 07:38:25,1.8,64.2
16015,POS消费,地点21,开水,2014/08/01 17:55:22,3.3,60.9
16015,POS消费,地点315,淋浴,2014/08/01 22:45:16,0.2,60.7
16015,POS消费,地点21,开水,2014/08/02 09:23:37,0.5,60.2
16015,POS消费,地点315,淋浴,2014/08/02 18:20:51,0.2,60.0
16015,POS消费,地点315,淋浴,2014/08/02 21:22:42,0.2,59.8
16015,POS消费,地点86,开水,2014/08/03 06:56:25,0.13,59.67
16015,POS消费,地点21,开水,2014/08/03 07:45:22,1.8,57.87
16015,POS消费,地点315,淋浴,2014/08/03 21:28:28,0.2,57.67
16015,POS消费,地点315,淋浴,2014/08/03 21:33:12,0.1,57.57
16015,POS消费,地点21,开水,2014/08/04 07:34:05,0.7,56.87
16015,POS消费,地点315,淋浴,2014/08/04 20:40:11,0.2,56.67
16015,POS消费,地点21,开水,2014/08/05 07:34:16,1.8,54.87
16015,POS消费,地点21,开水,2014/08/05 17:54:18,3.1,51.77
16015,POS消费,地点21,开水,2014/08/05 17:56:48,1.8,49.97
16015,POS消费,地点315,淋浴,2014/08/05 23:16:00,0.2,49.77
16015,POS消费,地点21,开水,2014/08/06 07:38:14,2.83,46.94
16015,POS消费,地点21,开水,2014/08/06 17:55:34,5.4,38.54
16015,POS消费,地点91,校车,2014/08/06 17:57:09,3.0,43.94
16015,POS消费,地点315,淋浴,2014/08/06 22:28:32,0.2,38.34
16015,POS消费,地点21,开水,2014/08/07 07:24:52,3.0,35.34
16015,POS消费,地点21,开水,2014/08/07 07:28:24,0.8,34.54
16015,POS消费,地点21,开水,2014/08/07 17:55:41,5.3,29.24
16015,POS消费,地点21,开水,2014/08/07 17:56:34,2.0,27.24
16015,POS消费,地点315,淋浴,2014/08/07 20:59:33,0.2,27.04
16015,POS消费,地点21,开水,2014/08/08 07:35:01,1.8,25.24
16015,POS消费,地点86,开水,2014/08/09 09:01:08,0.12,25.12
16015,POS消费,地点21,开水,2014/08/09 11:33:12,3.1,22.02
16015,POS消费,地点21,开水,2014/08/09 11:34:03,5.0,17.02
16015,POS消费,地点315,淋浴,2014/08/09 23:00:51,0.3,16.72
16015,POS消费,地点86,开水,2014/08/10 01:05:31,0.11,16.61
16015,POS消费,地点86,开水,2014/08/10 08:32:46,0.14,16.47
16015,POS消费,地点21,开水,2014/08/10 09:08:34,0.7,15.77
16015,POS消费,地点21,开水,2014/08/10 11:30:44,4.3,11.47
16015,POS消费,地点315,淋浴,2014/08/25 21:46:15,0.4,11.07
16015,POS消费,地点86,开水,2014/08/26 08:14:13,0.13,10.94
16015,卡充值,,,2014/08/26 17:33:28,200.0,206.34
16015,POS消费,地点21,开水,2014/08/26 17:34:38,4.6,6.34
16015,POS消费,地点21,开水,2014/08/26 17:50:09,3.5,202.84
16015,POS消费,地点86,开水,2014/08/26 21:50:45,0.1,202.74
16015,POS消费,地点86,开水,2014/08/27 07:23:01,0.11,202.63
16015,POS消费,地点21,开水,2014/08/27 09:09:12,0.7,201.93
16015,POS消费,地点232,食堂,2014/08/27 16:57:39,7.6,194.33
16015,POS消费,地点315,淋浴,2014/08/27 20:23:33,0.3,194.03
16015,POS消费,地点86,开水,2014/08/28 08:13:25,0.15,193.88
16015,POS消费,地点21,开水,2014/08/28 08:32:10,2.3,191.58
16015,POS消费,地点21,开水,2014/08/28 17:26:36,1.5,190.08
16015,POS消费,地点12,文印中心,2014/08/28 17:29:20,6.4,183.68
16015,POS消费,地点12,文印中心,2014/08/28 17:30:02,3.0,180.68
16015,POS消费,地点91,校车,2014/08/28 17:30:34,1.0,179.68
16015,POS消费,地点21,开水,2014/08/28 17:43:37,2.0,177.68
16015,POS消费,地点315,淋浴,2014/08/28 20:50:50,0.3,177.38
16015,POS消费,地点21,开水,2014/08/29 07:51:58,3.3,174.08
16015,POS消费,地点21,开水,2014/08/29 18:00:20,3.6,170.48
16015,POS消费,地点21,开水,2014/08/29 18:00:39,4.0,166.48
16015,POS消费,地点315,淋浴,2014/08/29 22:04:10,0.2,166.28
16015,POS消费,地点86,开水,2014/08/30 09:22:10,0.15,166.13
16015,POS消费,地点315,淋浴,2014/08/30 15:08:13,0.3,165.83
16015,POS消费,地点21,开水,2014/08/30 17:37:32,8.6,157.23
16015,POS消费,地点21,开水,2014/08/30 17:38:04,0.8,156.43
16015,POS消费,地点86,开水,2014/08/31 07:56:20,0.15,156.28
