16055,卡片开户,,,2014/07/16 13:37:34,0.0,0.0
16055,卡充值,,,2014/08/29 21:34:16,200.0,200.0
16055,POS消费,地点21,开水,2014/08/29 21:56:50,14.5,185.5
16055,POS消费,地点182,食堂,2014/08/30 11:47:13,8.6,176.9
16055,POS消费,地点21,开水,2014/08/30 13:46:14,12.3,164.6
16055,POS消费,地点204,食堂,2014/08/30 19:15:44,5.5,159.1
16055,POS消费,地点195,超市,2014/08/30 19:42:32,5.0,154.1
16055,POS消费,地点232,食堂,2014/08/31 07:41:19,1.6,152.5
16055,POS消费,地点225,食堂,2014/08/31 11:07:48,8.6,143.9
16055,POS消费,地点263,食堂,2014/08/31 17:21:54,7.6,136.3
