16121,POS消费,地点232,食堂,2014/07/02 18:04:32,0.0,0.0
16121,POS消费,地点232,食堂,2014/07/02 18:04:32,0.12,1.63
16121,卡片开户,,,2014/07/19 13:09:45,0.0,0.0
16121,卡充值,,,2014/08/29 13:29:27,500.0,500.0
16121,POS消费,地点168,食堂,2014/08/29 18:40:45,11.0,489.0
16121,POS消费,地点283,食堂,2014/08/29 18:44:18,2.0,487.0
16121,POS消费,地点206,开水,2014/08/29 22:42:03,0.01,486.99
16121,POS消费,地点206,开水,2014/08/29 22:43:09,0.05,486.94
16121,POS消费,地点21,开水,2014/08/30 08:15:50,3.9,483.04
16121,POS消费,地点157,食堂,2014/08/30 08:31:29,1.6,481.44
16121,POS消费,地点103,食堂,2014/08/30 08:44:18,1.6,479.84
16121,POS消费,地点161,食堂,2014/08/30 12:28:49,6.2,473.64
16121,POS消费,地点161,食堂,2014/08/30 12:29:39,11.2,462.44
16121,POS消费,地点21,开水,2014/08/30 12:32:16,6.0,456.44
16121,POS消费,地点253,食堂,2014/08/30 12:59:35,0.6,455.84
16121,POS消费,地点232,食堂,2014/08/30 17:31:15,6.3,449.54
16121,POS消费,地点232,食堂,2014/08/30 17:34:00,1.0,448.54
16121,POS消费,地点232,食堂,2014/08/30 17:34:13,1.0,447.54
16121,POS消费,地点6,淋浴,2014/08/30 19:45:30,0.1,447.44
16121,POS消费,地点755,淋浴,2014/08/30 19:47:29,0.1,447.34
16121,POS消费,地点206,开水,2014/08/30 20:23:48,0.01,447.33
16121,POS消费,地点36,开水,2014/08/30 20:24:23,0.02,447.31
16121,POS消费,地点192,超市,2014/08/31 08:55:49,7.8,439.51
16121,POS消费,地点203,食堂,2014/08/31 09:42:10,5.5,434.01
16121,POS消费,地点192,超市,2014/08/31 11:20:34,8.4,425.61
16121,POS消费,地点206,开水,2014/08/31 11:38:55,0.05,425.56
16121,POS消费,地点21,开水,2014/08/31 17:06:57,2.0,417.26
16121,POS消费,地点82,食堂,2014/08/31 17:19:02,6.3,419.26
