16164,卡片开户,,,2014/07/18 10:39:55,0.0,0.0
16164,卡充值,,,2014/08/29 11:50:55,100.0,100.0
16164,POS消费,地点218,食堂,2014/08/29 11:51:14,2.9,97.1
16164,POS消费,地点124,食堂,2014/08/29 12:00:31,9.0,88.1
16164,POS消费,地点21,开水,2014/08/29 12:06:37,1.5,85.4
16164,POS消费,地点21,开水,2014/08/29 12:07:38,1.0,86.9
16164,POS消费,地点305,食堂,2014/08/29 12:07:49,0.2,87.9
16164,POS消费,地点243,食堂,2014/08/29 15:28:46,3.0,82.4
16164,POS消费,地点12,文印中心,2014/08/29 23:30:30,0.2,82.2
16164,POS消费,地点114,食堂,2014/08/30 08:46:45,3.0,79.2
16164,POS消费,地点26,图书馆,2014/08/30 12:03:22,21.5,57.7
16164,POS消费,地点26,图书馆,2014/08/30 12:07:27,4.5,53.2
16164,POS消费,地点26,图书馆,2014/08/30 12:17:06,5.0,48.2
16164,POS消费,地点134,食堂,2014/08/30 17:50:46,4.4,43.8
16164,POS消费,地点157,食堂,2014/08/30 17:51:00,5.0,38.8
16164,POS消费,地点258,食堂,2014/08/30 20:46:43,3.2,35.6
16164,POS消费,地点12,文印中心,2014/08/30 23:34:51,0.2,35.4
16164,POS消费,地点114,食堂,2014/08/31 08:10:52,3.0,32.4
16164,POS消费,地点258,食堂,2014/08/31 11:19:25,5.0,27.4
16164,POS消费,地点250,食堂,2014/08/31 11:21:51,14.0,13.4
16164,POS消费,地点91,校车,2014/08/31 17:36:04,0.5,12.9
16164,POS消费,地点91,校车,2014/08/31 17:37:11,1.0,11.9
16164,POS消费,地点91,校车,2014/08/31 17:38:00,5.0,6.9
16164,POS消费,地点248,超市,2014/08/31 17:38:42,4.0,2.9
