16308,卡片开户,,,2014/07/19 15:31:35,0.0,0.0
16308,卡充值,,,2014/08/29 13:49:34,1000.0,1000.0
16308,POS消费,地点1887,开水,2014/08/29 14:21:07,0.01,999.99
16308,POS消费,地点27,教务处,2014/08/30 11:53:54,15.0,984.99
16308,POS消费,地点59,食堂,2014/08/30 16:53:49,3.6,981.39
16308,POS消费,地点21,开水,2014/08/30 16:57:35,4.2,975.09
16308,POS消费,地点251,食堂,2014/08/30 17:07:34,0.5,979.29
16308,POS消费,地点21,开水,2014/08/30 17:08:21,1.6,979.79
16308,POS消费,地点251,食堂,2014/08/30 17:11:39,1.1,973.99
16308,POS消费,地点124,食堂,2014/08/31 08:05:02,3.0,970.99
16308,POS消费,地点124,食堂,2014/08/31 08:13:14,1.0,969.99
16308,POS消费,地点248,超市,2014/08/31 11:20:19,5.6,964.39
16308,POS消费,地点21,开水,2014/08/31 11:21:16,3.0,961.39
16308,POS消费,地点21,开水,2014/08/31 18:03:26,4.6,956.79
16308,POS消费,地点1887,开水,2014/08/31 21:46:26,0.01,956.78
