16357,POS消费,地点26,图书馆,2013/09/01 00:28:02,0.6,327.6
16357,POS消费,地点6,淋浴,2013/09/01 00:32:37,0.3,328.2
16357,POS消费,地点91,校车,2013/09/01 11:46:11,2.0,325.6
16357,POS消费,地点91,校车,2013/09/01 11:46:48,9.9,315.7
16357,POS消费,地点192,超市,2013/09/01 12:18:12,8.5,307.2
16357,POS消费,地点273,食堂,2013/09/01 17:57:34,4.8,302.4
16357,POS消费,地点245,食堂,2013/09/01 17:59:51,1.5,300.9
16357,POS消费,地点753,开水,2013/09/02 08:43:42,0.16,300.74
16357,POS消费,地点21,开水,2013/09/02 09:58:30,1.4,299.34
16357,POS消费,地点257,食堂,2013/09/02 12:00:06,2.9,296.44
16357,POS消费,地点244,食堂,2013/09/02 12:06:18,8.6,287.84
16357,POS消费,地点188,超市,2013/09/02 16:17:25,8.5,279.34
16357,POS消费,地点26,图书馆,2013/09/02 19:51:00,30.0,249.34
16357,POS消费,地点26,图书馆,2013/09/02 19:51:05,15.6,233.74
16357,POS消费,地点158,食堂,2013/09/03 07:50:03,3.7,230.04
16357,POS消费,地点182,食堂,2013/09/03 07:52:32,1.0,229.04
16357,POS消费,地点259,食堂,2013/09/03 12:09:52,4.6,224.44
16357,POS消费,地点235,食堂,2013/09/03 12:11:08,2.0,222.44
16357,POS消费,地点21,开水,2013/09/03 12:15:00,2.0,220.44
16357,POS消费,地点190,超市,2013/09/03 12:44:22,30.0,190.44
16357,POS消费,地点190,超市,2013/09/03 12:44:27,21.3,169.14
16357,POS消费,地点199,开水,2013/09/03 13:27:06,0.01,169.13
16357,POS消费,地点576,开水,2013/09/03 13:27:26,0.01,169.12
16357,POS消费,地点576,开水,2013/09/03 13:28:06,0.08,169.04
16357,POS消费,地点195,超市,2013/09/03 19:02:01,30.0,139.04
16357,POS消费,地点195,超市,2013/09/03 19:02:30,18.0,121.04
16357,POS消费,地点91,校车,2013/09/04 08:35:18,2.3,117.14
16357,POS消费,地点144,食堂,2013/09/04 08:37:32,0.2,116.94
16357,POS消费,地点21,开水,2013/09/04 11:59:16,4.6,112.34
16357,POS消费,地点218,食堂,2013/09/04 12:08:56,2.9,109.44
16357,POS消费,地点105,食堂,2013/09/04 17:06:41,5.1,104.34
16357,POS消费,地点12,文印中心,2013/09/04 22:48:38,0.1,104.24
16357,POS消费,地点159,淋浴,2013/09/04 22:52:37,0.1,104.14
16357,POS消费,地点21,开水,2013/09/04 22:54:15,0.1,103.74
16357,POS消费,地点12,文印中心,2013/09/04 22:54:22,0.2,103.94
16357,POS消费,地点21,开水,2013/09/04 22:54:40,0.1,103.64
16357,POS消费,地点12,文印中心,2013/09/04 22:57:21,0.1,103.84
16357,POS消费,地点57,食堂,2013/09/05 08:43:57,2.6,101.04
16357,POS消费,地点105,食堂,2013/09/05 08:44:06,0.2,100.84
16357,POS消费,地点21,开水,2013/09/05 12:04:24,7.0,93.84
16357,POS消费,地点21,开水,2013/09/05 12:04:30,0.6,93.24
16357,POS消费,地点305,食堂,2013/09/05 17:21:09,0.8,85.94
16357,POS消费,地点21,开水,2013/09/05 17:21:17,3.7,89.54
16357,POS消费,地点21,开水,2013/09/05 17:21:34,2.8,86.74
16357,POS消费,地点576,开水,2013/09/05 23:30:58,0.08,85.86
16357,POS消费,地点154,食堂,2013/09/06 11:25:04,8.6,77.26
16357,POS消费,地点21,开水,2013/09/06 17:41:04,6.6,70.66
16357,POS消费,地点305,食堂,2013/09/06 17:41:40,0.8,69.86
16357,POS消费,地点304,超市,2013/09/06 19:06:34,7.3,62.56
16357,POS消费,地点576,开水,2013/09/07 00:23:14,0.08,62.48
16357,POS消费,地点105,食堂,2013/09/07 11:09:30,5.1,57.38
16357,POS消费,地点753,开水,2013/09/07 16:41:52,0.14,57.24
16357,POS消费,地点576,开水,2013/09/08 00:37:29,0.08,57.16
16357,POS消费,地点21,开水,2013/09/08 11:14:46,9.6,47.56
16357,POS消费,地点21,开水,2013/09/08 11:27:12,2.9,44.66
16357,POS消费,地点21,开水,2013/09/08 17:21:51,9.6,35.06
16357,POS消费,地点217,食堂,2013/09/08 17:34:48,2.0,33.06
16357,POS消费,地点219,超市,2013/09/08 18:46:41,1.0,32.06
16357,POS消费,地点663,淋浴,2013/09/08 19:09:18,0.1,31.96
16357,POS消费,地点34,淋浴,2013/09/08 19:09:35,1.9,30.06
16357,POS消费,地点205,洗衣房,2013/09/08 21:09:28,1.2,28.86
16357,POS消费,地点205,洗衣房,2013/09/08 21:28:44,1.2,27.66
16357,POS消费,地点576,开水,2013/09/08 21:51:30,0.08,26.38
16357,POS消费,地点205,洗衣房,2013/09/08 21:51:32,1.2,26.46
16357,POS消费,地点21,开水,2013/09/09 11:33:11,4.6,21.78
16357,POS消费,地点91,校车,2013/09/09 11:33:23,2.5,19.28
16357,POS消费,地点21,开水,2013/09/09 11:52:45,5.0,14.28
16357,卡充值,,,2013/09/09 11:54:30,200.0,214.28
16357,POS消费,地点105,食堂,2013/09/09 17:21:16,4.6,209.68
16357,POS消费,地点21,开水,2013/09/09 17:22:24,4.0,205.68
16357,POS消费,地点21,开水,2013/09/09 17:37:35,2.9,202.78
16357,POS消费,地点576,开水,2013/09/09 23:09:04,0.08,202.7
16357,POS消费,地点59,食堂,2013/09/10 08:01:07,2.9,199.8
16357,POS消费,地点72,食堂,2013/09/10 12:04:29,4.6,195.2
16357,POS消费,地点195,超市,2013/09/10 12:16:23,2.5,192.7
16357,POS消费,地点819,食堂,2013/09/11 12:03:27,5.4,187.3
16357,POS消费,地点217,食堂,2013/09/11 12:18:06,2.0,185.3
16357,POS消费,地点21,开水,2013/09/11 17:16:48,3.1,182.2
16357,POS消费,地点217,食堂,2013/09/11 17:25:48,2.9,179.3
16357,POS消费,地点576,开水,2013/09/11 23:15:57,0.01,179.29
16357,POS消费,地点576,开水,2013/09/11 23:16:27,0.08,179.21
16357,POS消费,地点91,校车,2013/09/12 11:57:27,5.6,173.61
16357,POS消费,地点217,食堂,2013/09/12 12:11:43,2.0,171.61
16357,POS消费,地点576,开水,2013/09/12 23:54:19,0.08,169.73
16357,POS消费,地点118,食堂,2013/09/13 09:33:55,6.5,163.23
16357,POS消费,地点213,食堂,2013/09/13 10:19:50,0.15,163.08
16357,POS消费,地点213,食堂,2013/09/13 10:23:01,0.15,162.93
16357,POS消费,地点213,食堂,2013/09/13 10:33:53,14.25,148.68
16357,POS消费,地点21,开水,2013/09/13 10:43:53,30.0,118.68
16357,POS消费,地点21,开水,2013/09/13 10:43:56,0.6,118.08
16357,POS消费,地点59,食堂,2013/09/13 11:11:13,4.4,113.68
16357,POS消费,地点21,开水,2013/09/13 17:23:37,4.4,109.28
16357,POS消费,地点21,开水,2013/09/13 17:29:54,5.8,103.48
16357,POS消费,地点105,食堂,2013/09/14 11:27:12,4.4,99.08
16357,POS消费,地点217,食堂,2013/09/14 11:38:59,4.0,95.08
16357,POS消费,地点232,食堂,2013/09/14 17:41:34,12.0,83.08
16357,POS消费,地点258,食堂,2013/09/14 18:01:47,3.2,79.88
16357,POS消费,地点219,超市,2013/09/14 19:29:20,1.0,78.88
16357,POS消费,地点34,淋浴,2013/09/14 20:10:13,0.1,78.78
16357,POS消费,地点34,淋浴,2013/09/14 20:11:43,2.3,76.48
16357,POS消费,地点526,食堂,2013/09/15 10:22:26,7.5,68.98
16357,POS消费,地点91,校车,2013/09/15 17:10:47,5.0,60.88
16357,POS消费,地点241,食堂,2013/09/15 17:13:14,3.1,65.88
16357,POS消费,地点21,开水,2013/09/15 17:23:05,3.9,56.98
16357,POS消费,地点219,超市,2013/09/15 18:25:53,1.0,55.98
16357,POS消费,地点563,淋浴,2013/09/15 21:29:51,0.1,55.68
16357,POS消费,地点21,开水,2013/09/15 21:45:40,0.1,55.78
16357,POS消费,地点21,开水,2013/09/15 21:45:40,0.1,55.88
16357,POS消费,地点21,开水,2013/09/15 21:45:47,0.1,55.58
16357,POS消费,地点21,开水,2013/09/15 21:45:53,0.1,55.48
16357,POS消费,地点576,开水,2013/09/15 23:18:29,0.08,55.4
16357,POS消费,地点91,校车,2013/09/16 11:08:53,8.6,46.8
16357,POS消费,地点217,食堂,2013/09/16 11:24:11,1.8,45.0
16357,POS消费,地点21,开水,2013/09/16 13:06:11,24.9,20.1
16357,卡充值,,,2013/09/16 13:07:30,200.0,220.1
16357,POS消费,地点219,超市,2013/09/16 17:36:15,4.0,216.1
16357,POS消费,地点219,超市,2013/09/16 17:42:27,1.0,215.1
16357,POS消费,地点91,校车,2013/09/16 18:06:56,2.9,212.2
16357,POS消费,地点21,开水,2013/09/17 08:01:23,3.4,207.1
16357,POS消费,地点21,开水,2013/09/17 12:03:45,4.4,202.7
16357,POS消费,地点265,食堂,2013/09/17 12:05:11,1.5,201.2
16357,POS消费,地点217,食堂,2013/09/17 12:19:11,2.9,198.3
16357,POS消费,地点213,食堂,2013/09/17 13:29:28,0.15,198.15
16357,POS消费,地点232,食堂,2013/09/17 18:33:38,10.0,188.15
16357,POS消费,地点563,淋浴,2013/09/17 22:24:09,0.1,188.05
16357,POS消费,地点563,淋浴,2013/09/17 22:24:23,1.1,186.95
16357,POS消费,地点576,开水,2013/09/17 22:52:52,0.01,186.94
16357,POS消费,地点576,开水,2013/09/17 22:53:14,0.08,186.86
16357,POS消费,地点21,开水,2013/09/18 11:55:28,8.4,178.46
16357,POS消费,地点217,食堂,2013/09/18 12:06:36,1.8,176.66
16357,POS消费,地点219,超市,2013/09/18 16:14:57,1.0,175.66
16357,POS消费,地点21,开水,2013/09/18 19:18:04,0.6,173.36
16357,POS消费,地点258,食堂,2013/09/18 19:19:50,1.5,163.86
16357,POS消费,地点280,食堂,2013/09/18 19:19:59,8.0,165.36
16357,POS消费,地点190,超市,2013/09/18 19:51:17,16.1,147.76
16357,POS消费,地点280,食堂,2013/09/19 17:54:57,2.7,132.06
16357,POS消费,地点1036,食堂,2013/09/19 17:58:18,2.5,129.56
16357,POS消费,地点21,开水,2013/09/19 17:59:26,9.0,134.76
16357,POS消费,地点21,开水,2013/09/20 17:06:12,5.6,123.96
16357,POS消费,地点21,开水,2013/09/20 17:06:30,2.0,121.96
16357,POS消费,地点219,超市,2013/09/20 17:20:11,1.0,120.96
16357,POS消费,地点219,超市,2013/09/20 18:43:00,4.0,116.96
16357,POS消费,地点205,洗衣房,2013/09/21 10:24:27,1.2,146.56
16357,POS消费,地点232,食堂,2013/09/21 11:08:47,15.0,99.06
16357,POS消费,地点275,食堂,2013/09/21 17:35:57,10.0,89.06
16357,POS消费,地点258,食堂,2013/09/21 17:48:33,3.5,85.56
16357,POS消费,地点205,洗衣房,2013/09/21 18:02:21,1.2,145.36
16357,POS消费,地点34,淋浴,2013/09/22 11:15:10,1.7,173.96
16357,POS消费,地点34,淋浴,2013/09/22 11:19:29,1.6,143.76
16357,POS消费,地点34,淋浴,2013/09/22 11:22:19,2.8,114.06
16357,POS消费,地点34,淋浴,2013/09/22 11:22:28,0.1,116.86
16357,POS消费,地点241,食堂,2013/09/22 11:31:12,1.0,80.96
16357,POS消费,地点91,校车,2013/09/22 11:31:19,1.5,79.46
16357,POS消费,地点167,食堂,2013/09/22 11:32:20,3.6,81.96
16357,POS消费,地点144,食堂,2013/09/22 17:10:39,8.1,71.36
16357,POS消费,地点21,开水,2013/09/22 17:16:03,0.8,70.56
16357,POS消费,地点821,食堂,2013/09/23 12:12:17,4.6,65.88
16357,POS消费,地点576,开水,2013/09/23 17:03:24,0.08,70.48
16357,POS消费,地点91,校车,2013/09/23 17:14:00,5.6,60.28
16357,POS消费,地点91,校车,2013/09/23 17:18:08,1.5,58.78
16357,POS消费,地点576,开水,2013/09/23 22:42:31,0.08,58.7
16357,POS消费,地点161,食堂,2013/09/24 08:00:09,3.4,55.3
16357,POS消费,地点227,食堂,2013/09/24 12:06:42,5.0,50.3
16357,POS消费,地点231,食堂,2013/09/24 12:12:10,0.6,49.7
16357,POS消费,地点243,食堂,2013/09/24 12:27:48,3.0,46.7
16357,POS消费,地点91,校车,2013/09/24 17:31:02,2.4,40.3
16357,POS消费,地点144,食堂,2013/09/24 17:31:57,4.0,42.7
16357,POS消费,地点576,开水,2013/09/24 22:34:11,0.01,40.23
16357,POS消费,地点576,开水,2013/09/24 22:37:53,0.06,40.24
16357,POS消费,地点91,校车,2013/09/25 08:20:39,3.4,36.83
16357,POS消费,地点525,食堂,2013/09/25 08:21:21,0.2,36.63
16357,POS消费,地点118,食堂,2013/09/25 13:32:46,7.2,29.43
16357,POS消费,地点91,校车,2013/09/25 17:08:26,1.5,22.33
16357,POS消费,地点821,食堂,2013/09/25 17:08:33,5.6,23.83
16357,POS消费,地点34,淋浴,2013/09/25 21:21:52,1.7,20.63
16357,POS消费,地点34,淋浴,2013/09/25 21:39:03,0.8,19.83
16357,POS消费,地点576,开水,2013/09/25 22:57:25,0.08,19.74
16357,POS消费,地点199,开水,2013/09/25 23:00:13,0.01,19.82
16357,POS消费,地点21,开水,2013/09/26 12:06:38,6.6,13.14
16357,POS消费,地点217,食堂,2013/09/26 12:10:15,1.8,11.34
16357,POS消费,地点279,食堂,2013/09/26 17:32:18,4.6,6.74
16357,POS消费,地点167,食堂,2013/09/26 17:35:04,1.5,5.24
16357,POS消费,地点1091,淋浴,2013/09/26 22:38:28,1.7,3.54
16357,POS消费,地点57,食堂,2013/09/27 08:18:22,1.03,2.51
16357,POS消费,地点57,食堂,2013/09/27 08:18:46,0.83,1.68
16357,POS消费,地点576,开水,2013/09/29 22:23:41,0.07,1.61
16357,卡充值,,,2013/09/30 12:03:41,300.0,301.61
16357,POS消费,地点227,食堂,2013/09/30 12:23:09,5.0,296.61
16357,POS消费,地点231,食堂,2013/09/30 12:26:44,0.6,296.01
16357,POS消费,地点243,食堂,2013/09/30 12:42:08,4.3,291.71
16357,POS消费,地点195,超市,2013/09/30 12:55:33,30.0,261.71
16357,POS消费,地点195,超市,2013/09/30 12:55:38,11.1,250.61
16357,POS消费,地点91,校车,2013/09/30 17:01:25,4.5,246.11
16357,POS消费,地点91,校车,2013/09/30 17:01:53,1.0,245.11
16357,POS消费,地点257,食堂,2013/09/30 17:07:11,2.2,242.91
16357,POS消费,地点205,洗衣房,2013/09/30 22:40:41,1.2,241.71
16357,POS消费,地点205,洗衣房,2013/09/30 22:59:54,1.2,240.51
16357,POS消费,地点576,开水,2013/10/01 00:01:03,0.08,240.43
16357,POS消费,地点837,校车,2013/10/01 14:41:36,1.0,239.43
16357,POS消费,地点837,校车,2013/10/01 14:46:25,1.0,238.43
16357,POS消费,地点91,校车,2013/10/01 17:22:57,4.0,234.43
16357,POS消费,地点576,开水,2013/10/02 00:00:57,0.08,234.35
16357,POS消费,地点72,食堂,2013/10/02 07:58:01,3.23,231.12
16357,POS消费,地点72,食堂,2013/10/02 07:58:22,1.63,229.49
16357,POS消费,地点191,校车,2013/10/02 07:59:19,4.0,225.49
16357,POS消费,地点191,校车,2013/10/02 08:03:42,4.0,221.49
16357,POS消费,地点220,校车,2013/10/02 14:42:28,4.0,217.49
16357,POS消费,地点220,校车,2013/10/02 14:44:32,4.0,213.49
16357,POS消费,地点576,开水,2013/10/02 23:35:38,0.08,213.41
16357,POS消费,地点34,淋浴,2013/10/03 09:47:30,2.6,210.81
16357,POS消费,地点34,淋浴,2013/10/03 10:20:20,0.1,210.71
16357,POS消费,地点232,食堂,2013/10/03 11:37:39,10.0,200.71
16357,POS消费,地点227,食堂,2013/10/03 17:55:17,5.0,195.71
16357,POS消费,地点231,食堂,2013/10/03 17:58:46,0.6,195.11
16357,POS消费,地点21,开水,2013/10/03 18:08:00,3.2,191.91
16357,POS消费,地点190,超市,2013/10/03 18:13:34,10.0,181.91
16357,POS消费,地点576,开水,2013/10/03 23:42:42,0.08,181.83
16357,POS消费,地点34,淋浴,2013/10/04 23:31:11,1.0,180.83
16357,POS消费,地点34,淋浴,2013/10/04 23:42:31,0.6,180.23
16357,POS消费,地点91,校车,2013/10/05 11:14:01,2.4,174.33
16357,POS消费,地点144,食堂,2013/10/05 11:15:04,3.5,176.73
16357,POS消费,地点184,食堂,2013/10/05 17:18:41,4.6,169.73
16357,POS消费,地点576,开水,2013/10/05 23:22:56,0.08,169.65
16357,POS消费,地点21,开水,2013/10/06 11:09:25,5.6,164.05
16357,POS消费,地点237,食堂,2013/10/06 11:10:07,1.0,163.05
16357,POS消费,地点219,超市,2013/10/06 15:18:31,1.0,162.05
16357,POS消费,地点219,超市,2013/10/06 17:05:55,4.0,158.05
16357,POS消费,地点144,食堂,2013/10/06 17:32:11,3.3,151.75
16357,POS消费,地点167,食堂,2013/10/06 17:32:11,3.0,155.05
16357,POS消费,地点257,食堂,2013/10/06 17:42:20,1.8,149.95
16357,POS消费,地点34,淋浴,2013/10/06 22:05:46,1.8,148.15
16357,POS消费,地点26,图书馆,2013/10/07 12:13:40,30.0,118.15
16357,POS消费,地点26,图书馆,2013/10/07 12:13:43,10.0,108.15
16357,POS消费,地点525,食堂,2013/10/07 17:21:19,1.5,106.65
16357,POS消费,地点144,食堂,2013/10/07 17:24:03,1.8,104.85
16357,POS消费,地点257,食堂,2013/10/07 17:31:59,1.8,103.05
16357,POS消费,地点576,开水,2013/10/07 22:43:40,0.08,102.97
16357,POS消费,地点21,开水,2013/10/08 07:37:21,3.0,99.97
16357,POS消费,地点21,开水,2013/10/08 12:20:03,4.6,95.37
16357,POS消费,地点217,食堂,2013/10/08 12:25:21,4.7,90.67
16357,POS消费,地点241,食堂,2013/10/08 18:11:57,8.6,82.07
16357,POS消费,地点257,食堂,2013/10/08 18:24:59,1.8,80.27
16357,POS消费,地点257,食堂,2013/10/08 18:25:17,0.4,79.87
16357,POS消费,地点576,开水,2013/10/08 22:42:09,0.08,79.79
16357,POS消费,地点21,开水,2013/10/09 12:13:04,3.6,76.19
16357,POS消费,地点252,食堂,2013/10/09 12:15:30,3.2,72.99
16357,POS消费,地点217,食堂,2013/10/09 12:24:21,2.9,70.09
16357,POS消费,地点21,开水,2013/10/09 16:15:20,4.0,66.09
16357,POS消费,地点91,校车,2013/10/09 17:06:23,1.8,64.29
16357,POS消费,地点241,食堂,2013/10/09 17:10:28,4.0,60.29
16357,POS消费,地点257,食堂,2013/10/09 17:25:45,2.2,58.09
16357,POS消费,地点576,开水,2013/10/09 22:44:29,0.01,58.08
16357,POS消费,地点576,开水,2013/10/09 22:47:59,0.07,58.0
16357,POS消费,地点576,开水,2013/10/09 22:50:26,0.01,58.07
16357,POS消费,地点167,食堂,2013/10/10 08:13:53,4.0,54.0
16357,POS消费,地点21,开水,2013/10/10 12:08:28,1.8,47.4
16357,POS消费,地点91,校车,2013/10/10 12:13:01,4.8,49.2
16357,POS消费,地点243,食堂,2013/10/10 12:21:59,2.9,44.5
16357,POS消费,地点91,校车,2013/10/10 17:16:35,1.8,35.7
16357,POS消费,地点268,食堂,2013/10/10 17:19:44,7.0,37.5
16357,POS消费,地点21,开水,2013/10/10 22:36:00,0.1,35.6
16357,POS消费,地点21,开水,2013/10/10 22:36:23,0.1,35.5
16357,POS消费,地点576,开水,2013/10/10 23:03:55,0.01,35.49
16357,POS消费,地点576,开水,2013/10/10 23:04:51,0.04,35.45
16357,POS消费,地点118,食堂,2013/10/11 08:48:17,6.0,29.45
16357,POS消费,地点118,食堂,2013/10/11 08:53:18,2.5,26.95
16357,POS消费,地点247,食堂,2013/10/11 12:43:10,10.0,16.95
16357,POS消费,地点258,食堂,2013/10/11 12:45:53,1.5,12.45
16357,POS消费,地点280,食堂,2013/10/11 12:46:47,3.0,13.95
16357,POS消费,地点91,校车,2013/10/11 17:15:59,1.8,5.65
16357,POS消费,地点279,食堂,2013/10/11 17:18:56,4.0,8.45
16357,POS消费,地点21,开水,2013/10/11 17:19:25,1.0,7.45
16357,POS消费,地点576,开水,2013/10/11 22:49:00,0.07,5.57
16357,POS消费,地点576,开水,2013/10/11 22:52:35,0.01,5.64
16357,POS消费,地点91,校车,2013/10/12 11:45:17,2.4,2.17
16357,POS消费,地点21,开水,2013/10/12 11:48:11,1.0,4.57
16357,POS消费,地点34,淋浴,2013/10/12 22:09:08,0.9,1.27
16357,POS消费,地点576,开水,2013/10/13 00:59:21,0.01,1.26
16357,POS消费,地点576,开水,2013/10/13 01:00:02,0.04,1.22
16357,卡充值,,,2013/10/13 10:57:21,50.0,51.22
16357,POS消费,地点268,食堂,2013/10/13 11:00:31,3.6,47.62
16357,POS消费,地点279,食堂,2013/10/13 11:00:51,5.0,42.62
16357,POS消费,地点257,食堂,2013/10/13 11:05:44,2.2,40.42
16357,POS消费,地点273,食堂,2013/10/13 17:14:36,4.5,35.92
16357,POS消费,地点75,食堂,2013/10/13 17:17:43,1.5,32.62
16357,POS消费,地点144,食堂,2013/10/13 17:19:38,1.8,34.12
16357,卡充值,,,2013/10/13 17:25:28,300.0,332.62
16357,POS消费,地点21,开水,2013/10/13 17:27:41,3.0,329.62
16357,POS消费,地点576,开水,2013/10/13 22:28:10,0.01,329.61
16357,POS消费,地点576,开水,2013/10/13 22:29:15,0.08,329.53
16357,POS消费,地点326,洗衣房,2013/10/14 09:06:08,1.6,119.44
16357,POS消费,地点326,洗衣房,2013/10/14 09:22:06,0.1,171.51
16357,POS消费,地点326,洗衣房,2013/10/14 09:22:07,1.5,170.01
16357,POS消费,地点326,洗衣房,2013/10/14 09:22:12,0.2,169.81
16357,POS消费,地点326,洗衣房,2013/10/14 09:26:52,0.1,212.1
16357,POS消费,地点326,洗衣房,2013/10/14 09:26:57,1.6,210.5
16357,POS消费,地点91,校车,2013/10/14 11:50:22,2.4,320.13
16357,POS消费,地点268,食堂,2013/10/14 11:53:31,7.0,322.53
16357,POS消费,地点241,食堂,2013/10/14 17:15:18,4.6,315.53
16357,POS消费,地点167,食堂,2013/10/14 17:21:03,1.0,314.53
16357,POS消费,地点576,开水,2013/10/14 22:37:35,0.01,314.52
16357,POS消费,地点576,开水,2013/10/14 22:38:20,0.01,314.51
16357,POS消费,地点576,开水,2013/10/14 22:38:43,0.06,314.45
16357,POS消费,地点576,开水,2013/10/14 22:39:54,0.01,314.44
16357,POS消费,地点268,食堂,2013/10/15 08:13:55,4.0,310.44
16357,POS消费,地点179,食堂,2013/10/15 12:12:41,4.6,305.84
16357,POS消费,地点21,开水,2013/10/15 12:28:50,1.8,304.04
16357,POS消费,地点91,校车,2013/10/15 17:08:54,2.4,300.64
16357,POS消费,地点21,开水,2013/10/15 17:12:18,1.0,303.04
16357,POS消费,地点21,开水,2013/10/15 17:12:48,1.0,299.64
16357,POS消费,地点257,食堂,2013/10/15 17:24:49,2.2,297.44
16357,POS消费,地点21,开水,2013/10/15 21:59:45,0.1,297.34
16357,POS消费,地点1112,淋浴,2013/10/15 22:01:01,0.1,297.24
16357,POS消费,地点12,文印中心,2013/10/15 22:01:29,0.1,297.14
16357,POS消费,地点663,淋浴,2013/10/15 22:03:48,0.1,297.04
16357,POS消费,地点667,淋浴,2013/10/15 22:05:45,0.1,296.94
16357,POS消费,地点21,开水,2013/10/15 22:06:02,0.1,296.84
16357,POS消费,地点54,淋浴,2013/10/15 22:07:21,0.1,296.74
16357,POS消费,地点54,淋浴,2013/10/15 22:07:29,1.2,295.54
16357,POS消费,地点576,开水,2013/10/15 22:32:54,0.01,295.53
16357,POS消费,地点576,开水,2013/10/15 22:33:33,0.04,295.49
16357,POS消费,地点576,开水,2013/10/16 09:37:57,0.01,295.48
16357,POS消费,地点118,食堂,2013/10/16 09:50:14,6.0,289.48
16357,POS消费,地点526,食堂,2013/10/16 09:54:37,2.0,287.48
16357,POS消费,地点247,食堂,2013/10/16 12:05:23,16.5,270.98
16357,POS消费,地点576,开水,2013/10/16 14:26:57,0.01,270.97
16357,POS消费,地点91,校车,2013/10/16 16:53:57,2.4,264.57
16357,POS消费,地点244,食堂,2013/10/16 16:57:14,4.0,266.97
16357,POS消费,地点188,超市,2013/10/16 19:10:36,13.0,251.57
16357,POS消费,地点188,超市,2013/10/16 19:11:23,3.0,248.57
16357,POS消费,地点576,开水,2013/10/16 22:18:14,0.01,248.56
16357,POS消费,地点576,开水,2013/10/16 22:18:58,0.07,248.49
16357,POS消费,地点154,食堂,2013/10/17 12:10:31,5.4,243.09
16357,POS消费,地点91,校车,2013/10/17 17:03:16,1.8,237.29
16357,POS消费,地点241,食堂,2013/10/17 17:06:23,4.0,239.09
16357,POS消费,地点576,开水,2013/10/17 22:34:29,0.01,237.28
16357,POS消费,地点576,开水,2013/10/17 22:40:51,0.08,237.2
16357,POS消费,地点167,食堂,2013/10/18 08:10:16,4.0,233.2
16357,POS消费,地点144,食堂,2013/10/18 08:16:57,0.2,233.0
16357,POS消费,地点91,校车,2013/10/18 11:09:13,1.8,229.2
16357,POS消费,地点21,开水,2013/10/18 11:12:26,1.0,232.0
16357,POS消费,地点268,食堂,2013/10/18 11:12:31,1.0,231.0
16357,POS消费,地点114,食堂,2013/10/18 11:26:42,2.5,226.7
16357,POS消费,地点219,超市,2013/10/18 18:42:56,4.0,222.7
16357,POS消费,地点54,淋浴,2013/10/18 19:12:19,0.8,221.9
16357,POS消费,地点21,开水,2013/10/19 11:39:58,2.0,219.9
16357,POS消费,地点266,食堂,2013/10/19 11:40:18,1.8,218.1
16357,POS消费,地点114,食堂,2013/10/19 11:54:27,2.5,215.6
16357,POS消费,地点227,食堂,2013/10/19 18:13:12,5.0,210.6
16357,POS消费,地点231,食堂,2013/10/19 18:16:49,0.6,210.0
16357,POS消费,地点576,开水,2013/10/20 00:46:32,0.03,209.97
16357,POS消费,地点244,食堂,2013/10/20 11:06:25,4.0,205.97
16357,POS消费,地点21,开水,2013/10/20 11:06:49,1.0,204.97
16357,POS消费,地点144,食堂,2013/10/20 11:12:13,1.8,203.17
16357,POS消费,地点232,食堂,2013/10/20 17:07:05,5.0,198.17
16357,POS消费,地点144,食堂,2013/10/20 17:15:22,1.8,196.37
16357,POS消费,地点576,开水,2013/10/20 22:14:31,0.01,196.36
16357,POS消费,地点576,开水,2013/10/20 22:15:09,0.01,196.35
16357,POS消费,地点576,开水,2013/10/20 22:15:41,0.08,196.27
16357,POS消费,地点167,食堂,2013/10/21 08:08:18,3.4,192.87
16357,POS消费,地点91,校车,2013/10/21 11:40:46,1.5,187.87
16357,POS消费,地点244,食堂,2013/10/21 11:44:09,3.5,189.37
16357,POS消费,地点257,食堂,2013/10/21 11:55:58,2.2,185.67
16357,POS消费,地点576,开水,2013/10/21 13:37:52,0.01,185.66
16357,POS消费,地点219,超市,2013/10/21 17:27:54,4.0,181.66
16357,POS消费,地点91,校车,2013/10/21 17:45:27,1.8,174.86
16357,POS消费,地点21,开水,2013/10/21 17:49:05,1.0,173.86
16357,POS消费,地点821,食堂,2013/10/21 17:52:55,5.0,176.66
16357,POS消费,地点205,洗衣房,2013/10/21 20:14:19,1.2,172.66
16357,POS消费,地点205,洗衣房,2013/10/21 20:34:35,1.2,171.46
16357,POS消费,地点576,开水,2013/10/21 22:42:05,0.01,171.45
16357,POS消费,地点576,开水,2013/10/21 22:42:34,0.02,171.43
16357,POS消费,地点576,开水,2013/10/21 22:43:11,0.06,171.37
16357,POS消费,地点167,食堂,2013/10/22 07:54:10,2.8,168.57
16357,POS消费,地点527,食堂,2013/10/22 07:58:33,0.2,168.37
16357,POS消费,地点226,食堂,2013/10/22 12:03:01,3.3,165.07
16357,POS消费,地点217,食堂,2013/10/22 12:10:45,2.9,162.17
16357,POS消费,地点232,食堂,2013/10/22 18:23:21,10.0,152.17
16357,POS消费,地点576,开水,2013/10/22 22:42:23,0.01,152.16
16357,POS消费,地点576,开水,2013/10/22 22:42:54,0.07,152.09
16357,POS消费,地点244,食堂,2013/10/23 11:53:54,8.0,144.09
16357,POS消费,地点244,食堂,2013/10/23 11:53:57,0.6,143.49
16357,POS消费,地点219,超市,2013/10/23 15:20:44,5.0,138.49
16357,POS消费,地点34,淋浴,2013/10/23 16:19:15,1.9,136.59
16357,POS消费,地点576,开水,2013/10/23 22:50:58,0.03,136.56
16357,POS消费,地点167,食堂,2013/10/24 07:52:39,2.6,133.96
16357,POS消费,地点244,食堂,2013/10/24 11:52:58,4.6,129.36
16357,POS消费,地点167,食堂,2013/10/24 11:54:09,2.5,126.86
16357,POS消费,地点91,校车,2013/10/24 17:12:34,1.5,119.76
16357,POS消费,地点279,食堂,2013/10/24 17:15:43,5.6,121.26
16357,POS消费,地点257,食堂,2013/10/24 17:31:28,4.2,115.56
16357,POS消费,地点292,超市,2013/10/24 22:07:58,10.8,104.76
16357,POS消费,地点576,开水,2013/10/24 22:21:52,0.01,104.75
16357,POS消费,地点576,开水,2013/10/24 22:22:34,0.08,104.67
16357,POS消费,地点272,食堂,2013/10/25 12:41:40,10.0,94.67
16357,POS消费,地点268,食堂,2013/10/25 17:57:55,4.6,86.07
16357,POS消费,地点167,食堂,2013/10/25 17:58:12,1.0,85.07
16357,POS消费,地点257,食堂,2013/10/25 17:59:43,4.0,90.67
16357,POS消费,地点257,食堂,2013/10/25 18:05:31,4.2,80.87
16357,POS消费,地点34,淋浴,2013/10/25 18:36:51,0.1,80.77
16357,POS消费,地点34,淋浴,2013/10/25 18:37:27,1.6,79.17
16357,POS消费,地点21,开水,2013/10/26 10:51:20,1.0,78.17
16357,POS消费,地点21,开水,2013/10/26 10:52:13,1.8,72.37
16357,POS消费,地点241,食堂,2013/10/26 10:52:21,4.0,74.17
16357,POS消费,地点257,食堂,2013/10/26 11:06:52,2.2,70.17
16357,POS消费,地点167,食堂,2013/10/26 17:20:43,3.1,67.07
16357,POS消费,地点244,食堂,2013/10/26 17:21:14,4.0,63.07
16357,POS消费,地点91,校车,2013/10/27 10:56:05,1.5,57.97
16357,POS消费,地点167,食堂,2013/10/27 10:59:06,3.6,59.47
16357,POS消费,地点257,食堂,2013/10/27 11:15:03,2.2,55.77
16357,POS消费,地点576,开水,2013/10/27 17:33:35,0.01,55.76
16357,POS消费,地点576,开水,2013/10/27 17:34:13,0.08,55.68
16357,POS消费,地点34,淋浴,2013/10/27 17:41:20,2.0,53.68
16357,POS消费,地点241,食堂,2013/10/28 08:02:41,3.4,50.28
16357,POS消费,地点91,校车,2013/10/28 11:49:12,1.8,44.48
16357,POS消费,地点91,校车,2013/10/28 11:49:21,1.5,42.98
16357,POS消费,地点279,食堂,2013/10/28 11:52:26,4.0,46.28
16357,POS消费,地点54,淋浴,2013/10/28 18:00:45,0.1,41.78
16357,POS消费,地点54,淋浴,2013/10/28 18:05:24,1.1,41.88
16357,POS消费,地点54,淋浴,2013/10/28 18:07:37,0.2,41.58
16357,POS消费,地点21,开水,2013/10/28 18:43:48,9.0,32.58
16357,POS消费,地点258,食堂,2013/10/28 18:50:10,3.2,29.38
16357,POS消费,地点21,开水,2013/10/29 07:49:10,4.4,24.98
16357,POS消费,地点256,食堂,2013/10/29 12:05:44,16.0,8.98
16357,POS消费,地点257,食堂,2013/10/29 12:09:10,2.2,6.78
16357,卡充值,,,2013/10/29 17:04:11,300.0,306.78
16357,POS消费,地点273,食堂,2013/10/29 17:09:52,6.9,299.88
16357,POS消费,地点21,开水,2013/10/29 17:09:56,1.0,298.88
16357,POS消费,地点576,开水,2013/10/29 22:41:43,0.01,298.87
16357,POS消费,地点576,开水,2013/10/29 22:42:24,0.08,298.79
16357,POS消费,地点21,开水,2013/10/30 08:09:50,3.4,295.39
16357,POS消费,地点527,食堂,2013/10/30 08:13:40,0.2,295.19
16357,POS消费,地点61,食堂,2013/10/30 12:14:43,3.6,291.59
16357,POS消费,地点239,食堂,2013/10/30 12:18:24,4.8,286.79
16357,POS消费,地点251,食堂,2013/10/30 12:19:01,0.6,286.19
16357,POS消费,地点272,食堂,2013/10/30 16:52:53,9.0,277.19
16357,POS消费,地点576,开水,2013/10/30 22:41:02,0.01,277.18
16357,POS消费,地点576,开水,2013/10/30 22:41:35,0.08,277.1
16357,POS消费,地点167,食堂,2013/10/31 08:28:50,1.0,275.4
16357,POS消费,地点144,食堂,2013/10/31 08:32:46,0.7,276.4
16357,POS消费,地点226,食堂,2013/10/31 12:01:25,3.6,271.8
16357,POS消费,地点251,食堂,2013/10/31 17:16:37,0.6,271.2
16357,POS消费,地点576,开水,2013/10/31 22:44:26,0.01,271.18
16357,POS消费,地点576,开水,2013/10/31 22:45:02,0.08,271.1
16357,POS消费,地点199,开水,2013/10/31 22:49:17,0.01,271.19
16357,POS消费,地点21,开水,2013/11/01 08:27:16,3.6,267.5
16357,POS消费,地点144,食堂,2013/11/01 08:33:25,0.2,267.3
16357,POS消费,地点91,校车,2013/11/01 11:01:28,1.8,262.5
16357,POS消费,地点268,食堂,2013/11/01 11:04:37,3.0,264.3
16357,POS消费,地点75,食堂,2013/11/01 11:08:19,3.5,259.0
16357,POS消费,地点219,超市,2013/11/01 18:49:15,4.5,254.5
16357,POS消费,地点54,淋浴,2013/11/01 19:11:19,1.1,253.4
16357,POS消费,地点21,开水,2013/11/02 11:14:20,1.5,251.9
16357,POS消费,地点525,食堂,2013/11/02 11:18:19,1.5,248.6
16357,POS消费,地点144,食堂,2013/11/02 11:20:30,1.8,250.1
16357,POS消费,地点217,食堂,2013/11/02 11:39:45,3.5,245.1
16357,POS消费,地点232,食堂,2013/11/02 17:41:21,12.3,232.8
16357,POS消费,地点21,开水,2013/11/03 10:57:02,1.0,226.0
16357,POS消费,地点527,食堂,2013/11/03 10:59:42,4.0,228.8
16357,POS消费,地点144,食堂,2013/11/03 11:02:42,1.8,227.0
16357,POS消费,地点21,开水,2013/11/03 11:09:46,2.9,223.1
16357,POS消费,地点227,食堂,2013/11/03 17:01:16,5.0,218.1
16357,POS消费,地点231,食堂,2013/11/03 17:04:49,0.6,217.5
16357,POS消费,地点192,超市,2013/11/03 17:22:03,30.0,187.5
16357,POS消费,地点192,超市,2013/11/03 17:22:06,2.8,184.7
16357,POS消费,地点576,开水,2013/11/03 22:17:33,0.01,184.69
16357,POS消费,地点576,开水,2013/11/03 22:18:10,0.08,184.61
16357,POS消费,地点268,食堂,2013/11/04 08:15:05,3.2,181.41
16357,POS消费,地点21,开水,2013/11/04 11:48:29,1.5,175.31
16357,POS消费,地点241,食堂,2013/11/04 11:48:50,4.6,176.81
16357,POS消费,地点219,超市,2013/11/04 17:13:53,5.0,170.31
16357,POS消费,地点279,食堂,2013/11/04 17:33:54,4.6,165.71
16357,POS消费,地点818,食堂,2013/11/04 17:35:24,5.0,160.71
16357,POS消费,地点576,开水,2013/11/04 22:28:10,0.01,160.7
16357,POS消费,地点576,开水,2013/11/04 22:28:42,0.08,160.62
16357,POS消费,地点57,食堂,2013/11/05 08:01:51,3.8,156.82
16357,POS消费,地点272,食堂,2013/11/05 12:01:33,9.0,147.82
16357,POS消费,地点258,食堂,2013/11/05 12:11:32,4.2,143.62
16357,POS消费,地点819,食堂,2013/11/05 18:05:25,5.6,138.02
16357,POS消费,地点257,食堂,2013/11/05 18:09:06,2.0,136.02
16357,POS消费,地点114,食堂,2013/11/05 18:10:13,2.5,133.52
16357,POS消费,地点576,开水,2013/11/05 22:35:07,0.09,133.43
16357,POS消费,地点91,校车,2013/11/06 07:51:40,4.0,129.43
16357,POS消费,地点279,食堂,2013/11/06 12:03:13,8.6,120.83
16357,POS消费,地点241,食堂,2013/11/06 16:59:59,4.0,112.73
16357,POS消费,地点75,食堂,2013/11/06 17:02:14,4.1,116.73
16357,POS消费,地点199,开水,2013/11/06 22:40:01,0.02,112.71
16357,POS消费,地点241,食堂,2013/11/07 11:54:59,7.6,105.11
16357,POS消费,地点227,食堂,2013/11/07 18:19:15,5.0,100.11
16357,POS消费,地点239,食堂,2013/11/07 18:23:47,0.6,99.51
16357,POS消费,地点576,开水,2013/11/07 22:39:51,0.09,99.42
16357,POS消费,地点214,超市,2013/11/08 08:38:18,9.1,90.32
16357,卡挂失,,,2013/11/09 17:02:43,0.0,0.0
16357,卡片开户,,,2013/11/09 17:04:08,100.0,85.0
16357,POS消费,地点21,开水,2013/11/09 17:09:24,1.0,78.9
16357,POS消费,地点527,食堂,2013/11/09 17:12:06,5.1,79.9
16357,POS消费,地点257,食堂,2013/11/09 17:18:30,2.2,76.7
16357,POS消费,地点257,食堂,2013/11/09 17:18:53,2.0,74.7
16357,POS消费,地点576,开水,2013/11/09 23:40:05,0.08,74.62
16357,POS消费,地点21,开水,2013/11/10 08:40:47,3.0,71.62
16357,POS消费,地点21,开水,2013/11/10 08:40:50,0.6,71.02
16357,POS消费,地点103,食堂,2013/11/10 11:46:08,5.1,65.92
16357,POS消费,地点267,食堂,2013/11/10 17:10:45,7.6,58.32
16357,POS消费,地点267,食堂,2013/11/10 17:10:57,0.2,58.12
16357,POS消费,地点576,开水,2013/11/10 22:47:55,0.08,58.04
16357,POS消费,地点214,超市,2013/11/11 09:44:11,5.5,52.54
16357,POS消费,地点91,校车,2013/11/11 11:50:56,4.6,47.94
16357,POS消费,地点21,开水,2013/11/11 11:51:38,1.0,46.94
16357,POS消费,地点219,超市,2013/11/11 17:05:10,3.5,43.44
16357,POS消费,地点268,食堂,2013/11/11 17:25:23,3.6,39.84
16357,POS消费,地点167,食堂,2013/11/11 17:26:23,3.0,36.84
16357,POS消费,地点576,开水,2013/11/11 22:35:03,0.08,36.76
16357,POS消费,地点241,食堂,2013/11/12 11:54:27,8.4,28.36
16357,POS消费,地点576,开水,2013/11/12 22:55:12,0.09,28.27
16357,POS消费,地点91,校车,2013/11/13 11:53:11,8.6,19.67
16357,卡片销户,,,2013/11/13 12:16:33,19.67,0.0
16357,卡补办,,,2013/11/13 12:18:39,34.67,109.99
16357,POS消费,地点21,开水,2013/11/13 12:27:58,19.4,90.59
16357,POS消费,地点268,食堂,2013/11/13 17:24:22,7.6,82.99
16357,POS消费,地点576,开水,2013/11/13 22:48:21,0.08,82.91
16357,POS消费,地点214,超市,2013/11/14 09:43:09,4.0,78.91
16357,POS消费,地点272,食堂,2013/11/14 12:02:25,9.0,69.91
16357,POS消费,地点258,食堂,2013/11/14 12:13:34,4.9,65.01
16357,POS消费,地点21,开水,2013/11/14 18:34:45,9.0,56.01
16357,POS消费,地点576,开水,2013/11/14 22:30:17,0.09,55.92
16357,POS消费,地点21,开水,2013/11/15 11:02:37,1.6,54.32
16357,POS消费,地点821,食堂,2013/11/15 11:08:41,5.0,49.32
16357,POS消费,地点114,食堂,2013/11/15 11:19:08,2.5,46.82
16357,POS消费,地点838,食堂,2013/11/15 17:07:21,4.5,42.32
16357,POS消费,地点268,食堂,2013/11/15 17:08:25,1.0,41.32
16357,POS消费,地点268,食堂,2013/11/15 17:08:31,1.0,40.32
16357,POS消费,地点114,食堂,2013/11/15 17:20:52,2.5,37.82
16357,POS消费,地点576,开水,2013/11/15 22:06:42,0.08,37.74
16357,POS消费,地点21,开水,2013/11/16 08:40:41,2.6,35.14
16357,POS消费,地点27,教务处,2013/11/16 10:35:55,12.0,23.14
16357,POS消费,地点27,教务处,2013/11/16 17:26:35,12.3,6.84
16357,POS消费,地点219,超市,2013/11/16 17:57:34,4.0,19.14
16357,POS消费,地点21,开水,2013/11/17 11:08:07,1.0,1.74
16357,POS消费,地点21,开水,2013/11/17 11:08:07,4.1,2.74
16357,POS消费,地点34,淋浴,2013/11/17 13:45:36,1.7,0.04
16357,卡充值,,,2013/11/17 17:10:55,50.0,50.04
16357,POS消费,地点91,校车,2013/11/17 17:13:40,5.6,44.44
16357,POS消费,地点21,开水,2013/11/17 17:13:56,1.5,42.94
16357,POS消费,地点114,食堂,2013/11/17 17:29:52,2.5,40.44
16357,POS消费,地点672,洗衣房,2013/11/17 18:23:19,1.2,39.24
16357,POS消费,地点672,洗衣房,2013/11/17 18:54:18,1.2,38.04
16357,POS消费,地点214,超市,2013/11/17 21:59:27,4.3,33.74
16357,POS消费,地点190,超市,2013/11/17 22:15:36,7.1,26.64
16357,POS消费,地点240,食堂,2013/11/18 12:12:57,4.6,22.04
16357,POS消费,地点21,开水,2013/11/18 12:18:40,2.9,19.14
16357,卡充值,,,2013/11/18 13:42:01,300.0,319.14
16357,POS消费,地点188,超市,2013/11/18 13:45:36,2.8,316.34
16357,POS消费,地点839,食堂,2013/11/18 17:35:28,5.0,306.34
16357,POS消费,地点257,食堂,2013/11/18 17:40:16,5.0,311.34
16357,POS消费,地点34,淋浴,2013/11/18 18:37:17,1.4,304.94
16357,POS消费,地点292,超市,2013/11/18 21:57:30,20.06,284.88
16357,POS消费,地点576,开水,2013/11/18 22:35:46,0.03,284.85
16357,POS消费,地点241,食堂,2013/11/19 08:16:15,3.4,281.45
16357,POS消费,地点247,食堂,2013/11/19 12:01:02,10.0,271.45
16357,POS消费,地点258,食堂,2013/11/19 12:07:56,3.2,268.25
16357,POS消费,地点268,食堂,2013/11/19 17:42:57,3.0,260.65
16357,POS消费,地点279,食堂,2013/11/19 17:43:19,4.6,263.65
16357,POS消费,地点114,食堂,2013/11/19 17:58:55,2.5,258.15
16357,POS消费,地点576,开水,2013/11/19 22:48:01,0.08,258.07
16357,POS消费,地点61,食堂,2013/11/20 12:05:54,5.4,252.67
16357,POS消费,地点243,食堂,2013/11/20 12:16:17,2.9,249.77
16357,POS消费,地点21,开水,2013/11/20 16:55:28,1.6,248.17
16357,POS消费,地点241,食堂,2013/11/20 16:57:23,4.0,244.17
16357,POS消费,地点257,食堂,2013/11/20 17:12:44,2.2,241.97
16357,POS消费,地点214,超市,2013/11/21 09:45:30,3.8,238.17
16357,POS消费,地点21,开水,2013/11/21 12:08:41,7.0,231.17
16357,POS消费,地点61,食堂,2013/11/21 17:45:14,6.6,224.57
16357,POS消费,地点243,食堂,2013/11/21 17:53:29,1.8,222.77
16357,POS消费,地点188,超市,2013/11/21 17:58:37,27.7,195.07
16357,POS消费,地点214,超市,2013/11/21 21:53:52,5.3,189.77
16357,POS消费,地点576,开水,2013/11/21 22:37:19,0.01,189.76
16357,POS消费,地点576,开水,2013/11/21 22:37:55,0.08,189.68
16357,POS消费,地点272,食堂,2013/11/22 12:50:02,10.0,179.68
16357,POS消费,地点219,超市,2013/11/22 18:17:15,4.0,175.68
16357,POS消费,地点21,开水,2013/11/22 18:42:06,0.1,175.58
16357,POS消费,地点21,开水,2013/11/23 11:59:04,5.6,169.98
16357,POS消费,地点91,校车,2013/11/23 12:00:59,2.5,167.48
16357,POS消费,地点217,食堂,2013/11/23 12:10:53,4.3,163.18
16357,POS消费,地点190,超市,2013/11/23 18:44:51,21.0,142.18
16357,POS消费,地点21,开水,2013/11/24 11:18:37,2.5,135.08
16357,POS消费,地点241,食堂,2013/11/24 11:19:30,4.6,137.58
16357,POS消费,地点257,食堂,2013/11/24 11:33:31,1.8,133.28
16357,POS消费,地点576,开水,2013/11/24 17:08:27,0.01,133.27
16357,POS消费,地点27,教务处,2013/11/24 17:17:14,12.0,121.27
16357,POS消费,地点576,开水,2013/11/24 22:29:36,0.1,121.17
16357,POS消费,地点91,校车,2013/11/25 11:51:59,8.6,112.57
16357,POS消费,地点114,食堂,2013/11/25 12:06:15,2.5,110.07
16357,POS消费,地点91,校车,2013/11/25 17:06:25,4.6,101.87
16357,POS消费,地点167,食堂,2013/11/25 17:07:26,3.6,106.47
16357,POS消费,地点576,开水,2013/11/25 22:21:59,0.09,101.78
16357,POS消费,地点214,超市,2013/11/26 07:52:55,5.6,96.18
16357,POS消费,地点21,开水,2013/11/26 18:37:24,9.0,87.18
16357,POS消费,地点258,食堂,2013/11/26 18:39:19,5.0,82.18
16357,POS消费,地点190,超市,2013/11/26 20:22:13,15.9,66.28
16357,POS消费,地点576,开水,2013/11/26 22:55:45,0.09,66.19
16357,POS消费,地点65,食堂,2013/11/27 12:10:25,8.6,57.59
16357,POS消费,地点21,开水,2013/11/27 17:05:05,1.6,55.99
16357,POS消费,地点91,校车,2013/11/27 17:05:35,4.0,51.99
16357,POS消费,地点257,食堂,2013/11/27 17:20:35,2.0,49.99
16357,POS消费,地点257,食堂,2013/11/27 17:22:17,1.0,48.99
16357,POS消费,地点257,食堂,2013/11/27 17:22:20,0.8,48.19
16357,POS消费,地点576,开水,2013/11/27 23:02:57,0.08,48.11
16357,POS消费,地点214,超市,2013/11/28 09:53:05,4.4,43.71
16357,POS消费,地点275,食堂,2013/11/28 11:58:18,10.0,33.71
16357,POS消费,地点1036,食堂,2013/11/28 11:58:53,1.2,32.51
16357,POS消费,地点195,超市,2013/11/28 18:31:00,16.8,15.71
16357,POS消费,地点576,开水,2013/11/28 22:35:06,0.08,15.63
16357,POS消费,地点91,校车,2013/11/29 11:13:47,1.5,9.53
16357,POS消费,地点244,食堂,2013/11/29 11:14:26,4.6,11.03
16357,POS消费,地点257,食堂,2013/11/29 11:27:38,4.3,5.23
16357,POS消费,地点54,淋浴,2013/11/29 13:08:33,0.8,4.43
16357,POS消费,地点54,淋浴,2013/11/29 13:16:26,0.1,4.33
16357,POS消费,地点34,淋浴,2013/11/29 13:49:11,2.6,1.73
16357,POS消费,地点816,校车,2013/11/29 18:50:45,1.0,0.73
16357,POS消费,地点576,开水,2013/11/29 23:45:19,0.08,0.65
16357,POS消费,地点34,淋浴,2013/11/30 11:15:59,0.1,0.55
16357,POS消费,地点576,开水,2013/12/01 00:40:56,0.06,0.49
16357,卡充值,,,2013/12/01 17:12:09,300.0,300.49
16357,POS消费,地点268,食堂,2013/12/01 17:14:30,4.6,295.89
16357,POS消费,地点21,开水,2013/12/01 17:14:33,1.0,294.89
16357,POS消费,地点257,食堂,2013/12/01 17:27:41,2.0,292.89
16357,POS消费,地点576,开水,2013/12/01 22:20:02,0.01,292.88
16357,POS消费,地点576,开水,2013/12/01 22:20:26,0.08,292.8
16357,POS消费,地点190,超市,2013/12/02 09:58:20,3.0,289.8
16357,POS消费,地点167,食堂,2013/12/02 11:57:40,5.6,284.2
16357,POS消费,地点268,食堂,2013/12/02 17:02:37,4.0,274.6
16357,POS消费,地点821,食堂,2013/12/02 17:07:49,5.6,278.6
16357,POS消费,地点257,食堂,2013/12/02 17:17:27,4.3,270.3
16357,POS消费,地点576,开水,2013/12/02 22:15:33,0.01,270.29
16357,POS消费,地点576,开水,2013/12/02 22:16:04,0.08,270.21
16357,POS消费,地点241,食堂,2013/12/03 08:19:34,5.5,264.71
16357,POS消费,地点279,食堂,2013/12/03 11:54:41,4.6,260.11
16357,POS消费,地点257,食堂,2013/12/03 12:01:25,2.0,258.11
16357,POS消费,地点21,开水,2013/12/03 17:54:39,1.0,252.51
16357,POS消费,地点279,食堂,2013/12/03 17:55:01,4.6,253.51
16357,POS消费,地点555,洗衣房,2013/12/03 19:43:34,1.2,251.31
16357,POS消费,地点555,洗衣房,2013/12/03 20:02:49,1.2,250.11
16357,POS消费,地点576,开水,2013/12/03 22:55:14,0.08,250.03
16357,POS消费,地点21,开水,2013/12/04 08:18:55,2.0,248.03
16357,POS消费,地点21,开水,2013/12/04 08:20:14,0.8,247.03
16357,POS消费,地点527,食堂,2013/12/04 08:23:48,0.2,247.83
16357,POS消费,地点203,食堂,2013/12/04 12:11:17,7.5,239.53
16357,POS消费,地点21,开水,2013/12/04 12:20:40,3.65,235.88
16357,POS消费,地点218,食堂,2013/12/04 12:29:41,4.3,231.58
16357,POS消费,地点91,校车,2013/12/04 17:19:37,1.5,225.48
16357,POS消费,地点244,食堂,2013/12/04 17:20:23,4.6,226.98
16357,POS消费,地点21,开水,2013/12/04 17:20:52,4.0,221.48
16357,POS消费,地点576,开水,2013/12/04 22:50:07,0.08,221.4
16357,POS消费,地点268,食堂,2013/12/05 11:57:52,8.6,212.8
16357,POS消费,地点21,开水,2013/12/05 17:03:21,0.8,207.4
16357,POS消费,地点244,食堂,2013/12/05 17:03:27,4.6,208.2
16357,POS消费,地点273,食堂,2013/12/05 17:03:35,3.6,203.8
16357,POS消费,地点54,淋浴,2013/12/05 20:05:07,2.6,201.2
16357,POS消费,地点190,超市,2013/12/05 21:15:28,30.0,171.2
16357,POS消费,地点576,开水,2013/12/05 23:04:20,0.07,171.13
16357,POS消费,地点275,食堂,2013/12/06 12:29:05,10.0,161.13
16357,POS消费,地点258,食堂,2013/12/06 12:41:48,3.2,157.93
16357,POS消费,地点27,教务处,2013/12/06 17:44:53,12.0,141.93
16357,POS消费,地点219,超市,2013/12/06 18:19:02,4.0,153.93
16357,POS消费,地点256,食堂,2013/12/06 18:56:54,2.0,139.93
16357,POS消费,地点34,淋浴,2013/12/06 19:50:51,2.2,137.73
16357,POS消费,地点268,食堂,2013/12/07 11:00:02,4.6,133.13
16357,POS消费,地点273,食堂,2013/12/07 11:00:19,4.3,128.83
16357,POS消费,地点268,食堂,2013/12/07 17:10:42,4.6,124.23
16357,POS消费,地点21,开水,2013/12/07 17:11:44,0.8,123.43
16357,POS消费,地点273,食堂,2013/12/07 17:12:32,3.0,120.43
16357,POS消费,地点576,开水,2013/12/08 00:49:58,0.08,120.35
16357,POS消费,地点21,开水,2013/12/08 11:11:59,3.1,117.25
16357,POS消费,地点273,食堂,2013/12/08 11:12:40,3.1,114.15
16357,POS消费,地点21,开水,2013/12/08 11:13:05,0.35,113.8
16357,POS消费,地点21,开水,2013/12/08 17:11:06,1.6,112.2
16357,POS消费,地点167,食堂,2013/12/08 17:13:14,4.0,108.2
16357,POS消费,地点214,超市,2013/12/09 09:48:35,3.4,104.8
16357,POS消费,地点21,开水,2013/12/09 11:46:33,1.6,103.2
16357,POS消费,地点91,校车,2013/12/09 11:47:34,4.0,99.2
16357,POS消费,地点839,食堂,2013/12/09 16:54:15,5.0,94.2
16357,POS消费,地点21,开水,2013/12/09 17:09:26,0.8,93.4
16357,POS消费,地点576,开水,2013/12/09 22:34:42,0.08,93.32
16357,POS消费,地点154,食堂,2013/12/10 08:21:08,3.73,89.59
16357,POS消费,地点21,开水,2013/12/10 11:52:59,1.0,83.99
16357,POS消费,地点241,食堂,2013/12/10 11:53:57,4.6,84.99
16357,POS消费,地点217,食堂,2013/12/10 12:01:46,1.8,82.19
16357,POS消费,地点91,校车,2013/12/10 17:12:57,4.6,77.59
16357,POS消费,地点21,开水,2013/12/10 17:13:49,4.0,73.59
16357,POS消费,地点576,开水,2013/12/10 22:32:02,0.08,73.51
16357,POS消费,地点214,超市,2013/12/11 09:47:03,3.0,70.51
16357,POS消费,地点167,食堂,2013/12/11 11:55:08,3.6,66.91
16357,POS消费,地点268,食堂,2013/12/11 17:03:29,4.6,62.31
16357,POS消费,地点21,开水,2013/12/11 17:04:01,0.5,61.81
16357,POS消费,地点21,开水,2013/12/11 17:14:40,1.0,60.81
16357,POS消费,地点21,开水,2013/12/11 17:15:20,1.8,59.01
16357,POS消费,地点1112,淋浴,2013/12/11 22:19:15,0.1,58.91
16357,POS消费,地点864,淋浴,2013/12/11 22:20:52,0.1,58.81
16357,POS消费,地点33,淋浴,2013/12/11 22:21:56,2.0,56.81
16357,POS消费,地点576,开水,2013/12/11 22:54:13,0.08,56.73
16357,POS消费,地点214,超市,2013/12/12 09:47:58,4.7,52.03
16357,POS消费,地点839,食堂,2013/12/12 11:48:53,5.0,47.03
16357,POS消费,地点217,食堂,2013/12/12 12:01:19,1.8,43.23
16357,POS消费,地点257,食堂,2013/12/12 12:04:34,2.0,45.03
16357,POS消费,地点268,食堂,2013/12/12 17:04:19,4.4,38.83
16357,POS消费,地点21,开水,2013/12/12 17:04:48,0.8,38.03
16357,POS消费,地点273,食堂,2013/12/12 17:05:05,3.5,34.53
16357,POS消费,地点257,食堂,2013/12/12 17:19:00,2.2,32.33
16357,POS消费,地点576,开水,2013/12/12 21:44:42,0.08,32.25
16357,POS消费,地点214,超市,2013/12/13 09:00:31,3.6,28.65
16357,POS消费,地点21,开水,2013/12/13 11:07:48,0.8,24.45
16357,POS消费,地点167,食堂,2013/12/13 11:09:20,3.4,25.25
16357,POS消费,地点257,食堂,2013/12/13 11:18:20,2.0,22.45
16357,POS消费,地点114,食堂,2013/12/13 11:19:35,2.5,19.95
16357,POS消费,地点190,超市,2013/12/13 16:12:10,15.9,4.05
16357,POS消费,地点258,食堂,2013/12/13 18:42:50,1.5,2.55
16357,POS消费,地点34,淋浴,2013/12/13 21:16:35,1.4,1.15
16357,卡充值,,,2013/12/14 11:36:49,300.0,301.15
16357,POS消费,地点227,食堂,2013/12/15 17:53:11,8.0,293.15
16357,POS消费,地点231,食堂,2013/12/15 17:58:14,0.6,292.55
16357,POS消费,地点576,开水,2013/12/15 22:34:10,0.08,292.47
16357,POS消费,地点21,开水,2013/12/16 08:38:17,4.0,288.47
16357,POS消费,地点83,食堂,2013/12/16 12:42:42,5.0,283.47
16357,POS消费,地点219,超市,2013/12/16 16:53:03,4.0,279.47
16357,POS消费,地点268,食堂,2013/12/16 17:12:47,7.6,271.87
16357,POS消费,地点190,超市,2013/12/16 21:36:59,27.9,243.97
16357,POS消费,地点190,超市,2013/12/16 21:37:14,0.3,243.67
16357,POS消费,地点190,超市,2013/12/16 21:38:02,2.2,241.47
16357,POS消费,地点576,开水,2013/12/16 23:16:16,0.08,241.39
16357,POS消费,地点244,食堂,2013/12/17 08:19:10,5.6,235.79
16357,POS消费,地点268,食堂,2013/12/17 17:55:17,8.6,227.19
16357,POS消费,地点576,开水,2013/12/17 22:38:49,0.08,227.11
16357,POS消费,地点214,超市,2013/12/18 08:31:42,5.1,222.01
16357,POS消费,地点190,超市,2013/12/18 08:44:36,9.0,213.01
16357,POS消费,地点676,开水,2013/12/18 10:54:56,0.01,213.0
16357,POS消费,地点190,超市,2013/12/18 15:34:14,12.0,201.0
16357,POS消费,地点241,食堂,2013/12/18 17:13:38,8.6,192.4
16357,POS消费,地点576,开水,2013/12/18 22:47:05,0.08,192.32
16357,POS消费,地点268,食堂,2013/12/19 11:56:46,8.6,183.72
16357,POS消费,地点21,开水,2013/12/19 12:05:05,3.0,180.72
16357,POS消费,地点844,食堂,2013/12/19 17:06:50,0.8,175.32
16357,POS消费,地点91,校车,2013/12/19 17:07:29,0.6,174.72
16357,POS消费,地点144,食堂,2013/12/19 17:13:26,4.6,176.12
16357,POS消费,地点21,开水,2013/12/19 17:15:32,4.0,170.72
16357,POS消费,地点54,淋浴,2013/12/19 22:53:06,1.4,169.32
16357,POS消费,地点576,开水,2013/12/19 23:02:24,0.08,169.24
16357,POS消费,地点118,食堂,2013/12/20 10:02:12,5.0,164.24
16357,POS消费,地点277,食堂,2013/12/20 12:15:32,3.0,152.24
16357,POS消费,地点21,开水,2013/12/20 12:20:43,9.0,155.24
16357,POS消费,地点219,超市,2013/12/20 17:26:15,4.0,148.24
16357,POS消费,地点34,淋浴,2013/12/20 17:56:57,1.5,146.74
16357,POS消费,地点27,教务处,2013/12/20 18:40:07,10.3,136.44
16357,POS消费,地点256,食堂,2013/12/20 18:54:33,3.2,133.24
16357,POS消费,地点1036,食堂,2013/12/21 11:47:50,2.2,121.04
16357,POS消费,地点256,食堂,2013/12/21 11:56:34,10.0,123.24
16357,POS消费,地点21,开水,2013/12/21 11:57:41,2.5,118.54
16357,POS消费,地点274,超市,2013/12/21 18:09:00,12.6,105.94
16357,POS消费,地点277,食堂,2013/12/21 18:31:12,2.43,103.51
16357,POS消费,地点576,开水,2013/12/22 00:47:15,0.09,103.42
16357,POS消费,地点21,开水,2013/12/22 11:13:01,3.6,99.82
16357,POS消费,地点21,开水,2013/12/22 11:13:56,0.35,98.47
16357,POS消费,地点241,食堂,2013/12/22 11:15:21,1.0,98.82
16357,POS消费,地点21,开水,2013/12/22 11:27:47,2.5,95.97
16357,POS消费,地点205,洗衣房,2013/12/22 14:53:59,1.2,94.77
16357,POS消费,地点205,洗衣房,2013/12/22 15:13:48,1.2,93.57
16357,POS消费,地点199,开水,2013/12/22 22:38:20,0.01,93.56
16357,POS消费,地点279,食堂,2013/12/23 11:51:42,8.6,84.96
16357,POS消费,地点21,开水,2013/12/23 17:07:16,2.6,82.36
16357,POS消费,地点21,开水,2013/12/23 17:08:36,4.0,78.36
16357,POS消费,地点199,开水,2013/12/23 23:08:09,0.01,78.35
16357,POS消费,地点167,食堂,2013/12/24 08:18:54,2.83,75.52
16357,POS消费,地点167,食堂,2013/12/24 11:52:52,4.6,70.92
16357,POS消费,地点21,开水,2013/12/24 12:09:05,2.5,68.42
16357,POS消费,地点118,食堂,2013/12/24 19:43:48,2.5,64.92
16357,POS消费,地点1447,校车,2013/12/24 19:45:45,1.0,67.42
16357,POS消费,地点34,淋浴,2013/12/24 21:55:48,0.7,64.22
16357,POS消费,地点663,淋浴,2013/12/24 22:24:39,1.0,63.22
16357,POS消费,地点576,开水,2013/12/24 23:05:32,0.09,63.13
16357,POS消费,地点21,开水,2013/12/25 11:10:13,1.6,61.53
16357,POS消费,地点144,食堂,2013/12/25 11:18:17,4.0,57.53
16357,POS消费,地点217,食堂,2013/12/25 11:24:28,2.5,55.03
16357,POS消费,地点268,食堂,2013/12/25 17:05:41,4.6,50.43
16357,POS消费,地点91,校车,2013/12/25 17:06:00,5.0,45.43
16357,POS消费,地点21,开水,2013/12/25 17:16:30,2.5,42.93
16357,POS消费,地点576,开水,2013/12/25 23:09:53,0.01,42.92
16357,POS消费,地点576,开水,2013/12/25 23:10:19,0.08,42.84
16357,POS消费,地点214,超市,2013/12/26 09:50:21,3.7,39.14
16357,POS消费,地点268,食堂,2013/12/26 11:46:50,4.6,34.54
16357,POS消费,地点21,开水,2013/12/26 11:47:42,3.0,31.54
16357,POS消费,地点217,食堂,2013/12/26 12:00:32,2.5,29.04
16357,POS消费,地点268,食堂,2013/12/26 17:28:05,4.6,24.44
16357,POS消费,地点21,开水,2013/12/26 17:30:38,4.0,20.44
16357,POS消费,地点217,食堂,2013/12/26 17:37:17,2.5,17.94
16357,POS消费,地点576,开水,2013/12/26 22:47:34,0.08,17.86
16357,卡充值,,,2013/12/27 11:05:49,200.0,217.86
16357,POS消费,地点91,校车,2013/12/27 11:09:04,0.6,212.66
16357,POS消费,地点21,开水,2013/12/27 11:09:05,1.0,211.66
16357,POS消费,地点244,食堂,2013/12/27 11:09:34,4.6,213.26
16357,POS消费,地点219,超市,2013/12/27 18:13:51,4.0,207.66
16357,POS消费,地点118,食堂,2013/12/27 19:41:06,3.0,204.66
16357,POS消费,地点21,开水,2013/12/27 22:52:02,0.1,204.56
16357,POS消费,地点21,开水,2013/12/28 11:10:18,1.0,196.76
16357,POS消费,地点91,校车,2013/12/28 11:10:24,1.8,197.76
16357,POS消费,地点244,食堂,2013/12/28 11:11:16,5.0,199.56
16357,POS消费,地点21,开水,2013/12/28 11:16:26,2.5,194.26
16357,POS消费,地点21,开水,2013/12/28 17:04:23,2.5,191.76
16357,POS消费,地点91,校车,2013/12/28 17:05:23,1.8,185.96
16357,POS消费,地点91,校车,2013/12/28 17:05:40,0.6,185.36
16357,POS消费,地点244,食堂,2013/12/28 17:06:15,4.0,187.76
16357,POS消费,地点257,食堂,2013/12/28 17:21:50,2.2,183.16
16357,POS消费,地点576,开水,2013/12/29 00:13:11,0.01,183.15
16357,POS消费,地点576,开水,2013/12/29 00:13:37,0.08,183.07
16357,POS消费,地点167,食堂,2013/12/29 11:21:41,4.6,178.47
16357,POS消费,地点21,开水,2013/12/29 11:21:50,1.0,177.47
16357,POS消费,地点257,食堂,2013/12/29 11:35:56,2.2,175.27
16357,POS消费,地点21,开水,2013/12/29 17:09:06,0.8,168.87
16357,POS消费,地点244,食堂,2013/12/29 17:09:28,5.6,169.67
16357,POS消费,地点576,开水,2013/12/29 22:53:42,0.01,168.86
16357,POS消费,地点576,开水,2013/12/29 22:54:05,0.08,168.78
16357,POS消费,地点21,开水,2013/12/30 11:03:09,0.8,161.58
16357,POS消费,地点91,校车,2013/12/30 11:03:19,1.8,162.98
16357,POS消费,地点91,校车,2013/12/30 11:03:26,0.6,162.38
16357,POS消费,地点244,食堂,2013/12/30 11:04:10,4.0,164.78
16357,POS消费,地点217,食堂,2013/12/30 11:11:12,2.5,159.08
16357,POS消费,地点244,食堂,2013/12/30 17:05:38,4.6,154.48
16357,POS消费,地点241,食堂,2013/12/30 17:06:39,4.0,150.48
16357,POS消费,地点663,淋浴,2013/12/30 22:04:16,1.9,148.58
16357,POS消费,地点576,开水,2013/12/30 22:47:36,0.08,148.5
16357,POS消费,地点91,校车,2013/12/31 11:10:03,1.2,142.7
16357,POS消费,地点241,食堂,2013/12/31 11:11:33,4.6,143.9
16357,POS消费,地点219,超市,2013/12/31 16:30:50,4.5,138.2
16357,POS消费,地点1496,淋浴,2013/12/31 17:34:05,0.1,138.1
16357,POS消费,地点21,开水,2013/12/31 17:34:49,0.1,138.0
16357,POS消费,地点576,开水,2014/01/01 00:58:22,0.09,137.91
16357,POS消费,地点232,食堂,2014/01/01 11:21:14,10.0,127.91
16357,POS消费,地点277,食堂,2014/01/01 11:31:24,1.5,126.41
16357,POS消费,地点576,开水,2014/01/01 23:06:36,0.08,126.33
16357,POS消费,地点21,开水,2014/01/02 11:04:06,3.0,123.33
16357,POS消费,地点91,校车,2014/01/02 11:04:40,1.8,121.53
16357,POS消费,地点21,开水,2014/01/02 11:05:22,0.8,120.73
16357,POS消费,地点167,食堂,2014/01/02 17:07:15,2.5,118.23
16357,POS消费,地点21,开水,2014/01/02 17:08:00,0.8,115.03
16357,POS消费,地点91,校车,2014/01/02 17:08:11,2.4,115.83
16357,POS消费,地点217,食堂,2014/01/02 17:14:33,2.5,112.53
16357,POS消费,地点199,开水,2014/01/02 22:57:15,0.01,112.52
16357,POS消费,地点214,超市,2014/01/03 09:12:39,2.6,109.92
16357,POS消费,地点91,校车,2014/01/03 11:01:01,1.8,103.12
16357,POS消费,地点21,开水,2014/01/03 11:01:02,1.0,102.12
16357,POS消费,地点144,食堂,2014/01/03 11:08:18,5.0,104.92
16357,POS消费,地点114,食堂,2014/01/03 11:16:40,2.5,99.62
16357,POS消费,地点272,食堂,2014/01/03 17:04:08,9.0,90.62
16357,POS消费,地点277,食堂,2014/01/03 17:05:44,3.2,87.42
16357,POS消费,地点576,开水,2014/01/03 17:43:47,0.09,87.33
16357,POS消费,地点214,超市,2014/01/04 09:11:22,5.3,82.03
16357,POS消费,地点232,食堂,2014/01/04 11:49:40,10.0,72.03
16357,POS消费,地点277,食堂,2014/01/04 12:03:09,1.3,70.73
16357,POS消费,地点277,食堂,2014/01/04 12:03:17,0.03,70.7
16357,POS消费,地点576,开水,2014/01/04 13:13:31,0.09,70.61
16357,POS消费,地点268,食堂,2014/01/04 17:20:40,4.6,66.01
16357,POS消费,地点266,食堂,2014/01/04 17:24:07,1.5,64.51
16357,POS消费,地点214,超市,2014/01/05 09:16:44,3.1,61.41
16357,POS消费,地点576,开水,2014/01/05 10:16:48,0.09,61.32
16357,POS消费,地点21,开水,2014/01/05 11:52:27,9.0,52.32
16357,POS消费,地点272,食堂,2014/01/05 17:35:18,10.0,42.32
16357,POS消费,地点277,食堂,2014/01/05 17:41:44,3.23,39.09
16357,POS消费,地点190,超市,2014/01/05 20:11:25,6.2,32.89
16357,POS消费,地点663,淋浴,2014/01/05 20:38:50,2.3,30.59
16357,POS消费,地点820,食堂,2014/01/06 11:03:43,5.6,24.99
16357,POS消费,地点21,开水,2014/01/06 11:04:16,3.0,21.99
16357,POS消费,地点21,开水,2014/01/06 17:01:39,3.6,18.39
16357,POS消费,地点244,食堂,2014/01/06 17:04:11,4.0,14.39
16357,POS消费,地点114,食堂,2014/01/06 17:18:00,2.5,11.89
16357,POS消费,地点576,开水,2014/01/06 22:27:47,0.08,11.81
16357,POS消费,地点21,开水,2014/01/07 11:03:14,3.0,8.21
16357,POS消费,地点167,食堂,2014/01/07 11:03:57,0.6,11.21
16357,POS消费,地点268,食堂,2014/01/07 11:04:16,3.0,5.21
16357,POS消费,地点576,开水,2014/01/07 14:16:41,0.09,5.12
16357,卡充值,,,2014/01/07 17:07:22,50.0,55.12
16357,POS消费,地点268,食堂,2014/01/07 17:10:58,4.0,45.52
16357,POS消费,地点279,食堂,2014/01/07 17:11:16,5.6,49.52
16357,POS消费,地点199,开水,2014/01/07 23:06:23,0.01,45.51
16357,POS消费,地点576,开水,2014/01/07 23:07:21,0.01,45.5
16357,POS消费,地点199,开水,2014/01/07 23:07:55,0.02,45.48
16357,POS消费,地点91,校车,2014/01/08 08:42:54,2.2,43.28
16357,POS消费,地点272,食堂,2014/01/08 11:37:28,10.0,33.28
16357,POS消费,地点91,校车,2014/01/08 17:02:14,5.6,27.68
16357,POS消费,地点268,食堂,2014/01/08 17:02:59,4.0,23.68
16357,POS消费,地点114,食堂,2014/01/08 17:16:55,2.5,21.18
16357,POS消费,地点576,开水,2014/01/08 19:31:13,0.09,21.09
16357,POS消费,地点576,开水,2014/01/08 23:01:44,0.01,21.08
16357,POS消费,地点199,开水,2014/01/08 23:05:06,0.01,21.07
16357,POS消费,地点21,开水,2014/01/09 11:06:09,3.0,12.47
16357,POS消费,地点279,食堂,2014/01/09 11:07:36,5.6,15.47
16357,POS消费,地点576,开水,2014/01/09 22:40:22,0.09,12.38
16357,POS消费,地点244,食堂,2014/01/10 11:30:33,0.6,11.78
16357,POS消费,地点279,食堂,2014/01/10 11:31:34,5.0,2.78
16357,POS消费,地点241,食堂,2014/01/10 11:31:38,4.0,7.78
16357,卡充值,,,2014/01/10 11:37:30,100.0,102.78
16357,POS消费,地点217,食堂,2014/01/10 11:39:23,2.5,100.28
16357,POS消费,地点272,食堂,2014/01/10 17:19:59,9.0,91.28
16357,POS消费,地点277,食堂,2014/01/10 17:30:36,4.0,87.28
16357,POS消费,地点663,淋浴,2014/01/10 19:39:52,2.2,85.08
16357,POS消费,地点576,开水,2014/01/10 20:48:25,0.09,84.99
16357,POS消费,地点272,食堂,2014/01/11 11:06:09,9.0,75.99
16357,POS消费,地点277,食堂,2014/01/11 11:13:27,3.2,72.79
16357,POS消费,地点279,食堂,2014/01/11 17:07:03,5.6,67.19
16357,POS消费,地点266,食堂,2014/01/11 17:08:48,1.5,65.69
16357,POS消费,地点21,开水,2014/01/12 11:01:42,3.0,58.09
16357,POS消费,地点268,食堂,2014/01/12 11:02:11,4.6,61.09
16357,POS消费,地点576,开水,2014/01/12 14:59:56,0.09,58.0
16357,POS消费,地点195,超市,2014/01/12 15:30:02,42.1,15.9
16357,卡充值,,,2014/01/12 15:45:58,150.0,165.9
16357,POS消费,地点21,开水,2014/01/12 15:53:05,22.7,143.2
16357,POS消费,地点21,开水,2014/01/12 17:03:19,4.0,138.6
16357,POS消费,地点268,食堂,2014/01/12 17:03:45,0.6,142.6
16357,POS消费,地点21,开水,2014/01/12 17:03:55,1.5,137.1
16357,POS消费,地点21,开水,2014/01/13 11:01:52,3.6,133.5
16357,POS消费,地点114,食堂,2014/01/13 11:16:35,2.5,131.0
16357,POS消费,地点576,开水,2014/01/13 13:39:58,0.09,130.91
16357,POS消费,地点167,食堂,2014/01/13 17:03:50,2.5,122.81
16357,POS消费,地点244,食堂,2014/01/13 17:04:17,5.6,125.31
16357,POS消费,地点576,开水,2014/01/14 09:40:27,0.09,122.72
16357,POS消费,地点21,开水,2014/01/14 11:18:58,9.0,113.72
16357,POS消费,地点280,食堂,2014/01/14 11:19:03,1.3,112.42
16357,POS消费,地点238,食堂,2014/01/14 17:08:43,7.2,105.22
16357,POS消费,地点280,食堂,2014/01/14 17:11:28,1.9,103.32
16357,POS消费,地点205,洗衣房,2014/01/14 21:33:11,1.2,100.92
16357,POS消费,地点205,洗衣房,2014/01/14 22:09:02,1.2,102.12
16357,POS消费,地点576,开水,2014/01/14 23:05:48,0.05,100.87
16357,POS消费,地点272,食堂,2014/01/15 11:08:29,9.0,91.87
16357,POS消费,地点272,食堂,2014/01/15 17:07:01,10.0,81.87
16357,POS消费,地点280,食堂,2014/01/15 17:18:53,1.3,80.57
16357,POS消费,地点190,超市,2014/01/15 21:32:49,4.9,75.67
16357,POS消费,地点34,淋浴,2014/01/15 22:20:15,0.9,74.77
16357,POS消费,地点576,开水,2014/01/15 23:10:32,0.05,74.72
16357,POS消费,地点238,食堂,2014/01/16 11:44:11,7.0,67.72
16357,POS消费,地点190,超市,2014/01/16 18:57:33,5.2,62.52
16357,POS消费,地点576,开水,2014/01/16 23:04:36,0.08,62.44
16357,POS消费,地点199,开水,2014/02/15 19:19:05,0.03,62.41
16357,卡充值,,,2014/02/16 12:01:24,200.0,262.41
16357,POS消费,地点72,食堂,2014/02/16 12:15:23,7.1,255.31
16357,POS消费,地点188,超市,2014/02/16 12:24:17,19.8,235.51
16357,POS消费,地点663,淋浴,2014/02/16 18:18:53,1.5,234.01
16357,POS消费,地点199,开水,2014/02/16 22:57:54,0.02,233.99
16357,POS消费,地点21,开水,2014/02/17 17:26:18,4.6,229.39
16357,POS消费,地点199,开水,2014/02/17 23:43:24,0.02,229.37
16357,POS消费,地点184,食堂,2014/02/18 12:20:14,8.1,221.27
16357,POS消费,地点253,食堂,2014/02/18 12:25:42,4.2,217.07
16357,POS消费,地点239,食堂,2014/02/18 17:15:26,4.1,212.97
16357,POS消费,地点237,食堂,2014/02/18 17:16:06,1.0,211.97
16357,POS消费,地点21,开水,2014/02/18 17:16:38,0.8,211.17
16357,POS消费,地点21,开水,2014/02/18 17:25:14,20.0,191.17
16357,POS消费,地点576,开水,2014/02/18 23:06:02,0.08,191.09
16357,POS消费,地点69,食堂,2014/02/19 12:23:27,3.6,187.49
16357,POS消费,地点253,食堂,2014/02/19 12:27:05,5.1,182.39
16357,POS消费,地点243,食堂,2014/02/19 12:39:36,1.8,180.59
16357,POS消费,地点21,开水,2014/02/19 18:00:03,4.6,175.99
16357,POS消费,地点253,食堂,2014/02/19 18:01:06,4.4,171.59
16357,POS消费,地点188,超市,2014/02/19 18:09:09,13.1,158.49
16357,POS消费,地点199,开水,2014/02/19 23:31:25,0.02,158.47
16357,POS消费,地点576,开水,2014/02/20 08:21:23,0.09,158.38
16357,POS消费,地点91,校车,2014/02/20 12:02:25,8.25,150.13
16357,POS消费,地点21,开水,2014/02/20 12:04:02,4.9,145.23
16357,POS消费,地点326,洗衣房,2014/02/20 12:33:12,30.0,115.23
16357,POS消费,地点326,洗衣房,2014/02/20 12:33:17,2.4,112.83
16357,POS消费,地点526,食堂,2014/02/20 16:18:37,2.0,110.83
16357,POS消费,地点89,食堂,2014/02/20 16:53:26,4.5,106.33
16357,POS消费,地点576,开水,2014/02/20 23:34:45,0.08,106.25
16357,POS消费,地点21,开水,2014/02/21 10:57:59,13.9,92.35
16357,POS消费,地点663,淋浴,2014/02/21 13:08:37,1.7,90.65
16357,POS消费,地点576,开水,2014/02/21 16:35:58,0.01,90.64
16357,POS消费,地点268,食堂,2014/02/21 16:51:18,4.66,85.98
16357,POS消费,地点576,开水,2014/02/21 22:25:00,0.09,85.89
16357,POS消费,地点118,食堂,2014/02/22 08:39:49,4.0,81.89
16357,POS消费,地点840,食堂,2014/02/22 11:00:28,3.0,78.89
16357,POS消费,地点114,食堂,2014/02/22 11:08:08,2.5,76.39
16357,POS消费,地点576,开水,2014/02/22 12:19:16,0.01,76.38
16357,POS消费,地点167,食堂,2014/02/22 17:06:56,3.4,72.98
16357,POS消费,地点114,食堂,2014/02/22 17:14:45,2.0,70.98
16357,POS消费,地点576,开水,2014/02/22 23:28:40,0.09,70.89
16357,POS消费,地点576,开水,2014/02/22 23:51:44,0.08,70.81
16357,POS消费,地点241,食堂,2014/02/23 11:13:23,4.4,66.41
16357,POS消费,地点114,食堂,2014/02/23 11:19:21,2.0,64.41
16357,POS消费,地点266,食堂,2014/02/23 17:05:24,1.5,62.91
16357,POS消费,地点91,校车,2014/02/23 17:05:33,1.8,61.11
16357,POS消费,地点576,开水,2014/02/23 22:45:02,0.08,61.03
16357,POS消费,地点54,淋浴,2014/02/24 08:36:48,1.4,59.63
16357,POS消费,地点526,食堂,2014/02/24 09:51:45,5.8,53.83
16357,POS消费,地点203,食堂,2014/02/24 12:19:17,7.5,46.33
16357,POS消费,地点326,洗衣房,2014/02/24 12:35:03,7.0,39.33
16357,POS消费,地点272,食堂,2014/02/24 17:57:57,9.0,30.33
16357,POS消费,地点576,开水,2014/02/24 20:43:07,0.09,30.24
16357,POS消费,地点91,校车,2014/02/25 07:54:29,3.0,27.24
16357,POS消费,地点527,食堂,2014/02/25 07:55:03,0.2,27.04
16357,POS消费,地点820,食堂,2014/02/25 11:06:37,5.0,22.04
16357,POS消费,地点75,食堂,2014/02/25 11:07:21,2.4,19.64
16357,卡充值,,,2014/02/25 12:08:50,300.0,319.64
16357,POS消费,地点326,洗衣房,2014/02/25 12:22:18,8.6,311.04
16357,POS消费,地点576,开水,2014/02/25 12:28:55,0.09,310.95
16357,POS消费,地点526,食堂,2014/02/25 16:42:53,5.0,305.95
16357,POS消费,地点526,食堂,2014/02/25 16:46:46,5.0,300.95
16357,POS消费,地点190,超市,2014/02/25 20:50:27,19.5,281.45
16357,POS消费,地点576,开水,2014/02/25 22:57:04,0.08,281.37
16357,POS消费,地点232,食堂,2014/02/26 10:53:42,1.5,279.87
16357,POS消费,地点21,开水,2014/02/26 10:53:52,1.0,278.87
16357,POS消费,地点838,食堂,2014/02/26 10:54:09,7.0,271.87
16357,POS消费,地点232,食堂,2014/02/26 10:55:04,3.0,268.87
16357,POS消费,地点841,食堂,2014/02/26 11:05:54,2.2,266.67
16357,POS消费,地点272,食堂,2014/02/26 16:56:58,9.0,257.67
16357,POS消费,地点277,食堂,2014/02/26 17:08:41,2.0,255.67
16357,POS消费,地点190,超市,2014/02/26 17:27:02,29.8,225.87
16357,POS消费,地点576,开水,2014/02/26 22:25:46,0.08,225.79
16357,POS消费,地点663,淋浴,2014/02/27 08:22:44,0.1,225.69
16357,POS消费,地点34,淋浴,2014/02/27 08:24:48,1.8,223.89
16357,POS消费,地点214,超市,2014/02/27 09:14:42,5.5,218.39
16357,POS消费,地点91,校车,2014/02/27 11:54:24,10.9,207.49
16357,POS消费,地点91,校车,2014/02/27 11:54:29,1.2,206.29
16357,POS消费,地点326,洗衣房,2014/02/27 12:35:00,17.2,189.09
16357,POS消费,地点232,食堂,2014/02/27 16:59:02,10.0,179.09
16357,POS消费,地点277,食堂,2014/02/27 17:15:18,2.0,177.09
16357,POS消费,地点576,开水,2014/02/27 18:46:48,0.09,177.0
16357,POS消费,地点21,开水,2014/02/28 07:53:56,2.6,174.4
16357,POS消费,地点527,食堂,2014/02/28 07:54:20,0.2,174.2
16357,POS消费,地点838,食堂,2014/02/28 11:04:11,7.0,167.2
16357,POS消费,地点839,食堂,2014/02/28 11:04:39,3.0,164.2
16357,POS消费,地点21,开水,2014/02/28 11:04:52,1.0,163.2
16357,POS消费,地点91,校车,2014/02/28 17:13:04,12.1,151.1
16357,POS消费,地点326,洗衣房,2014/02/28 17:57:05,14.6,136.5
16357,POS消费,地点219,超市,2014/02/28 19:24:34,5.0,131.5
16357,POS消费,地点663,淋浴,2014/02/28 19:52:05,1.7,129.8
16357,POS消费,地点576,开水,2014/03/01 00:18:17,0.09,129.71
16357,POS消费,地点91,校车,2014/03/01 11:13:09,11.7,118.01
16357,POS消费,地点26,图书馆,2014/03/01 12:04:45,28.9,89.11
16357,POS消费,地点91,校车,2014/03/01 16:54:02,11.5,77.61
16357,POS消费,地点21,开水,2014/03/01 17:21:18,10.9,66.71
16357,POS消费,地点576,开水,2014/03/01 23:27:04,0.08,66.63
16357,POS消费,地点241,食堂,2014/03/02 10:58:53,4.4,62.23
16357,POS消费,地点167,食堂,2014/03/02 10:59:15,1.0,61.23
16357,POS消费,地点91,校车,2014/03/02 16:39:43,10.9,50.33
16357,POS消费,地点91,校车,2014/03/02 16:40:29,0.6,49.73
16357,POS消费,地点326,洗衣房,2014/03/02 17:17:45,14.5,35.23
16357,POS消费,地点576,开水,2014/03/02 22:25:15,0.08,35.15
16357,POS消费,地点663,淋浴,2014/03/03 08:40:47,1.4,33.75
16357,POS消费,地点118,食堂,2014/03/03 09:58:04,5.0,28.75
16357,POS消费,地点21,开水,2014/03/03 12:25:38,10.2,18.55
16357,POS消费,地点272,食堂,2014/03/03 17:57:25,9.0,9.55
16357,POS消费,地点576,开水,2014/03/03 21:09:29,0.09,4.96
16357,POS消费,地点192,超市,2014/03/03 21:11:04,4.5,5.05
16357,POS消费,地点34,淋浴,2014/03/03 22:07:00,0.9,4.06
16357,圈存转账,,,2014/03/04 12:00:22,200.0,204.06
16357,POS消费,地点91,校车,2014/03/04 12:04:15,11.5,192.56
16357,POS消费,地点213,食堂,2014/03/04 12:54:06,1.8,190.76
16357,POS消费,地点232,食堂,2014/03/04 18:45:56,12.0,178.76
16357,POS消费,地点232,食堂,2014/03/04 18:46:12,0.3,178.46
16357,POS消费,地点576,开水,2014/03/04 20:30:03,0.09,178.37
16357,POS消费,地点214,超市,2014/03/05 10:00:16,5.1,173.27
16357,POS消费,地点232,食堂,2014/03/05 11:31:31,3.0,170.27
16357,POS消费,地点839,食堂,2014/03/05 11:32:27,3.0,167.27
16357,POS消费,地点75,食堂,2014/03/05 11:34:37,1.8,165.47
16357,POS消费,地点272,食堂,2014/03/05 17:10:18,9.0,156.47
16357,POS消费,地点576,开水,2014/03/05 21:23:33,0.1,156.37
16357,POS消费,地点34,淋浴,2014/03/06 06:55:40,1.4,154.87
16357,POS消费,地点34,淋浴,2014/03/06 07:05:15,0.1,156.27
16357,POS消费,地点91,校车,2014/03/06 11:54:45,11.5,143.37
16357,POS消费,地点267,食堂,2014/03/06 17:10:20,3.0,140.37
16357,POS消费,地点839,食堂,2014/03/06 17:11:23,6.0,134.37
16357,POS消费,地点21,开水,2014/03/06 17:11:41,1.0,133.37
16357,POS消费,地点576,开水,2014/03/06 22:53:32,0.08,133.29
16357,POS消费,地点21,开水,2014/03/07 07:48:22,3.8,129.49
16357,POS消费,地点275,食堂,2014/03/07 11:59:54,10.0,119.49
16357,POS消费,地点266,食堂,2014/03/07 17:03:24,4.6,114.89
16357,POS消费,地点279,食堂,2014/03/07 17:03:41,5.0,109.89
16357,POS消费,地点214,超市,2014/03/07 21:37:06,4.2,97.89
16357,POS消费,地点190,超市,2014/03/07 21:45:42,7.8,102.09
16357,POS消费,地点576,开水,2014/03/07 23:36:14,0.09,97.8
16357,POS消费,地点203,食堂,2014/03/08 11:43:51,7.5,90.3
16357,POS消费,地点203,食堂,2014/03/08 11:46:49,1.0,89.3
16357,POS消费,地点91,校车,2014/03/08 16:58:33,11.4,77.9
16357,POS消费,地点91,校车,2014/03/08 17:14:13,3.0,74.9
16357,POS消费,地点326,洗衣房,2014/03/08 17:39:19,11.1,63.8
16357,POS消费,地点576,开水,2014/03/09 00:19:46,0.08,63.72
16357,POS消费,地点232,食堂,2014/03/09 11:09:10,6.0,57.72
16357,POS消费,地点21,开水,2014/03/09 11:10:04,1.0,53.72
16357,POS消费,地点267,食堂,2014/03/09 11:10:21,3.0,54.72
16357,POS消费,地点91,校车,2014/03/09 16:52:55,10.9,42.82
16357,POS消费,地点91,校车,2014/03/09 16:53:28,0.6,42.22
16357,POS消费,地点199,开水,2014/03/09 22:39:44,0.01,42.21
16357,POS消费,地点199,开水,2014/03/09 22:40:17,0.01,42.2
16357,POS消费,地点526,食堂,2014/03/10 10:01:12,5.0,37.2
16357,POS消费,地点91,校车,2014/03/10 12:05:04,11.4,25.8
16357,POS消费,地点21,开水,2014/03/10 18:00:30,1.0,24.8
16357,POS消费,地点839,食堂,2014/03/10 18:00:49,6.0,18.8
16357,POS消费,地点232,食堂,2014/03/10 18:01:40,0.5,18.3
16357,POS消费,地点576,开水,2014/03/10 21:22:53,0.09,18.21
16357,POS消费,地点663,淋浴,2014/03/10 21:35:37,0.1,18.11
16357,POS消费,地点663,淋浴,2014/03/10 21:36:26,1.6,16.51
16357,POS消费,地点21,开水,2014/03/11 07:49:16,3.4,13.11
16357,POS消费,地点525,食堂,2014/03/11 07:50:54,0.2,12.91
16357,POS消费,地点21,开水,2014/03/11 11:51:32,1.0,11.91
16357,POS消费,地点267,食堂,2014/03/11 11:52:40,5.0,6.91
16357,POS消费,地点267,食堂,2014/03/11 11:53:08,2.5,4.41
16357,圈存转账,,,2014/03/11 12:10:51,200.0,204.41
16357,POS消费,地点213,食堂,2014/03/11 14:07:50,3.6,200.81
16357,POS消费,地点21,开水,2014/03/11 17:09:08,1.0,199.81
16357,POS消费,地点839,食堂,2014/03/11 17:09:24,6.0,193.81
16357,POS消费,地点232,食堂,2014/03/11 17:10:17,1.6,192.21
16357,POS消费,地点219,超市,2014/03/11 19:13:31,4.0,188.21
16357,POS消费,地点663,淋浴,2014/03/11 19:42:19,0.1,188.11
16357,POS消费,地点663,淋浴,2014/03/11 19:42:51,1.6,186.51
16357,POS消费,地点214,超市,2014/03/12 09:00:29,6.9,179.61
16357,POS消费,地点839,食堂,2014/03/12 11:04:02,6.0,173.61
16357,POS消费,地点839,食堂,2014/03/12 11:04:28,3.0,170.61
16357,POS消费,地点21,开水,2014/03/12 11:05:03,1.0,169.61
16357,POS消费,地点576,开水,2014/03/12 13:15:20,0.09,169.52
16357,POS消费,地点219,超市,2014/03/12 17:43:35,4.0,165.52
16357,POS消费,地点21,开水,2014/03/12 18:05:00,7.0,158.52
16357,POS消费,地点21,开水,2014/03/12 18:06:19,2.0,156.52
16357,POS消费,地点1036,食堂,2014/03/12 18:14:11,2.0,154.52
16357,POS消费,地点34,淋浴,2014/03/12 18:35:44,0.2,154.32
16357,POS消费,地点663,淋浴,2014/03/12 18:37:21,0.1,154.22
16357,POS消费,地点663,淋浴,2014/03/12 18:38:25,3.0,151.22
16357,POS消费,地点672,洗衣房,2014/03/12 20:45:52,1.2,150.02
16357,POS消费,地点672,洗衣房,2014/03/12 20:55:06,1.2,148.82
16357,POS消费,地点672,洗衣房,2014/03/12 21:14:30,1.2,147.62
16357,POS消费,地点214,超市,2014/03/13 09:03:02,6.0,141.62
16357,POS消费,地点203,食堂,2014/03/13 11:58:18,6.5,135.12
16357,POS消费,地点326,洗衣房,2014/03/13 12:20:57,17.3,117.82
16357,POS消费,地点21,开水,2014/03/13 17:09:00,1.0,116.82
16357,POS消费,地点839,食堂,2014/03/13 17:09:11,6.0,110.82
16357,POS消费,地点232,食堂,2014/03/13 17:10:35,0.5,110.32
16357,POS消费,地点576,开水,2014/03/13 22:37:33,0.08,110.24
16357,POS消费,地点21,开水,2014/03/14 07:49:50,3.0,107.24
16357,POS消费,地点21,开水,2014/03/14 07:50:46,0.2,107.04
16357,POS消费,地点6,淋浴,2014/03/14 11:03:44,6.0,101.04
16357,POS消费,地点21,开水,2014/03/14 11:04:04,1.0,100.04
16357,POS消费,地点232,食堂,2014/03/14 11:05:09,0.5,99.54
16357,POS消费,地点114,食堂,2014/03/14 11:11:11,2.5,97.04
16357,POS消费,地点219,超市,2014/03/14 14:52:30,4.0,93.04
16357,POS消费,地点219,超市,2014/03/14 16:20:14,4.0,89.04
16357,POS消费,地点21,开水,2014/03/14 17:10:31,1.0,88.04
16357,POS消费,地点839,食堂,2014/03/14 17:10:40,6.0,82.04
16357,POS消费,地点232,食堂,2014/03/14 17:12:03,0.5,81.54
16357,POS消费,地点841,食堂,2014/03/14 17:28:06,2.5,79.04
16357,POS消费,地点195,超市,2014/03/14 19:52:43,12.7,66.34
16357,POS消费,地点195,超市,2014/03/14 19:52:51,0.3,66.04
16357,POS消费,地点199,开水,2014/03/14 22:22:42,0.02,66.02
16357,POS消费,地点214,超市,2014/03/15 09:53:10,5.4,60.62
16357,POS消费,地点6,淋浴,2014/03/15 11:06:32,7.0,53.62
16357,POS消费,地点21,开水,2014/03/15 11:07:10,1.0,52.62
16357,POS消费,地点21,开水,2014/03/15 16:58:12,1.0,51.62
16357,POS消费,地点839,食堂,2014/03/15 16:58:17,6.0,45.62
16357,POS消费,地点576,开水,2014/03/15 23:58:28,0.08,45.54
16357,POS消费,地点21,开水,2014/03/16 08:45:41,4.7,40.84
16357,POS消费,地点839,食堂,2014/03/16 11:51:03,6.0,34.84
16357,POS消费,地点21,开水,2014/03/16 11:51:39,1.0,33.84
16357,POS消费,地点841,食堂,2014/03/16 11:58:59,2.0,31.84
16357,POS消费,地点91,校车,2014/03/16 16:48:27,11.5,20.34
16357,POS消费,地点21,开水,2014/03/16 16:50:02,3.2,17.14
16357,POS消费,地点576,开水,2014/03/16 22:18:09,0.09,17.05
16357,POS消费,地点21,开水,2014/03/17 08:50:35,5.8,11.25
16357,POS消费,地点144,食堂,2014/03/17 08:54:44,0.2,11.05
16357,POS消费,地点118,食堂,2014/03/17 09:04:39,5.0,6.05
16357,POS消费,地点54,淋浴,2014/03/17 14:38:14,0.3,5.55
16357,POS消费,地点34,淋浴,2014/03/17 14:41:26,1.7,3.85
16357,POS消费,地点54,淋浴,2014/03/17 14:47:13,0.2,5.85
16357,圈存转账,,,2014/03/17 15:59:17,200.0,203.85
16357,POS消费,地点21,开水,2014/03/17 17:58:31,1.0,202.85
16357,POS消费,地点839,食堂,2014/03/17 17:58:40,6.0,196.85
16357,POS消费,地点839,食堂,2014/03/17 17:59:26,3.0,193.85
16357,POS消费,地点576,开水,2014/03/17 19:15:26,0.09,193.76
16357,POS消费,地点21,开水,2014/03/18 07:45:36,1.5,192.26
16357,POS消费,地点75,食堂,2014/03/18 07:46:24,0.2,192.06
16357,POS消费,地点114,食堂,2014/03/18 07:53:06,2.5,189.56
16357,POS消费,地点21,开水,2014/03/18 11:05:28,1.0,188.56
16357,POS消费,地点839,食堂,2014/03/18 11:06:39,6.0,182.56
16357,POS消费,地点232,食堂,2014/03/18 11:08:19,3.0,179.56
16357,POS消费,地点841,食堂,2014/03/18 11:15:58,2.9,176.66
16357,POS消费,地点21,开水,2014/03/18 18:25:25,7.0,169.66
16357,POS消费,地点576,开水,2014/03/18 23:16:37,0.09,169.57
16357,POS消费,地点214,超市,2014/03/19 08:43:16,5.7,163.87
16357,POS消费,地点839,食堂,2014/03/19 11:06:00,6.0,157.87
16357,POS消费,地点21,开水,2014/03/19 11:06:20,1.0,156.87
16357,POS消费,地点663,淋浴,2014/03/19 16:06:18,0.1,156.77
16357,POS消费,地点663,淋浴,2014/03/19 16:07:00,1.4,155.37
16357,POS消费,地点21,开水,2014/03/19 17:03:24,2.5,147.27
16357,POS消费,地点821,食堂,2014/03/19 17:03:25,5.6,149.77
16357,POS消费,地点214,超市,2014/03/19 21:47:36,3.7,134.37
16357,POS消费,地点292,超市,2014/03/19 21:56:18,9.2,138.07
16357,POS消费,地点118,食堂,2014/03/20 10:01:39,6.0,128.37
16357,POS消费,地点91,校车,2014/03/20 11:53:01,11.5,116.87
16357,POS消费,地点21,开水,2014/03/20 12:32:25,19.3,97.57
16357,POS消费,地点21,开水,2014/03/20 17:04:19,1.0,96.57
16357,POS消费,地点839,食堂,2014/03/20 17:04:20,6.0,90.57
16357,POS消费,地点232,食堂,2014/03/20 17:05:51,0.5,90.07
16357,POS消费,地点214,超市,2014/03/20 22:02:58,4.8,74.77
16357,POS消费,地点190,超市,2014/03/20 22:11:52,10.5,79.57
16357,POS消费,地点576,开水,2014/03/20 22:48:52,0.08,74.69
16357,POS消费,地点21,开水,2014/03/21 07:45:46,1.5,73.19
16357,POS消费,地点144,食堂,2014/03/21 07:46:23,0.2,72.99
16357,POS消费,地点21,开水,2014/03/21 07:47:38,0.8,72.19
16357,POS消费,地点21,开水,2014/03/21 11:59:29,1.0,71.19
16357,POS消费,地点839,食堂,2014/03/21 11:59:33,6.0,65.19
16357,POS消费,地点232,食堂,2014/03/21 12:00:41,0.5,64.69
16357,POS消费,地点219,超市,2014/03/21 15:53:21,3.5,61.19
16357,POS消费,地点232,食堂,2014/03/21 17:30:05,10.0,51.19
16357,POS消费,地点214,超市,2014/03/21 21:45:56,3.2,34.49
16357,POS消费,地点190,超市,2014/03/21 21:54:57,13.5,37.69
16357,POS消费,地点576,开水,2014/03/21 23:54:56,0.09,34.4
16357,POS消费,地点21,开水,2014/03/22 11:13:04,1.0,33.4
16357,POS消费,地点267,食堂,2014/03/22 11:14:05,6.0,27.4
16357,POS消费,地点232,食堂,2014/03/22 11:14:21,2.5,24.9
16357,POS消费,地点839,食堂,2014/03/22 17:12:09,6.0,17.9
16357,POS消费,地点21,开水,2014/03/22 17:12:18,1.0,23.9
16357,POS消费,地点841,食堂,2014/03/22 17:18:06,1.5,16.4
16357,POS消费,地点214,超市,2014/03/22 19:11:14,4.1,1.8
16357,POS消费,地点190,超市,2014/03/22 19:20:32,10.5,5.9
16357,圈存转账,,,2014/03/22 19:28:13,200.0,201.8
16357,POS消费,地点576,开水,2014/03/23 00:10:07,0.09,201.71
16357,POS消费,地点21,开水,2014/03/23 11:07:51,3.1,198.61
16357,POS消费,地点232,食堂,2014/03/23 11:09:07,5.0,192.61
16357,POS消费,地点21,开水,2014/03/23 11:09:08,1.0,197.61
16357,POS消费,地点91,校车,2014/03/23 17:38:48,13.9,178.71
16357,POS消费,地点21,开水,2014/03/23 17:46:34,3.2,175.51
16357,POS消费,地点576,开水,2014/03/23 23:02:47,0.09,175.42
16357,POS消费,地点214,超市,2014/03/24 08:54:15,5.3,170.12
16357,POS消费,地点190,超市,2014/03/24 09:10:23,7.5,162.62
16357,POS消费,地点21,开水,2014/03/24 17:58:43,1.0,161.62
16357,POS消费,地点21,开水,2014/03/24 17:58:46,0.5,161.12
16357,POS消费,地点839,食堂,2014/03/24 17:59:12,6.0,155.12
16357,POS消费,地点839,食堂,2014/03/24 17:59:22,0.5,154.62
16357,POS消费,地点576,开水,2014/03/24 22:41:00,0.09,154.53
16357,POS消费,地点21,开水,2014/03/25 07:50:08,2.5,152.03
16357,POS消费,地点75,食堂,2014/03/25 07:51:21,0.2,151.83
16357,POS消费,地点114,食堂,2014/03/25 07:55:22,2.5,149.33
16357,POS消费,地点21,开水,2014/03/25 11:03:41,1.0,148.33
16357,POS消费,地点839,食堂,2014/03/25 11:04:30,6.0,142.33
16357,POS消费,地点21,开水,2014/03/25 11:22:31,5.8,136.53
16357,POS消费,地点21,开水,2014/03/25 17:06:05,1.0,135.53
16357,POS消费,地点267,食堂,2014/03/25 17:07:49,6.0,129.53
16357,POS消费,地点232,食堂,2014/03/25 17:08:18,0.5,129.03
16357,POS消费,地点841,食堂,2014/03/25 17:17:54,2.0,127.03
16357,POS消费,地点254,食堂,2014/03/25 18:59:03,6.5,120.53
16357,POS消费,地点258,食堂,2014/03/25 18:59:20,1.8,118.73
16357,POS消费,地点34,淋浴,2014/03/25 22:42:08,1.5,117.23
16357,POS消费,地点214,超市,2014/03/26 09:42:54,7.0,110.23
16357,POS消费,地点21,开水,2014/03/26 11:10:29,1.0,109.23
16357,POS消费,地点839,食堂,2014/03/26 11:10:48,6.0,103.23
16357,POS消费,地点839,食堂,2014/03/26 11:11:05,0.5,102.73
16357,POS消费,地点219,超市,2014/03/26 16:00:13,1.0,101.73
16357,POS消费,地点21,开水,2014/03/26 18:00:41,1.0,100.73
16357,POS消费,地点839,食堂,2014/03/26 18:00:59,0.5,100.23
16357,POS消费,地点267,食堂,2014/03/26 18:02:11,5.0,95.23
16357,POS消费,地点841,食堂,2014/03/26 18:10:08,4.0,91.23
16357,POS消费,地点576,开水,2014/03/26 23:02:12,0.08,91.15
16357,POS消费,地点214,超市,2014/03/27 09:02:28,6.0,85.15
16357,POS消费,地点91,校车,2014/03/27 11:52:16,12.5,72.65
16357,POS消费,地点21,开水,2014/03/27 12:28:38,25.7,46.95
16357,POS消费,地点21,开水,2014/03/27 17:16:07,1.0,45.95
16357,POS消费,地点232,食堂,2014/03/27 17:17:32,0.5,45.45
16357,POS消费,地点232,食堂,2014/03/27 17:17:59,6.0,39.45
16357,POS消费,地点841,食堂,2014/03/27 17:31:27,4.9,34.55
16357,POS消费,地点576,开水,2014/03/27 22:36:37,0.09,34.46
16357,POS消费,地点21,开水,2014/03/28 07:46:41,2.3,32.16
16357,POS消费,地点144,食堂,2014/03/28 07:47:43,0.2,31.96
16357,POS消费,地点114,食堂,2014/03/28 07:54:59,2.5,29.46
16357,POS消费,地点21,开水,2014/03/28 11:08:27,1.0,28.46
16357,POS消费,地点232,食堂,2014/03/28 11:09:10,3.0,24.96
16357,POS消费,地点232,食堂,2014/03/28 11:09:52,0.5,27.96
16357,POS消费,地点841,食堂,2014/03/28 11:10:59,2.0,22.96
16357,POS消费,地点841,食堂,2014/03/28 11:23:07,2.9,20.06
16357,POS消费,地点219,超市,2014/03/28 17:06:37,4.0,16.06
16357,POS消费,地点219,超市,2014/03/28 17:06:57,3.0,13.06
16357,POS消费,地点219,超市,2014/03/28 17:48:57,3.0,10.06
16357,POS消费,地点21,开水,2014/03/28 18:07:52,4.6,5.46
16357,POS消费,地点663,淋浴,2014/03/28 18:40:55,0.1,5.36
16357,POS消费,地点663,淋浴,2014/03/28 18:41:39,2.0,3.36
16357,POS消费,地点21,开水,2014/03/29 11:03:16,1.0,2.36
16357,圈存转账,,,2014/03/29 11:22:44,200.0,202.36
16357,POS消费,地点21,开水,2014/03/29 12:13:49,25.4,176.96
16357,POS消费,地点21,开水,2014/03/29 17:03:10,1.0,175.96
16357,POS消费,地点6,淋浴,2014/03/29 17:04:30,7.0,168.96
16357,POS消费,地点26,图书馆,2014/03/29 19:22:46,3.0,165.96
16357,POS消费,地点576,开水,2014/03/29 23:47:30,0.09,165.87
16357,POS消费,地点21,开水,2014/03/30 11:08:13,1.0,164.87
16357,POS消费,地点232,食堂,2014/03/30 11:08:35,3.0,161.87
16357,POS消费,地点21,开水,2014/03/30 11:11:17,1.5,160.37
16357,POS消费,地点841,食堂,2014/03/30 11:19:32,2.9,157.47
16357,POS消费,地点21,开水,2014/03/30 17:03:30,1.0,156.47
16357,POS消费,地点232,食堂,2014/03/30 17:03:58,5.0,151.47
16357,POS消费,地点91,校车,2014/03/30 17:04:57,1.2,150.27
16357,POS消费,地点841,食堂,2014/03/30 17:10:31,4.0,146.27
16357,POS消费,地点576,开水,2014/03/30 21:15:12,0.01,146.26
16357,POS消费,地点576,开水,2014/03/30 21:15:22,0.08,146.18
16357,POS消费,地点214,超市,2014/03/31 09:54:15,3.2,142.98
16357,POS消费,地点190,超市,2014/03/31 10:07:13,5.0,137.98
16357,POS消费,地点21,开水,2014/03/31 11:00:31,1.0,136.98
16357,POS消费,地点232,食堂,2014/03/31 11:00:54,5.0,131.98
16357,POS消费,地点21,开水,2014/03/31 11:02:47,1.0,130.98
16357,POS消费,地点21,开水,2014/03/31 17:56:31,1.0,129.98
16357,POS消费,地点839,食堂,2014/03/31 17:56:46,6.0,123.98
16357,POS消费,地点841,食堂,2014/03/31 18:05:17,2.0,121.98
16357,POS消费,地点217,食堂,2014/03/31 18:09:32,2.9,119.08
16357,POS消费,地点576,开水,2014/03/31 22:43:12,0.09,118.99
16357,POS消费,地点158,食堂,2014/04/01 08:03:41,3.8,115.19
16357,POS消费,地点21,开水,2014/04/01 11:49:28,1.0,114.19
16357,POS消费,地点839,食堂,2014/04/01 11:49:28,0.5,113.69
16357,POS消费,地点267,食堂,2014/04/01 11:51:11,5.0,108.69
16357,POS消费,地点841,食堂,2014/04/01 11:57:43,2.0,106.69
16357,POS消费,地点213,食堂,2014/04/01 14:09:47,1.35,105.34
16357,POS消费,地点1036,食堂,2014/04/01 18:21:07,2.0,103.34
16357,POS消费,地点272,食堂,2014/04/01 18:23:08,9.0,94.34
16357,POS消费,地点258,食堂,2014/04/01 18:30:09,3.2,91.14
16357,POS消费,地点214,超市,2014/04/02 09:24:51,4.5,86.64
16357,POS消费,地点21,开水,2014/04/02 11:12:25,1.0,85.64
16357,POS消费,地点839,食堂,2014/04/02 11:13:24,0.5,82.14
16357,POS消费,地点232,食堂,2014/04/02 11:14:16,3.0,82.64
16357,POS消费,地点21,开水,2014/04/02 11:26:33,1.8,80.34
16357,POS消费,地点219,超市,2014/04/02 16:01:52,1.0,79.34
16357,POS消费,地点21,开水,2014/04/02 17:58:16,1.0,78.34
16357,POS消费,地点232,食堂,2014/04/02 17:59:45,3.0,69.34
16357,POS消费,地点267,食堂,2014/04/02 18:00:07,6.0,72.34
16357,POS消费,地点217,食堂,2014/04/02 18:09:18,1.5,67.84
16357,POS消费,地点663,淋浴,2014/04/02 18:57:28,0.1,67.74
16357,POS消费,地点663,淋浴,2014/04/02 19:41:57,1.6,66.14
16357,POS消费,地点214,超市,2014/04/02 21:48:53,4.8,51.84
16357,POS消费,地点190,超市,2014/04/02 21:57:32,9.5,56.64
16357,POS消费,地点214,超市,2014/04/03 08:48:21,5.2,46.64
16357,POS消费,地点21,开水,2014/04/03 17:00:49,1.0,45.64
16357,POS消费,地点267,食堂,2014/04/03 17:02:08,5.0,40.64
16357,POS消费,地点21,开水,2014/04/03 17:15:09,3.0,37.64
16357,POS消费,地点576,开水,2014/04/03 18:48:47,0.09,37.55
16357,POS消费,地点75,食堂,2014/04/04 07:49:54,0.2,35.05
16357,POS消费,地点167,食堂,2014/04/04 07:50:23,2.3,35.25
16357,POS消费,地点114,食堂,2014/04/04 07:55:08,2.5,32.55
16357,POS消费,地点21,开水,2014/04/04 12:00:05,1.0,31.55
16357,POS消费,地点839,食堂,2014/04/04 12:00:06,6.0,25.55
16357,POS消费,地点841,食堂,2014/04/04 12:08:59,2.0,23.55
16357,POS消费,地点672,洗衣房,2014/04/04 14:50:28,1.2,22.35
16357,POS消费,地点672,洗衣房,2014/04/04 16:10:42,1.2,21.15
16357,POS消费,地点219,超市,2014/04/04 17:57:36,4.0,17.15
16357,POS消费,地点150,食堂,2014/04/04 18:18:18,7.6,9.55
16357,POS消费,地点105,食堂,2014/04/04 18:24:57,2.5,7.05
16357,POS消费,地点576,开水,2014/04/04 23:51:30,0.09,6.96
16357,POS消费,地点576,开水,2014/04/06 00:27:59,0.09,6.87
16357,POS消费,地点21,开水,2014/04/06 11:15:02,5.6,1.27
16357,POS消费,地点21,开水,2014/04/06 11:30:33,4.8,196.47
16357,圈存转账,,,2014/04/06 11:32:20,200.0,201.27
16357,POS消费,地点1471,食堂,2014/04/06 17:00:14,2.1,194.37
16357,POS消费,地点154,食堂,2014/04/06 17:02:32,4.0,190.37
16357,POS消费,地点217,食堂,2014/04/06 17:15:19,1.8,188.57
16357,POS消费,地点217,食堂,2014/04/06 17:15:49,1.8,186.77
16357,POS消费,地点192,超市,2014/04/06 20:18:02,4.9,181.87
16357,POS消费,地点576,开水,2014/04/06 23:31:50,0.08,181.79
16357,POS消费,地点214,超市,2014/04/07 09:19:00,7.6,174.19
16357,POS消费,地点59,食堂,2014/04/07 11:04:38,5.6,168.59
16357,POS消费,地点232,食堂,2014/04/07 11:04:50,1.5,167.09
16357,POS消费,地点21,开水,2014/04/07 11:16:21,1.8,165.29
16357,POS消费,地点59,食堂,2014/04/07 17:10:23,5.6,159.69
16357,POS消费,地点217,食堂,2014/04/07 17:24:27,1.5,158.19
16357,POS消费,地点576,开水,2014/04/07 23:03:48,0.08,158.11
16357,POS消费,地点21,开水,2014/04/08 07:46:58,1.0,156.41
16357,POS消费,地点527,食堂,2014/04/08 07:47:33,0.7,157.41
16357,POS消费,地点91,校车,2014/04/08 11:59:09,5.2,151.21
16357,POS消费,地点839,食堂,2014/04/08 12:00:01,3.0,148.21
16357,POS消费,地点841,食堂,2014/04/08 12:11:45,2.9,145.31
16357,POS消费,地点213,食堂,2014/04/08 14:07:24,1.1,144.21
16357,POS消费,地点21,开水,2014/04/08 17:08:27,7.0,137.21
16357,POS消费,地点1036,食堂,2014/04/08 17:14:27,2.0,135.21
16357,POS消费,地点217,食堂,2014/04/08 17:20:10,1.8,133.41
16357,POS消费,地点576,开水,2014/04/08 23:01:58,0.08,133.33
16357,POS消费,地点214,超市,2014/04/09 08:57:28,6.7,126.63
16357,POS消费,地点21,开水,2014/04/09 10:59:39,1.0,125.63
16357,POS消费,地点232,食堂,2014/04/09 10:59:47,3.0,122.63
16357,POS消费,地点232,食堂,2014/04/09 11:00:20,2.5,120.13
16357,POS消费,地点219,超市,2014/04/09 16:07:35,1.0,119.13
16357,POS消费,地点219,超市,2014/04/09 16:07:53,1.0,118.13
16357,POS消费,地点839,食堂,2014/04/09 17:47:18,6.0,111.13
16357,POS消费,地点21,开水,2014/04/09 17:47:31,1.0,117.13
16357,POS消费,地点34,淋浴,2014/04/09 18:16:17,2.1,109.03
16357,POS消费,地点214,超市,2014/04/10 08:47:58,7.0,102.03
16357,POS消费,地点91,校车,2014/04/10 11:57:16,10.6,91.43
16357,POS消费,地点91,校车,2014/04/10 11:57:55,0.9,90.53
16357,POS消费,地点21,开水,2014/04/10 12:38:59,29.1,61.43
16357,POS消费,地点21,开水,2014/04/10 17:03:01,1.0,60.43
16357,POS消费,地点232,食堂,2014/04/10 17:03:14,6.0,54.43
16357,POS消费,地点841,食堂,2014/04/10 17:11:49,4.0,50.43
16357,POS消费,地点214,超市,2014/04/10 21:57:23,4.3,46.13
16357,POS消费,地点190,超市,2014/04/10 22:10:56,12.7,33.43
16357,POS消费,地点190,超市,2014/04/10 22:12:32,5.0,28.43
16357,POS消费,地点576,开水,2014/04/10 22:49:56,0.09,28.34
16357,POS消费,地点214,超市,2014/04/11 07:36:36,4.5,23.84
16357,POS消费,地点21,开水,2014/04/11 11:35:49,1.0,22.84
16357,POS消费,地点838,食堂,2014/04/11 11:36:38,7.0,15.84
16357,POS消费,地点839,食堂,2014/04/11 11:37:13,3.0,12.84
16357,POS消费,地点21,开水,2014/04/11 11:43:53,1.8,11.04
16357,POS消费,地点219,超市,2014/04/11 16:02:15,1.0,10.04
16357,POS消费,地点219,超市,2014/04/11 18:03:34,4.0,6.04
16357,POS消费,地点150,食堂,2014/04/11 18:30:07,4.1,1.94
16357,POS消费,地点21,开水,2014/04/11 18:33:19,0.6,1.34
16357,POS消费,地点34,淋浴,2014/04/11 19:07:03,0.1,1.24
16357,POS消费,地点34,淋浴,2014/04/11 19:07:55,1.2,0.04
16357,圈存转账,,,2014/04/12 08:13:15,200.0,200.04
16357,POS消费,地点526,食堂,2014/04/12 08:16:00,6.5,193.54
16357,POS消费,地点83,食堂,2014/04/12 08:31:28,5.5,188.04
16357,POS消费,地点242,食堂,2014/04/12 17:06:35,2.1,185.94
16357,POS消费,地点239,食堂,2014/04/12 17:06:49,4.3,181.64
16357,POS消费,地点218,食堂,2014/04/12 17:22:14,2.9,178.74
16357,POS消费,地点34,淋浴,2014/04/12 17:56:43,1.4,177.24
16357,POS消费,地点34,淋浴,2014/04/12 19:11:14,0.1,178.64
16357,POS消费,地点21,开水,2014/04/13 10:56:06,1.0,176.24
16357,POS消费,地点232,食堂,2014/04/13 10:56:59,3.0,173.24
16357,POS消费,地点232,食堂,2014/04/13 10:58:51,3.0,170.24
16357,POS消费,地点841,食堂,2014/04/13 11:05:22,2.0,168.24
16357,POS消费,地点21,开水,2014/04/13 17:20:24,1.0,167.24
16357,POS消费,地点839,食堂,2014/04/13 17:20:28,6.0,160.74
16357,POS消费,地点21,开水,2014/04/13 17:20:29,0.5,166.74
16357,POS消费,地点841,食堂,2014/04/13 17:31:07,2.0,158.74
16357,POS消费,地点576,开水,2014/04/13 23:12:03,0.09,158.65
16357,POS消费,地点214,超市,2014/04/14 08:30:52,6.8,151.85
16357,POS消费,地点91,校车,2014/04/14 11:59:05,10.9,140.95
16357,POS消费,地点21,开水,2014/04/14 12:04:24,3.5,137.45
16357,POS消费,地点21,开水,2014/04/14 17:59:58,1.0,136.45
16357,POS消费,地点232,食堂,2014/04/14 18:00:20,5.0,131.45
16357,POS消费,地点232,食堂,2014/04/14 18:02:27,2.0,129.45
16357,POS消费,地点841,食堂,2014/04/14 18:12:16,1.5,127.95
16357,POS消费,地点576,开水,2014/04/15 00:13:21,0.08,127.87
16357,POS消费,地点21,开水,2014/04/15 07:45:52,1.5,126.37
16357,POS消费,地点144,食堂,2014/04/15 07:47:44,0.2,126.17
16357,POS消费,地点114,食堂,2014/04/15 07:52:11,2.5,123.67
16357,POS消费,地点839,食堂,2014/04/15 11:56:18,2.0,120.67
16357,POS消费,地点21,开水,2014/04/15 11:56:25,1.0,122.67
16357,POS消费,地点232,食堂,2014/04/15 11:57:01,3.0,117.67
16357,POS消费,地点841,食堂,2014/04/15 12:05:17,1.5,116.17
16357,POS消费,地点188,超市,2014/04/15 13:45:48,5.5,99.87
16357,POS消费,地点213,食堂,2014/04/15 13:54:40,10.8,105.37
16357,POS消费,地点1551,食堂,2014/04/15 18:34:27,12.6,87.27
16357,POS消费,地点1551,食堂,2014/04/15 18:45:07,0.4,86.87
16357,POS消费,地点576,开水,2014/04/15 23:14:28,0.09,86.78
16357,POS消费,地点214,超市,2014/04/16 08:34:42,4.5,82.28
16357,POS消费,地点21,开水,2014/04/16 11:10:21,1.0,81.28
16357,POS消费,地点232,食堂,2014/04/16 11:11:16,5.0,76.28
16357,POS消费,地点257,食堂,2014/04/16 11:13:15,2.5,73.78
16357,POS消费,地点21,开水,2014/04/16 11:23:36,1.5,72.28
16357,POS消费,地点219,超市,2014/04/16 15:59:55,5.0,67.28
16357,POS消费,地点21,开水,2014/04/16 17:58:05,1.0,66.28
16357,POS消费,地点232,食堂,2014/04/16 18:00:17,5.0,61.28
16357,POS消费,地点841,食堂,2014/04/16 18:06:31,2.0,59.28
16357,POS消费,地点34,淋浴,2014/04/16 20:11:05,1.6,57.68
16357,POS消费,地点190,超市,2014/04/16 22:15:50,14.5,43.18
16357,POS消费,地点118,食堂,2014/04/17 09:15:19,7.5,35.68
16357,POS消费,地点91,校车,2014/04/17 11:47:39,10.9,24.78
16357,POS消费,地点190,超市,2014/04/17 12:22:01,3.0,21.78
16357,POS消费,地点6,淋浴,2014/04/17 17:08:59,7.0,13.78
16357,POS消费,地点21,开水,2014/04/17 17:09:11,1.0,20.78
16357,POS消费,地点21,开水,2014/04/17 17:09:38,1.0,12.78
16357,POS消费,地点841,食堂,2014/04/17 17:16:45,1.5,11.28
16357,POS消费,地点190,超市,2014/04/17 22:20:08,10.0,1.28
16357,POS消费,地点576,开水,2014/04/18 00:12:11,0.09,1.19
16357,POS消费,地点21,开水,2014/04/18 07:43:45,2.8,198.39
16357,圈存转账,,,2014/04/18 07:43:47,200.0,201.19
16357,POS消费,地点21,开水,2014/04/18 07:44:18,-2.8,201.19
16357,POS消费,地点21,开水,2014/04/18 07:44:29,2.4,198.79
16357,POS消费,地点527,食堂,2014/04/18 07:46:16,0.2,198.59
16357,POS消费,地点21,开水,2014/04/18 12:06:25,1.0,197.59
16357,POS消费,地点267,食堂,2014/04/18 12:07:51,5.0,192.59
16357,POS消费,地点841,食堂,2014/04/18 12:09:24,2.0,190.59
16357,POS消费,地点841,食堂,2014/04/18 12:13:34,4.0,186.59
16357,POS消费,地点838,食堂,2014/04/18 17:32:43,6.0,179.59
16357,POS消费,地点21,开水,2014/04/18 17:32:52,1.0,185.59
16357,POS消费,地点232,食堂,2014/04/18 17:35:08,3.0,176.59
16357,POS消费,地点841,食堂,2014/04/18 17:39:29,2.5,174.09
16357,POS消费,地点205,洗衣房,2014/04/18 21:12:20,1.2,172.89
16357,POS消费,地点205,洗衣房,2014/04/18 21:12:22,1.2,171.69
16357,POS消费,地点576,开水,2014/04/19 00:12:28,0.08,171.61
16357,POS消费,地点167,食堂,2014/04/19 08:30:22,3.0,168.61
16357,POS消费,地点167,食堂,2014/04/19 08:31:40,1.8,166.61
16357,POS消费,地点75,食堂,2014/04/19 08:32:33,0.2,168.41
16357,POS消费,地点6,淋浴,2014/04/19 11:22:04,6.0,159.61
16357,POS消费,地点21,开水,2014/04/19 11:22:14,1.0,165.61
16357,POS消费,地点232,食堂,2014/04/19 11:24:27,3.0,156.61
16357,POS消费,地点257,食堂,2014/04/19 11:30:35,2.5,154.11
16357,POS消费,地点21,开水,2014/04/19 17:17:50,1.0,153.11
16357,POS消费,地点232,食堂,2014/04/19 17:17:59,5.0,148.11
16357,POS消费,地点232,食堂,2014/04/19 17:20:01,3.0,145.11
16357,POS消费,地点841,食堂,2014/04/19 17:30:03,2.5,142.61
16357,POS消费,地点576,开水,2014/04/20 00:11:47,0.08,142.53
16357,POS消费,地点214,超市,2014/04/20 08:52:01,6.5,136.03
16357,POS消费,地点21,开水,2014/04/20 11:07:47,1.0,135.03
16357,POS消费,地点839,食堂,2014/04/20 11:08:05,3.0,128.03
16357,POS消费,地点232,食堂,2014/04/20 11:08:13,4.0,131.03
16357,POS消费,地点257,食堂,2014/04/20 11:17:06,2.5,125.53
16357,POS消费,地点21,开水,2014/04/20 17:08:31,1.5,124.03
16357,POS消费,地点267,食堂,2014/04/20 17:09:46,5.0,119.03
16357,POS消费,地点232,食堂,2014/04/20 17:10:32,3.0,116.03
16357,POS消费,地点576,开水,2014/04/20 23:13:49,0.08,115.95
16357,POS消费,地点21,开水,2014/04/21 08:39:58,4.2,111.75
16357,POS消费,地点91,校车,2014/04/21 08:40:23,0.2,111.55
16357,POS消费,地点91,校车,2014/04/21 12:01:16,12.7,98.85
16357,POS消费,地点21,开水,2014/04/21 12:38:12,8.0,90.85
16357,POS消费,地点21,开水,2014/04/21 17:58:30,1.0,89.85
16357,POS消费,地点839,食堂,2014/04/21 17:59:25,6.0,83.85
16357,POS消费,地点232,食堂,2014/04/21 18:01:45,2.0,81.85
16357,POS消费,地点576,开水,2014/04/21 23:42:24,0.09,81.76
16357,POS消费,地点21,开水,2014/04/22 07:48:39,3.0,78.76
16357,POS消费,地点144,食堂,2014/04/22 07:50:47,0.2,78.56
16357,POS消费,地点257,食堂,2014/04/22 07:54:37,2.5,76.06
16357,POS消费,地点21,开水,2014/04/22 11:55:17,1.0,75.06
16357,POS消费,地点232,食堂,2014/04/22 11:56:52,2.0,73.06
16357,POS消费,地点267,食堂,2014/04/22 11:57:21,6.0,67.06
16357,POS消费,地点841,食堂,2014/04/22 12:09:39,2.5,64.56
16357,POS消费,地点21,开水,2014/04/22 17:06:55,1.0,63.56
16357,POS消费,地点232,食堂,2014/04/22 17:09:12,8.0,55.56
16357,POS消费,地点257,食堂,2014/04/22 17:14:01,2.5,53.06
16357,POS消费,地点214,超市,2014/04/23 09:16:18,5.0,48.06
16357,POS消费,地点838,食堂,2014/04/23 11:11:10,7.0,40.06
16357,POS消费,地点21,开水,2014/04/23 11:11:28,1.0,47.06
16357,POS消费,地点91,校车,2014/04/23 11:11:50,1.5,38.56
16357,POS消费,地点262,食堂,2014/04/23 17:38:42,0.8,35.96
16357,POS消费,地点265,食堂,2014/04/23 17:39:06,1.8,36.76
16357,POS消费,地点217,食堂,2014/04/23 17:41:20,2.8,33.16
16357,POS消费,地点576,开水,2014/04/23 23:12:19,0.09,33.07
16357,POS消费,地点214,超市,2014/04/24 09:27:12,5.0,28.07
16357,POS消费,地点6,淋浴,2014/04/24 11:09:21,6.0,21.07
16357,POS消费,地点21,开水,2014/04/24 11:09:48,1.0,27.07
16357,POS消费,地点266,食堂,2014/04/24 11:12:56,1.5,19.57
16357,POS消费,地点841,食堂,2014/04/24 11:17:57,4.0,15.57
16357,POS消费,地点838,食堂,2014/04/24 17:03:20,8.0,5.77
16357,POS消费,地点266,食堂,2014/04/24 17:04:55,1.8,13.77
16357,POS消费,地点257,食堂,2014/04/24 17:10:39,2.5,3.27
16357,POS消费,地点34,淋浴,2014/04/24 19:11:35,1.5,1.77
16357,POS消费,地点527,食堂,2014/04/25 07:50:04,0.2,1.57
16357,POS消费,地点21,开水,2014/04/25 11:15:39,1.0,200.57
16357,POS消费,地点267,食堂,2014/04/25 11:17:00,7.0,193.57
16357,圈存转账,,,2014/04/25 11:17:09,200.0,201.57
16357,POS消费,地点841,食堂,2014/04/25 11:19:17,2.0,191.57
16357,POS消费,地点244,食堂,2014/04/25 17:03:20,4.6,186.97
16357,POS消费,地点266,食堂,2014/04/25 17:06:03,1.5,185.47
16357,POS消费,地点257,食堂,2014/04/25 17:11:15,2.5,182.97
16357,POS消费,地点217,食堂,2014/04/25 17:17:21,1.8,181.17
16357,POS消费,地点219,超市,2014/04/25 19:24:20,4.0,177.17
16357,POS消费,地点34,淋浴,2014/04/25 20:51:19,2.1,175.07
16357,POS消费,地点576,开水,2014/04/26 00:12:31,0.09,174.98
16357,POS消费,地点839,食堂,2014/04/26 11:02:36,3.0,165.98
16357,POS消费,地点21,开水,2014/04/26 11:02:42,1.0,173.98
16357,POS消费,地点232,食堂,2014/04/26 11:02:44,5.0,168.98
16357,POS消费,地点114,食堂,2014/04/26 11:10:54,3.0,162.98
16357,POS消费,地点21,开水,2014/04/26 17:06:24,1.0,161.98
16357,POS消费,地点232,食堂,2014/04/26 17:06:49,3.0,158.98
16357,POS消费,地点232,食堂,2014/04/26 17:07:16,2.5,156.48
16357,POS消费,地点841,食堂,2014/04/26 17:14:04,2.0,154.48
16357,POS消费,地点257,食堂,2014/04/26 17:16:18,2.5,151.98
16357,POS消费,地点190,超市,2014/04/26 22:12:18,23.1,128.88
16357,POS消费,地点118,食堂,2014/04/27 08:52:38,5.0,123.88
16357,POS消费,地点21,开水,2014/04/27 11:33:53,1.0,122.88
16357,POS消费,地点267,食堂,2014/04/27 11:35:27,5.0,117.88
16357,POS消费,地点232,食堂,2014/04/27 11:36:17,2.0,115.88
16357,POS消费,地点841,食堂,2014/04/27 11:48:14,2.5,113.38
16357,POS消费,地点91,校车,2014/04/27 17:08:22,1.8,111.58
16357,POS消费,地点267,食堂,2014/04/27 17:10:40,5.0,106.58
16357,POS消费,地点34,淋浴,2014/04/27 21:35:46,2.2,104.38
16357,POS消费,地点576,开水,2014/04/27 23:19:56,0.09,104.29
16357,POS消费,地点118,食堂,2014/04/28 09:56:19,6.5,97.79
16357,POS消费,地点91,校车,2014/04/28 12:01:37,11.2,86.59
16357,POS消费,地点91,校车,2014/04/28 12:02:47,0.9,85.69
16357,POS消费,地点21,开水,2014/04/28 12:45:20,21.6,64.09
16357,POS消费,地点21,开水,2014/04/28 18:00:23,5.6,58.49
16357,POS消费,地点59,食堂,2014/04/28 18:01:08,3.0,55.49
16357,POS消费,地点217,食堂,2014/04/28 18:14:25,5.8,49.69
16357,POS消费,地点21,开水,2014/04/29 07:49:55,2.8,46.89
16357,POS消费,地点525,食堂,2014/04/29 07:51:56,0.2,46.69
16357,POS消费,地点114,食堂,2014/04/29 07:56:16,3.0,43.69
16357,POS消费,地点245,食堂,2014/04/29 11:58:09,2.1,41.59
16357,POS消费,地点267,食堂,2014/04/29 11:59:54,6.0,35.59
16357,POS消费,地点841,食堂,2014/04/29 12:08:36,2.5,33.09
16357,POS消费,地点238,食堂,2014/04/29 18:21:34,10.0,23.09
16357,POS消费,地点277,食堂,2014/04/29 18:33:07,2.8,20.29
16357,POS消费,地点190,超市,2014/04/29 22:33:38,11.9,8.39
16357,POS消费,地点576,开水,2014/04/29 22:51:31,0.08,8.31
16357,POS消费,地点214,超市,2014/04/30 09:03:17,4.5,3.81
16357,圈存转账,,,2014/04/30 11:10:13,200.0,203.81
16357,POS消费,地点6,淋浴,2014/04/30 11:11:32,8.0,189.81
16357,POS消费,地点21,开水,2014/04/30 11:11:35,1.0,202.81
16357,POS消费,地点267,食堂,2014/04/30 11:12:49,5.0,197.81
16357,POS消费,地点195,超市,2014/04/30 13:07:15,17.9,171.91
16357,POS消费,地点59,食堂,2014/04/30 17:55:13,3.1,168.81
16357,POS消费,地点21,开水,2014/04/30 17:57:03,1.8,167.01
16357,POS消费,地点292,超市,2014/04/30 21:37:04,10.2,156.81
16357,POS消费,地点576,开水,2014/05/01 00:13:56,0.01,156.8
16357,POS消费,地点576,开水,2014/05/01 00:14:23,0.08,156.72
16357,POS消费,地点272,食堂,2014/05/01 12:25:17,10.0,146.72
16357,POS消费,地点258,食堂,2014/05/01 12:33:06,3.2,143.52
16357,POS消费,地点34,淋浴,2014/05/01 16:12:54,2.2,141.32
16357,POS消费,地点167,食堂,2014/05/02 11:06:11,4.1,137.22
16357,POS消费,地点26,图书馆,2014/05/02 15:52:14,8.3,128.92
16357,POS消费,地点21,开水,2014/05/02 17:07:11,9.0,119.92
16357,POS消费,地点280,食堂,2014/05/02 17:10:07,2.0,117.92
16357,POS消费,地点576,开水,2014/05/02 23:21:43,0.09,117.83
16357,POS消费,地点272,食堂,2014/05/03 11:43:30,10.0,107.83
16357,POS消费,地点280,食堂,2014/05/03 11:45:19,2.5,105.33
16357,POS消费,地点195,超市,2014/05/03 16:37:54,35.0,70.33
16357,POS消费,地点839,食堂,2014/05/03 17:03:13,3.0,66.33
16357,POS消费,地点232,食堂,2014/05/03 17:03:57,5.0,61.33
16357,POS消费,地点21,开水,2014/05/03 17:04:12,1.0,69.33
16357,POS消费,地点555,洗衣房,2014/05/03 20:30:34,1.2,60.13
16357,POS消费,地点555,洗衣房,2014/05/03 20:49:46,1.2,58.93
16357,POS消费,地点34,淋浴,2014/05/03 22:14:22,0.9,58.03
16357,POS消费,地点167,食堂,2014/05/04 07:51:46,2.1,55.93
16357,POS消费,地点144,食堂,2014/05/04 07:53:28,0.2,55.73
16357,POS消费,地点257,食堂,2014/05/04 07:59:25,2.5,53.23
16357,POS消费,地点21,开水,2014/05/04 11:58:10,1.0,52.23
16357,POS消费,地点839,食堂,2014/05/04 11:58:15,3.0,44.23
16357,POS消费,地点267,食堂,2014/05/04 11:59:40,5.0,47.23
16357,POS消费,地点576,开水,2014/05/04 23:01:06,0.09,44.14
16357,POS消费,地点214,超市,2014/05/05 09:14:48,2.5,41.64
16357,POS消费,地点21,开水,2014/05/05 11:56:55,11.9,29.74
16357,POS消费,地点21,开水,2014/05/05 12:42:12,14.8,14.94
16357,POS消费,地点21,开水,2014/05/05 17:55:35,1.0,13.94
16357,POS消费,地点232,食堂,2014/05/05 17:55:58,5.0,8.44
16357,POS消费,地点232,食堂,2014/05/05 17:57:19,0.5,13.44
16357,POS消费,地点841,食堂,2014/05/05 18:06:39,2.0,6.44
16357,POS消费,地点199,开水,2014/05/05 23:03:02,0.02,6.42
16357,POS消费,地点167,食堂,2014/05/06 07:50:55,2.1,4.32
16357,POS消费,地点144,食堂,2014/05/06 07:52:37,0.2,4.12
16357,POS消费,地点21,开水,2014/05/06 11:52:34,1.0,3.12
16357,POS消费,地点232,食堂,2014/05/06 11:54:23,2.0,1.12
16357,POS消费,地点838,食堂,2014/05/06 11:56:12,6.0,195.12
16357,圈存转账,,,2014/05/06 11:58:42,200.0,1.12
16357,圈存转账,,,2014/05/06 11:58:42,200.0,201.12
16357,POS消费,地点6,淋浴,2014/05/06 17:44:22,6.0,186.12
16357,POS消费,地点21,开水,2014/05/06 17:44:46,1.0,194.12
16357,POS消费,地点232,食堂,2014/05/06 17:46:41,2.0,192.12
16357,POS消费,地点576,开水,2014/05/06 23:00:34,0.08,186.04
16357,POS消费,地点214,超市,2014/05/07 09:15:41,6.5,179.54
16357,POS消费,地点839,食堂,2014/05/07 11:06:46,1.0,178.54
16357,POS消费,地点838,食堂,2014/05/07 11:07:43,6.0,172.54
16357,POS消费,地点257,食堂,2014/05/07 11:20:53,2.5,170.04
16357,POS消费,地点21,开水,2014/05/07 11:21:48,1.8,168.24
16357,POS消费,地点219,超市,2014/05/07 15:57:32,1.0,167.24
16357,POS消费,地点219,超市,2014/05/07 15:57:39,4.0,163.24
16357,POS消费,地点219,超市,2014/05/07 17:07:20,4.0,159.24
16357,POS消费,地点91,校车,2014/05/07 17:28:41,4.5,154.74
16357,POS消费,地点232,食堂,2014/05/07 17:29:55,3.0,151.24
16357,POS消费,地点232,食堂,2014/05/07 17:31:57,0.5,154.24
16357,POS消费,地点54,淋浴,2014/05/07 18:15:09,0.1,151.14
16357,POS消费,地点54,淋浴,2014/05/07 18:15:57,1.9,149.24
16357,POS消费,地点576,开水,2014/05/07 23:03:38,0.09,149.15
16357,POS消费,地点214,超市,2014/05/08 08:57:09,5.0,144.15
16357,POS消费,地点21,开水,2014/05/08 11:04:26,1.0,143.15
16357,POS消费,地点839,食堂,2014/05/08 11:04:56,3.0,135.15
16357,POS消费,地点267,食堂,2014/05/08 11:06:18,5.0,138.15
16357,POS消费,地点91,校车,2014/05/08 17:06:42,1.0,128.55
16357,POS消费,地点244,食堂,2014/05/08 17:07:40,5.6,129.55
16357,POS消费,地点21,开水,2014/05/08 17:18:59,2.0,126.55
16357,POS消费,地点576,开水,2014/05/08 22:56:11,0.08,126.47
16357,POS消费,地点91,校车,2014/05/09 07:42:56,2.11,124.36
16357,POS消费,地点91,校车,2014/05/09 07:43:40,0.2,124.16
16357,POS消费,地点91,校车,2014/05/09 11:07:33,1.8,116.86
16357,POS消费,地点268,食堂,2014/05/09 11:07:38,4.0,118.66
16357,POS消费,地点266,食堂,2014/05/09 11:09:35,1.5,122.66
16357,POS消费,地点257,食堂,2014/05/09 11:15:13,2.5,114.36
16357,POS消费,地点219,超市,2014/05/09 17:15:05,4.0,110.36
16357,POS消费,地点219,超市,2014/05/09 17:15:32,3.0,107.36
16357,POS消费,地点838,食堂,2014/05/09 17:36:09,6.0,100.36
16357,POS消费,地点21,开水,2014/05/09 17:36:56,1.0,106.36
16357,POS消费,地点34,淋浴,2014/05/09 17:58:53,1.8,98.56
16357,POS消费,地点21,开水,2014/05/10 11:01:09,5.6,92.96
16357,POS消费,地点257,食堂,2014/05/10 11:15:54,2.5,90.46
16357,POS消费,地点576,开水,2014/05/10 16:31:25,0.09,90.37
16357,POS消费,地点232,食堂,2014/05/10 17:01:06,5.0,84.37
16357,POS消费,地点21,开水,2014/05/10 17:02:01,1.0,89.37
16357,POS消费,地点266,食堂,2014/05/10 17:05:15,1.5,82.87
16357,POS消费,地点217,食堂,2014/05/10 17:15:07,4.7,78.17
16357,POS消费,地点190,超市,2014/05/10 22:07:26,17.5,60.67
16357,POS消费,地点21,开水,2014/05/11 11:01:05,1.0,59.67
16357,POS消费,地点267,食堂,2014/05/11 11:02:22,5.0,54.67
16357,POS消费,地点266,食堂,2014/05/11 11:04:15,1.5,53.17
16357,POS消费,地点203,食堂,2014/05/11 17:08:14,6.5,46.67
16357,POS消费,地点88,食堂,2014/05/11 17:09:15,3.52,43.15
16357,POS消费,地点190,超市,2014/05/11 21:04:01,11.0,32.15
16357,POS消费,地点576,开水,2014/05/11 23:01:13,0.09,32.06
16357,POS消费,地点21,开水,2014/05/12 08:44:32,2.4,229.66
16357,圈存转账,,,2014/05/12 08:44:36,200.0,232.06
16357,POS消费,地点21,开水,2014/05/12 08:45:02,0.2,229.46
16357,POS消费,地点91,校车,2014/05/12 11:57:39,13.4,216.06
16357,POS消费,地点21,开水,2014/05/12 12:44:09,15.1,200.96
16357,POS消费,地点190,超市,2014/05/12 20:36:48,3.5,197.46
16357,POS消费,地点576,开水,2014/05/12 22:58:48,0.09,197.37
16357,POS消费,地点91,校车,2014/05/13 07:51:44,1.3,196.07
16357,POS消费,地点144,食堂,2014/05/13 07:54:35,0.2,195.87
16357,POS消费,地点214,超市,2014/05/13 11:51:00,12.0,183.87
16357,POS消费,地点21,开水,2014/05/13 18:37:03,8.0,175.87
16357,POS消费,地点1036,食堂,2014/05/13 18:39:54,1.0,174.87
16357,POS消费,地点280,食堂,2014/05/13 18:39:58,1.5,173.37
16357,POS消费,地点576,开水,2014/05/13 22:58:51,0.08,173.29
16357,POS消费,地点840,食堂,2014/05/14 11:31:04,6.0,167.29
16357,POS消费,地点841,食堂,2014/05/14 17:56:04,4.0,163.29
16357,POS消费,地点839,食堂,2014/05/14 17:58:01,6.5,155.79
16357,POS消费,地点21,开水,2014/05/14 17:59:06,1.0,162.29
16357,POS消费,地点190,超市,2014/05/14 22:03:41,5.3,150.49
16357,POS消费,地点214,超市,2014/05/15 09:30:34,6.5,143.99
16357,POS消费,地点267,食堂,2014/05/15 11:10:01,5.0,138.99
16357,POS消费,地点257,食堂,2014/05/15 11:15:39,2.5,136.49
16357,POS消费,地点190,超市,2014/05/15 14:07:07,2.9,133.59
16357,POS消费,地点279,食堂,2014/05/15 17:07:28,4.6,128.99
16357,POS消费,地点167,食堂,2014/05/15 17:07:46,1.0,127.99
16357,POS消费,地点217,食堂,2014/05/15 17:18:01,2.0,125.99
16357,POS消费,地点190,超市,2014/05/15 22:17:15,25.0,100.99
16357,POS消费,地点576,开水,2014/05/15 22:56:04,0.03,100.96
16357,POS消费,地点576,开水,2014/05/15 22:57:11,0.08,100.88
16357,POS消费,地点91,校车,2014/05/16 07:47:32,1.3,99.58
16357,POS消费,地点527,食堂,2014/05/16 07:48:20,0.2,99.38
16357,POS消费,地点114,食堂,2014/05/16 07:55:43,3.0,96.38
16357,POS消费,地点21,开水,2014/05/16 11:56:40,1.0,95.38
16357,POS消费,地点232,食堂,2014/05/16 11:59:33,0.5,94.88
16357,POS消费,地点232,食堂,2014/05/16 11:59:55,6.0,88.88
16357,POS消费,地点21,开水,2014/05/16 12:05:59,2.0,82.88
16357,POS消费,地点841,食堂,2014/05/16 12:06:33,4.0,84.88
16357,POS消费,地点6,淋浴,2014/05/16 17:10:40,6.0,75.88
16357,POS消费,地点839,食堂,2014/05/16 17:11:03,0.5,75.38
16357,POS消费,地点21,开水,2014/05/16 17:11:56,1.0,81.88
16357,POS消费,地点219,超市,2014/05/16 20:07:44,5.0,70.38
16357,POS消费,地点54,淋浴,2014/05/16 21:58:06,2.1,68.28
16357,POS消费,地点91,校车,2014/05/17 11:00:56,1.8,266.48
16357,圈存转账,,,2014/05/17 11:01:16,200.0,268.28
16357,POS消费,地点232,食堂,2014/05/17 11:01:19,2.5,263.98
16357,POS消费,地点6,淋浴,2014/05/17 11:01:41,7.0,256.98
16357,POS消费,地点841,食堂,2014/05/17 11:05:07,1.5,255.48
16357,POS消费,地点217,食堂,2014/05/17 11:14:34,1.8,253.68
16357,POS消费,地点272,食堂,2014/05/17 17:40:38,10.0,243.68
16357,POS消费,地点576,开水,2014/05/18 00:57:53,0.09,243.59
16357,POS消费,地点841,食堂,2014/05/18 11:43:27,4.0,239.59
16357,POS消费,地点275,食堂,2014/05/18 11:45:39,10.0,229.59
16357,POS消费,地点21,开水,2014/05/18 11:47:47,3.0,226.59
16357,POS消费,地点190,超市,2014/05/18 16:10:56,3.0,223.59
16357,POS消费,地点6,淋浴,2014/05/18 17:02:39,6.0,216.59
16357,POS消费,地点21,开水,2014/05/18 17:03:49,1.0,222.59
16357,POS消费,地点257,食堂,2014/05/18 17:14:20,2.5,214.09
16357,POS消费,地点576,开水,2014/05/18 22:52:17,0.09,214.0
16357,POS消费,地点526,食堂,2014/05/19 09:46:23,2.5,211.5
16357,POS消费,地点526,食堂,2014/05/19 09:47:32,5.0,206.5
16357,POS消费,地点21,开水,2014/05/19 12:00:34,11.6,194.9
16357,POS消费,地点21,开水,2014/05/19 12:42:48,20.0,174.9
16357,POS消费,地点21,开水,2014/05/19 12:42:51,3.0,171.9
16357,POS消费,地点839,食堂,2014/05/19 17:58:39,0.5,165.4
16357,POS消费,地点21,开水,2014/05/19 17:59:17,1.0,170.9
16357,POS消费,地点267,食堂,2014/05/19 18:00:41,5.0,165.9
16357,POS消费,地点841,食堂,2014/05/19 18:03:00,2.0,163.4
16357,POS消费,地点21,开水,2014/05/19 18:11:05,2.0,161.4
16357,POS消费,地点576,开水,2014/05/19 22:53:01,0.09,161.31
16357,POS消费,地点576,开水,2014/05/19 23:05:16,0.07,161.24
16357,POS消费,地点576,开水,2014/05/19 23:07:12,0.03,161.21
16357,POS消费,地点91,校车,2014/05/20 07:49:59,1.3,159.91
16357,POS消费,地点75,食堂,2014/05/20 07:53:10,0.2,159.71
16357,POS消费,地点257,食堂,2014/05/20 07:56:52,2.5,157.21
16357,POS消费,地点167,食堂,2014/05/20 11:10:50,0.8,150.81
16357,POS消费,地点820,食堂,2014/05/20 11:11:06,5.6,151.61
16357,POS消费,地点190,超市,2014/05/20 14:07:04,3.0,147.81
16357,POS消费,地点244,食堂,2014/05/20 17:04:07,4.0,138.21
16357,POS消费,地点820,食堂,2014/05/20 17:04:24,5.6,142.21
16357,POS消费,地点841,食堂,2014/05/20 17:17:40,3.5,134.71
16357,POS消费,地点576,开水,2014/05/20 23:05:18,0.08,134.63
16357,POS消费,地点214,超市,2014/05/21 09:05:03,3.6,131.03
16357,POS消费,地点232,食堂,2014/05/21 11:17:38,5.0,125.03
16357,POS消费,地点21,开水,2014/05/21 11:18:26,1.0,130.03
16357,POS消费,地点219,超市,2014/05/21 16:00:37,5.0,120.03
16357,POS消费,地点6,淋浴,2014/05/21 17:46:20,3.0,117.03
16357,POS消费,地点232,食堂,2014/05/21 17:49:43,0.5,116.53
16357,POS消费,地点841,食堂,2014/05/21 17:58:52,1.5,115.03
16357,POS消费,地点34,淋浴,2014/05/21 18:25:18,1.5,113.53
16357,POS消费,地点214,超市,2014/05/22 09:23:54,6.5,107.03
16357,POS消费,地点91,校车,2014/05/22 11:11:12,1.5,102.43
16357,POS消费,地点241,食堂,2014/05/22 11:13:24,3.1,103.93
16357,POS消费,地点190,超市,2014/05/22 14:05:33,3.0,99.43
16357,POS消费,地点525,食堂,2014/05/22 17:05:33,5.6,93.83
16357,POS消费,地点167,食堂,2014/05/22 17:07:43,1.0,92.83
16357,POS消费,地点217,食堂,2014/05/22 17:18:50,2.0,90.83
16357,POS消费,地点190,超市,2014/05/22 19:02:17,1.5,89.33
16357,POS消费,地点91,校车,2014/05/23 07:46:10,1.3,87.94
16357,POS消费,地点144,食堂,2014/05/23 07:49:17,0.2,87.74
16357,POS消费,地点576,开水,2014/05/23 09:15:30,0.09,89.24
16357,POS消费,地点820,食堂,2014/05/23 11:05:47,5.6,82.14
16357,POS消费,地点232,食堂,2014/05/23 11:07:52,3.0,79.14
16357,POS消费,地点257,食堂,2014/05/23 11:14:42,2.5,76.64
16357,POS消费,地点167,食堂,2014/05/23 16:56:36,4.5,72.14
16357,POS消费,地点266,食堂,2014/05/23 17:00:15,1.5,70.64
16357,POS消费,地点841,食堂,2014/05/23 17:10:34,4.3,66.34
16357,POS消费,地点219,超市,2014/05/23 20:03:27,3.0,63.34
16357,POS消费,地点34,淋浴,2014/05/23 20:35:13,1.4,61.94
16357,POS消费,地点190,超市,2014/05/23 22:34:41,13.5,48.44
16357,POS消费,地点275,食堂,2014/05/24 11:47:56,10.0,38.44
16357,POS消费,地点21,开水,2014/05/24 11:51:04,5.0,33.44
16357,POS消费,地点840,食堂,2014/05/24 17:01:21,7.0,26.44
16357,POS消费,地点190,超市,2014/05/24 21:43:55,14.0,12.44
16357,POS消费,地点576,开水,2014/05/25 00:09:00,0.09,12.35
16357,圈存转账,,,2014/05/25 11:04:48,200.0,212.35
16357,POS消费,地点167,食堂,2014/05/25 11:06:36,1.8,210.55
16357,POS消费,地点279,食堂,2014/05/25 11:08:01,1.0,204.55
16357,POS消费,地点821,食堂,2014/05/25 11:08:46,5.0,205.55
16357,POS消费,地点257,食堂,2014/05/25 11:14:25,2.5,202.05
16357,POS消费,地点840,食堂,2014/05/25 17:07:28,7.0,195.05
16357,POS消费,地点190,超市,2014/05/25 20:38:23,8.8,186.25
16357,POS消费,地点576,开水,2014/05/25 23:07:37,0.01,186.24
16357,POS消费,地点214,超市,2014/05/26 08:26:32,6.5,179.74
16357,POS消费,地点91,校车,2014/05/26 12:09:52,5.64,174.1
16357,POS消费,地点21,开水,2014/05/26 12:10:46,3.6,170.5
16357,POS消费,地点21,开水,2014/05/26 12:58:20,16.5,154.0
16357,POS消费,地点21,开水,2014/05/26 17:58:40,5.1,148.9
16357,POS消费,地点306,食堂,2014/05/26 17:59:38,1.12,147.78
16357,POS消费,地点217,食堂,2014/05/26 18:08:12,3.0,144.78
16357,POS消费,地点34,淋浴,2014/05/27 00:03:02,1.0,143.78
16357,POS消费,地点91,校车,2014/05/27 07:48:52,1.2,142.58
16357,POS消费,地点527,食堂,2014/05/27 07:49:47,0.7,141.88
16357,POS消费,地点272,食堂,2014/05/27 11:56:10,10.0,131.88
16357,POS消费,地点841,食堂,2014/05/27 12:04:39,3.0,128.88
16357,POS消费,地点213,食堂,2014/05/27 14:22:35,3.0,125.88
16357,POS消费,地点21,开水,2014/05/27 18:27:06,7.0,118.88
16357,POS消费,地点21,开水,2014/05/27 18:27:18,3.0,115.88
16357,POS消费,地点277,食堂,2014/05/27 18:42:42,1.03,114.85
16357,POS消费,地点292,超市,2014/05/27 22:05:53,13.2,101.65
16357,POS消费,地点576,开水,2014/05/27 23:13:46,0.09,101.56
16357,POS消费,地点91,校车,2014/05/28 08:11:45,2.1,99.46
16357,POS消费,地点144,食堂,2014/05/28 08:15:08,0.2,99.26
16357,POS消费,地点273,食堂,2014/05/28 11:06:05,7.3,91.96
16357,POS消费,地点245,食堂,2014/05/28 11:06:13,1.5,90.46
16357,POS消费,地点21,开水,2014/05/28 11:16:43,3.0,87.46
16357,POS消费,地点219,超市,2014/05/28 17:44:43,4.0,83.46
16357,POS消费,地点246,食堂,2014/05/28 18:09:15,1.6,81.86
16357,POS消费,地点246,食堂,2014/05/28 18:10:31,1.5,80.36
16357,POS消费,地点217,食堂,2014/05/28 18:25:53,2.9,77.46
16357,POS消费,地点54,淋浴,2014/05/28 22:52:02,0.8,76.66
16357,POS消费,地点214,超市,2014/05/29 09:28:06,3.6,73.06
16357,POS消费,地点820,食堂,2014/05/29 11:14:52,5.6,67.46
16357,POS消费,地点841,食堂,2014/05/29 11:15:10,2.9,64.56
16357,POS消费,地点91,校车,2014/05/29 17:11:33,16.9,47.66
16357,POS消费,地点21,开水,2014/05/29 17:38:02,1.5,46.16
16357,POS消费,地点663,淋浴,2014/05/29 22:58:06,0.5,45.66
16357,POS消费,地点34,淋浴,2014/05/29 23:09:09,0.4,45.26
16357,POS消费,地点527,食堂,2014/05/30 07:52:15,0.2,43.76
16357,POS消费,地点167,食堂,2014/05/30 07:52:54,1.3,43.96
16357,POS消费,地点257,食堂,2014/05/30 07:58:26,2.5,41.26
16357,POS消费,地点838,食堂,2014/05/30 11:54:43,7.0,33.26
16357,POS消费,地点21,开水,2014/05/30 11:56:03,1.0,40.26
16357,POS消费,地点841,食堂,2014/05/30 12:07:16,2.5,30.76
16357,POS消费,地点219,超市,2014/05/30 17:46:56,4.0,26.76
16357,POS消费,地点663,淋浴,2014/05/30 18:30:44,0.1,26.66
16357,POS消费,地点663,淋浴,2014/05/30 18:42:29,1.1,25.56
16357,POS消费,地点232,食堂,2014/05/30 19:07:00,12.0,13.56
16357,POS消费,地点256,食堂,2014/05/30 19:11:08,2.0,11.56
16357,POS消费,地点258,食堂,2014/05/30 19:29:14,4.2,7.36
16357,POS消费,地点292,超市,2014/05/30 22:21:37,5.0,2.36
16357,圈存转账,,,2014/05/31 11:01:42,200.0,202.36
16357,POS消费,地点21,开水,2014/05/31 11:06:09,7.0,195.36
16357,POS消费,地点256,食堂,2014/05/31 11:06:44,2.0,193.36
16357,POS消费,地点275,食堂,2014/05/31 17:07:56,10.0,183.36
16357,POS消费,地点21,开水,2014/05/31 17:10:16,3.0,180.36
16357,POS消费,地点256,食堂,2014/05/31 17:18:50,2.0,178.36
16357,POS消费,地点190,超市,2014/05/31 22:20:57,9.4,168.96
16357,POS消费,地点576,开水,2014/06/01 00:25:16,0.1,168.86
16357,POS消费,地点214,超市,2014/06/01 09:22:16,6.6,162.26
16357,POS消费,地点280,食堂,2014/06/01 11:34:16,3.0,154.26
16357,POS消费,地点238,食堂,2014/06/01 11:37:46,5.0,157.26
16357,POS消费,地点21,开水,2014/06/01 17:03:29,2.9,140.66
16357,POS消费,地点92,食堂,2014/06/01 17:04:51,5.4,148.86
16357,POS消费,地点92,食堂,2014/06/01 17:05:09,3.5,145.36
16357,POS消费,地点235,食堂,2014/06/01 17:05:19,1.8,143.56
16357,POS消费,地点190,超市,2014/06/01 20:27:53,12.8,127.86
16357,POS消费,地点238,食堂,2014/06/02 11:14:53,5.0,122.86
16357,POS消费,地点238,食堂,2014/06/02 11:15:21,3.0,119.86
16357,POS消费,地点280,食堂,2014/06/02 11:19:39,3.0,116.86
16357,POS消费,地点275,食堂,2014/06/02 17:06:49,10.0,106.86
16357,POS消费,地点21,开水,2014/06/02 17:09:47,5.0,101.86
16357,POS消费,地点672,洗衣房,2014/06/02 22:09:14,1.2,100.66
16357,POS消费,地点672,洗衣房,2014/06/02 22:34:49,1.2,98.36
16357,POS消费,地点91,校车,2014/06/03 07:49:05,2.6,95.76
16357,POS消费,地点144,食堂,2014/06/03 07:52:34,0.2,95.56
16357,POS消费,地点34,淋浴,2014/06/03 11:31:20,1.1,99.56
16357,POS消费,地点232,食堂,2014/06/03 11:47:38,5.0,89.56
16357,POS消费,地点232,食堂,2014/06/03 11:48:04,5.0,84.56
16357,POS消费,地点21,开水,2014/06/03 11:49:20,1.0,94.56
16357,POS消费,地点841,食堂,2014/06/03 11:56:03,2.0,82.56
16357,POS消费,地点21,开水,2014/06/03 17:11:11,12.6,69.96
16357,POS消费,地点1036,食堂,2014/06/03 17:28:14,2.0,67.16
16357,POS消费,地点277,食堂,2014/06/03 17:28:52,0.8,69.16
16357,POS消费,地点190,超市,2014/06/03 19:55:34,8.0,59.16
16357,POS消费,地点34,淋浴,2014/06/03 21:52:31,1.7,57.46
16357,POS消费,地点214,超市,2014/06/04 09:07:10,6.5,50.96
16357,POS消费,地点525,食堂,2014/06/04 11:02:56,4.6,46.36
16357,POS消费,地点257,食堂,2014/06/04 11:08:33,2.5,43.86
16357,POS消费,地点21,开水,2014/06/04 11:13:58,2.0,41.86
16357,POS消费,地点219,超市,2014/06/04 15:56:49,4.0,37.86
16357,POS消费,地点219,超市,2014/06/04 17:21:59,4.0,33.86
16357,POS消费,地点91,校车,2014/06/04 17:57:30,10.9,22.96
16357,POS消费,地点91,校车,2014/06/04 17:58:01,1.6,21.36
16357,POS消费,地点21,开水,2014/06/04 18:28:40,17.8,3.56
16357,POS消费,地点663,淋浴,2014/06/04 23:27:17,0.8,2.76
16357,圈存转账,,,2014/06/05 11:05:55,200.0,202.76
16357,POS消费,地点275,食堂,2014/06/05 11:06:19,12.0,190.76
16357,POS消费,地点258,食堂,2014/06/05 11:24:17,3.2,187.56
16357,POS消费,地点840,食堂,2014/06/05 17:01:59,7.0,180.56
16357,POS消费,地点841,食堂,2014/06/05 17:17:31,1.5,179.06
16357,POS消费,地点190,超市,2014/06/05 22:01:59,10.9,168.16
16357,POS消费,地点1496,淋浴,2014/06/05 22:59:48,0.9,167.26
16357,POS消费,地点144,食堂,2014/06/06 07:51:07,0.7,166.56
16357,POS消费,地点266,食堂,2014/06/06 07:52:16,1.0,165.56
16357,POS消费,地点91,校车,2014/06/06 11:02:48,1.5,158.46
16357,POS消费,地点821,食堂,2014/06/06 11:05:33,5.6,159.96
16357,POS消费,地点254,食堂,2014/06/06 14:11:37,7.0,151.46
16357,POS消费,地点219,超市,2014/06/06 16:12:02,4.0,147.46
16357,POS消费,地点275,食堂,2014/06/06 18:05:23,10.0,137.46
16357,POS消费,地点1036,食堂,2014/06/06 18:07:22,2.0,135.46
16357,POS消费,地点1496,淋浴,2014/06/06 18:47:27,0.9,134.56
16357,POS消费,地点292,超市,2014/06/06 22:15:17,6.5,128.06
16357,POS消费,地点232,食堂,2014/06/07 11:13:41,14.0,114.06
16357,POS消费,地点190,超市,2014/06/07 14:48:26,12.0,102.06
16357,POS消费,地点91,校车,2014/06/07 17:42:06,12.1,89.96
16357,POS消费,地点21,开水,2014/06/07 18:11:27,18.7,71.26
16357,POS消费,地点576,开水,2014/06/08 00:38:33,0.09,71.17
16357,POS消费,地点244,食堂,2014/06/08 11:04:09,3.1,68.07
16357,POS消费,地点279,食堂,2014/06/08 11:04:52,1.0,67.07
16357,POS消费,地点841,食堂,2014/06/08 11:12:38,4.0,63.07
16357,POS消费,地点839,食堂,2014/06/08 16:58:02,3.0,59.07
16357,POS消费,地点21,开水,2014/06/08 16:59:59,1.0,62.07
16357,POS消费,地点267,食堂,2014/06/08 17:01:05,5.0,54.07
16357,POS消费,地点214,超市,2014/06/08 21:59:41,6.0,34.37
16357,POS消费,地点190,超市,2014/06/08 22:10:05,13.7,40.37
16357,POS消费,地点526,食堂,2014/06/09 09:53:03,5.0,29.37
16357,POS消费,地点526,食堂,2014/06/09 09:53:26,10.0,19.37
16357,POS消费,地点91,校车,2014/06/09 12:14:31,10.9,8.47
16357,卡充值,,,2014/06/09 12:44:02,100.0,108.47
16357,POS消费,地点21,开水,2014/06/09 12:49:05,22.2,86.27
16357,POS消费,地点840,食堂,2014/06/09 17:09:34,7.0,79.27
16357,POS消费,地点841,食堂,2014/06/09 17:23:41,2.0,77.27
16357,,,,2014/06/09 22:02:50,20.0,57.27
16357,POS消费,地点214,超市,2014/06/09 22:09:05,7.2,37.97
16357,POS消费,地点292,超市,2014/06/09 22:15:05,12.1,45.17
16357,POS消费,地点1496,淋浴,2014/06/09 23:04:35,1.1,36.87
16357,POS消费,地点91,校车,2014/06/10 08:01:20,1.3,35.57
16357,POS消费,地点144,食堂,2014/06/10 08:05:23,0.2,35.37
16357,POS消费,地点525,食堂,2014/06/10 11:28:53,4.6,30.77
16357,POS消费,地点91,校车,2014/06/10 11:29:23,1.5,29.27
16357,POS消费,地点280,食堂,2014/06/10 18:42:50,2.0,22.27
16357,POS消费,地点21,开水,2014/06/10 18:45:15,5.0,24.27
16357,POS消费,地点280,食堂,2014/06/10 18:50:18,6.0,16.27
16357,POS消费,地点190,超市,2014/06/10 19:53:55,3.5,12.77
16357,POS消费,地点190,超市,2014/06/10 22:33:27,8.5,4.27
16357,POS消费,地点576,开水,2014/06/10 23:18:15,0.09,4.18
16357,POS消费,地点275,食堂,2014/06/11 11:28:58,12.0,192.18
16357,圈存转账,,,2014/06/11 11:29:34,200.0,204.18
16357,POS消费,地点1036,食堂,2014/06/11 11:38:56,3.0,189.18
16357,POS消费,地点219,超市,2014/06/11 17:35:22,4.0,185.18
16357,POS消费,地点219,超市,2014/06/11 18:34:51,2.0,183.18
16357,POS消费,地点21,开水,2014/06/11 18:53:32,9.5,173.68
16357,POS消费,地点190,超市,2014/06/11 21:51:50,7.5,166.18
16357,POS消费,地点1496,淋浴,2014/06/11 22:43:52,0.9,165.28
16357,POS消费,地点21,开水,2014/06/12 11:31:48,5.0,152.28
16357,POS消费,地点256,食堂,2014/06/12 11:32:08,8.0,157.28
16357,POS消费,地点277,食堂,2014/06/12 11:39:04,4.03,148.25
16357,POS消费,地点840,食堂,2014/06/12 17:09:35,7.0,141.25
16357,POS消费,地点576,开水,2014/06/12 23:25:18,0.09,141.16
16357,POS消费,地点268,食堂,2014/06/13 08:06:54,2.0,139.16
16357,POS消费,地点144,食堂,2014/06/13 08:10:34,0.2,138.16
16357,POS消费,地点266,食堂,2014/06/13 08:11:00,0.8,138.36
16357,POS消费,地点114,食堂,2014/06/13 08:15:57,2.5,135.66
16357,POS消费,地点256,食堂,2014/06/13 11:32:21,8.0,127.66
16357,POS消费,地点238,食堂,2014/06/13 11:33:11,3.0,124.66
16357,POS消费,地点277,食堂,2014/06/13 11:38:32,5.8,118.86
16357,POS消费,地点232,食堂,2014/06/13 17:20:44,10.9,107.96
16357,POS消费,地点91,校车,2014/06/13 17:21:39,2.1,105.86
16357,POS消费,地点21,开水,2014/06/13 17:49:48,24.7,81.16
16357,POS消费,地点292,超市,2014/06/13 22:04:17,11.9,69.26
16357,POS消费,地点576,开水,2014/06/14 00:51:56,0.09,69.17
16357,POS消费,地点21,开水,2014/06/14 11:01:24,1.0,68.17
16357,POS消费,地点839,食堂,2014/06/14 11:01:26,3.0,65.17
16357,POS消费,地点232,食堂,2014/06/14 11:01:50,3.0,62.17
16357,POS消费,地点91,校车,2014/06/15 11:00:52,4.0,55.07
16357,POS消费,地点244,食堂,2014/06/15 11:02:34,3.1,59.07
16357,POS消费,地点257,食堂,2014/06/15 11:07:38,2.5,52.57
16357,POS消费,地点21,开水,2014/06/15 17:00:39,1.0,51.57
16357,POS消费,地点267,食堂,2014/06/15 17:04:01,5.0,46.57
16357,POS消费,地点232,食堂,2014/06/15 17:05:26,3.0,43.57
16357,POS消费,地点21,开水,2014/06/15 17:14:16,1.8,41.77
16357,POS消费,地点672,洗衣房,2014/06/15 21:21:46,1.2,40.57
16357,POS消费,地点672,洗衣房,2014/06/15 21:47:06,1.2,39.37
16357,POS消费,地点672,洗衣房,2014/06/15 22:11:17,1.2,38.17
16357,POS消费,地点214,超市,2014/06/15 22:30:52,9.0,29.17
16357,POS消费,地点1496,淋浴,2014/06/15 23:03:21,1.4,27.77
16357,POS消费,地点214,超市,2014/06/16 09:12:22,3.0,219.77
16357,圈存转账,,,2014/06/16 09:21:59,100.0,27.77
16357,圈存转账,,,2014/06/16 09:22:12,200.0,227.77
16357,POS消费,地点190,超市,2014/06/16 09:22:53,5.0,222.77
16357,POS消费,地点232,食堂,2014/06/16 12:23:03,10.9,208.87
16357,POS消费,地点232,食堂,2014/06/16 12:23:32,1.0,207.87
16357,POS消费,地点91,校车,2014/06/16 12:24:36,2.0,205.87
16357,POS消费,地点21,开水,2014/06/16 12:55:09,12.6,193.27
16357,POS消费,地点21,开水,2014/06/16 12:56:24,3.0,190.27
16357,POS消费,地点21,开水,2014/06/16 16:56:36,5.0,185.27
16357,POS消费,地点21,开水,2014/06/16 16:57:28,5.0,180.27
16357,POS消费,地点258,食堂,2014/06/16 17:05:23,3.2,177.07
16357,POS消费,地点1496,淋浴,2014/06/16 23:33:51,0.6,176.47
16357,POS消费,地点21,开水,2014/06/17 11:02:28,1.0,175.47
16357,POS消费,地点839,食堂,2014/06/17 11:02:43,3.0,172.47
16357,POS消费,地点267,食堂,2014/06/17 11:06:32,6.0,166.47
16357,POS消费,地点21,开水,2014/06/17 11:16:32,2.9,163.57
16357,POS消费,地点213,食堂,2014/06/17 14:26:50,0.9,162.67
16357,POS消费,地点1098,文印中心,2014/06/17 14:49:02,0.9,161.77
16357,POS消费,地点91,校车,2014/06/17 17:02:20,1.8,159.97
16357,POS消费,地点838,食堂,2014/06/17 17:03:00,7.0,151.97
16357,POS消费,地点267,食堂,2014/06/17 17:05:56,1.0,158.97
16357,POS消费,地点21,开水,2014/06/17 17:17:35,4.0,147.97
16357,POS消费,地点1496,淋浴,2014/06/17 23:23:09,0.9,147.07
16357,POS消费,地点214,超市,2014/06/18 09:08:22,3.5,143.57
16357,POS消费,地点21,开水,2014/06/18 11:05:25,1.0,142.57
16357,POS消费,地点267,食堂,2014/06/18 11:09:20,6.0,136.57
16357,POS消费,地点232,食堂,2014/06/18 11:10:30,2.0,134.57
16357,POS消费,地点245,食堂,2014/06/18 17:05:18,1.5,127.47
16357,POS消费,地点821,食堂,2014/06/18 17:05:19,5.6,128.97
16357,POS消费,地点841,食堂,2014/06/18 17:17:45,4.0,123.47
16357,POS消费,地点190,超市,2014/06/18 21:20:44,12.5,110.97
16357,POS消费,地点576,开水,2014/06/18 23:36:15,0.01,110.96
16357,POS消费,地点576,开水,2014/06/18 23:37:16,0.05,110.91
16357,POS消费,地点576,开水,2014/06/18 23:37:38,0.03,110.88
16357,POS消费,地点118,食堂,2014/06/19 09:58:43,5.0,105.88
16357,POS消费,地点21,开水,2014/06/19 11:53:41,9.9,95.98
16357,POS消费,地点21,开水,2014/06/19 12:20:17,19.1,76.88
16357,POS消费,地点21,开水,2014/06/19 12:20:31,-19.1,95.98
16357,POS消费,地点21,开水,2014/06/19 12:20:37,17.0,78.98
16357,POS消费,地点21,开水,2014/06/19 17:01:02,4.0,74.98
16357,POS消费,地点6,淋浴,2014/06/19 17:02:00,8.0,66.98
16357,POS消费,地点841,食堂,2014/06/19 17:18:57,1.5,65.48
16357,POS消费,地点34,淋浴,2014/06/19 23:16:27,1.0,64.48
16357,POS消费,地点21,开水,2014/06/20 11:07:30,1.0,63.48
16357,POS消费,地点91,校车,2014/06/20 11:07:53,3.0,60.48
16357,POS消费,地点1686,食堂,2014/06/20 11:08:11,5.0,55.48
16357,POS消费,地点232,食堂,2014/06/20 17:14:21,12.0,43.48
16357,POS消费,地点277,食堂,2014/06/20 17:29:31,2.0,41.48
16357,POS消费,地点1036,食堂,2014/06/20 17:33:07,0.6,40.88
16357,POS消费,地点219,超市,2014/06/20 18:05:51,1.0,39.88
16357,POS消费,地点1496,淋浴,2014/06/20 19:11:34,2.0,37.88
16357,POS消费,地点1686,食堂,2014/06/21 11:06:21,5.0,31.28
16357,POS消费,地点268,食堂,2014/06/21 11:06:47,1.6,36.28
16357,POS消费,地点841,食堂,2014/06/21 11:21:06,1.5,29.78
16357,POS消费,地点268,食堂,2014/06/21 17:00:44,1.0,25.68
16357,POS消费,地点244,食堂,2014/06/21 17:01:57,3.1,26.68
16357,POS消费,地点257,食堂,2014/06/21 17:10:05,2.5,23.18
16357,POS消费,地点214,超市,2014/06/21 21:49:28,5.5,9.68
16357,POS消费,地点292,超市,2014/06/21 21:57:11,8.0,15.18
16357,POS消费,地点1496,淋浴,2014/06/21 23:37:39,0.8,8.88
16357,POS消费,地点21,开水,2014/06/22 11:03:35,1.0,207.88
16357,POS消费,地点91,校车,2014/06/22 11:04:00,3.0,204.88
16357,POS消费,地点1686,食堂,2014/06/22 11:04:03,5.0,199.88
16357,圈存转账,,,2014/06/22 11:04:14,200.0,208.88
16357,POS消费,地点841,食堂,2014/06/22 11:19:48,2.9,196.98
16357,POS消费,地点279,食堂,2014/06/22 17:04:26,4.6,192.38
16357,POS消费,地点167,食堂,2014/06/22 17:04:45,4.0,188.38
16357,POS消费,地点214,超市,2014/06/23 08:43:19,3.5,184.88
16357,POS消费,地点267,食堂,2014/06/23 11:04:41,4.0,180.88
16357,POS消费,地点257,食堂,2014/06/23 11:11:55,2.5,178.38
16357,POS消费,地点232,食堂,2014/06/23 17:19:29,12.0,166.38
16357,POS消费,地点232,食堂,2014/06/23 17:19:32,2.0,164.38
16357,POS消费,地点34,淋浴,2014/06/23 23:23:09,0.8,163.58
16357,POS消费,地点214,超市,2014/06/24 09:07:36,3.5,160.08
16357,POS消费,地点190,超市,2014/06/24 09:20:50,5.0,155.08
16357,POS消费,地点21,开水,2014/06/24 11:01:21,1.0,154.08
16357,POS消费,地点6,淋浴,2014/06/24 11:01:46,7.0,147.08
16357,POS消费,地点213,食堂,2014/06/24 15:27:53,0.45,146.63
16357,POS消费,地点188,超市,2014/06/24 15:33:48,30.0,116.63
16357,POS消费,地点188,超市,2014/06/24 15:33:54,29.8,86.83
16357,POS消费,地点840,食堂,2014/06/24 17:04:54,7.0,79.83
16357,POS消费,地点841,食堂,2014/06/24 17:23:26,2.9,76.93
16357,POS消费,地点214,超市,2014/06/25 09:01:27,3.3,213.63
16357,,,,2014/06/25 09:13:13,10.0,66.93
16357,圈存转账,,,2014/06/25 09:13:28,150.0,216.93
16357,POS消费,地点21,开水,2014/06/25 11:46:37,1.0,212.63
16357,POS消费,地点838,食堂,2014/06/25 11:47:05,7.0,205.63
16357,POS消费,地点232,食堂,2014/06/25 11:52:08,3.0,202.63
16357,POS消费,地点841,食堂,2014/06/25 12:04:15,2.5,200.13
16357,POS消费,地点219,超市,2014/06/25 16:01:07,4.0,196.13
16357,POS消费,地点219,超市,2014/06/25 17:53:00,4.5,191.63
16357,POS消费,地点1036,食堂,2014/06/25 18:22:02,1.5,180.13
16357,POS消费,地点238,食堂,2014/06/25 18:22:27,10.0,181.63
16357,POS消费,地点1496,淋浴,2014/06/25 19:19:05,1.3,178.83
16357,POS消费,地点214,超市,2014/06/25 21:57:56,15.0,163.83
16357,POS消费,地点190,超市,2014/06/25 22:11:53,7.0,156.83
16357,POS消费,地点21,开水,2014/06/26 11:02:55,1.0,155.83
16357,POS消费,地点267,食堂,2014/06/26 11:06:34,5.0,150.83
16357,POS消费,地点232,食堂,2014/06/26 11:07:48,3.0,147.83
16357,POS消费,地点257,食堂,2014/06/26 11:13:48,2.5,145.33
16357,POS消费,地点232,食堂,2014/06/26 17:18:00,15.0,130.33
16357,POS消费,地点1036,食堂,2014/06/26 17:21:14,2.0,128.33
16357,POS消费,地点1496,淋浴,2014/06/26 23:31:35,1.2,127.13
16357,POS消费,地点21,开水,2014/06/27 11:04:32,1.0,126.13
16357,POS消费,地点267,食堂,2014/06/27 11:08:32,7.0,119.13
16357,POS消费,地点257,食堂,2014/06/27 11:14:00,2.5,116.63
16357,POS消费,地点292,超市,2014/06/27 21:34:26,7.3,109.33
16357,POS消费,地点663,淋浴,2014/06/27 23:13:44,0.7,108.63
16357,POS消费,地点214,超市,2014/06/28 09:08:06,6.5,102.13
16357,POS消费,地点275,食堂,2014/06/28 12:29:44,10.0,92.13
16357,POS消费,地点1036,食堂,2014/06/28 12:32:33,2.0,90.13
16357,POS消费,地点21,开水,2014/06/28 17:03:49,1.0,89.13
16357,POS消费,地点267,食堂,2014/06/28 17:08:50,5.0,81.13
16357,POS消费,地点232,食堂,2014/06/28 17:09:25,3.0,86.13
16357,POS消费,地点257,食堂,2014/06/28 17:14:19,2.5,78.63
16357,POS消费,地点214,超市,2014/06/28 22:22:48,6.0,67.63
16357,POS消费,地点214,超市,2014/06/28 22:24:21,4.5,63.13
16357,POS消费,地点190,超市,2014/06/28 22:32:29,5.0,73.63
16357,POS消费,地点576,开水,2014/06/29 00:25:50,0.09,63.04
16357,POS消费,地点21,开水,2014/06/29 11:00:12,3.0,58.04
16357,POS消费,地点167,食堂,2014/06/29 11:03:53,1.8,56.24
16357,POS消费,地点232,食堂,2014/06/29 11:04:40,2.0,61.04
16357,POS消费,地点21,开水,2014/06/29 17:03:03,1.0,55.24
16357,POS消费,地点1686,食堂,2014/06/29 17:03:45,5.0,47.24
16357,POS消费,地点232,食堂,2014/06/29 17:07:59,3.0,52.24
16357,POS消费,地点257,食堂,2014/06/29 17:14:19,2.5,44.74
16357,POS消费,地点190,超市,2014/06/29 21:26:31,13.3,31.44
16357,POS消费,地点34,淋浴,2014/06/29 22:42:56,1.3,30.14
16357,POS消费,地点214,超市,2014/06/30 08:44:58,3.5,26.64
16357,POS消费,地点91,校车,2014/06/30 10:58:18,1.5,23.54
16357,POS消费,地点167,食堂,2014/06/30 11:01:17,1.6,25.04
16357,POS消费,地点841,食堂,2014/06/30 11:12:49,3.0,20.54
16357,POS消费,地点91,校车,2014/06/30 16:57:29,1.5,15.94
16357,POS消费,地点268,食堂,2014/06/30 16:58:06,3.1,17.44
16357,POS消费,地点217,食堂,2014/06/30 17:11:39,1.8,14.14
16357,POS消费,地点292,超市,2014/06/30 22:20:58,9.4,4.74
16357,POS消费,地点167,食堂,2014/07/01 11:09:36,1.0,3.74
16357,圈存转账,,,2014/07/01 11:25:27,200.0,203.74
16357,POS消费,地点256,食堂,2014/07/01 17:07:57,8.0,195.74
16357,POS消费,地点238,食堂,2014/07/01 17:08:52,3.0,192.74
16357,POS消费,地点1036,食堂,2014/07/01 17:13:37,1.5,191.24
16357,POS消费,地点214,超市,2014/07/01 21:52:29,7.9,183.34
16357,POS消费,地点190,超市,2014/07/01 22:06:23,1.5,181.84
16357,POS消费,地点1496,淋浴,2014/07/01 23:29:54,1.0,180.84
16357,POS消费,地点91,校车,2014/07/02 10:59:20,1.5,176.24
16357,POS消费,地点268,食堂,2014/07/02 10:59:58,3.1,177.74
16357,POS消费,地点244,食堂,2014/07/02 11:02:26,4.6,171.64
16357,POS消费,地点279,食堂,2014/07/02 11:03:13,2.2,169.44
16357,POS消费,地点257,食堂,2014/07/02 11:09:40,2.5,166.94
16357,POS消费,地点21,开水,2014/07/02 17:01:57,1.0,165.94
16357,POS消费,地点1686,食堂,2014/07/02 17:02:38,5.0,160.94
16357,POS消费,地点167,食堂,2014/07/02 17:06:29,1.5,159.44
16357,POS消费,地点214,超市,2014/07/02 20:52:06,5.5,153.94
16357,POS消费,地点292,超市,2014/07/02 21:07:59,10.1,143.84
16357,POS消费,地点34,淋浴,2014/07/02 23:26:41,1.3,142.54
16357,POS消费,地点663,淋浴,2014/07/02 23:40:00,0.2,142.34
16357,POS消费,地点190,超市,2014/07/03 09:00:36,15.9,126.44
16357,POS消费,地点232,食堂,2014/07/03 11:03:56,12.0,114.44
16357,POS消费,地点21,开水,2014/07/03 17:47:11,10.0,104.44
16357,POS消费,地点1036,食堂,2014/07/03 17:57:12,2.5,101.94
16357,POS消费,地点275,食堂,2014/07/04 11:02:53,12.0,89.94
16357,POS消费,地点841,食堂,2014/07/04 11:26:21,2.9,87.04
16357,POS消费,地点190,超市,2014/07/04 11:29:30,5.0,82.04
16357,POS消费,地点232,食堂,2014/07/04 17:05:14,13.0,69.04
16357,POS消费,地点277,食堂,2014/07/04 17:22:31,4.03,65.01
16357,POS消费,地点1496,淋浴,2014/07/04 23:28:50,1.2,63.81
16357,POS消费,地点118,食堂,2014/07/05 08:56:57,5.0,58.81
16357,POS消费,地点21,开水,2014/07/05 11:20:18,2.0,51.81
16357,POS消费,地点238,食堂,2014/07/05 11:25:10,5.0,53.81
16357,POS消费,地点841,食堂,2014/07/05 11:32:42,3.5,48.31
16357,POS消费,地点668,洗衣房,2014/07/05 14:22:57,1.2,47.11
16357,POS消费,地点668,洗衣房,2014/07/05 14:45:34,1.2,45.91
16357,POS消费,地点668,洗衣房,2014/07/05 15:05:33,1.2,44.71
16357,POS消费,地点668,洗衣房,2014/07/05 15:26:52,1.2,43.51
16357,POS消费,地点668,洗衣房,2014/07/05 15:41:30,-0.18,43.69
16357,POS消费,地点190,超市,2014/07/05 16:20:31,5.0,38.69
16357,POS消费,地点21,开水,2014/07/05 17:01:54,5.0,33.69
16357,POS消费,地点1036,食堂,2014/07/05 17:07:08,2.1,28.59
16357,POS消费,地点238,食堂,2014/07/05 17:07:42,3.0,30.69
16357,POS消费,地点1496,淋浴,2014/07/05 23:34:41,0.6,27.99
16357,POS消费,地点238,食堂,2014/07/06 11:07:21,10.4,17.59
16357,POS消费,地点21,开水,2014/07/06 17:02:10,10.0,7.59
16357,POS消费,地点190,超市,2014/07/06 21:42:15,3.5,4.09
16357,POS消费,地点1496,淋浴,2014/07/06 23:34:39,0.7,3.39
16357,圈存转账,,,2014/07/07 08:53:41,200.0,203.39
16357,POS消费,地点190,超市,2014/07/07 08:55:06,14.8,188.59
16357,POS消费,地点190,超市,2014/07/07 08:57:33,3.9,184.69
16357,POS消费,地点21,开水,2014/07/07 11:02:29,5.0,174.69
16357,POS消费,地点238,食堂,2014/07/07 11:07:35,5.0,179.69
16357,POS消费,地点21,开水,2014/07/07 16:59:30,5.0,164.69
16357,POS消费,地点238,食堂,2014/07/07 17:04:33,5.0,169.69
16357,POS消费,地点190,超市,2014/07/07 17:22:21,8.0,156.69
16357,POS消费,地点219,超市,2014/07/07 19:03:13,4.0,152.69
16357,POS消费,地点1496,淋浴,2014/07/07 19:57:45,1.5,151.19
16357,POS消费,地点190,超市,2014/07/08 09:13:37,3.0,148.19
16357,POS消费,地点238,食堂,2014/07/08 11:52:23,10.0,138.19
16357,POS消费,地点280,食堂,2014/07/08 17:34:01,1.0,132.19
16357,POS消费,地点280,食堂,2014/07/08 17:34:55,0.6,131.59
16357,POS消费,地点238,食堂,2014/07/08 17:38:57,5.0,133.19
16357,POS消费,地点841,食堂,2014/07/08 17:46:48,4.3,127.29
16357,POS消费,地点1496,淋浴,2014/07/08 20:06:07,1.0,126.29
16357,POS消费,地点118,食堂,2014/07/09 08:58:28,6.5,119.79
16357,POS消费,地点91,校车,2014/07/09 11:35:09,1.8,116.44
16357,POS消费,地点91,校车,2014/07/09 11:35:44,1.5,114.94
16357,POS消费,地点167,食堂,2014/07/09 11:38:25,1.55,118.24
16357,POS消费,地点190,超市,2014/07/09 15:07:24,8.5,106.44
16357,POS消费,地点190,超市,2014/07/09 15:07:29,6.5,99.94
16357,POS消费,地点663,淋浴,2014/07/09 23:20:16,0.6,99.34
16357,POS消费,地点258,食堂,2014/07/10 11:03:54,4.2,83.14
16357,POS消费,地点232,食堂,2014/07/10 11:05:04,12.0,87.34
16357,POS消费,地点1496,淋浴,2014/07/10 23:39:30,0.8,82.34
16357,POS消费,地点144,食堂,2014/07/11 07:49:08,0.2,76.84
16357,POS消费,地点266,食堂,2014/07/11 07:49:31,5.3,77.04
16357,POS消费,地点190,超市,2014/08/30 17:23:21,10.3,66.54
16357,POS消费,地点272,食堂,2014/08/30 17:51:21,10.0,56.54
16357,POS消费,地点34,淋浴,2014/08/30 19:43:25,1.0,55.54
16357,POS消费,地点292,超市,2014/08/30 21:40:00,12.3,43.24
16357,POS消费,地点21,开水,2014/08/31 08:58:13,3.8,239.44
16357,圈存转账,,,2014/08/31 09:06:32,200.0,243.24
16357,POS消费,地点232,食堂,2014/08/31 11:03:52,10.0,229.44
16357,POS消费,地点195,超市,2014/08/31 16:07:08,18.9,210.54
16357,POS消费,地点217,食堂,2014/08/31 17:53:57,7.0,203.54
16357,POS消费,地点214,超市,2014/08/31 18:10:22,3.0,195.54
16357,POS消费,地点190,超市,2014/08/31 18:11:35,5.0,198.54
16357,POS消费,地点34,淋浴,2014/08/31 18:32:46,0.8,194.74
