1638,卡片开户,,,2014/07/18 11:51:59,0.0,0.0
1638,卡充值,,,2014/08/28 18:20:43,500.0,500.0
1638,POS消费,地点89,食堂,2014/08/28 18:41:49,3.0,497.0
1638,POS消费,地点21,开水,2014/08/28 18:45:29,10.8,486.2
1638,POS消费,地点21,开水,2014/08/28 18:45:45,0.8,485.4
1638,POS消费,地点21,开水,2014/08/28 18:46:21,6.0,479.4
1638,POS消费,地点188,超市,2014/08/28 18:50:34,9.7,469.7
1638,POS消费,地点1887,开水,2014/08/28 20:36:10,0.01,469.69
1638,POS消费,地点1629,开水,2014/08/28 20:39:56,0.07,469.62
1638,POS消费,地点1869,淋浴,2014/08/28 23:35:41,0.6,469.02
1638,POS消费,地点1869,淋浴,2014/08/28 23:45:15,0.1,468.92
1638,POS消费,地点1629,开水,2014/08/29 07:42:57,0.06,468.86
1638,POS消费,地点89,食堂,2014/08/29 08:20:08,3.0,465.86
1638,POS消费,地点157,食堂,2014/08/29 18:10:56,15.6,450.26
1638,POS消费,地点1847,食堂,2014/08/29 18:14:22,2.5,447.76
1638,POS消费,地点192,超市,2014/08/29 19:22:04,30.0,417.76
1638,POS消费,地点192,超市,2014/08/29 19:22:09,30.0,387.76
1638,POS消费,地点1629,开水,2014/08/29 20:43:50,0.06,387.7
1638,POS消费,地点1869,淋浴,2014/08/29 23:55:34,1.0,386.7
1638,POS消费,地点124,食堂,2014/08/30 08:17:48,3.0,383.7
1638,POS消费,地点219,超市,2014/08/30 10:12:11,3.0,380.7
1638,POS消费,地点1887,开水,2014/08/30 11:17:27,0.01,380.69
1638,POS消费,地点232,食堂,2014/08/30 12:18:00,5.5,375.19
1638,POS消费,地点203,食堂,2014/08/30 19:27:41,10.0,365.19
1638,POS消费,地点12,文印中心,2014/08/30 23:55:11,0.6,364.59
1638,POS消费,地点1629,开水,2014/08/31 06:54:07,0.06,364.53
1638,POS消费,地点21,开水,2014/08/31 07:19:28,0.7,363.83
1638,POS消费,地点124,食堂,2014/08/31 07:20:25,3.0,360.83
1638,POS消费,地点232,食堂,2014/08/31 11:56:13,10.9,349.93
1638,POS消费,地点21,开水,2014/08/31 12:00:37,3.2,346.73
1638,POS消费,地点1961,超市,2014/08/31 12:42:37,28.0,318.73
1638,POS消费,地点1881,淋浴,2014/08/31 23:39:41,0.5,318.13
1638,POS消费,地点1881,淋浴,2014/08/31 23:41:03,0.1,318.63
