16387,卡片开户,,,2014/07/18 12:13:58,0.0,0.0
16387,卡充值,,,2014/08/29 16:12:03,200.0,200.0
16387,POS消费,地点233,食堂,2014/08/29 17:24:33,11.6,188.4
16387,POS消费,地点21,开水,2014/08/29 17:26:02,3.0,185.4
16387,POS消费,地点190,超市,2014/08/29 18:58:38,0.1,185.3
16387,POS消费,地点1852,开水,2014/08/29 19:58:01,0.01,185.29
16387,POS消费,地点1884,开水,2014/08/30 04:04:21,0.01,185.28
16387,POS消费,地点1884,开水,2014/08/30 04:10:07,0.01,185.27
16387,POS消费,地点1870,开水,2014/08/30 07:18:49,0.01,185.25
16387,POS消费,地点134,食堂,2014/08/30 08:23:06,0.9,184.35
16387,POS消费,地点134,食堂,2014/08/30 08:23:12,0.6,183.75
16387,POS消费,地点134,食堂,2014/08/30 08:23:25,0.4,183.35
16387,POS消费,地点1884,开水,2014/08/30 08:29:34,0.01,185.26
16387,POS消费,地点837,校车,2014/08/30 08:33:04,1.0,182.35
16387,POS消费,地点1472,校车,2014/08/30 10:47:48,1.0,181.35
16387,POS消费,地点251,食堂,2014/08/30 11:29:45,2.0,179.35
16387,POS消费,地点188,超市,2014/08/30 11:45:00,28.4,150.95
16387,POS消费,地点190,超市,2014/08/30 16:36:56,25.6,125.35
16387,POS消费,地点190,超市,2014/08/30 16:37:02,0.3,125.05
16387,POS消费,地点1596,食堂,2014/08/30 18:09:32,8.6,116.45
16387,POS消费,地点222,校车,2014/08/30 18:14:34,1.0,115.45
16387,POS消费,地点1870,开水,2014/08/31 07:20:28,0.01,115.44
16387,POS消费,地点134,食堂,2014/08/31 07:47:28,1.9,113.54
16387,POS消费,地点190,超市,2014/08/31 09:53:21,3.2,110.34
16387,POS消费,地点1596,食堂,2014/08/31 11:55:59,12.6,97.74
