16398,卡片开户,,,2014/07/17 15:59:38,0.0,0.0
16398,卡充值,,,2014/08/29 09:48:37,100.0,100.0
16398,POS消费,地点232,食堂,2014/08/30 08:05:56,4.5,95.5
16398,POS消费,地点12,文印中心,2014/08/30 10:45:59,0.1,95.4
16398,POS消费,地点12,文印中心,2014/08/30 10:47:45,0.4,95.0
16398,POS消费,地点21,开水,2014/08/30 12:21:07,3.5,91.5
16398,POS消费,地点168,食堂,2014/08/30 17:24:37,5.5,86.0
16398,POS消费,地点1961,超市,2014/08/30 17:46:12,9.8,76.2
16398,POS消费,地点6,淋浴,2014/08/31 08:03:26,1.5,74.7
16398,POS消费,地点91,校车,2014/08/31 12:03:39,5.0,69.7
16398,POS消费,地点6,淋浴,2014/08/31 12:04:28,1.0,68.7
16398,POS消费,地点192,超市,2014/08/31 18:50:33,3.3,65.4
16398,POS消费,地点752,淋浴,2014/08/31 19:07:26,0.1,65.3
16398,POS消费,地点752,淋浴,2014/08/31 19:07:48,0.3,65.0
16398,POS消费,地点168,食堂,2014/08/31 19:31:43,4.5,60.5
16398,POS消费,地点21,开水,2014/08/31 20:06:52,3.9,56.6
