16486,卡片开户,,,2014/07/19 11:07:53,0.0,0.0
16486,卡充值,,,2014/08/30 10:26:44,200.0,200.0
16486,POS消费,地点225,食堂,2014/08/30 11:08:08,4.6,195.4
16486,POS消费,地点822,食堂,2014/08/30 11:09:43,5.0,190.4
16486,POS消费,地点188,超市,2014/08/30 11:35:43,31.8,158.6
16486,POS消费,地点65,食堂,2014/08/30 17:30:56,10.6,148.0
16486,POS消费,地点188,超市,2014/08/30 21:16:39,31.2,116.8
16486,POS消费,地点1961,超市,2014/08/30 21:27:19,8.5,108.3
16486,POS消费,地点21,开水,2014/08/31 11:01:02,3.5,104.8
16486,POS消费,地点21,开水,2014/08/31 11:05:02,8.6,96.2
16486,POS消费,地点21,开水,2014/08/31 11:19:55,6.0,90.2
16486,POS消费,地点841,食堂,2014/08/31 17:37:00,9.3,80.9
