16529,卡片开户,,,2014/07/12 11:04:49,0.0,0.0
16529,卡充值,,,2014/08/30 10:43:38,500.0,500.0
16529,POS消费,地点21,开水,2014/08/30 10:47:34,12.56,487.44
16529,POS消费,地点204,食堂,2014/08/30 11:29:03,16.5,470.94
16529,POS消费,地点225,食堂,2014/08/30 11:29:55,8.0,462.94
16529,POS消费,地点203,食堂,2014/08/30 11:42:47,6.5,456.44
16529,POS消费,地点263,食堂,2014/08/30 11:47:43,5.0,451.44
16529,POS消费,地点1890,开水,2014/08/30 12:07:47,0.05,451.39
16529,POS消费,地点26,图书馆,2014/08/30 13:11:31,196.0,255.39
16529,POS消费,地点1890,开水,2014/08/30 13:23:10,0.02,255.37
16529,POS消费,地点1890,开水,2014/08/30 13:25:01,0.03,255.34
16529,POS消费,地点192,超市,2014/08/30 20:11:11,30.0,225.34
16529,POS消费,地点192,超市,2014/08/30 20:11:31,30.0,195.34
16529,POS消费,地点192,超市,2014/08/30 20:11:42,30.0,165.34
16529,POS消费,地点192,超市,2014/08/30 20:11:52,21.9,143.44
16529,POS消费,地点1890,开水,2014/08/30 21:49:03,0.03,143.41
16529,POS消费,地点1890,开水,2014/08/31 07:33:10,0.02,143.39
16529,POS消费,地点157,食堂,2014/08/31 08:14:11,0.8,142.59
16529,POS消费,地点103,食堂,2014/08/31 08:23:49,2.0,140.59
16529,POS消费,地点21,开水,2014/08/31 12:36:47,18.3,122.29
16529,POS消费,地点1890,开水,2014/08/31 17:18:35,0.03,122.26
16529,POS消费,地点1922,洗衣房,2014/08/31 17:32:46,3.6,118.66
16529,POS消费,地点1890,开水,2014/08/31 18:07:49,0.16,118.5
16529,POS消费,地点1922,洗衣房,2014/08/31 18:43:19,3.6,114.9
16529,POS消费,地点188,超市,2014/08/31 19:17:07,24.5,90.4
16529,POS消费,地点195,超市,2014/08/31 19:49:33,30.0,60.4
16529,POS消费,地点195,超市,2014/08/31 19:49:48,41.0,19.4
16529,POS消费,地点1890,开水,2014/08/31 21:24:51,0.15,19.25
16529,POS消费,地点1890,开水,2014/08/31 22:08:19,0.14,19.11
16529,POS消费,地点1890,开水,2014/08/31 22:09:50,0.02,19.09
16529,POS消费,地点1321,淋浴,2014/08/31 22:11:40,3.0,16.09
