16528,卡片开户,,,2014/07/18 11:53:30,0.0,0.0
16528,卡充值,,,2014/08/30 11:50:44,300.0,300.0
16528,POS消费,地点87,食堂,2014/08/30 12:09:19,4.6,276.1
16528,POS消费,地点253,食堂,2014/08/30 12:15:23,7.8,292.2
16528,POS消费,地点253,食堂,2014/08/30 12:15:34,5.5,286.7
16528,POS消费,地点239,食堂,2014/08/30 12:16:25,6.0,280.7
16528,POS消费,地点134,食堂,2014/08/30 18:01:51,8.6,267.5
16528,POS消费,地点118,食堂,2014/08/31 07:36:34,4.0,263.5
16528,POS消费,地点21,开水,2014/08/31 12:19:24,3.0,260.5
16528,POS消费,地点124,食堂,2014/08/31 12:20:00,4.5,256.0
16528,POS消费,地点192,超市,2014/08/31 13:50:34,5.7,250.3
16528,POS消费,地点203,食堂,2014/08/31 16:56:10,7.5,242.8
16528,POS消费,地点314,食堂,2014/08/31 18:11:53,2.6,240.2
