16533,卡片开户,,,2014/07/20 11:29:04,0.0,0.0
16533,卡充值,,,2014/08/10 10:09:43,100.0,100.0
16533,POS消费,地点21,开水,2014/08/10 11:16:59,24.3,75.7
16533,POS消费,地点21,开水,2014/08/10 12:41:27,6.4,69.3
16533,POS消费,地点188,超市,2014/08/10 13:25:06,7.55,61.75
16533,POS消费,地点21,开水,2014/08/10 18:06:51,3.5,58.25
16533,POS消费,地点21,开水,2014/08/11 08:07:21,5.0,53.25
16533,POS消费,地点264,食堂,2014/08/11 11:55:00,5.6,47.65
16533,POS消费,地点21,开水,2014/08/11 12:07:56,15.7,31.95
16533,POS消费,地点21,开水,2014/08/11 17:06:26,4.6,27.35
16533,POS消费,地点1669,淋浴,2014/08/11 18:31:46,0.9,26.45
16533,POS消费,地点21,开水,2014/08/12 07:53:52,5.22,21.23
16533,POS消费,地点21,开水,2014/08/12 07:54:18,3.22,18.01
16533,POS消费,地点60,食堂,2014/08/12 08:00:51,0.8,17.21
16533,POS消费,地点60,食堂,2014/08/12 08:01:01,0.8,16.41
16533,卡充值,,,2014/08/12 14:11:39,100.0,116.41
16533,POS消费,地点188,超市,2014/08/12 19:06:49,9.5,106.91
16533,POS消费,地点1669,淋浴,2014/08/12 20:44:17,0.7,106.21
16533,POS消费,地点87,食堂,2014/08/13 08:22:28,2.0,104.21
16533,POS消费,地点21,开水,2014/08/13 12:30:13,5.8,98.41
16533,POS消费,地点21,开水,2014/08/13 12:50:56,24.8,73.61
16533,POS消费,地点21,开水,2014/08/13 16:02:04,30.0,43.61
16533,POS消费,地点21,开水,2014/08/13 16:02:13,14.5,29.11
16533,POS消费,地点227,食堂,2014/08/13 18:01:32,5.0,24.11
16533,POS消费,地点231,食堂,2014/08/13 18:06:25,0.6,23.51
16533,POS消费,地点231,食堂,2014/08/13 18:06:29,0.2,23.31
16533,POS消费,地点1669,淋浴,2014/08/14 20:45:00,1.1,22.21
16533,POS消费,地点89,食堂,2014/08/15 08:47:50,3.0,19.21
16533,POS消费,地点21,开水,2014/08/15 12:25:49,6.4,12.81
16533,POS消费,地点188,超市,2014/08/15 12:36:46,7.2,5.61
16533,POS消费,地点89,食堂,2014/08/16 09:06:56,3.0,2.61
16533,POS消费,地点72,食堂,2014/08/16 17:43:12,1.6,1.01
16533,卡充值,,,2014/08/17 11:51:52,100.0,101.01
16533,POS消费,地点161,食堂,2014/08/18 08:28:20,6.6,94.41
16533,POS消费,地点1669,淋浴,2014/08/18 19:18:17,1.4,93.01
16533,POS消费,地点87,食堂,2014/08/19 08:31:08,2.0,91.01
16533,POS消费,地点188,超市,2014/08/19 12:47:16,11.9,79.11
16533,POS消费,地点1669,淋浴,2014/08/19 20:23:16,1.4,77.71
16533,POS消费,地点72,食堂,2014/08/20 08:32:59,4.4,73.31
16533,POS消费,地点161,食堂,2014/08/21 12:08:50,10.2,63.11
16533,POS消费,地点192,超市,2014/08/21 12:28:34,17.8,45.31
16533,POS消费,地点21,开水,2014/08/22 11:52:20,5.1,40.11
16533,POS消费,地点21,开水,2014/08/22 16:40:18,8.3,31.81
16533,POS消费,地点72,食堂,2014/08/22 17:48:04,7.6,24.21
16533,POS消费,地点89,食堂,2014/08/23 07:49:51,3.0,21.21
16533,POS消费,地点89,食堂,2014/08/23 07:53:59,1.0,20.21
16533,POS消费,地点21,开水,2014/08/27 15:22:53,6.0,14.21
16533,POS消费,地点1442,校车,2014/08/27 15:59:18,1.0,13.21
16533,POS消费,地点1541,淋浴,2014/08/28 10:24:22,0.9,12.31
16533,POS消费,地点82,食堂,2014/08/28 11:38:24,9.8,2.51
16533,POS消费,地点211,校车,2014/08/28 13:18:33,1.0,1.51
16533,POS消费,地点1447,校车,2014/08/28 17:01:46,1.0,0.51
16533,卡充值,,,2014/08/28 17:08:57,100.0,100.51
16533,POS消费,地点65,食堂,2014/08/28 17:12:47,8.6,91.91
16533,POS消费,地点21,开水,2014/08/28 18:35:41,30.0,61.91
16533,POS消费,地点21,开水,2014/08/28 18:35:47,16.5,45.41
16533,POS消费,地点1565,开水,2014/08/29 14:20:27,0.01,45.4
16533,POS消费,地点1447,校车,2014/08/29 18:28:26,1.0,44.4
16533,POS消费,地点1447,校车,2014/08/29 18:28:33,1.0,43.4
16533,POS消费,地点1564,开水,2014/08/29 18:58:57,0.03,43.37
16533,POS消费,地点928,淋浴,2014/08/29 22:59:11,0.1,45.21
16533,POS消费,地点114,食堂,2014/08/30 07:48:49,5.0,38.37
16533,POS消费,地点114,食堂,2014/08/30 07:49:24,5.0,33.37
16533,POS消费,地点239,食堂,2014/08/30 11:02:58,6.6,26.77
16533,POS消费,地点1602,淋浴,2014/08/30 19:50:41,0.3,26.47
16533,POS消费,地点1541,淋浴,2014/08/30 19:53:55,0.9,25.57
16533,POS消费,地点192,超市,2014/08/31 10:26:37,3.9,21.67
16533,POS消费,地点1472,校车,2014/08/31 10:37:06,1.0,20.67
16533,POS消费,地点1472,校车,2014/08/31 13:02:34,1.0,19.67
16533,POS消费,地点188,超市,2014/08/31 16:39:13,5.5,14.17
16533,POS消费,地点1565,开水,2014/08/31 22:12:14,0.02,14.14
16533,POS消费,地点1565,开水,2014/08/31 22:12:19,0.01,14.16
