16577,POS消费,地点232,食堂,2014/09/09 10:56:05,10.6,190.63
16577,卡充值,,,2014/09/09 11:01:46,200.0,201.23
16577,POS消费,地点21,开水,2014/09/09 11:08:47,1.8,188.83
16577,POS消费,地点21,开水,2014/09/09 11:09:03,2.9,185.93
16577,POS消费,地点21,开水,2014/09/09 11:33:11,9.6,176.33
16577,POS消费,地点21,开水,2014/09/09 11:50:01,4.0,172.33
16577,POS消费,地点232,食堂,2014/09/10 10:55:54,5.6,166.73
16577,POS消费,地点21,开水,2014/09/10 11:08:25,2.9,163.83
16577,POS消费,地点548,淋浴,2014/09/11 08:12:16,0.9,162.93
16577,POS消费,地点91,校车,2014/09/11 08:40:24,3.6,159.33
16577,POS消费,地点6,淋浴,2014/09/11 11:23:17,10.6,148.73
16577,POS消费,地点232,食堂,2014/09/11 11:23:44,6.1,142.63
16577,POS消费,地点238,食堂,2014/09/11 17:01:36,5.0,137.63
16577,POS消费,地点238,食堂,2014/09/11 17:01:58,10.0,127.63
16577,POS消费,地点21,开水,2014/09/11 17:10:20,9.0,118.63
16577,POS消费,地点258,食堂,2014/09/11 17:11:30,6.4,112.23
16577,POS消费,地点83,食堂,2014/09/11 21:54:04,13.2,99.03
16577,POS消费,地点232,食堂,2014/09/12 11:32:44,10.6,88.43
16577,POS消费,地点6,淋浴,2014/09/12 11:53:41,6.1,82.33
16577,POS消费,地点21,开水,2014/09/12 11:55:31,3.0,79.33
16577,POS消费,地点1442,校车,2014/09/12 14:23:26,1.0,78.33
16577,POS消费,地点83,食堂,2014/09/12 21:39:11,6.8,71.53
16577,POS消费,地点1155,食堂,2014/09/12 22:03:09,8.2,63.33
16577,POS消费,地点118,食堂,2014/09/13 11:26:44,9.2,54.13
16577,POS消费,地点83,食堂,2014/09/14 09:27:39,15.6,38.53
16577,POS消费,地点1155,食堂,2014/09/14 09:31:14,1.2,37.33
16577,POS消费,地点1961,超市,2014/09/14 18:45:16,11.0,26.33
16577,POS消费,地点6,淋浴,2014/09/18 11:43:19,10.6,14.53
16577,POS消费,地点21,开水,2014/09/18 12:04:14,3.0,11.53
16577,POS消费,地点900,淋浴,2014/09/22 04:13:21,1.2,25.13
16577,POS消费,地点217,食堂,2014/09/23 18:14:40,10.0,1.53
16577,POS消费,地点91,校车,2014/09/25 11:20:31,10.6,40.93
16577,POS消费,地点91,校车,2014/09/25 11:21:02,5.0,35.93
16577,卡充值,,,2014/09/25 11:24:20,50.0,51.53
16577,POS消费,地点21,开水,2014/09/25 11:33:11,2.9,33.03
16577,POS消费,地点21,开水,2014/09/25 16:55:41,4.8,27.33
16577,POS消费,地点167,食堂,2014/09/27 08:33:50,4.4,22.93
16577,POS消费,地点42,淋浴,2014/09/28 07:36:43,0.9,22.03
16577,POS消费,地点6,淋浴,2014/09/28 08:06:44,4.5,17.53
16577,POS消费,地点6,淋浴,2014/09/28 08:07:21,4.0,13.53
16577,POS消费,地点1472,校车,2014/09/28 12:08:13,1.0,12.53
16577,POS消费,地点91,校车,2014/09/28 12:09:25,5.0,7.53
16577,POS消费,地点21,开水,2014/09/28 12:15:45,3.0,4.53
16577,POS消费,地点6,淋浴,2014/09/29 07:58:48,3.0,1.53
16577,POS消费,地点42,淋浴,2014/10/08 08:01:30,1.0,0.43
16577,POS消费,地点91,校车,2014/10/10 08:29:36,4.0,46.43
16577,POS消费,地点91,校车,2014/10/10 08:29:53,2.6,43.83
16577,POS消费,地点91,校车,2014/10/10 08:30:24,1.0,42.83
16577,卡充值,,,2014/10/10 08:32:36,50.0,50.43
16577,POS消费,地点1442,校车,2014/10/11 10:44:17,1.0,41.83
16577,POS消费,地点1442,校车,2014/10/11 10:46:18,1.0,40.83
16577,POS消费,地点1155,食堂,2014/10/11 10:58:09,13.8,27.03
16577,POS消费,地点118,食堂,2014/10/11 10:58:31,2.5,24.53
16577,POS消费,地点42,淋浴,2014/10/11 12:43:47,2.2,22.33
16577,POS消费,地点1451,校车,2014/10/11 13:42:07,1.0,21.33
16577,POS消费,地点1451,校车,2014/10/11 13:42:15,1.0,20.33
16577,POS消费,地点1442,校车,2014/10/11 17:03:04,1.0,19.33
16577,卡充值,,,2014/10/11 17:10:12,20.0,39.33
16577,POS消费,地点275,食堂,2014/10/11 17:11:49,12.0,27.33
16577,POS消费,地点275,食堂,2014/10/11 17:11:54,12.0,15.33
16577,POS消费,地点217,食堂,2014/10/11 17:24:12,5.0,10.33
16577,POS消费,地点258,食堂,2014/10/11 17:29:05,8.4,1.93
16577,卡充值,,,2014/10/22 17:20:37,20.0,20.63
16577,POS消费,地点91,校车,2014/10/22 17:22:01,5.6,15.03
16577,POS消费,地点214,超市,2014/10/22 18:54:48,5.0,9.53
16577,POS消费,地点42,淋浴,2014/10/23 12:04:33,1.3,8.23
16577,POS消费,地点190,超市,2014/10/23 12:28:52,4.9,3.33
16577,POS消费,地点629,开水,2014/10/23 13:12:37,0.01,3.32
16577,卡充值,,,2014/11/18 11:27:52,100.0,100.02
16577,POS消费,地点91,校车,2014/11/18 11:28:34,5.6,94.42
16577,POS消费,地点6,淋浴,2014/11/18 11:28:44,5.0,89.42
16577,POS消费,地点21,开水,2014/11/18 11:40:35,2.9,86.52
16577,POS消费,地点190,超市,2014/11/18 11:46:14,24.0,62.52
16577,POS消费,地点1472,校车,2014/11/18 16:03:14,1.0,61.52
16577,POS消费,地点1447,校车,2014/11/18 16:40:21,1.0,60.52
16577,POS消费,地点1155,食堂,2014/11/18 16:53:52,11.0,49.52
16577,POS消费,地点118,食堂,2014/11/19 06:52:40,7.5,42.02
16577,POS消费,地点91,校车,2014/11/20 11:17:24,5.6,35.22
16577,POS消费,地点6,淋浴,2014/11/20 11:17:44,5.0,30.22
16577,POS消费,地点21,开水,2014/11/20 11:27:33,4.3,25.92
16577,POS消费,地点816,校车,2014/11/20 11:27:39,1.0,24.92
16577,POS消费,地点222,校车,2014/11/20 18:13:05,1.0,23.92
16577,POS消费,地点1155,食堂,2014/11/20 18:17:32,8.5,15.42
16577,POS消费,地点626,开水,2014/11/20 22:04:45,0.02,15.4
16577,POS消费,地点900,淋浴,2014/11/20 22:42:38,0.9,32.13
16577,POS消费,地点900,淋浴,2014/11/21 00:50:02,0.1,1.43
16577,POS消费,地点900,淋浴,2014/11/21 11:47:24,1.3,0.63
16577,POS消费,地点900,淋浴,2014/11/21 11:47:38,0.5,14.53
16577,POS消费,地点1155,食堂,2014/11/24 14:44:03,2.9,12.5
16577,POS消费,地点1155,食堂,2014/11/24 18:21:11,4.6,7.9
16577,POS消费,地点1155,食堂,2014/11/24 18:21:14,1.8,6.1
16577,POS消费,地点900,淋浴,2014/11/26 22:35:17,1.0,2.32
16577,POS消费,地点900,淋浴,2014/11/26 22:38:41,2.0,0.32
16577,POS消费,地点900,淋浴,2014/11/26 23:35:26,0.3,0.02
16577,POS消费,地点900,淋浴,2014/11/26 23:48:58,1.2,40.82
16577,POS消费,地点900,淋浴,2014/11/27 00:28:07,1.4,4.7
16577,POS消费,地点1155,食堂,2014/11/28 15:32:06,3.0,1.7
16577,POS消费,地点900,淋浴,2014/12/03 07:34:06,1.6,0.1
16577,卡充值,,,2014/12/03 08:41:13,50.0,50.1
16577,POS消费,地点21,开水,2014/12/03 08:43:00,6.4,43.7
16577,POS消费,地点1155,食堂,2014/12/03 08:46:20,4.3,39.4
16577,POS消费,地点1447,校车,2014/12/03 10:27:12,1.0,38.4
16577,POS消费,地点21,开水,2014/12/03 17:47:19,5.8,32.6
16577,POS消费,地点91,校车,2014/12/04 07:28:58,8.1,24.5
16577,POS消费,地点118,食堂,2014/12/05 09:14:55,4.3,20.2
16577,POS消费,地点1447,校车,2014/12/09 18:03:51,1.0,19.2
16577,POS消费,地点1447,校车,2014/12/09 18:04:00,1.0,18.2
16577,卡充值,,,2014/12/10 11:17:00,10.0,28.2
16577,POS消费,地点91,校车,2014/12/10 11:17:59,10.6,17.6
16577,POS消费,地点21,开水,2014/12/10 11:18:58,7.1,10.5
16577,POS消费,地点21,开水,2014/12/10 11:34:47,1.0,9.5
16577,POS消费,地点21,开水,2014/12/10 11:34:50,2.9,6.6
16577,POS消费,地点146,校车,2014/12/10 14:33:56,1.0,1.8
16577,POS消费,地点146,校车,2014/12/10 14:34:04,1.0,0.8
16577,POS消费,地点118,食堂,2014/12/10 14:41:59,3.0,2.8
16577,卡充值,,,2014/12/11 17:46:43,20.0,20.8
16577,POS消费,地点91,校车,2014/12/11 17:48:02,6.6,14.2
16577,POS消费,地点21,开水,2014/12/11 18:05:33,7.4,6.8
16577,卡充值,,,2014/12/19 08:32:27,50.0,56.8
16577,POS消费,地点91,校车,2014/12/19 08:35:05,11.5,45.3
16577,POS消费,地点1155,食堂,2014/12/19 08:47:40,2.9,42.4
16577,POS消费,地点258,食堂,2014/12/19 12:25:51,3.5,28.9
16577,POS消费,地点247,食堂,2014/12/19 12:30:34,10.0,32.4
16577,POS消费,地点1155,食堂,2014/12/19 16:57:40,4.3,24.6
16577,POS消费,地点272,食堂,2014/12/23 11:50:35,8.0,16.6
16577,POS消费,地点841,食堂,2014/12/23 12:11:44,2.9,13.7
16577,POS消费,地点1155,食堂,2014/12/24 14:54:20,8.6,3.0
16577,POS消费,地点42,淋浴,2014/12/31 11:57:06,0.2,2.8
16577,POS消费,地点900,淋浴,2015/01/06 06:49:20,0.8,5.8
16577,POS消费,地点900,淋浴,2015/01/06 07:06:05,2.1,11.6
16577,POS消费,地点900,淋浴,2015/01/06 07:19:00,2.1,0.7
16577,卡充值,,,2015/03/31 11:47:14,100.0,100.7
16577,POS消费,地点248,超市,2015/03/31 11:49:45,4.6,96.1
16577,POS消费,地点21,开水,2015/03/31 12:11:33,3.0,93.1
16577,POS消费,地点146,校车,2015/03/31 17:10:16,1.0,92.1
16577,POS消费,地点1447,校车,2015/03/31 18:20:52,1.0,91.1
16577,POS消费,地点21,开水,2015/04/01 10:55:09,1.0,90.1
16577,POS消费,地点222,校车,2015/04/01 11:05:34,1.0,89.1
16577,POS消费,地点232,食堂,2015/04/01 11:37:24,5.0,84.1
16577,POS消费,地点21,开水,2015/04/01 11:45:49,3.93,80.17
16577,POS消费,地点2199,淋浴,2015/04/01 14:29:19,0.8,79.37
16577,POS消费,地点304,超市,2015/04/01 19:59:44,10.0,69.37
16577,POS消费,地点1451,校车,2015/04/03 20:01:37,1.0,68.37
16577,POS消费,地点1451,校车,2015/04/03 20:01:44,1.0,67.37
16577,POS消费,地点816,校车,2015/04/07 10:14:30,1.0,66.37
16577,POS消费,地点816,校车,2015/04/07 10:19:08,1.0,65.37
16577,POS消费,地点816,校车,2015/04/07 10:19:14,1.0,64.37
16577,POS消费,地点816,校车,2015/04/07 10:19:20,1.0,63.37
16577,POS消费,地点247,食堂,2015/04/08 16:36:07,10.0,53.37
16577,POS消费,地点247,食堂,2015/04/08 16:36:16,10.0,43.37
16577,POS消费,地点258,食堂,2015/04/08 16:51:46,6.4,36.97
16577,POS消费,地点258,食堂,2015/04/08 16:51:54,7.0,29.97
16577,POS消费,地点118,食堂,2015/04/09 13:03:04,6.0,23.97
16577,POS消费,地点2199,淋浴,2015/04/09 13:40:11,0.5,23.47
16577,POS消费,地点118,食堂,2015/04/09 14:07:01,3.0,20.47
16577,POS消费,地点146,校车,2015/04/09 15:24:27,1.0,19.47
16577,POS消费,地点146,校车,2015/04/09 15:24:37,1.0,18.47
16577,POS消费,地点146,校车,2015/04/09 15:24:43,1.0,17.47
16577,POS消费,地点83,食堂,2015/04/09 16:02:47,1.5,15.97
16577,POS消费,地点42,淋浴,2015/04/14 09:55:36,1.2,14.77
16577,POS消费,地点626,开水,2015/04/15 13:53:06,0.05,14.72
16577,POS消费,地点222,校车,2015/04/16 15:11:27,1.0,13.72
16577,POS消费,地点118,食堂,2015/04/16 15:36:07,6.5,7.22
16577,POS消费,地点1155,食堂,2015/04/16 15:36:37,4.5,2.72
16577,POS消费,地点2199,淋浴,2015/04/17 14:05:19,0.5,2.22
16577,卡充值,,,2015/05/06 17:32:03,50.0,52.22
16577,POS消费,地点232,食堂,2015/05/06 17:33:41,10.6,41.62
16577,POS消费,地点21,开水,2015/05/06 17:46:38,2.0,39.62
16577,POS消费,地点21,开水,2015/05/06 17:46:53,1.03,38.59
16577,POS消费,地点91,校车,2015/05/07 11:52:07,5.6,32.99
16577,POS消费,地点232,食堂,2015/05/07 11:53:18,3.0,29.99
16577,POS消费,地点21,开水,2015/05/07 12:05:03,2.9,27.09
16577,POS消费,地点21,开水,2015/05/07 12:09:03,3.0,24.09
16577,POS消费,地点222,校车,2015/05/07 14:58:08,1.0,23.09
16577,POS消费,地点222,校车,2015/05/07 15:53:56,1.0,22.09
16577,,,,2015/05/07 20:05:35,15.0,6.49
16577,POS消费,地点26,图书馆,2015/05/07 22:17:19,4.0,2.49
16577,POS消费,地点42,淋浴,2015/05/09 11:38:35,0.2,2.29
16577,POS消费,地点120,淋浴,2015/05/11 11:03:23,0.01,2.28
16577,POS消费,地点2199,淋浴,2015/05/17 11:22:02,0.6,21.49
16577,卡充值,,,2015/06/02 11:07:27,50.0,52.28
16577,POS消费,地点232,食堂,2015/06/02 11:08:12,5.6,46.68
16577,POS消费,地点232,食堂,2015/06/02 11:08:24,1.5,45.18
16577,POS消费,地点21,开水,2015/06/02 11:19:54,4.0,41.18
16577,POS消费,地点232,食堂,2015/06/02 17:09:52,5.6,35.58
16577,POS消费,地点232,食堂,2015/06/02 17:10:14,4.6,30.98
16577,POS消费,地点91,校车,2015/06/02 17:10:58,4.8,26.18
16577,POS消费,地点21,开水,2015/06/02 17:25:07,3.0,23.18
16577,POS消费,地点21,开水,2015/06/02 17:25:19,3.0,20.18
16577,POS消费,地点118,食堂,2015/06/03 18:34:38,10.2,9.98
16577,POS消费,地点1451,校车,2015/06/04 09:45:31,1.0,8.98
16577,POS消费,地点21,开水,2015/06/06 10:29:28,3.0,5.98
16577,POS消费,地点21,开水,2015/06/06 10:29:41,3.0,2.98
16577,POS消费,地点2199,淋浴,2015/06/27 08:12:17,0.5,2.48
16577,POS消费,地点42,淋浴,2015/06/30 17:11:10,0.4,2.08
16577,POS消费,地点42,淋浴,2015/07/03 16:57:29,0.3,1.78
