1658,卡片开户,,,2014/07/15 11:25:03,0.0,0.0
1658,卡充值,,,2014/08/29 15:07:20,1000.0,1000.0
1658,POS消费,地点188,超市,2014/08/30 18:12:27,11.0,989.0
1658,POS消费,地点26,图书馆,2014/08/31 10:35:58,12.6,976.4
1658,POS消费,地点21,开水,2014/08/31 17:16:39,10.2,966.2
1658,POS消费,地点72,食堂,2014/08/31 18:00:53,8.6,957.6
1658,POS消费,地点72,食堂,2014/08/31 18:01:10,8.6,949.0
1658,POS消费,地点72,食堂,2014/08/31 18:01:29,8.6,940.4
1658,POS消费,地点314,食堂,2014/08/31 18:30:35,32.4,908.0
