16593,POS消费,地点1448,校车,2014/09/01 11:21:19,1.0,36.99
16593,POS消费,地点1448,校车,2014/09/01 11:21:40,1.0,35.99
16593,POS消费,地点1447,校车,2014/09/01 14:00:38,1.0,34.99
16593,POS消费,地点1447,校车,2014/09/01 14:01:24,1.0,33.99
16593,POS消费,地点1448,校车,2014/09/01 14:41:39,1.0,32.99
16593,POS消费,地点247,食堂,2014/09/01 17:29:17,10.0,22.99
16593,POS消费,地点996,图书馆,2014/09/01 18:19:06,8.7,14.29
16593,POS消费,地点996,图书馆,2014/09/01 18:19:24,1.0,13.29
16593,POS消费,地点21,开水,2014/09/02 07:33:41,2.6,10.69
16593,POS消费,地点6,淋浴,2014/09/02 10:46:17,5.6,105.09
16593,POS消费,地点21,开水,2014/09/02 10:47:32,1.5,103.59
16593,卡充值,,,2014/09/02 10:49:42,100.0,110.69
16593,POS消费,地点190,超市,2014/09/02 11:18:15,24.2,79.39
16593,POS消费,地点21,开水,2014/09/02 16:46:52,2.1,77.29
16593,POS消费,地点232,食堂,2014/09/02 16:48:08,4.0,73.29
16593,POS消费,地点21,开水,2014/09/02 16:57:12,0.75,72.54
16593,POS消费,地点21,开水,2014/09/02 20:55:18,5.8,66.74
16593,POS消费,地点91,校车,2014/09/03 10:55:22,1.7,65.04
16593,POS消费,地点838,食堂,2014/09/03 11:01:26,4.4,60.64
16593,POS消费,地点21,开水,2014/09/03 17:06:08,2.1,58.54
16593,POS消费,地点232,食堂,2014/09/03 17:07:22,5.0,53.54
16593,POS消费,地点190,超市,2014/09/03 21:49:24,11.2,42.34
16593,POS消费,地点91,校车,2014/09/04 08:22:05,2.9,39.44
16593,POS消费,地点245,食堂,2014/09/04 11:09:16,4.8,34.64
16593,POS消费,地点6,淋浴,2014/09/04 11:10:14,5.0,29.64
16593,POS消费,地点21,开水,2014/09/04 17:25:01,1.6,28.04
16593,POS消费,地点232,食堂,2014/09/04 17:28:00,4.0,24.04
16593,POS消费,地点222,校车,2014/09/04 20:22:45,1.0,23.04
16593,POS消费,地点190,超市,2014/09/04 20:49:50,8.7,14.34
