16627,卡片开户,,,2014/07/14 09:38:01,0.0,0.0
16627,卡充值,,,2014/08/28 13:40:21,2000.0,2000.0
16627,POS消费,地点70,食堂,2014/08/28 13:45:03,4.0,1996.0
16627,POS消费,地点70,食堂,2014/08/28 13:45:23,4.0,1992.0
16627,POS消费,地点70,食堂,2014/08/28 13:45:36,5.0,1987.0
16627,POS消费,地点816,校车,2014/08/28 13:59:03,1.0,1986.0
16627,POS消费,地点816,校车,2014/08/28 13:59:20,1.0,1985.0
16627,POS消费,地点59,食堂,2014/08/28 17:58:05,4.9,1980.1
16627,POS消费,地点59,食堂,2014/08/28 17:58:32,5.1,1975.0
16627,POS消费,地点239,食堂,2014/08/28 18:10:28,10.5,1964.5
16627,POS消费,地点21,开水,2014/08/28 18:42:18,5.67,1958.83
16627,POS消费,地点1632,开水,2014/08/28 18:55:48,0.04,1958.79
16627,POS消费,地点1632,开水,2014/08/28 19:32:19,0.02,1958.77
16627,POS消费,地点146,校车,2014/08/29 10:36:50,1.0,1957.77
16627,POS消费,地点203,食堂,2014/08/29 14:02:38,5.5,1952.27
16627,POS消费,地点114,食堂,2014/08/29 15:06:06,2.0,1950.27
16627,POS消费,地点1632,开水,2014/08/29 16:02:51,0.04,1950.23
16627,POS消费,地点305,食堂,2014/08/29 18:28:32,12.0,1925.53
16627,POS消费,地点1588,食堂,2014/08/29 18:35:58,4.1,1946.13
16627,POS消费,地点1596,食堂,2014/08/29 18:38:07,8.6,1937.53
16627,POS消费,地点1588,食堂,2014/08/30 12:22:05,7.6,1917.93
16627,POS消费,地点134,食堂,2014/08/30 12:23:05,4.6,1913.33
16627,POS消费,地点1632,开水,2014/08/30 12:35:02,0.03,1913.3
16627,POS消费,地点1625,淋浴,2014/08/30 16:41:59,0.5,1912.8
16627,POS消费,地点21,开水,2014/08/30 17:13:09,4.1,1908.7
16627,POS消费,地点157,食堂,2014/08/31 08:07:42,0.5,1908.2
16627,POS消费,地点1674,食堂,2014/08/31 11:16:24,2.5,1899.7
16627,POS消费,地点236,食堂,2014/08/31 11:28:47,6.0,1902.2
16627,POS消费,地点1632,开水,2014/08/31 11:36:25,0.03,1899.67
16627,POS消费,地点1588,食堂,2014/08/31 17:40:57,4.1,1895.57
16627,POS消费,地点92,食堂,2014/08/31 17:42:43,3.0,1892.57
16627,POS消费,地点1624,淋浴,2014/08/31 23:04:44,0.3,1892.27
16627,POS消费,地点1624,淋浴,2014/08/31 23:06:59,0.5,1891.77
