16939,卡片开户,,,2014/07/18 11:35:08,0.0,0.0
16939,卡充值,,,2014/08/29 12:42:49,500.0,500.0
16939,POS消费,地点161,食堂,2014/08/29 13:00:43,10.6,489.4
16939,POS消费,地点72,食堂,2014/08/29 13:01:14,14.6,474.8
16939,POS消费,地点72,食堂,2014/08/29 13:01:40,14.6,460.2
16939,POS消费,地点243,食堂,2014/08/29 17:30:02,1.0,459.2
16939,POS消费,地点211,校车,2014/08/30 09:46:26,1.0,458.2
16939,POS消费,地点91,校车,2014/08/30 12:46:58,14.9,443.3
16939,POS消费,地点222,校车,2014/08/30 14:41:46,1.0,442.3
16939,POS消费,地点21,开水,2014/08/30 18:02:54,1.08,441.22
16939,POS消费,地点305,食堂,2014/08/30 18:10:35,6.0,406.82
16939,POS消费,地点234,食堂,2014/08/30 18:15:42,28.4,412.82
16939,POS消费,地点305,食堂,2014/08/30 18:16:23,6.0,400.82
16939,POS消费,地点222,校车,2014/08/30 18:56:52,1.0,399.82
16939,POS消费,地点21,开水,2014/08/30 19:57:13,2.9,396.92
16939,POS消费,地点192,超市,2014/08/31 09:21:26,3.5,392.42
16939,POS消费,地点146,校车,2014/08/31 12:35:51,1.0,391.42
16939,POS消费,地点91,校车,2014/08/31 12:40:14,15.4,376.02
16939,POS消费,地点243,食堂,2014/08/31 16:32:57,1.8,374.22
16939,POS消费,地点192,超市,2014/08/31 16:54:54,4.8,369.42
16939,POS消费,地点232,食堂,2014/08/31 17:36:53,10.0,359.42
