17055,卡片开户,,,2014/07/18 16:36:53,0.0,0.0
17055,卡充值,,,2014/08/29 11:49:51,200.0,200.0
17055,POS消费,地点232,食堂,2014/08/29 11:53:16,8.0,192.0
17055,POS消费,地点232,食堂,2014/08/29 12:02:13,6.9,163.1
17055,POS消费,地点232,食堂,2014/08/29 12:04:20,22.0,170.0
17055,POS消费,地点1448,校车,2014/08/29 15:56:22,1.0,162.1
17055,POS消费,地点236,食堂,2014/08/29 18:06:43,7.1,155.0
17055,POS消费,地点1701,食堂,2014/08/29 18:18:00,3.6,151.4
17055,POS消费,地点83,食堂,2014/08/30 09:43:16,5.5,145.9
17055,POS消费,地点232,食堂,2014/08/30 11:40:38,12.0,133.9
17055,POS消费,地点232,食堂,2014/08/30 11:41:34,6.0,127.9
17055,POS消费,地点89,食堂,2014/08/30 18:02:35,4.5,123.4
17055,POS消费,地点1645,淋浴,2014/08/30 18:42:15,0.6,122.8
17055,POS消费,地点69,食堂,2014/08/31 08:36:39,1.7,121.1
17055,POS消费,地点21,开水,2014/08/31 10:37:33,5.9,115.2
17055,POS消费,地点21,开水,2014/08/31 10:40:23,2.3,112.9
17055,POS消费,地点21,开水,2014/08/31 11:24:45,2.0,110.9
17055,POS消费,地点232,食堂,2014/08/31 12:04:25,10.9,100.0
17055,POS消费,地点243,食堂,2014/08/31 12:31:49,1.0,99.0
17055,POS消费,地点146,校车,2014/08/31 17:14:51,1.0,98.0
17055,POS消费,地点21,开水,2014/08/31 22:24:04,12.7,85.3
17055,POS消费,地点1645,淋浴,2014/08/31 23:52:12,0.1,85.2
