17050,卡片开户,,,2014/07/15 15:52:48,0.0,0.0
17050,卡充值,,,2014/08/29 10:16:44,1100.0,1100.0
17050,POS消费,地点211,校车,2014/08/29 14:14:55,1.0,1099.0
17050,POS消费,地点211,校车,2014/08/29 14:15:07,1.0,1098.0
17050,POS消费,地点232,食堂,2014/08/30 08:54:38,3.0,1095.0
17050,POS消费,地点232,食堂,2014/08/30 09:10:38,1.0,1094.0
17050,POS消费,地点211,校车,2014/08/30 10:39:10,1.0,1093.0
17050,POS消费,地点65,食堂,2014/08/30 11:30:14,9.6,1083.4
17050,POS消费,地点61,食堂,2014/08/30 17:52:58,5.6,1077.8
17050,POS消费,地点60,食堂,2014/08/31 09:00:45,0.2,1077.6
17050,POS消费,地点157,食堂,2014/08/31 12:04:42,10.6,1067.0
17050,POS消费,地点72,食堂,2014/08/31 17:23:25,4.6,1062.4
17050,POS消费,地点21,开水,2014/08/31 17:47:07,74.4,988.0
