17076,POS消费,地点21,开水,2013/09/01 07:52:53,0.01,1.48
17076,卡充值,,,2013/09/01 10:33:40,300.0,301.48
17076,POS消费,地点227,食堂,2013/09/01 11:01:22,5.0,296.48
17076,POS消费,地点231,食堂,2013/09/01 11:03:47,0.8,295.68
17076,POS消费,地点188,超市,2013/09/01 11:16:51,4.4,291.28
17076,POS消费,地点61,食堂,2013/09/02 08:00:43,2.4,287.38
17076,POS消费,地点751,淋浴,2013/09/02 08:25:29,1.5,289.78
17076,POS消费,地点688,开水,2013/09/02 10:02:53,0.01,287.37
17076,POS消费,地点26,图书馆,2013/09/02 12:15:02,5.0,282.37
17076,POS消费,地点188,超市,2013/09/02 12:26:19,7.4,274.97
17076,POS消费,地点227,食堂,2013/09/02 12:37:21,5.0,269.97
17076,POS消费,地点231,食堂,2013/09/02 12:39:29,0.8,269.17
17076,POS消费,地点243,食堂,2013/09/02 12:40:36,1.8,267.37
17076,POS消费,地点65,食堂,2013/09/02 18:11:10,4.1,263.27
17076,POS消费,地点243,食堂,2013/09/02 18:12:08,1.8,261.47
17076,POS消费,地点118,食堂,2013/09/02 22:21:33,12.1,249.37
17076,POS消费,地点118,食堂,2013/09/02 22:21:43,0.1,249.27
17076,POS消费,地点41,淋浴,2013/09/02 22:52:51,0.1,249.17
17076,POS消费,地点87,食堂,2013/09/03 08:03:15,5.0,244.17
17076,POS消费,地点790,开水,2013/09/03 08:11:48,0.01,244.16
17076,POS消费,地点227,食堂,2013/09/03 12:10:59,5.0,239.16
17076,POS消费,地点231,食堂,2013/09/03 12:13:52,0.8,238.36
17076,POS消费,地点243,食堂,2013/09/03 12:14:58,1.8,236.56
17076,POS消费,地点227,食堂,2013/09/03 18:22:16,5.0,231.56
17076,POS消费,地点231,食堂,2013/09/03 18:25:35,0.8,230.76
17076,POS消费,地点243,食堂,2013/09/03 18:26:48,1.8,228.96
17076,POS消费,地点813,开水,2013/09/03 20:58:57,0.01,228.94
17076,POS消费,地点817,开水,2013/09/03 21:02:00,0.01,228.95
17076,POS消费,地点753,开水,2013/09/03 22:42:27,0.07,228.87
17076,POS消费,地点12,文印中心,2013/09/03 23:54:37,1.3,227.57
17076,POS消费,地点526,食堂,2013/09/04 08:15:58,4.0,223.57
17076,POS消费,地点678,开水,2013/09/04 10:01:29,0.01,223.56
17076,POS消费,地点87,食堂,2013/09/04 12:14:22,5.6,217.96
17076,POS消费,地点70,食堂,2013/09/04 12:30:03,2.5,215.46
17076,POS消费,地点21,开水,2013/09/04 21:49:27,9.9,205.56
17076,POS消费,地点21,开水,2013/09/04 21:59:30,0.01,205.55
17076,POS消费,地点526,食堂,2013/09/05 08:14:06,4.0,201.55
17076,POS消费,地点681,开水,2013/09/05 08:14:50,0.01,201.54
17076,POS消费,地点227,食堂,2013/09/05 12:14:29,5.0,196.54
17076,POS消费,地点231,食堂,2013/09/05 12:17:08,0.8,195.74
17076,POS消费,地点565,开水,2013/09/05 14:46:43,0.01,195.73
17076,POS消费,地点21,开水,2013/09/05 17:02:24,7.0,188.73
17076,POS消费,地点789,开水,2013/09/05 19:08:27,0.01,188.72
17076,POS消费,地点21,开水,2013/09/05 22:39:21,0.01,188.71
17076,POS消费,地点751,淋浴,2013/09/05 23:15:09,1.3,187.41
17076,POS消费,地点57,食堂,2013/09/06 07:30:47,3.9,183.51
17076,POS消费,地点789,开水,2013/09/06 08:02:38,0.01,183.5
17076,POS消费,地点227,食堂,2013/09/06 11:03:20,5.0,178.5
17076,POS消费,地点231,食堂,2013/09/06 11:06:06,0.8,177.7
17076,POS消费,地点243,食堂,2013/09/06 11:20:15,4.7,173.0
17076,POS消费,地点227,食堂,2013/09/06 17:12:06,5.0,168.0
17076,POS消费,地点231,食堂,2013/09/06 17:14:55,0.6,167.4
17076,POS消费,地点243,食堂,2013/09/06 17:15:49,1.8,165.6
17076,POS消费,地点21,开水,2013/09/06 22:45:37,0.01,165.59
17076,POS消费,地点227,食堂,2013/09/07 11:31:26,5.0,160.59
17076,POS消费,地点231,食堂,2013/09/07 11:35:01,0.8,159.79
17076,POS消费,地点682,开水,2013/09/07 13:47:39,0.01,159.78
17076,POS消费,地点168,食堂,2013/09/07 17:40:54,5.5,154.28
17076,POS消费,地点168,食堂,2013/09/07 17:40:58,1.0,153.28
17076,POS消费,地点21,开水,2013/09/07 22:46:23,0.01,153.27
17076,POS消费,地点751,淋浴,2013/09/08 08:17:39,1.0,152.27
17076,POS消费,地点227,食堂,2013/09/08 11:35:02,5.0,147.27
17076,POS消费,地点231,食堂,2013/09/08 11:38:25,0.8,146.47
17076,POS消费,地点243,食堂,2013/09/08 11:49:08,0.8,145.67
17076,POS消费,地点678,开水,2013/09/08 13:49:22,0.01,145.66
17076,POS消费,地点678,开水,2013/09/08 14:18:32,0.01,145.65
17076,POS消费,地点678,开水,2013/09/08 14:19:14,0.01,145.64
17076,POS消费,地点678,开水,2013/09/08 15:38:17,0.01,145.63
17076,POS消费,地点228,食堂,2013/09/08 18:19:33,7.0,138.63
17076,POS消费,地点231,食堂,2013/09/08 18:21:21,0.8,137.83
17076,POS消费,地点192,超市,2013/09/08 18:37:02,30.0,107.83
17076,POS消费,地点192,超市,2013/09/08 18:37:06,23.4,84.43
17076,POS消费,地点21,开水,2013/09/09 00:27:25,0.01,84.42
17076,POS消费,地点57,食堂,2013/09/09 07:05:20,5.5,78.92
17076,POS消费,地点678,开水,2013/09/09 07:24:53,0.01,78.91
17076,POS消费,地点678,开水,2013/09/09 08:36:03,0.01,78.9
17076,POS消费,地点691,开水,2013/09/09 09:59:26,0.01,78.89
17076,POS消费,地点92,食堂,2013/09/09 12:14:09,4.1,74.79
17076,POS消费,地点21,开水,2013/09/09 12:17:24,1.8,72.99
17076,POS消费,地点148,开水,2013/09/09 16:08:29,0.01,72.98
17076,POS消费,地点41,淋浴,2013/09/10 00:47:37,1.3,71.68
17076,POS消费,地点41,淋浴,2013/09/10 01:01:05,0.4,71.28
17076,POS消费,地点118,食堂,2013/09/10 08:14:02,4.0,67.28
17076,POS消费,地点679,开水,2013/09/10 08:17:01,0.01,67.27
17076,POS消费,地点565,开水,2013/09/10 10:09:01,0.01,67.26
17076,POS消费,地点21,开水,2013/09/10 12:14:54,1.8,59.66
17076,POS消费,地点91,校车,2013/09/10 12:16:06,5.8,61.46
17076,POS消费,地点195,超市,2013/09/10 13:37:20,5.0,54.66
17076,POS消费,地点227,食堂,2013/09/10 18:32:25,3.5,51.16
17076,POS消费,地点21,开水,2013/09/10 18:36:26,5.6,45.56
17076,POS消费,地点21,开水,2013/09/11 00:18:24,0.01,45.55
17076,POS消费,地点91,校车,2013/09/11 07:07:54,2.1,43.45
17076,POS消费,地点680,开水,2013/09/11 09:11:38,0.01,43.43
17076,POS消费,地点680,开水,2013/09/11 09:14:12,0.01,43.44
17076,POS消费,地点565,开水,2013/09/11 10:02:32,0.01,43.42
17076,POS消费,地点124,食堂,2013/09/11 11:45:06,4.5,38.92
17076,POS消费,地点21,开水,2013/09/11 12:09:58,1.8,37.12
17076,POS消费,地点21,开水,2013/09/11 14:17:21,2.8,34.32
17076,POS消费,地点21,开水,2013/09/11 16:55:39,0.6,23.22
17076,POS消费,地点280,食堂,2013/09/11 16:55:39,10.5,23.82
17076,POS消费,地点689,开水,2013/09/11 19:09:09,0.01,23.21
17076,POS消费,地点91,校车,2013/09/12 07:02:35,2.9,20.31
17076,POS消费,地点675,开水,2013/09/12 08:06:06,0.01,20.3
17076,POS消费,地点234,食堂,2013/09/12 12:10:15,0.8,16.0
17076,POS消费,地点985,食堂,2013/09/12 12:11:43,3.5,16.8
17076,POS消费,地点227,食堂,2013/09/12 17:31:55,5.0,11.0
17076,POS消费,地点231,食堂,2013/09/12 17:35:13,0.8,10.2
17076,POS消费,地点678,开水,2013/09/12 18:47:47,0.01,10.19
17076,POS消费,地点21,开水,2013/09/12 23:48:29,0.01,10.18
17076,POS消费,地点21,开水,2013/09/13 07:06:43,4.5,5.68
17076,POS消费,地点227,食堂,2013/09/13 12:23:39,3.5,2.18
17076,POS消费,地点231,食堂,2013/09/13 12:26:10,0.6,1.58
17076,卡充值,,,2013/09/13 12:36:12,200.0,201.58
17076,POS消费,地点243,食堂,2013/09/13 12:41:31,2.9,198.68
17076,POS消费,地点227,食堂,2013/09/13 18:17:53,3.5,195.18
17076,POS消费,地点231,食堂,2013/09/13 18:20:47,0.6,194.58
17076,POS消费,地点753,开水,2013/09/14 00:10:28,0.01,194.57
17076,POS消费,地点21,开水,2013/09/14 00:18:37,0.01,194.56
17076,POS消费,地点752,淋浴,2013/09/14 08:12:48,1.6,192.96
17076,POS消费,地点831,开水,2013/09/14 09:41:23,0.01,192.95
17076,POS消费,地点89,食堂,2013/09/14 11:46:12,6.0,186.95
17076,POS消费,地点21,开水,2013/09/14 12:14:49,2.0,184.95
17076,POS消费,地点213,食堂,2013/09/14 15:20:08,6.3,178.65
17076,POS消费,地点678,开水,2013/09/14 16:46:10,0.01,178.64
17076,POS消费,地点227,食堂,2013/09/14 17:30:38,5.0,173.64
17076,POS消费,地点231,食堂,2013/09/14 17:33:21,0.8,172.84
17076,POS消费,地点753,开水,2013/09/14 23:08:23,0.08,172.76
17076,POS消费,地点677,开水,2013/09/15 08:55:33,0.01,172.75
17076,POS消费,地点105,食堂,2013/09/15 11:25:33,5.6,167.15
17076,POS消费,地点217,食堂,2013/09/15 11:28:56,1.8,165.35
17076,POS消费,地点227,食堂,2013/09/15 17:28:58,5.0,160.35
17076,POS消费,地点231,食堂,2013/09/15 17:32:02,0.8,159.55
17076,POS消费,地点243,食堂,2013/09/15 17:44:50,3.0,156.55
17076,POS消费,地点530,开水,2013/09/15 22:08:52,0.01,156.54
17076,POS消费,地点118,食堂,2013/09/16 09:07:29,15.6,140.94
17076,POS消费,地点154,食堂,2013/09/16 11:57:44,5.2,135.74
17076,POS消费,地点678,开水,2013/09/16 13:24:32,0.01,135.73
17076,POS消费,地点678,开水,2013/09/16 14:09:15,0.01,135.72
17076,POS消费,地点124,食堂,2013/09/16 17:50:43,4.5,131.22
17076,POS消费,地点91,校车,2013/09/17 06:58:04,3.6,127.62
17076,POS消费,地点91,校车,2013/09/17 06:58:15,2.6,125.02
17076,POS消费,地点21,开水,2013/09/17 17:11:05,6.2,118.82
17076,POS消费,地点243,食堂,2013/09/17 17:15:08,2.6,116.22
17076,POS消费,地点677,开水,2013/09/17 20:13:02,0.01,116.21
17076,POS消费,地点21,开水,2013/09/17 22:02:48,4.8,111.41
17076,POS消费,地点21,开水,2013/09/17 22:09:08,0.01,111.4
17076,POS消费,地点752,淋浴,2013/09/18 06:31:08,1.4,110.0
17076,POS消费,地点527,食堂,2013/09/18 07:11:34,0.7,109.3
17076,POS消费,地点227,食堂,2013/09/18 12:07:00,5.0,104.3
17076,POS消费,地点231,食堂,2013/09/18 12:11:25,0.8,103.5
17076,POS消费,地点207,开水,2013/09/18 14:18:06,0.01,103.49
17076,POS消费,地点227,食堂,2013/09/18 18:12:25,3.5,99.99
17076,POS消费,地点231,食堂,2013/09/18 18:15:34,0.8,99.19
17076,POS消费,地点243,食堂,2013/09/18 18:16:24,1.8,97.39
17076,POS消费,地点752,淋浴,2013/09/20 00:18:25,1.0,96.39
17076,POS消费,地点752,淋浴,2013/09/20 00:28:36,0.7,95.69
17076,POS消费,地点21,开水,2013/09/20 08:55:46,0.01,95.68
17076,POS消费,地点21,开水,2013/09/20 11:07:16,2.9,87.38
17076,POS消费,地点236,食堂,2013/09/20 11:11:44,5.4,90.28
17076,POS消费,地点678,开水,2013/09/20 13:02:23,0.01,87.37
17076,POS消费,地点232,食堂,2013/09/20 16:59:20,5.6,81.77
17076,POS消费,地点21,开水,2013/09/20 17:00:30,1.8,79.97
17076,POS消费,地点675,开水,2013/09/20 20:36:40,0.01,79.96
17076,POS消费,地点753,开水,2013/09/21 01:38:21,0.06,79.9
17076,POS消费,地点213,食堂,2013/09/21 14:19:54,0.8,79.1
17076,POS消费,地点674,开水,2013/09/21 14:21:24,0.01,79.09
17076,POS消费,地点21,开水,2013/09/21 22:20:55,4.7,74.39
17076,POS消费,地点21,开水,2013/09/21 22:21:39,0.01,74.38
17076,POS消费,地点753,开水,2013/09/21 22:24:10,0.13,74.25
17076,POS消费,地点757,淋浴,2013/09/22 00:25:38,1.2,73.05
17076,POS消费,地点757,淋浴,2013/09/22 00:39:09,0.4,72.65
17076,POS消费,地点266,食堂,2013/09/22 07:11:41,3.1,69.55
17076,POS消费,地点88,食堂,2013/09/22 10:50:20,4.6,64.95
17076,POS消费,地点678,开水,2013/09/22 14:19:09,0.01,64.94
17076,POS消费,地点227,食堂,2013/09/22 17:38:34,5.0,59.94
17076,POS消费,地点231,食堂,2013/09/22 17:42:14,0.6,59.34
17076,POS消费,地点192,超市,2013/09/22 21:53:40,3.7,55.64
17076,POS消费,地点753,开水,2013/09/22 21:59:12,0.03,55.61
17076,POS消费,地点21,开水,2013/09/22 22:16:39,0.01,55.6
17076,POS消费,地点91,校车,2013/09/23 07:10:00,3.2,52.4
17076,POS消费,地点207,开水,2013/09/23 09:59:55,0.01,52.39
17076,POS消费,地点91,校车,2013/09/23 12:14:21,4.6,47.79
17076,POS消费,地点243,食堂,2013/09/23 12:24:51,1.8,45.99
17076,POS消费,地点678,开水,2013/09/23 14:17:44,0.01,45.98
17076,POS消费,地点21,开水,2013/09/23 18:06:32,6.2,39.78
17076,POS消费,地点674,开水,2013/09/23 19:12:43,0.01,39.77
17076,POS消费,地点21,开水,2013/09/23 21:58:05,5.0,34.77
17076,POS消费,地点21,开水,2013/09/23 22:00:31,0.01,34.76
17076,POS消费,地点118,食堂,2013/09/24 07:06:01,5.0,29.76
17076,POS消费,地点831,开水,2013/09/24 07:07:59,0.01,29.74
17076,POS消费,地点831,开水,2013/09/24 07:11:40,0.01,29.75
17076,POS消费,地点230,食堂,2013/09/24 12:14:25,5.0,24.74
17076,POS消费,地点674,开水,2013/09/24 15:11:12,0.01,24.73
17076,POS消费,地点270,食堂,2013/09/24 17:44:01,4.5,20.23
17076,POS消费,地点756,淋浴,2013/09/24 18:30:48,1.5,18.73
17076,POS消费,地点188,超市,2013/09/24 19:10:20,2.8,15.93
17076,POS消费,地点831,开水,2013/09/24 21:10:05,0.01,15.92
17076,POS消费,地点21,开水,2013/09/24 21:57:18,3.8,12.12
17076,POS消费,地点21,开水,2013/09/24 21:57:48,0.01,12.11
17076,POS消费,地点266,食堂,2013/09/25 07:06:27,5.9,6.21
17076,卡充值,,,2013/09/25 12:12:24,300.0,306.21
17076,POS消费,地点691,开水,2013/09/25 16:01:53,0.01,306.2
17076,POS消费,地点21,开水,2013/09/25 18:01:54,0.01,299.59
17076,POS消费,地点188,超市,2013/09/25 18:03:18,6.6,299.6
17076,POS消费,地点753,开水,2013/09/25 23:00:16,0.04,299.55
17076,POS消费,地点266,食堂,2013/09/26 06:57:56,2.4,297.15
17076,POS消费,地点831,开水,2013/09/26 07:02:39,0.01,297.14
17076,POS消费,地点790,开水,2013/09/26 10:01:26,0.01,297.13
17076,POS消费,地点21,开水,2013/09/26 12:13:22,1.8,290.73
17076,POS消费,地点134,食堂,2013/09/26 12:14:01,4.6,292.53
17076,POS消费,地点678,开水,2013/09/26 15:53:10,0.01,290.72
17076,POS消费,地点227,食堂,2013/09/26 16:56:50,5.0,285.72
17076,POS消费,地点231,食堂,2013/09/26 17:00:03,0.8,284.92
17076,POS消费,地点57,食堂,2013/09/27 09:09:21,2.5,282.42
17076,POS消费,地点21,开水,2013/09/27 12:03:37,1.8,275.02
17076,POS消费,地点157,食堂,2013/09/27 12:05:35,5.6,276.82
17076,POS消费,地点678,开水,2013/09/27 15:12:32,0.01,275.01
17076,POS消费,地点228,食堂,2013/09/27 17:04:58,6.5,268.51
17076,POS消费,地点231,食堂,2013/09/27 17:07:05,0.8,267.71
17076,POS消费,地点243,食堂,2013/09/27 17:23:18,4.3,263.41
17076,POS消费,地点678,开水,2013/09/28 14:31:41,0.01,263.4
17076,POS消费,地点188,超市,2013/09/28 22:41:05,3.5,259.9
17076,POS消费,地点751,淋浴,2013/09/28 22:48:15,2.0,257.9
17076,POS消费,地点21,开水,2013/09/28 23:17:05,0.01,257.89
17076,POS消费,地点266,食堂,2013/09/29 07:05:17,5.8,252.09
17076,POS消费,地点831,开水,2013/09/29 07:18:53,0.01,252.08
17076,POS消费,地点227,食堂,2013/09/29 12:01:19,5.0,247.08
17076,POS消费,地点231,食堂,2013/09/29 12:05:10,0.8,246.28
17076,POS消费,地点89,食堂,2013/09/29 17:56:23,4.5,241.78
17076,POS消费,地点686,开水,2013/09/29 20:33:22,0.01,241.77
17076,POS消费,地点21,开水,2013/09/30 06:30:48,0.01,241.76
17076,POS消费,地点266,食堂,2013/09/30 07:10:32,2.0,239.76
17076,POS消费,地点530,开水,2013/09/30 10:59:53,0.01,239.75
17076,POS消费,地点227,食堂,2013/09/30 12:17:52,5.0,234.75
17076,POS消费,地点231,食堂,2013/09/30 12:21:26,0.8,233.95
17076,POS消费,地点243,食堂,2013/09/30 12:28:23,1.8,232.15
17076,POS消费,地点243,食堂,2013/09/30 12:43:20,2.9,229.25
17076,POS消费,地点309,食堂,2013/10/01 18:07:50,6.5,222.75
17076,POS消费,地点231,食堂,2013/10/01 18:09:16,0.6,222.15
17076,POS消费,地点243,食堂,2013/10/01 18:22:34,3.0,219.15
17076,POS消费,地点41,淋浴,2013/10/02 00:50:22,0.9,218.25
17076,POS消费,地点41,淋浴,2013/10/02 01:00:05,1.3,216.95
17076,POS消费,地点21,开水,2013/10/02 11:55:53,4.6,212.35
17076,POS消费,地点243,食堂,2013/10/02 11:58:41,3.6,208.75
17076,POS消费,地点677,开水,2013/10/02 13:30:14,0.01,208.74
17076,POS消费,地点118,食堂,2013/10/02 22:21:21,2.5,206.24
17076,POS消费,地点752,淋浴,2013/10/04 11:42:46,1.8,204.44
17076,POS消费,地点674,开水,2013/10/04 15:44:30,0.01,204.43
17076,POS消费,地点227,食堂,2013/10/05 12:07:18,5.0,199.43
17076,POS消费,地点231,食堂,2013/10/05 12:10:58,0.8,198.63
17076,POS消费,地点21,开水,2013/10/06 01:07:53,0.01,198.62
17076,POS消费,地点678,开水,2013/10/06 13:19:03,0.01,198.61
17076,POS消费,地点678,开水,2013/10/06 16:00:48,0.01,198.6
17076,POS消费,地点21,开水,2013/10/06 17:22:27,4.6,194.0
17076,POS消费,地点243,食堂,2013/10/06 17:24:10,2.6,191.4
17076,POS消费,地点678,开水,2013/10/06 19:51:08,0.01,191.39
17076,POS消费,地点192,超市,2013/10/06 21:58:03,7.4,183.99
17076,POS消费,地点21,开水,2013/10/06 22:24:00,0.01,183.98
17076,POS消费,地点41,淋浴,2013/10/07 00:00:24,0.9,183.08
17076,POS消费,地点41,淋浴,2013/10/07 00:10:58,0.9,182.18
17076,POS消费,地点21,开水,2013/10/07 06:38:11,0.01,182.17
17076,POS消费,地点678,开水,2013/10/07 15:11:36,0.01,182.16
17076,POS消费,地点21,开水,2013/10/07 18:05:34,0.01,182.15
17076,POS消费,地点41,淋浴,2013/10/07 21:13:47,0.6,181.55
17076,POS消费,地点21,开水,2013/10/08 07:00:02,4.0,177.55
17076,POS消费,地点21,开水,2013/10/08 07:00:08,2.6,174.95
17076,POS消费,地点679,开水,2013/10/08 08:11:59,0.01,174.94
17076,POS消费,地点91,校车,2013/10/08 12:06:37,5.6,169.34
17076,POS消费,地点21,开水,2013/10/08 14:11:03,4.0,165.34
17076,POS消费,地点213,食堂,2013/10/08 17:59:23,0.6,164.74
17076,POS消费,地点227,食堂,2013/10/08 18:21:15,5.0,159.74
17076,POS消费,地点231,食堂,2013/10/08 18:24:41,0.6,159.14
17076,POS消费,地点218,食堂,2013/10/08 18:38:04,3.0,156.14
17076,POS消费,地点13,开水,2013/10/09 00:06:27,0.01,156.13
17076,POS消费,地点21,开水,2013/10/09 07:03:13,2.4,153.73
17076,POS消费,地点21,开水,2013/10/09 07:03:18,0.6,153.13
17076,POS消费,地点831,开水,2013/10/09 07:19:37,0.01,153.12
17076,POS消费,地点21,开水,2013/10/09 12:03:14,1.8,144.72
17076,POS消费,地点236,食堂,2013/10/09 12:07:39,6.6,146.52
17076,POS消费,地点207,开水,2013/10/09 15:08:55,0.01,144.71
17076,POS消费,地点239,食堂,2013/10/09 18:17:25,7.2,137.51
17076,POS消费,地点6,淋浴,2013/10/09 23:02:39,1.8,135.71
17076,POS消费,地点91,校车,2013/10/10 07:05:59,2.6,133.11
17076,POS消费,地点21,开水,2013/10/10 12:02:22,4.1,129.01
17076,POS消费,地点21,开水,2013/10/10 12:02:45,1.8,127.21
17076,POS消费,地点21,开水,2013/10/10 12:10:44,3.0,124.21
17076,POS消费,地点227,食堂,2013/10/10 18:12:22,5.0,119.21
17076,POS消费,地点231,食堂,2013/10/10 18:15:13,0.8,118.41
17076,POS消费,地点91,校车,2013/10/11 06:56:49,2.2,116.21
17076,POS消费,地点787,开水,2013/10/11 08:18:43,0.01,116.2
17076,POS消费,地点227,食堂,2013/10/11 11:56:32,5.0,111.2
17076,POS消费,地点231,食堂,2013/10/11 12:00:14,0.8,110.4
17076,POS消费,地点239,食堂,2013/10/11 17:54:42,4.4,106.0
17076,POS消费,地点243,食堂,2013/10/11 17:57:20,1.8,104.2
17076,POS消费,地点21,开水,2013/10/12 06:33:58,0.01,104.19
17076,POS消费,地点266,食堂,2013/10/12 06:58:13,4.6,99.59
17076,POS消费,地点21,开水,2013/10/12 11:49:34,5.6,93.99
17076,POS消费,地点217,食堂,2013/10/12 11:52:36,4.5,89.49
17076,POS消费,地点565,开水,2013/10/12 14:12:06,0.02,89.47
17076,POS消费,地点530,开水,2013/10/12 16:34:22,0.01,89.46
17076,POS消费,地点227,食堂,2013/10/12 17:30:08,5.0,84.46
17076,POS消费,地点231,食堂,2013/10/12 17:33:59,0.6,83.86
17076,POS消费,地点89,食堂,2013/10/13 12:01:54,4.5,79.36
17076,POS消费,地点679,开水,2013/10/13 12:28:26,0.01,79.35
17076,POS消费,地点91,校车,2013/10/13 17:18:37,4.1,75.25
17076,POS消费,地点21,开水,2013/10/13 17:19:19,1.8,73.45
17076,POS消费,地点192,超市,2013/10/13 21:45:11,5.1,68.35
17076,POS消费,地点21,开水,2013/10/13 21:50:42,0.01,68.34
17076,POS消费,地点562,淋浴,2013/10/14 06:29:57,1.5,66.84
17076,POS消费,地点526,食堂,2013/10/14 07:16:58,5.0,61.84
17076,POS消费,地点684,开水,2013/10/14 08:09:13,0.01,61.83
17076,POS消费,地点678,开水,2013/10/14 15:07:19,0.01,61.82
17076,POS消费,地点103,食堂,2013/10/14 17:26:05,5.6,56.22
17076,POS消费,地点795,开水,2013/10/14 21:09:11,0.01,56.21
17076,POS消费,地点753,开水,2013/10/14 23:02:16,0.04,56.17
17076,POS消费,地点679,开水,2013/10/15 10:10:17,0.01,56.16
17076,POS消费,地点82,食堂,2013/10/15 12:08:25,4.1,52.06
17076,POS消费,地点243,食堂,2013/10/15 12:10:14,1.8,50.26
17076,POS消费,地点227,食堂,2013/10/15 18:00:19,5.0,45.26
17076,POS消费,地点231,食堂,2013/10/15 18:03:58,0.6,44.66
17076,POS消费,地点831,开水,2013/10/15 18:48:28,0.01,44.65
17076,POS消费,地点188,超市,2013/10/15 21:45:27,3.7,40.95
17076,POS消费,地点139,开水,2013/10/15 22:31:12,0.01,40.94
17076,POS消费,地点21,开水,2013/10/16 07:02:36,3.8,37.14
17076,POS消费,地点674,开水,2013/10/16 07:13:52,0.01,37.13
17076,POS消费,地点673,开水,2013/10/16 08:21:24,0.01,37.12
17076,POS消费,地点103,食堂,2013/10/16 12:00:16,5.0,32.12
17076,POS消费,地点103,食堂,2013/10/16 12:00:19,0.6,31.52
17076,POS消费,地点530,开水,2013/10/16 14:36:09,0.01,31.51
17076,POS消费,地点21,开水,2013/10/16 18:11:21,10.6,20.91
17076,POS消费,地点218,食堂,2013/10/16 18:24:33,2.9,18.01
17076,POS消费,地点192,超市,2013/10/16 21:41:34,3.7,14.31
17076,POS消费,地点266,食堂,2013/10/17 06:58:48,2.4,11.91
17076,POS消费,地点831,开水,2013/10/17 07:15:51,0.01,11.9
17076,POS消费,地点124,食堂,2013/10/17 11:50:25,4.5,7.4
17076,POS消费,地点227,食堂,2013/10/17 17:47:08,5.0,2.4
17076,POS消费,地点231,食堂,2013/10/17 17:51:27,0.6,1.8
17076,POS消费,地点789,开水,2013/10/18 09:10:35,0.01,1.79
17076,卡充值,,,2013/10/18 12:12:18,200.0,201.79
17076,POS消费,地点269,食堂,2013/10/18 12:24:19,4.6,197.19
17076,POS消费,地点41,淋浴,2013/10/19 09:26:33,0.1,197.09
17076,POS消费,地点562,淋浴,2013/10/19 09:29:32,2.7,194.39
17076,POS消费,地点816,校车,2013/10/19 14:31:12,1.0,193.39
17076,POS消费,地点188,超市,2013/10/19 22:05:28,3.8,189.59
17076,POS消费,地点21,开水,2013/10/19 22:10:15,0.01,189.58
17076,POS消费,地点21,开水,2013/10/20 00:27:45,0.01,189.57
17076,POS消费,地点526,食堂,2013/10/20 08:09:14,4.0,185.57
17076,POS消费,地点789,开水,2013/10/20 08:11:36,0.01,185.56
17076,POS消费,地点227,食堂,2013/10/20 11:11:15,5.0,180.56
17076,POS消费,地点231,食堂,2013/10/20 11:15:16,0.6,179.96
17076,POS消费,地点787,开水,2013/10/20 12:12:32,0.01,179.95
17076,POS消费,地点787,开水,2013/10/20 15:11:47,0.01,179.94
17076,POS消费,地点203,食堂,2013/10/20 18:02:00,6.5,173.44
17076,POS消费,地点676,开水,2013/10/20 20:14:53,0.01,173.42
17076,POS消费,地点676,开水,2013/10/20 20:19:01,0.01,173.43
17076,POS消费,地点21,开水,2013/10/20 22:35:43,4.3,169.12
17076,POS消费,地点21,开水,2013/10/20 23:10:34,0.01,169.11
17076,POS消费,地点118,食堂,2013/10/21 07:13:20,4.0,165.11
17076,POS消费,地点682,开水,2013/10/21 09:13:12,0.01,165.1
17076,POS消费,地点530,开水,2013/10/21 10:08:28,0.01,165.09
17076,POS消费,地点530,开水,2013/10/21 11:05:46,0.01,165.08
17076,POS消费,地点21,开水,2013/10/21 11:44:09,4.6,160.48
17076,POS消费,地点565,开水,2013/10/21 14:03:46,0.01,160.47
17076,POS消费,地点680,开水,2013/10/21 16:56:58,0.02,160.45
17076,POS消费,地点89,食堂,2013/10/21 18:04:17,4.5,155.95
17076,POS消费,地点243,食堂,2013/10/21 18:22:30,1.8,154.15
17076,POS消费,地点686,开水,2013/10/21 20:44:36,0.01,154.14
17076,POS消费,地点188,超市,2013/10/21 22:05:57,3.7,150.44
17076,POS消费,地点21,开水,2013/10/21 22:09:14,0.01,150.43
17076,POS消费,地点679,开水,2013/10/22 09:10:18,0.01,150.42
17076,POS消费,地点790,开水,2013/10/22 10:00:50,0.01,150.41
17076,POS消费,地点89,食堂,2013/10/22 12:08:30,4.5,145.91
17076,POS消费,地点243,食堂,2013/10/22 12:18:57,1.8,144.11
17076,POS消费,地点83,食堂,2013/10/22 12:26:44,3.0,141.11
17076,POS消费,地点72,食堂,2013/10/22 17:56:51,4.6,136.51
17076,POS消费,地点218,食堂,2013/10/22 18:01:50,1.8,134.71
17076,POS消费,地点192,超市,2013/10/22 21:39:11,3.8,130.91
17076,POS消费,地点21,开水,2013/10/22 21:43:58,0.01,130.9
17076,POS消费,地点35,淋浴,2013/10/23 00:46:27,2.6,128.3
17076,POS消费,地点266,食堂,2013/10/23 06:59:32,2.8,125.5
17076,POS消费,地点565,开水,2013/10/23 10:07:38,0.01,125.49
17076,POS消费,地点21,开水,2013/10/23 12:05:19,1.8,116.79
17076,POS消费,地点236,食堂,2013/10/23 12:09:51,6.9,118.59
17076,POS消费,地点530,开水,2013/10/23 14:13:40,0.01,116.78
17076,POS消费,地点530,开水,2013/10/23 15:08:15,0.01,116.77
17076,POS消费,地点259,食堂,2013/10/23 18:12:52,4.6,112.17
17076,POS消费,地点188,超市,2013/10/23 22:31:10,5.5,106.67
17076,POS消费,地点753,开水,2013/10/23 22:37:12,0.05,106.62
17076,POS消费,地点21,开水,2013/10/24 07:05:48,3.0,103.62
17076,POS消费,地点681,开水,2013/10/24 08:17:56,0.01,103.61
17076,POS消费,地点61,食堂,2013/10/24 12:02:53,3.6,100.01
17076,POS消费,地点243,食堂,2013/10/24 12:11:08,1.8,98.21
17076,POS消费,地点678,开水,2013/10/24 14:35:46,0.01,98.2
17076,POS消费,地点227,食堂,2013/10/24 17:30:23,5.0,93.2
17076,POS消费,地点231,食堂,2013/10/24 17:34:10,0.6,92.6
17076,POS消费,地点266,食堂,2013/10/25 07:07:04,4.4,88.2
17076,POS消费,地点787,开水,2013/10/25 09:17:16,0.01,88.19
17076,POS消费,地点239,食堂,2013/10/25 11:42:46,5.0,83.19
17076,POS消费,地点243,食堂,2013/10/25 11:50:09,1.8,81.39
17076,POS消费,地点228,食堂,2013/10/25 17:20:42,8.0,73.39
17076,POS消费,地点231,食堂,2013/10/25 17:22:03,0.8,72.59
17076,POS消费,地点996,图书馆,2013/10/25 19:36:57,1.0,71.59
17076,POS消费,地点21,开水,2013/10/26 01:28:15,0.01,71.58
17076,POS消费,地点526,食堂,2013/10/26 08:01:24,5.0,66.58
17076,POS消费,地点791,开水,2013/10/26 08:02:38,0.01,66.57
17076,POS消费,地点791,开水,2013/10/26 08:03:09,0.01,66.56
17076,POS消费,地点270,食堂,2013/10/26 11:59:06,4.5,62.06
17076,POS消费,地点212,图书馆,2013/10/26 15:13:44,5.0,57.06
17076,POS消费,地点238,食堂,2013/10/26 17:36:52,10.0,47.06
17076,POS消费,地点41,淋浴,2013/10/27 00:27:33,2.3,44.76
17076,POS消费,地点41,淋浴,2013/10/27 00:50:49,0.2,44.56
17076,POS消费,地点789,开水,2013/10/27 10:03:27,0.01,44.55
17076,POS消费,地点211,校车,2013/10/27 13:28:29,1.0,43.55
17076,POS消费,地点21,开水,2013/10/27 17:28:57,4.5,39.05
17076,POS消费,地点217,食堂,2013/10/27 17:40:17,6.5,32.55
17076,POS消费,地点266,食堂,2013/10/28 07:03:51,4.0,28.55
17076,POS消费,地点679,开水,2013/10/28 09:48:39,0.01,28.54
17076,POS消费,地点227,食堂,2013/10/28 12:31:13,5.0,23.54
17076,POS消费,地点231,食堂,2013/10/28 12:35:55,0.8,22.74
17076,POS消费,地点243,食堂,2013/10/28 12:37:24,1.8,20.94
17076,POS消费,地点565,开水,2013/10/28 14:23:24,0.01,20.93
17076,POS消费,地点565,开水,2013/10/28 15:05:48,0.01,20.92
17076,POS消费,地点682,开水,2013/10/28 16:06:17,0.01,20.91
17076,POS消费,地点680,开水,2013/10/28 16:56:52,0.01,20.9
17076,POS消费,地点89,食堂,2013/10/28 18:05:18,4.5,16.4
17076,POS消费,地点243,食堂,2013/10/28 18:12:29,2.6,13.8
17076,POS消费,地点674,开水,2013/10/28 21:17:04,0.01,13.79
17076,POS消费,地点139,开水,2013/10/28 23:45:21,0.11,13.68
17076,POS消费,地点21,开水,2013/10/29 07:10:16,2.8,10.18
17076,POS消费,地点527,食堂,2013/10/29 07:11:53,0.2,12.98
17076,POS消费,地点75,食堂,2013/10/29 07:11:54,0.5,13.18
17076,POS消费,地点678,开水,2013/10/29 10:56:18,0.01,10.17
17076,POS消费,地点234,食堂,2013/10/29 12:30:19,7.6,2.57
17076,POS消费,地点674,开水,2013/10/29 14:19:26,0.01,2.56
17076,卡充值,,,2013/10/29 17:49:51,300.0,302.56
17076,POS消费,地点253,食堂,2013/10/29 17:58:10,5.7,296.86
17076,POS消费,地点243,食堂,2013/10/29 18:05:48,1.8,295.06
17076,POS消费,地点831,开水,2013/10/29 19:29:01,0.01,295.05
17076,POS消费,地点831,开水,2013/10/29 19:29:38,0.01,295.04
17076,POS消费,地点677,开水,2013/10/29 21:15:29,0.01,295.03
17076,POS消费,地点753,开水,2013/10/29 22:18:30,0.01,291.32
17076,POS消费,地点21,开水,2013/10/29 22:18:43,0.01,291.31
17076,POS消费,地点21,开水,2013/10/29 22:19:06,3.7,291.33
17076,POS消费,地点21,开水,2013/10/29 23:35:35,0.01,291.3
17076,POS消费,地点526,食堂,2013/10/30 07:10:19,4.0,287.3
17076,POS消费,地点677,开水,2013/10/30 07:11:31,0.01,287.29
17076,POS消费,地点673,开水,2013/10/30 08:10:45,0.01,287.28
17076,POS消费,地点680,开水,2013/10/30 09:09:33,0.02,287.26
17076,POS消费,地点249,食堂,2013/10/30 12:02:28,5.6,281.66
17076,POS消费,地点21,开水,2013/10/30 12:03:33,1.8,279.86
17076,POS消费,地点530,开水,2013/10/30 14:18:02,0.01,279.85
17076,POS消费,地点21,开水,2013/10/30 18:12:17,1.8,272.59
17076,POS消费,地点91,校车,2013/10/30 18:17:04,5.46,274.39
17076,POS消费,地点91,校车,2013/10/31 06:59:39,4.0,266.19
17076,POS消费,地点675,开水,2013/10/31 09:06:26,0.01,266.18
17076,POS消费,地点675,开水,2013/10/31 09:06:36,0.01,266.17
17076,POS消费,地点236,食堂,2013/10/31 12:10:27,6.8,259.37
17076,POS消费,地点35,淋浴,2013/10/31 15:04:45,2.4,270.19
17076,POS消费,地点814,开水,2013/10/31 20:29:53,0.01,259.36
17076,POS消费,地点814,开水,2013/10/31 20:30:37,0.01,259.35
17076,POS消费,地点21,开水,2013/10/31 22:24:18,0.01,259.34
17076,POS消费,地点21,开水,2013/11/01 07:09:25,3.0,256.34
17076,POS消费,地点787,开水,2013/11/01 08:13:07,0.01,256.33
17076,POS消费,地点124,食堂,2013/11/01 11:57:19,4.5,251.83
17076,POS消费,地点232,食堂,2013/11/01 17:41:25,9.9,241.93
17076,POS消费,地点91,校车,2013/11/01 17:48:05,3.0,238.93
17076,POS消费,地点227,食堂,2013/11/02 11:09:00,5.0,233.93
17076,POS消费,地点231,食堂,2013/11/02 11:12:35,0.8,233.13
17076,POS消费,地点21,开水,2013/11/02 23:24:15,0.01,233.12
17076,POS消费,地点752,淋浴,2013/11/03 08:12:23,2.6,230.52
17076,POS消费,地点227,食堂,2013/11/03 12:16:39,5.0,225.52
17076,POS消费,地点231,食堂,2013/11/03 12:20:59,0.6,224.92
17076,POS消费,地点218,食堂,2013/11/03 12:36:29,3.0,221.92
17076,POS消费,地点232,食堂,2013/11/03 17:58:43,5.6,216.32
17076,POS消费,地点21,开水,2013/11/03 18:11:11,1.8,214.52
17076,POS消费,地点21,开水,2013/11/04 06:45:26,0.01,214.51
17076,POS消费,地点91,校车,2013/11/04 07:03:40,3.8,210.71
17076,POS消费,地点103,食堂,2013/11/04 11:59:45,5.6,205.11
17076,POS消费,地点565,开水,2013/11/04 13:59:42,0.01,205.1
17076,POS消费,地点678,开水,2013/11/04 13:59:54,0.01,205.09
17076,POS消费,地点678,开水,2013/11/04 14:09:37,0.01,205.08
17076,POS消费,地点680,开水,2013/11/04 16:09:24,0.02,205.06
17076,POS消费,地点21,开水,2013/11/05 06:33:55,0.01,205.05
17076,POS消费,地点838,食堂,2013/11/05 07:04:20,3.0,202.05
17076,POS消费,地点790,开水,2013/11/05 10:00:41,0.01,202.04
17076,POS消费,地点838,食堂,2013/11/05 12:02:21,7.0,195.04
17076,POS消费,地点752,淋浴,2013/11/05 18:08:45,2.0,193.04
17076,POS消费,地点204,食堂,2013/11/05 18:59:32,10.0,183.04
17076,POS消费,地点204,食堂,2013/11/05 19:00:33,1.5,181.54
17076,POS消费,地点677,开水,2013/11/05 20:57:46,0.01,181.53
17076,POS消费,地点677,开水,2013/11/05 21:34:18,0.01,181.52
17076,POS消费,地点188,超市,2013/11/05 22:33:37,8.1,173.42
17076,POS消费,地点753,开水,2013/11/05 23:43:55,0.05,173.37
17076,POS消费,地点266,食堂,2013/11/06 07:07:32,4.0,169.37
17076,POS消费,地点680,开水,2013/11/06 09:08:09,0.02,169.35
17076,POS消费,地点565,开水,2013/11/06 10:04:40,0.01,169.34
17076,POS消费,地点678,开水,2013/11/06 10:04:56,0.01,169.33
17076,POS消费,地点253,食堂,2013/11/06 12:07:46,5.0,164.33
17076,POS消费,地点243,食堂,2013/11/06 12:16:41,1.8,162.53
17076,POS消费,地点227,食堂,2013/11/06 17:54:17,5.0,157.53
17076,POS消费,地点231,食堂,2013/11/06 17:57:33,0.8,156.73
17076,POS消费,地点21,开水,2013/11/06 23:09:45,0.01,156.72
17076,POS消费,地点676,开水,2013/11/07 07:09:14,0.01,149.71
17076,POS消费,地点526,食堂,2013/11/07 07:09:40,7.0,149.72
17076,POS消费,地点675,开水,2013/11/07 08:02:28,0.01,149.7
17076,POS消费,地点232,食堂,2013/11/07 12:02:08,9.4,140.3
17076,POS消费,地点937,开水,2013/11/07 14:34:05,0.01,140.29
17076,POS消费,地点686,开水,2013/11/07 17:45:11,0.01,140.28
17076,POS消费,地点188,超市,2013/11/07 19:11:33,4.3,135.98
17076,POS消费,地点21,开水,2013/11/07 19:26:07,0.01,135.97
17076,POS消费,地点192,超市,2013/11/07 22:14:31,4.5,131.47
17076,POS消费,地点21,开水,2013/11/07 23:35:24,0.01,131.46
17076,POS消费,地点526,食堂,2013/11/08 07:08:07,4.0,127.46
17076,POS消费,地点676,开水,2013/11/08 07:14:35,0.01,127.45
17076,POS消费,地点787,开水,2013/11/08 10:06:56,0.01,127.44
17076,POS消费,地点91,校车,2013/11/08 11:55:09,6.6,120.84
17076,POS消费,地点91,校车,2013/11/08 11:55:15,12.9,107.94
17076,POS消费,地点687,开水,2013/11/08 21:03:36,0.01,107.93
17076,POS消费,地点21,开水,2013/11/08 22:55:45,0.01,107.92
17076,POS消费,地点6,淋浴,2013/11/09 01:56:46,1.8,106.12
17076,POS消费,地点227,食堂,2013/11/09 12:23:44,5.0,101.12
17076,POS消费,地点231,食堂,2013/11/09 12:27:46,0.8,100.32
17076,POS消费,地点21,开水,2013/11/09 17:39:59,5.6,94.72
17076,POS消费,地点243,食堂,2013/11/09 17:40:41,3.6,91.12
17076,POS消费,地点21,开水,2013/11/09 23:55:19,0.01,91.11
17076,POS消费,地点21,开水,2013/11/10 02:38:58,0.01,91.1
17076,POS消费,地点753,开水,2013/11/10 08:30:01,0.01,91.09
17076,POS消费,地点118,食堂,2013/11/10 08:46:05,5.0,86.09
17076,POS消费,地点103,食堂,2013/11/10 11:46:54,5.6,80.49
17076,POS消费,地点92,食堂,2013/11/10 17:32:07,4.1,76.39
17076,POS消费,地点192,超市,2013/11/10 21:37:33,6.8,69.59
17076,POS消费,地点21,开水,2013/11/10 21:43:18,0.01,69.58
17076,POS消费,地点232,食堂,2013/11/11 11:33:36,8.0,61.58
17076,POS消费,地点526,食堂,2013/11/11 14:10:15,3.0,58.58
17076,POS消费,地点680,开水,2013/11/11 16:01:45,0.01,58.57
17076,POS消费,地点680,开水,2013/11/11 16:58:48,0.01,58.56
17076,POS消费,地点103,食堂,2013/11/11 18:07:43,4.6,53.96
17076,POS消费,地点21,开水,2013/11/11 23:30:59,0.01,53.95
17076,POS消费,地点266,食堂,2013/11/12 07:06:14,3.8,50.15
17076,POS消费,地点679,开水,2013/11/12 08:20:07,0.01,50.14
17076,POS消费,地点790,开水,2013/11/12 09:58:40,0.01,50.13
17076,POS消费,地点227,食堂,2013/11/12 12:26:37,5.0,45.13
17076,POS消费,地点231,食堂,2013/11/12 12:30:34,0.8,44.33
17076,POS消费,地点218,食堂,2013/11/12 12:31:40,1.8,42.53
17076,POS消费,地点243,食堂,2013/11/12 12:47:56,0.8,41.73
17076,POS消费,地点72,食堂,2013/11/12 18:07:12,4.6,37.13
17076,POS消费,地点830,开水,2013/11/12 20:06:38,0.01,37.12
17076,POS消费,地点188,超市,2013/11/12 22:32:05,3.7,33.42
17076,POS消费,地点21,开水,2013/11/12 22:45:16,0.01,33.41
17076,POS消费,地点526,食堂,2013/11/13 07:15:06,4.0,29.41
17076,POS消费,地点676,开水,2013/11/13 07:15:54,0.01,29.4
17076,POS消费,地点673,开水,2013/11/13 08:01:21,0.01,29.39
17076,POS消费,地点678,开水,2013/11/13 10:09:02,0.01,29.38
17076,POS消费,地点232,食堂,2013/11/13 12:03:21,6.0,23.38
17076,POS消费,地点530,开水,2013/11/13 15:06:04,0.01,23.37
17076,POS消费,地点6,淋浴,2013/11/13 17:37:52,4.5,18.87
17076,POS消费,地点838,食堂,2013/11/14 07:08:48,3.0,15.87
17076,POS消费,地点675,开水,2013/11/14 08:14:17,0.01,15.86
17076,POS消费,地点232,食堂,2013/11/14 11:47:11,6.3,9.56
17076,POS消费,地点91,校车,2013/11/14 11:48:56,2.0,7.56
17076,POS消费,地点746,洗衣房,2013/11/14 15:04:26,1.2,6.36
17076,POS消费,地点746,洗衣房,2013/11/14 15:23:47,1.2,5.16
17076,POS消费,地点233,食堂,2013/11/14 18:05:02,0.6,4.56
17076,POS消费,地点21,开水,2013/11/14 20:41:35,0.01,4.55
17076,POS消费,地点753,开水,2013/11/14 22:26:41,0.04,4.51
17076,POS消费,地点676,开水,2013/11/15 07:11:44,0.01,4.5
17076,POS消费,地点91,校车,2013/11/15 11:04:17,8.9,195.6
17076,卡充值,,,2013/11/15 11:10:15,200.0,204.5
17076,POS消费,地点684,开水,2013/11/15 13:59:08,0.01,195.59
17076,POS消费,地点227,食堂,2013/11/15 17:30:17,3.5,192.09
17076,POS消费,地点231,食堂,2013/11/15 17:34:16,0.8,191.29
17076,POS消费,地点243,食堂,2013/11/15 17:36:08,1.8,189.49
17076,POS消费,地点188,超市,2013/11/15 22:10:57,4.7,184.79
17076,POS消费,地点753,开水,2013/11/15 22:14:41,0.1,184.69
17076,POS消费,地点752,淋浴,2013/11/16 01:13:40,2.6,182.09
17076,POS消费,地点21,开水,2013/11/16 06:48:51,0.01,182.08
17076,POS消费,地点118,食堂,2013/11/16 07:23:36,6.5,175.58
17076,POS消费,地点564,开水,2013/11/16 07:25:07,0.01,175.57
17076,POS消费,地点65,食堂,2013/11/16 11:49:53,4.6,170.97
17076,POS消费,地点188,超市,2013/11/16 12:14:45,3.4,167.57
17076,POS消费,地点227,食堂,2013/11/17 12:02:50,5.0,162.57
17076,POS消费,地点231,食堂,2013/11/17 12:07:15,0.8,161.77
17076,POS消费,地点243,食堂,2013/11/17 12:24:13,4.8,156.97
17076,POS消费,地点21,开水,2013/11/17 17:36:24,0.01,156.96
17076,POS消费,地点253,食堂,2013/11/17 18:08:18,4.8,152.16
17076,POS消费,地点218,食堂,2013/11/17 18:10:10,1.8,150.36
17076,POS消费,地点118,食堂,2013/11/18 07:12:54,4.0,146.36
17076,POS消费,地点21,开水,2013/11/18 12:11:44,4.6,141.76
17076,POS消费,地点678,开水,2013/11/18 14:07:48,0.01,141.75
17076,POS消费,地点188,超市,2013/11/18 22:41:22,3.7,138.05
17076,POS消费,地点21,开水,2013/11/18 23:22:52,0.01,138.04
17076,POS消费,地点266,食堂,2013/11/19 07:10:18,3.8,134.24
17076,POS消费,地点103,食堂,2013/11/19 12:12:25,4.6,129.64
17076,POS消费,地点752,淋浴,2013/11/19 18:17:27,2.1,127.54
17076,POS消费,地点203,食堂,2013/11/19 19:37:47,6.5,121.04
17076,POS消费,地点684,开水,2013/11/19 20:03:58,0.01,121.03
17076,POS消费,地点192,超市,2013/11/19 21:38:59,30.0,91.03
17076,POS消费,地点192,超市,2013/11/19 21:39:03,2.8,88.23
17076,POS消费,地点753,开水,2013/11/19 21:46:26,0.03,88.2
17076,POS消费,地点753,开水,2013/11/20 06:44:11,0.04,88.16
17076,POS消费,地点91,校车,2013/11/20 07:04:23,3.0,85.16
17076,POS消费,地点678,开水,2013/11/20 10:53:45,0.01,85.15
17076,POS消费,地点272,食堂,2013/11/20 12:01:21,9.0,76.15
17076,POS消费,地点227,食堂,2013/11/20 17:27:55,5.0,71.15
17076,POS消费,地点231,食堂,2013/11/20 17:31:34,0.8,70.35
17076,POS消费,地点188,超市,2013/11/20 22:07:37,3.7,66.65
17076,POS消费,地点21,开水,2013/11/20 22:09:55,0.01,66.64
17076,POS消费,地点753,开水,2013/11/20 22:49:00,0.05,66.59
17076,POS消费,地点266,食堂,2013/11/21 07:06:02,2.8,63.79
17076,POS消费,地点525,食堂,2013/11/21 07:08:37,0.2,63.09
17076,POS消费,地点144,食堂,2013/11/21 07:11:08,0.5,63.29
17076,POS消费,地点953,校车,2013/11/21 08:03:19,4.0,59.09
17076,POS消费,地点191,校车,2013/11/21 12:40:42,4.0,55.09
17076,POS消费,地点103,食堂,2013/11/21 17:15:22,5.6,49.49
17076,POS消费,地点21,开水,2013/11/21 17:24:40,1.8,47.69
17076,POS消费,地点792,开水,2013/11/21 17:26:36,0.01,47.68
17076,POS消费,地点792,开水,2013/11/21 19:09:02,0.01,47.67
17076,POS消费,地点684,开水,2013/11/21 21:08:02,0.01,47.66
17076,POS消费,地点192,超市,2013/11/21 21:54:54,8.8,38.86
17076,POS消费,地点21,开水,2013/11/21 21:55:25,0.01,38.85
17076,POS消费,地点21,开水,2013/11/21 21:59:01,0.01,38.84
17076,POS消费,地点21,开水,2013/11/22 06:40:35,0.01,38.83
17076,POS消费,地点838,食堂,2013/11/22 07:06:06,3.0,35.83
17076,POS消费,地点234,食堂,2013/11/22 11:31:25,7.1,28.73
17076,POS消费,地点679,开水,2013/11/22 12:04:09,0.01,28.72
17076,POS消费,地点228,食堂,2013/11/22 18:25:22,8.0,20.72
17076,POS消费,地点61,食堂,2013/11/22 18:29:00,0.6,20.12
17076,POS消费,地点679,开水,2013/11/22 18:39:23,0.01,20.11
17076,POS消费,地点21,开水,2013/11/22 21:26:58,0.01,16.4
17076,POS消费,地点188,超市,2013/11/22 21:27:06,3.7,16.41
17076,POS消费,地点753,开水,2013/11/23 12:04:18,0.07,16.33
17076,POS消费,地点685,开水,2013/11/23 13:59:40,0.01,16.32
17076,POS消费,地点687,开水,2013/11/23 15:41:32,0.01,16.31
17076,POS消费,地点838,食堂,2013/11/23 17:48:13,7.0,9.31
17076,POS消费,地点118,食堂,2013/11/24 08:06:58,4.0,5.3
17076,POS消费,地点21,开水,2013/11/24 10:37:20,0.01,9.3
17076,POS消费,地点787,开水,2013/11/24 10:39:33,0.01,5.29
17076,POS消费,地点686,开水,2013/11/24 11:20:15,0.01,5.28
17076,POS消费,地点21,开水,2013/11/24 22:52:43,0.01,5.27
17076,POS消费,地点12,文印中心,2013/11/24 23:11:32,1.2,4.07
17076,POS消费,地点674,开水,2013/11/25 07:11:58,0.01,2.26
17076,POS消费,地点526,食堂,2013/11/25 07:12:20,1.8,2.27
17076,POS消费,地点557,开水,2013/11/25 08:09:46,0.01,2.25
17076,POS消费,地点557,开水,2013/11/25 09:32:46,0.01,2.24
17076,POS消费,地点557,开水,2013/11/25 10:48:23,0.01,2.23
17076,卡充值,,,2013/11/25 12:06:01,300.0,302.23
17076,POS消费,地点227,食堂,2013/11/25 12:19:12,5.0,297.23
17076,POS消费,地点231,食堂,2013/11/25 12:24:38,0.8,296.43
17076,POS消费,地点243,食堂,2013/11/25 12:34:12,1.8,294.63
17076,POS消费,地点678,开水,2013/11/25 14:10:42,0.01,294.62
17076,POS消费,地点103,食堂,2013/11/25 18:05:33,5.0,289.62
17076,POS消费,地点103,食堂,2013/11/25 18:05:37,0.6,289.02
17076,POS消费,地点937,开水,2013/11/25 19:20:32,0.01,289.01
17076,POS消费,地点937,开水,2013/11/25 19:21:11,0.01,289.0
17076,POS消费,地点21,开水,2013/11/25 22:04:10,0.01,285.29
17076,POS消费,地点21,开水,2013/11/25 22:05:42,3.7,285.3
17076,POS消费,地点838,食堂,2013/11/26 07:10:11,3.0,282.16
17076,POS消费,地点753,开水,2013/11/26 09:35:29,0.13,285.16
17076,POS消费,地点679,开水,2013/11/26 11:01:13,0.01,282.15
17076,POS消费,地点103,食堂,2013/11/26 12:10:55,4.1,278.05
17076,POS消费,地点21,开水,2013/11/26 12:13:22,1.8,276.25
17076,POS消费,地点227,食堂,2013/11/26 18:01:42,5.0,271.25
17076,POS消费,地点231,食堂,2013/11/26 18:06:40,0.8,270.45
17076,POS消费,地点686,开水,2013/11/26 20:26:27,0.01,270.44
17076,POS消费,地点753,开水,2013/11/26 22:19:42,0.19,266.55
17076,POS消费,地点188,超市,2013/11/26 22:19:52,3.7,266.74
17076,POS消费,地点21,开水,2013/11/27 07:04:27,4.8,261.75
17076,POS消费,地点674,开水,2013/11/27 07:11:36,0.01,261.74
17076,POS消费,地点680,开水,2013/11/27 09:03:35,0.01,261.73
17076,POS消费,地点103,食堂,2013/11/27 12:05:15,5.6,256.13
17076,POS消费,地点688,开水,2013/11/27 17:16:30,0.01,256.12
17076,POS消费,地点275,食堂,2013/11/27 18:32:53,10.0,246.12
17076,POS消费,地点937,开水,2013/11/27 21:13:30,0.01,246.11
17076,POS消费,地点686,开水,2013/11/27 21:52:12,0.01,246.1
17076,POS消费,地点753,开水,2013/11/27 22:47:47,0.07,246.03
17076,POS消费,地点12,文印中心,2013/11/28 00:42:27,1.6,244.43
17076,POS消费,地点838,食堂,2013/11/28 07:08:33,3.0,241.43
17076,POS消费,地点676,开水,2013/11/28 07:30:54,0.01,241.42
17076,POS消费,地点227,食堂,2013/11/28 12:10:41,5.0,236.42
17076,POS消费,地点231,食堂,2013/11/28 12:14:12,0.8,235.62
17076,POS消费,地点243,食堂,2013/11/28 12:15:12,1.8,233.82
17076,POS消费,地点21,开水,2013/11/28 17:46:23,4.6,229.22
17076,POS消费,地点188,超市,2013/11/28 21:16:19,5.6,223.62
17076,POS消费,地点21,开水,2013/11/28 21:20:08,0.01,223.61
17076,POS消费,地点118,食堂,2013/11/29 07:11:16,5.0,218.61
17076,POS消费,地点118,食堂,2013/11/29 07:11:20,2.5,216.11
17076,POS消费,地点687,开水,2013/11/29 08:07:30,0.01,216.1
17076,POS消费,地点204,食堂,2013/11/29 13:33:25,5.5,210.6
17076,POS消费,地点565,开水,2013/11/29 14:27:33,0.01,210.59
17076,POS消费,地点937,开水,2013/11/29 15:54:37,0.01,210.58
17076,POS消费,地点686,开水,2013/11/29 17:08:14,0.01,210.57
17076,POS消费,地点21,开水,2013/11/29 19:37:42,0.01,193.86
17076,POS消费,地点192,超市,2013/11/29 19:37:51,16.7,193.87
17076,POS消费,地点21,开水,2013/11/30 07:45:30,0.01,193.85
17076,POS消费,地点682,开水,2013/11/30 15:07:54,0.01,193.84
17076,POS消费,地点88,食堂,2013/11/30 17:21:56,4.6,189.24
17076,POS消费,地点565,开水,2013/11/30 17:38:58,0.01,189.23
17076,POS消费,地点678,开水,2013/11/30 19:37:39,0.01,189.22
17076,POS消费,地点21,开水,2013/11/30 23:53:08,0.01,189.21
17076,POS消费,地点752,淋浴,2013/12/01 12:10:41,2.5,186.71
17076,POS消费,地点753,开水,2013/12/01 12:15:12,0.06,186.65
17076,POS消费,地点678,开水,2013/12/01 13:30:43,0.01,186.64
17076,POS消费,地点227,食堂,2013/12/01 17:33:04,3.5,183.14
17076,POS消费,地点231,食堂,2013/12/01 17:35:51,0.6,182.54
17076,POS消费,地点188,超市,2013/12/01 21:27:06,4.7,177.84
17076,POS消费,地点21,开水,2013/12/01 21:29:49,0.01,177.83
17076,POS消费,地点21,开水,2013/12/02 07:03:02,4.0,173.83
17076,POS消费,地点674,开水,2013/12/02 08:12:41,0.01,173.82
17076,POS消费,地点530,开水,2013/12/02 10:02:30,0.01,173.81
17076,POS消费,地点103,食堂,2013/12/02 12:08:19,5.6,168.21
17076,POS消费,地点235,食堂,2013/12/02 12:14:49,2.1,166.11
17076,POS消费,地点103,食堂,2013/12/02 17:15:09,5.6,160.51
17076,POS消费,地点148,开水,2013/12/02 17:54:04,0.01,160.5
17076,POS消费,地点148,开水,2013/12/02 20:54:24,0.01,160.49
17076,POS消费,地点188,超市,2013/12/02 22:02:39,3.7,156.79
17076,POS消费,地点21,开水,2013/12/02 22:03:56,0.01,156.78
17076,POS消费,地点118,食堂,2013/12/03 07:17:16,4.0,152.78
17076,POS消费,地点674,开水,2013/12/03 07:26:45,0.01,152.77
17076,POS消费,地点679,开水,2013/12/03 11:02:48,0.01,152.76
17076,POS消费,地点234,食堂,2013/12/03 12:34:23,7.6,145.16
17076,POS消费,地点678,开水,2013/12/03 14:32:17,0.01,145.15
17076,POS消费,地点752,淋浴,2013/12/03 17:58:29,2.0,143.15
17076,POS消费,地点168,食堂,2013/12/03 19:39:46,5.0,138.15
17076,POS消费,地点168,食堂,2013/12/03 19:39:51,0.5,137.65
17076,POS消费,地点686,开水,2013/12/03 20:34:51,0.01,137.64
17076,POS消费,地点686,开水,2013/12/03 21:39:29,0.01,137.63
17076,POS消费,地点188,超市,2013/12/03 22:26:52,3.7,133.93
17076,POS消费,地点21,开水,2013/12/03 22:27:37,0.01,133.92
17076,POS消费,地点91,校车,2013/12/04 07:05:23,5.0,128.92
17076,POS消费,地点676,开水,2013/12/04 07:16:23,0.01,128.91
17076,POS消费,地点91,校车,2013/12/04 11:49:03,9.9,119.01
17076,POS消费,地点207,开水,2013/12/04 15:04:50,0.01,119.0
17076,POS消费,地点160,开水,2013/12/04 16:01:49,0.01,118.99
17076,POS消费,地点118,食堂,2013/12/05 07:17:06,5.0,113.99
17076,POS消费,地点675,开水,2013/12/05 08:00:01,0.01,113.98
17076,POS消费,地点681,开水,2013/12/05 09:03:55,0.01,113.97
17076,POS消费,地点790,开水,2013/12/05 09:56:55,0.01,113.96
17076,POS消费,地点103,食堂,2013/12/05 12:02:28,5.6,108.36
17076,POS消费,地点103,食堂,2013/12/05 17:31:05,5.6,102.76
17076,POS消费,地点686,开水,2013/12/05 19:38:04,0.01,102.75
17076,POS消费,地点21,开水,2013/12/05 22:49:30,0.01,102.74
17076,POS消费,地点674,开水,2013/12/06 07:11:51,0.01,97.73
17076,POS消费,地点118,食堂,2013/12/06 07:11:59,5.0,97.74
17076,POS消费,地点790,开水,2013/12/06 14:16:55,0.01,97.72
17076,POS消费,地点21,开水,2013/12/06 23:36:20,0.01,97.71
17076,POS消费,地点157,食堂,2013/12/07 17:35:24,5.6,92.11
17076,POS消费,地点21,开水,2013/12/07 17:36:14,3.6,88.51
17076,POS消费,地点831,开水,2013/12/07 17:45:06,0.01,84.5
17076,POS消费,地点21,开水,2013/12/07 17:49:22,4.0,84.51
17076,POS消费,地点752,淋浴,2013/12/07 21:31:20,1.8,82.7
17076,POS消费,地点752,淋浴,2013/12/07 21:49:32,0.1,82.6
17076,POS消费,地点21,开水,2013/12/08 07:48:29,0.01,82.59
17076,POS消费,地点118,食堂,2013/12/08 08:23:49,11.0,71.59
17076,POS消费,地点565,开水,2013/12/08 08:38:42,0.01,71.58
17076,POS消费,地点565,开水,2013/12/08 10:07:56,0.01,71.57
17076,POS消费,地点157,食堂,2013/12/08 11:45:20,5.6,65.97
17076,POS消费,地点791,开水,2013/12/08 14:39:42,0.01,65.96
17076,POS消费,地点557,开水,2013/12/08 15:18:11,0.01,65.95
17076,POS消费,地点557,开水,2013/12/08 16:24:59,0.01,65.94
17076,POS消费,地点227,食堂,2013/12/08 17:12:43,8.0,57.94
17076,POS消费,地点231,食堂,2013/12/08 17:15:59,0.8,57.14
17076,POS消费,地点21,开水,2013/12/08 17:31:29,0.01,57.13
17076,POS消费,地点687,开水,2013/12/08 19:58:17,0.01,57.12
17076,POS消费,地点687,开水,2013/12/08 20:44:21,0.01,57.11
17076,POS消费,地点21,开水,2013/12/08 22:49:33,0.01,57.1
17076,POS消费,地点21,开水,2013/12/09 06:56:56,0.01,57.09
17076,POS消费,地点676,开水,2013/12/09 07:15:10,0.01,52.08
17076,POS消费,地点526,食堂,2013/12/09 07:17:25,5.0,52.09
17076,POS消费,地点792,开水,2013/12/09 08:13:00,0.01,52.07
17076,POS消费,地点103,食堂,2013/12/09 12:21:33,5.6,46.47
17076,POS消费,地点678,开水,2013/12/09 12:56:50,0.01,46.46
17076,POS消费,地点678,开水,2013/12/09 14:18:58,0.01,46.45
17076,POS消费,地点6,淋浴,2013/12/09 17:41:06,4.5,41.95
17076,POS消费,地点564,开水,2013/12/09 17:59:09,0.01,41.94
17076,POS消费,地点21,开水,2013/12/09 22:39:28,10.2,31.74
17076,POS消费,地点21,开水,2013/12/09 22:42:59,0.01,31.73
17076,POS消费,地点753,开水,2013/12/10 06:25:54,0.07,31.66
17076,POS消费,地点838,食堂,2013/12/10 06:57:37,3.0,28.66
17076,POS消费,地点676,开水,2013/12/10 07:45:12,0.01,28.65
17076,POS消费,地点103,食堂,2013/12/10 12:09:49,5.6,23.05
17076,POS消费,地点72,食堂,2013/12/10 17:51:12,5.1,17.95
17076,POS消费,地点569,淋浴,2013/12/10 18:08:42,2.1,15.85
17076,POS消费,地点21,开水,2013/12/10 19:04:55,2.8,13.05
17076,POS消费,地点21,开水,2013/12/10 23:34:52,0.01,13.04
17076,POS消费,地点21,开水,2013/12/11 06:53:09,4.0,9.04
17076,POS消费,地点674,开水,2013/12/11 07:25:36,0.01,9.03
17076,卡充值,,,2013/12/11 11:14:18,200.0,209.03
17076,POS消费,地点227,食堂,2013/12/11 11:30:59,5.0,204.03
17076,POS消费,地点231,食堂,2013/12/11 11:33:28,0.8,203.23
17076,POS消费,地点148,开水,2013/12/11 15:06:07,0.01,203.22
17076,POS消费,地点21,开水,2013/12/11 22:49:30,0.01,203.21
17076,POS消费,地点91,校车,2013/12/12 06:54:12,4.0,199.21
17076,POS消费,地点676,开水,2013/12/12 07:20:50,0.01,199.2
17076,POS消费,地点21,开水,2013/12/12 20:53:18,0.01,199.19
17076,POS消费,地点21,开水,2013/12/13 06:54:53,4.0,195.19
17076,POS消费,地点674,开水,2013/12/13 07:38:17,0.01,195.18
17076,POS消费,地点103,食堂,2013/12/13 11:45:44,5.6,189.58
17076,POS消费,地点227,食堂,2013/12/13 17:32:57,8.0,181.58
17076,POS消费,地点227,食堂,2013/12/13 17:33:39,3.5,178.08
17076,POS消费,地点231,食堂,2013/12/13 17:35:37,1.0,177.08
17076,POS消费,地点21,开水,2013/12/13 22:48:34,0.01,177.07
17076,POS消费,地点21,开水,2013/12/14 07:02:12,0.01,177.06
17076,POS消费,地点118,食堂,2013/12/14 07:56:22,5.0,172.06
17076,POS消费,地点91,校车,2013/12/14 12:03:22,8.1,163.96
17076,POS消费,地点996,图书馆,2013/12/14 14:03:48,4.0,159.96
17076,POS消费,地点752,淋浴,2013/12/14 21:57:13,1.5,158.46
17076,POS消费,地点21,开水,2013/12/15 21:48:21,0.01,158.45
17076,POS消费,地点91,校车,2013/12/16 06:55:59,4.0,154.45
17076,POS消费,地点676,开水,2013/12/16 07:13:01,0.01,154.44
17076,POS消费,地点27,教务处,2013/12/16 11:29:46,5.0,149.44
17076,POS消费,地点232,食堂,2013/12/16 11:43:14,0.6,148.84
17076,POS消费,地点234,食堂,2013/12/16 17:43:04,7.1,141.74
17076,POS消费,地点21,开水,2013/12/16 22:05:55,3.7,138.04
17076,POS消费,地点21,开水,2013/12/16 22:13:28,0.01,138.03
17076,POS消费,地点41,淋浴,2013/12/16 22:46:42,2.3,135.73
17076,POS消费,地点21,开水,2013/12/17 06:29:19,0.01,135.72
17076,POS消费,地点21,开水,2013/12/17 06:56:04,6.8,128.92
17076,POS消费,地点674,开水,2013/12/17 07:23:33,0.01,128.91
17076,POS消费,地点89,食堂,2013/12/17 12:12:06,4.5,124.41
17076,POS消费,地点21,开水,2013/12/17 12:32:46,0.01,124.4
17076,POS消费,地点753,开水,2013/12/17 12:49:05,0.14,124.26
17076,POS消费,地点91,校车,2013/12/17 17:49:14,9.9,114.36
17076,POS消费,地点243,食堂,2013/12/17 18:35:23,3.0,111.36
17076,POS消费,地点21,开水,2013/12/17 21:39:29,6.0,105.36
17076,POS消费,地点21,开水,2013/12/18 06:57:41,4.0,101.36
17076,POS消费,地点232,食堂,2013/12/18 11:48:21,5.0,96.36
17076,POS消费,地点530,开水,2013/12/18 14:34:08,0.01,96.35
17076,POS消费,地点227,食堂,2013/12/18 18:11:43,5.0,91.35
17076,POS消费,地点231,食堂,2013/12/18 18:14:46,0.8,90.55
17076,POS消费,地点677,开水,2013/12/18 20:46:47,0.01,90.54
17076,POS消费,地点188,超市,2013/12/18 22:38:22,3.7,86.84
17076,POS消费,地点753,开水,2013/12/18 22:38:42,0.12,86.72
17076,POS消费,地点21,开水,2013/12/19 06:54:57,6.8,79.92
17076,POS消费,地点675,开水,2013/12/19 08:09:20,0.01,79.91
17076,POS消费,地点227,食堂,2013/12/19 18:22:00,3.5,76.41
17076,POS消费,地点231,食堂,2013/12/19 18:25:06,0.6,75.81
17076,POS消费,地点21,开水,2013/12/19 22:39:25,0.01,75.8
17076,POS消费,地点91,校车,2013/12/20 06:59:03,2.4,73.4
17076,POS消费,地点676,开水,2013/12/20 07:38:24,0.01,73.38
17076,POS消费,地点674,开水,2013/12/20 07:38:24,0.01,73.39
17076,POS消费,地点103,食堂,2013/12/20 12:03:22,4.6,68.78
17076,POS消费,地点227,食堂,2013/12/20 17:53:23,5.0,63.78
17076,POS消费,地点231,食堂,2013/12/20 17:56:33,0.6,63.18
17076,POS消费,地点21,开水,2013/12/20 21:51:24,0.01,59.47
17076,POS消费,地点188,超市,2013/12/20 21:53:58,3.7,59.48
17076,POS消费,地点41,淋浴,2013/12/21 00:38:44,1.6,57.87
17076,POS消费,地点118,食堂,2013/12/21 07:40:09,2.5,55.37
17076,POS消费,地点118,食堂,2013/12/21 07:40:14,2.5,52.87
17076,POS消费,地点167,食堂,2013/12/21 07:45:54,3.0,49.87
17076,POS消费,地点91,校车,2013/12/21 11:16:38,8.0,41.87
17076,POS消费,地点272,食堂,2013/12/21 17:50:06,13.0,28.87
17076,POS消费,地点21,开水,2013/12/22 11:15:19,0.01,28.86
17076,POS消费,地点213,食堂,2013/12/22 11:52:04,3.3,25.56
17076,POS消费,地点309,食堂,2013/12/22 12:06:54,7.0,18.56
17076,POS消费,地点21,开水,2013/12/23 06:30:45,0.01,18.55
17076,POS消费,地点838,食堂,2013/12/23 06:55:55,3.0,15.55
17076,POS消费,地点831,开水,2013/12/23 07:10:02,0.02,15.53
17076,POS消费,地点787,开水,2013/12/23 08:34:40,0.01,15.52
17076,POS消费,地点530,开水,2013/12/23 10:05:59,0.01,15.51
17076,POS消费,地点27,教务处,2013/12/23 12:01:40,5.0,10.51
17076,POS消费,地点937,开水,2013/12/23 15:35:59,0.03,10.48
17076,POS消费,地点21,开水,2013/12/23 17:45:20,7.0,3.48
17076,卡充值,,,2013/12/23 18:03:30,300.0,303.48
17076,POS消费,地点753,开水,2013/12/23 23:01:29,0.06,303.42
17076,POS消费,地点21,开水,2013/12/24 06:25:03,0.01,303.41
17076,POS消费,地点838,食堂,2013/12/24 06:57:40,3.0,300.41
17076,POS消费,地点831,开水,2013/12/24 07:07:11,0.01,300.4
17076,POS消费,地点103,食堂,2013/12/24 12:12:33,5.6,294.8
17076,POS消费,地点41,淋浴,2013/12/24 12:37:36,1.6,293.2
17076,POS消费,地点565,开水,2013/12/24 14:12:56,0.01,293.19
17076,POS消费,地点154,食堂,2013/12/24 17:44:41,5.6,287.59
17076,POS消费,地点21,开水,2013/12/24 17:52:03,1.8,285.79
17076,POS消费,地点753,开水,2013/12/24 22:50:35,0.08,285.71
17076,POS消费,地点838,食堂,2013/12/25 06:53:59,3.0,282.71
17076,POS消费,地点677,开水,2013/12/25 07:10:51,0.01,282.7
17076,POS消费,地点188,超市,2013/12/25 21:56:05,3.7,279.0
17076,POS消费,地点21,开水,2013/12/25 22:36:56,0.01,278.99
17076,POS消费,地点21,开水,2013/12/26 09:28:56,0.01,278.98
17076,POS消费,地点679,开水,2013/12/26 10:19:44,0.01,278.97
17076,POS消费,地点227,食堂,2013/12/26 12:19:03,3.5,275.47
17076,POS消费,地点267,食堂,2013/12/26 18:07:31,4.6,270.87
17076,POS消费,地点678,开水,2013/12/26 20:02:53,0.02,270.85
17076,POS消费,地点188,超市,2013/12/26 22:34:21,6.7,264.15
17076,POS消费,地点21,开水,2013/12/26 22:34:51,0.01,264.14
17076,POS消费,地点21,开水,2013/12/27 06:23:39,0.01,264.13
17076,POS消费,地点838,食堂,2013/12/27 06:52:19,3.0,261.13
17076,POS消费,地点831,开水,2013/12/27 07:08:33,0.01,261.12
17076,POS消费,地点831,开水,2013/12/27 07:09:02,0.01,261.11
17076,POS消费,地点236,食堂,2013/12/27 12:17:25,3.2,257.91
17076,POS消费,地点21,开水,2013/12/27 12:18:33,3.6,254.31
17076,POS消费,地点21,开水,2013/12/27 14:02:16,10.9,243.41
17076,POS消费,地点89,食堂,2013/12/27 17:14:04,6.0,237.41
17076,POS消费,地点21,开水,2013/12/27 22:08:18,0.01,229.0
17076,POS消费,地点188,超市,2013/12/27 22:10:37,8.4,229.01
17076,POS消费,地点12,文印中心,2013/12/28 01:34:04,1.9,227.1
17076,POS消费,地点21,开水,2013/12/28 09:03:39,0.01,227.09
17076,POS消费,地点288,校车,2013/12/28 09:36:49,4.0,223.09
17076,POS消费,地点188,超市,2013/12/28 16:14:18,6.9,216.19
17076,POS消费,地点21,开水,2013/12/28 22:32:06,0.01,206.58
17076,POS消费,地点21,开水,2013/12/28 22:33:30,9.6,206.59
17076,POS消费,地点118,食堂,2013/12/29 09:09:26,5.0,201.58
17076,POS消费,地点526,食堂,2013/12/29 09:10:17,1.0,200.58
17076,POS消费,地点89,食堂,2013/12/29 11:55:49,4.5,196.08
17076,POS消费,地点1472,校车,2013/12/29 18:16:30,1.0,195.08
17076,POS消费,地点21,开水,2013/12/30 08:04:35,0.01,195.07
17076,POS消费,地点21,开水,2013/12/30 08:22:22,0.01,195.06
17076,POS消费,地点91,校车,2013/12/30 11:41:08,8.0,187.06
17076,POS消费,地点227,食堂,2013/12/30 18:05:27,5.0,182.06
17076,POS消费,地点231,食堂,2013/12/30 18:09:44,1.4,180.66
17076,POS消费,地点218,食堂,2013/12/30 18:32:37,4.4,176.26
17076,POS消费,地点21,开水,2013/12/30 22:21:58,0.01,176.25
17076,POS消费,地点21,开水,2013/12/31 07:35:59,4.5,171.75
17076,POS消费,地点227,食堂,2013/12/31 11:18:59,5.0,166.75
17076,POS消费,地点752,淋浴,2013/12/31 11:55:57,1.5,165.25
17076,POS消费,地点178,校车,2013/12/31 12:46:50,4.0,161.25
17076,POS消费,地点224,校车,2013/12/31 17:02:18,4.0,157.25
17076,POS消费,地点21,开水,2013/12/31 21:42:20,0.01,157.24
17076,POS消费,地点21,开水,2014/01/01 11:33:39,0.01,157.23
17076,POS消费,地点21,开水,2014/01/01 11:47:11,0.01,157.22
17076,POS消费,地点228,食堂,2014/01/01 12:23:15,6.5,150.72
17076,POS消费,地点231,食堂,2014/01/01 12:26:41,0.6,150.12
17076,POS消费,地点228,食堂,2014/01/01 12:33:29,7.0,143.12
17076,POS消费,地点231,食堂,2014/01/01 12:36:31,0.4,142.72
17076,POS消费,地点682,开水,2014/01/01 12:52:00,0.02,142.69
17076,POS消费,地点188,超市,2014/01/01 16:04:33,5.2,137.49
17076,POS消费,地点21,开水,2014/01/01 16:10:52,0.01,137.48
17076,POS消费,地点838,食堂,2014/01/02 07:40:22,3.0,134.48
17076,POS消费,地点103,食堂,2014/01/02 11:37:39,5.66,128.82
17076,POS消费,地点103,食堂,2014/01/02 11:37:58,-5.66,134.48
17076,POS消费,地点103,食堂,2014/01/02 11:38:04,5.6,128.88
17076,POS消费,地点227,食堂,2014/01/02 17:33:29,5.0,123.88
17076,POS消费,地点231,食堂,2014/01/02 17:37:08,0.8,123.08
17076,POS消费,地点87,食堂,2014/01/03 07:41:26,4.3,118.78
17076,POS消费,地点21,开水,2014/01/03 11:52:08,4.6,114.18
17076,POS消费,地点752,淋浴,2014/01/03 12:24:49,2.5,111.68
17076,POS消费,地点83,食堂,2014/01/03 14:19:22,5.0,106.68
17076,POS消费,地点230,食堂,2014/01/03 18:23:00,4.5,102.18
17076,POS消费,地点21,开水,2014/01/03 18:28:06,0.5,101.68
17076,POS消费,地点192,超市,2014/01/03 22:16:52,5.2,96.48
17076,POS消费,地点753,开水,2014/01/03 22:21:25,0.07,96.41
17076,POS消费,地点87,食堂,2014/01/04 08:45:25,2.3,93.31
17076,POS消费,地点60,食堂,2014/01/04 08:46:46,0.8,95.61
17076,POS消费,地点91,校车,2014/01/04 08:51:45,2.0,91.31
17076,POS消费,地点227,食堂,2014/01/04 12:13:21,5.0,86.31
17076,POS消费,地点231,食堂,2014/01/04 12:16:32,1.2,85.11
17076,POS消费,地点103,食堂,2014/01/04 17:28:13,4.4,80.71
17076,POS消费,地点103,食堂,2014/01/04 17:28:24,5.6,75.11
17076,POS消费,地点21,开水,2014/01/04 17:42:53,4.6,70.51
17076,POS消费,地点188,超市,2014/01/04 22:22:05,5.7,64.81
17076,POS消费,地点21,开水,2014/01/04 23:11:26,0.01,64.8
17076,POS消费,地点87,食堂,2014/01/05 07:46:19,4.0,60.8
17076,POS消费,地点227,食堂,2014/01/05 11:47:33,5.0,55.8
17076,POS消费,地点21,开水,2014/01/05 12:34:43,0.01,55.79
17076,POS消费,地点996,图书馆,2014/01/05 15:07:08,2.9,52.89
17076,POS消费,地点270,食堂,2014/01/05 17:29:03,5.5,47.39
17076,POS消费,地点21,开水,2014/01/06 06:58:52,0.01,47.38
17076,POS消费,地点83,食堂,2014/01/06 07:41:27,5.0,42.38
17076,POS消费,地点87,食堂,2014/01/06 07:47:45,3.3,39.08
17076,POS消费,地点228,食堂,2014/01/06 18:18:34,7.0,32.08
17076,POS消费,地点231,食堂,2014/01/06 18:20:51,0.8,31.28
17076,POS消费,地点752,淋浴,2014/01/06 22:20:20,1.9,29.38
17076,POS消费,地点753,开水,2014/01/07 08:42:10,0.09,29.29
17076,POS消费,地点227,食堂,2014/01/07 11:37:17,5.0,24.29
17076,POS消费,地点231,食堂,2014/01/07 11:40:19,1.0,23.29
17076,POS消费,地点21,开水,2014/01/07 17:49:10,4.5,18.79
17076,POS消费,地点217,食堂,2014/01/07 17:58:49,1.8,16.99
17076,POS消费,地点21,开水,2014/01/07 22:19:37,0.01,16.98
17076,POS消费,地点21,开水,2014/01/08 06:34:07,0.01,16.97
17076,POS消费,地点192,超市,2014/01/08 18:42:13,3.0,13.97
17076,POS消费,地点21,开水,2014/01/08 22:52:12,0.01,13.96
17076,POS消费,地点21,开水,2014/01/09 07:23:54,0.01,13.95
17076,POS消费,地点60,食堂,2014/01/09 07:58:34,0.8,13.15
17076,POS消费,地点72,食堂,2014/01/09 08:00:23,1.6,11.55
17076,POS消费,地点227,食堂,2014/01/09 11:17:59,5.0,6.55
17076,POS消费,地点243,食堂,2014/01/09 11:24:26,0.8,5.75
17076,POS消费,地点752,淋浴,2014/01/09 11:38:37,2.1,3.65
17076,POS消费,地点21,开水,2014/01/10 07:03:49,0.01,3.64
17076,卡充值,,,2014/01/10 17:17:57,200.0,203.64
17076,POS消费,地点253,食堂,2014/01/10 17:31:34,5.4,198.24
17076,POS消费,地点243,食堂,2014/01/10 17:40:30,3.6,194.64
17076,POS消费,地点188,超市,2014/01/10 22:11:19,3.6,191.04
17076,POS消费,地点21,开水,2014/01/10 22:22:29,0.01,191.03
17076,POS消费,地点21,开水,2014/01/11 00:46:59,0.01,191.02
17076,POS消费,地点21,开水,2014/01/11 10:34:35,0.01,191.01
17076,POS消费,地点89,食堂,2014/01/11 11:23:35,6.0,185.01
17076,POS消费,地点227,食堂,2014/01/11 17:31:42,5.0,180.01
17076,POS消费,地点231,食堂,2014/01/11 17:35:13,0.8,179.21
17076,POS消费,地点21,开水,2014/01/11 22:21:14,4.2,175.01
17076,POS消费,地点21,开水,2014/01/11 22:21:53,0.01,175.0
17076,POS消费,地点753,开水,2014/01/12 07:10:53,0.22,174.78
17076,POS消费,地点61,食堂,2014/01/12 07:43:05,1.6,173.18
17076,POS消费,地点60,食堂,2014/01/12 07:45:13,0.3,172.88
17076,POS消费,地点228,食堂,2014/01/12 10:58:02,6.5,166.38
17076,POS消费,地点231,食堂,2014/01/12 10:59:38,0.6,165.78
17076,POS消费,地点21,开水,2014/01/12 17:34:23,4.6,161.18
17076,POS消费,地点243,食堂,2014/01/12 17:44:26,3.6,157.58
17076,POS消费,地点21,开水,2014/01/13 06:26:41,0.01,157.57
17076,POS消费,地点69,食堂,2014/01/13 07:05:16,2.4,155.17
17076,POS消费,地点60,食堂,2014/01/13 07:07:20,0.8,154.37
17076,POS消费,地点227,食堂,2014/01/13 11:12:53,5.0,149.37
17076,POS消费,地点231,食堂,2014/01/13 11:17:49,1.0,148.37
17076,POS消费,地点264,食堂,2014/01/13 17:28:32,5.6,142.77
17076,POS消费,地点21,开水,2014/01/13 17:40:45,6.0,136.77
17076,POS消费,地点188,超市,2014/01/13 22:15:04,3.7,133.07
17076,POS消费,地点753,开水,2014/01/13 22:18:09,0.12,132.95
17076,POS消费,地点87,食堂,2014/01/14 07:47:16,4.0,128.95
17076,POS消费,地点83,食堂,2014/01/14 12:11:01,5.0,123.95
17076,POS消费,地点227,食堂,2014/01/14 16:52:17,5.0,118.95
17076,POS消费,地点231,食堂,2014/01/14 16:55:42,1.0,117.95
17076,POS消费,地点21,开水,2014/01/15 07:10:58,0.01,117.94
17076,POS消费,地点87,食堂,2014/01/15 07:46:57,3.3,114.64
17076,POS消费,地点996,图书馆,2014/01/15 11:16:14,9.6,105.04
17076,POS消费,地点227,食堂,2014/01/15 17:56:16,3.5,101.54
17076,POS消费,地点231,食堂,2014/01/15 17:59:46,0.6,100.94
17076,POS消费,地点243,食堂,2014/01/15 18:01:21,1.8,99.14
17076,POS消费,地点188,超市,2014/01/15 22:29:49,3.7,95.44
17076,POS消费,地点21,开水,2014/01/15 22:34:14,0.01,95.43
17076,POS消费,地点752,淋浴,2014/01/15 23:10:56,2.5,92.93
17076,POS消费,地点753,开水,2014/01/15 23:46:57,0.07,92.86
17076,POS消费,地点21,开水,2014/01/15 23:58:37,0.01,92.85
17076,POS消费,地点21,开水,2014/01/16 06:07:48,0.01,92.84
17076,POS消费,地点87,食堂,2014/01/16 07:48:09,3.3,89.54
17076,POS消费,地点789,开水,2014/01/16 08:08:05,0.01,89.53
17076,POS消费,地点830,开水,2014/01/16 08:57:07,0.01,89.52
17076,POS消费,地点297,校车,2014/01/16 12:52:59,4.0,85.52
17076,POS消费,地点248,超市,2014/01/16 16:32:25,2.5,83.02
17076,POS消费,地点953,校车,2014/01/16 17:11:25,4.0,79.02
17076,POS消费,地点192,超市,2014/01/16 18:14:48,3.1,75.92
17076,POS消费,地点188,超市,2014/02/21 14:15:42,4.0,71.92
17076,POS消费,地点21,开水,2014/02/22 11:12:39,0.01,71.91
17076,POS消费,地点21,开水,2014/02/22 11:29:35,0.01,71.9
17076,POS消费,地点69,食堂,2014/02/22 12:10:11,5.6,66.3
17076,POS消费,地点243,食堂,2014/02/22 12:24:44,1.8,64.5
17076,POS消费,地点21,开水,2014/02/23 09:14:31,0.01,64.49
17076,POS消费,地点227,食堂,2014/02/23 11:14:34,5.0,59.49
17076,POS消费,地点21,开水,2014/02/23 15:35:35,4.2,55.29
17076,POS消费,地点21,开水,2014/02/24 06:29:10,0.01,55.28
17076,POS消费,地点266,食堂,2014/02/24 06:57:42,2.6,52.68
17076,POS消费,地点674,开水,2014/02/24 07:03:54,0.01,52.67
17076,POS消费,地点89,食堂,2014/02/24 12:14:16,4.5,48.17
17076,POS消费,地点752,淋浴,2014/02/24 12:36:21,2.0,46.17
17076,POS消费,地点148,开水,2014/02/24 15:16:05,0.01,46.16
17076,POS消费,地点228,食堂,2014/02/24 17:14:03,6.5,39.66
17076,POS消费,地点231,食堂,2014/02/24 17:16:56,0.6,39.06
17076,POS消费,地点21,开水,2014/02/24 21:59:56,0.01,39.05
17076,POS消费,地点840,食堂,2014/02/25 06:56:45,3.0,34.85
17076,POS消费,地点674,开水,2014/02/25 07:13:10,0.01,34.84
17076,POS消费,地点814,开水,2014/02/25 10:01:02,0.01,34.83
17076,POS消费,地点21,开水,2014/02/25 12:15:52,4.6,30.23
17076,POS消费,地点21,开水,2014/02/25 12:25:13,3.6,26.63
17076,POS消费,地点91,校车,2014/02/25 16:43:06,8.9,17.73
17076,POS消费,地点753,开水,2014/02/25 22:48:06,0.1,17.63
17076,POS消费,地点840,食堂,2014/02/26 06:49:43,3.0,14.63
17076,POS消费,地点831,开水,2014/02/26 08:02:00,0.01,14.62
17076,POS消费,地点227,食堂,2014/02/26 12:02:38,5.0,9.62
17076,POS消费,地点148,开水,2014/02/26 16:24:29,0.01,9.59
17076,POS消费,地点150,食堂,2014/02/26 17:15:34,7.1,2.49
17076,POS消费,地点21,开水,2014/02/26 21:45:26,0.01,2.48
17076,POS消费,地点674,开水,2014/02/27 07:30:27,0.02,2.46
17076,POS消费,地点530,开水,2014/02/27 09:58:20,0.01,2.45
17076,卡充值,,,2014/02/27 12:29:50,200.0,202.45
17076,POS消费,地点228,食堂,2014/02/27 12:44:09,7.0,195.45
17076,POS消费,地点231,食堂,2014/02/27 12:45:31,0.6,194.85
17076,POS消费,地点21,开水,2014/02/27 13:50:56,0.01,194.84
17076,POS消费,地点752,淋浴,2014/02/27 14:06:57,1.8,193.04
17076,POS消费,地点752,淋浴,2014/02/27 14:24:45,0.1,192.94
17076,POS消费,地点91,校车,2014/02/27 17:01:20,8.9,184.04
17076,POS消费,地点91,校车,2014/02/27 17:01:26,-8.9,192.94
17076,POS消费,地点91,校车,2014/02/27 17:01:30,7.9,185.04
17076,POS消费,地点21,开水,2014/02/27 22:06:28,0.01,185.03
17076,POS消费,地点840,食堂,2014/02/28 06:49:58,3.0,182.03
17076,POS消费,地点676,开水,2014/02/28 07:28:10,0.01,182.02
17076,POS消费,地点227,食堂,2014/02/28 12:34:32,5.0,177.02
17076,POS消费,地点21,开水,2014/02/28 12:37:57,0.6,176.42
17076,POS消费,地点676,开水,2014/02/28 12:45:18,0.01,176.41
17076,POS消费,地点674,开水,2014/02/28 13:44:09,0.01,176.4
17076,POS消费,地点674,开水,2014/02/28 14:23:44,0.01,176.39
17076,POS消费,地点146,校车,2014/02/28 17:39:45,1.0,175.39
17076,POS消费,地点188,超市,2014/02/28 19:41:17,5.3,170.09
17076,POS消费,地点87,食堂,2014/03/01 07:35:42,3.0,167.09
17076,POS消费,地点996,图书馆,2014/03/01 09:51:58,5.0,162.09
17076,POS消费,地点1542,校车,2014/03/01 10:31:08,4.0,158.09
17076,POS消费,地点232,食堂,2014/03/01 11:26:10,6.0,152.09
17076,POS消费,地点21,开水,2014/03/01 11:26:22,0.65,151.44
17076,POS消费,地点920,校车,2014/03/01 15:56:34,4.0,147.44
17076,POS消费,地点230,食堂,2014/03/01 17:01:11,4.5,142.94
17076,POS消费,地点21,开水,2014/03/01 21:23:09,0.01,138.63
17076,POS消费,地点188,超市,2014/03/01 21:28:32,4.3,138.64
17076,POS消费,地点21,开水,2014/03/02 07:26:55,0.01,138.62
17076,POS消费,地点89,食堂,2014/03/02 08:13:32,3.0,135.62
17076,POS消费,地点787,开水,2014/03/02 09:45:23,0.01,135.61
17076,POS消费,地点6,淋浴,2014/03/02 11:34:19,6.0,129.61
17076,POS消费,地点21,开水,2014/03/02 11:35:14,1.0,128.61
17076,POS消费,地点839,食堂,2014/03/02 11:35:37,3.0,125.61
17076,POS消费,地点789,开水,2014/03/02 16:03:03,0.02,125.59
17076,POS消费,地点842,食堂,2014/03/02 17:53:28,5.0,120.59
17076,POS消费,地点21,开水,2014/03/02 17:58:39,1.0,119.59
17076,POS消费,地点21,开水,2014/03/02 18:09:33,0.8,118.79
17076,POS消费,地点21,开水,2014/03/02 22:19:19,0.01,115.78
17076,POS消费,地点188,超市,2014/03/02 22:20:23,3.0,115.79
17076,POS消费,地点21,开水,2014/03/03 06:34:24,0.01,115.77
17076,POS消费,地点840,食堂,2014/03/03 06:50:42,3.0,112.77
17076,POS消费,地点676,开水,2014/03/03 07:03:36,0.01,112.76
17076,POS消费,地点1409,食堂,2014/03/03 12:16:43,5.6,107.16
17076,POS消费,地点148,开水,2014/03/03 14:31:59,0.01,107.15
17076,POS消费,地点752,淋浴,2014/03/03 16:27:31,2.4,104.75
17076,POS消费,地点1545,食堂,2014/03/03 17:41:04,5.6,99.15
17076,POS消费,地点753,开水,2014/03/03 22:00:02,0.11,94.34
17076,POS消费,地点192,超市,2014/03/03 22:03:50,4.7,94.45
17076,POS消费,地点840,食堂,2014/03/04 06:50:26,3.0,91.34
17076,POS消费,地点676,开水,2014/03/04 07:13:19,0.01,91.33
17076,POS消费,地点790,开水,2014/03/04 07:55:50,0.02,91.31
17076,POS消费,地点227,食堂,2014/03/04 11:22:20,5.0,86.31
17076,POS消费,地点231,食堂,2014/03/04 11:24:55,0.8,85.51
17076,POS消费,地点21,开水,2014/03/04 14:02:01,2.8,82.71
17076,POS消费,地点168,食堂,2014/03/04 17:09:46,5.5,77.21
17076,POS消费,地点753,开水,2014/03/04 21:55:49,0.09,77.12
17076,POS消费,地点840,食堂,2014/03/05 06:51:56,3.0,74.12
17076,POS消费,地点676,开水,2014/03/05 07:40:46,0.01,74.11
17076,POS消费,地点676,开水,2014/03/05 09:14:35,0.01,74.1
17076,POS消费,地点230,食堂,2014/03/05 11:25:00,5.0,69.1
17076,POS消费,地点148,开水,2014/03/05 15:10:36,0.01,69.09
17076,POS消费,地点148,开水,2014/03/05 16:09:46,0.01,69.08
17076,POS消费,地点227,食堂,2014/03/05 17:38:27,3.5,65.58
17076,POS消费,地点231,食堂,2014/03/05 17:41:01,0.6,64.98
17076,POS消费,地点243,食堂,2014/03/05 17:42:16,1.8,63.18
17076,POS消费,地点753,开水,2014/03/05 22:00:13,0.09,57.99
17076,POS消费,地点192,超市,2014/03/05 22:01:17,5.1,58.08
17076,POS消费,地点21,开水,2014/03/06 06:21:34,0.01,57.98
17076,POS消费,地点840,食堂,2014/03/06 06:52:27,3.0,54.98
17076,POS消费,地点674,开水,2014/03/06 07:07:39,0.01,54.97
17076,POS消费,地点179,食堂,2014/03/06 12:16:33,5.6,49.37
17076,POS消费,地点21,开水,2014/03/06 12:23:27,3.6,45.77
17076,POS消费,地点21,开水,2014/03/06 21:47:10,0.01,45.76
17076,POS消费,地点118,食堂,2014/03/07 08:11:24,6.5,39.26
17076,POS消费,地点678,开水,2014/03/07 08:18:33,0.01,39.25
17076,POS消费,地点676,开水,2014/03/07 15:12:06,0.01,39.24
17076,POS消费,地点103,食堂,2014/03/08 09:01:26,2.4,36.84
17076,POS消费,地点752,淋浴,2014/03/08 21:24:28,2.6,34.24
17076,POS消费,地点21,开水,2014/03/08 22:18:12,0.01,34.23
17076,POS消费,地点21,开水,2014/03/09 00:13:49,0.01,34.22
17076,POS消费,地点21,开水,2014/03/09 10:41:48,0.01,34.21
17076,POS消费,地点227,食堂,2014/03/09 11:41:10,5.0,28.01
17076,POS消费,地点231,食堂,2014/03/09 11:43:58,0.8,27.21
17076,POS消费,地点787,开水,2014/03/09 12:58:37,0.01,27.2
17076,POS消费,地点270,食堂,2014/03/09 17:36:36,4.5,22.7
17076,POS消费,地点787,开水,2014/03/09 18:17:05,0.01,22.69
17076,POS消费,地点192,超市,2014/03/09 21:04:22,3.7,18.99
17076,POS消费,地点21,开水,2014/03/09 22:25:58,0.01,18.98
17076,POS消费,地点21,开水,2014/03/10 06:32:33,0.01,18.97
17076,POS消费,地点840,食堂,2014/03/10 07:02:08,3.0,15.97
17076,POS消费,地点674,开水,2014/03/10 10:17:04,0.01,15.96
17076,POS消费,地点682,开水,2014/03/10 10:59:14,0.02,15.94
17076,POS消费,地点65,食堂,2014/03/10 17:36:22,7.6,8.34
17076,POS消费,地点243,食堂,2014/03/10 17:43:50,1.8,6.54
17076,POS消费,地点21,开水,2014/03/10 21:45:39,0.01,6.53
17076,POS消费,地点753,开水,2014/03/10 22:50:34,0.1,6.43
17076,POS消费,地点526,食堂,2014/03/11 07:16:05,4.0,2.43
17076,POS消费,地点676,开水,2014/03/11 07:24:19,0.01,2.42
17076,POS消费,地点565,开水,2014/03/11 08:05:42,0.01,2.41
17076,POS消费,地点830,开水,2014/03/11 16:55:31,0.01,2.4
17076,POS消费,地点830,开水,2014/03/11 17:45:47,0.01,2.39
17076,POS消费,地点835,开水,2014/03/11 20:09:29,0.01,2.38
17076,卡挂失,,,2014/03/12 12:19:26,0.0,0.0
17076,卡片开户,,,2014/03/12 12:20:10,100.0,85.0
17076,POS消费,地点148,开水,2014/03/12 14:24:15,0.01,84.99
17076,POS消费,地点21,开水,2014/03/12 22:09:21,0.01,64.98
17076,POS消费,地点326,洗衣房,2014/03/12 22:15:27,20.0,64.99
17076,POS消费,地点752,淋浴,2014/03/12 22:54:14,2.0,62.98
17076,POS消费,地点676,开水,2014/03/13 07:14:23,0.01,56.97
17076,POS消费,地点118,食堂,2014/03/13 07:18:24,6.0,56.98
17076,POS消费,地点148,开水,2014/03/13 08:10:22,0.01,56.96
17076,POS消费,地点1118,洗衣房,2014/03/13 10:21:05,1.2,55.76
17076,POS消费,地点232,食堂,2014/03/13 12:15:50,8.0,47.76
17076,POS消费,地点996,图书馆,2014/03/13 13:25:45,4.5,43.26
17076,POS消费,地点996,图书馆,2014/03/13 14:38:40,1.2,42.06
17076,POS消费,地点21,开水,2014/03/13 22:03:46,0.01,42.05
17076,POS消费,地点21,开水,2014/03/14 06:48:00,0.01,42.04
17076,POS消费,地点118,食堂,2014/03/14 08:13:59,3.0,39.04
17076,POS消费,地点681,开水,2014/03/14 10:09:40,0.01,39.03
17076,POS消费,地点677,开水,2014/03/14 13:32:40,0.01,34.42
17076,POS消费,地点674,开水,2014/03/14 14:12:49,0.01,34.41
17076,POS消费,地点676,开水,2014/03/14 15:10:44,0.01,34.4
17076,POS消费,地点228,食堂,2014/03/14 17:18:05,8.0,26.4
17076,POS消费,地点231,食堂,2014/03/14 17:19:18,0.6,25.8
17076,POS消费,地点243,食堂,2014/03/14 17:42:13,3.6,22.2
17076,POS消费,地点753,开水,2014/03/14 22:30:17,0.14,22.06
17076,POS消费,地点21,开水,2014/03/15 10:11:08,0.01,22.05
17076,POS消费,地点27,教务处,2014/03/15 11:21:16,5.5,16.55
17076,POS消费,地点790,开水,2014/03/15 13:04:02,0.01,16.54
17076,POS消费,地点203,食堂,2014/03/15 17:57:58,6.5,10.04
17076,POS消费,地点21,开水,2014/03/16 07:05:51,0.01,10.03
17076,POS消费,地点57,食堂,2014/03/16 07:43:44,2.6,7.43
17076,POS消费,地点787,开水,2014/03/16 08:01:58,0.01,7.42
17076,POS消费,地点230,食堂,2014/03/16 12:20:04,4.5,2.92
17076,POS消费,地点752,淋浴,2014/03/16 22:14:20,1.5,1.42
17076,POS消费,地点674,开水,2014/03/17 07:19:10,0.01,1.41
17076,POS消费,地点530,开水,2014/03/17 07:57:52,0.02,1.39
17076,POS消费,地点148,开水,2014/03/17 11:01:50,0.03,1.36
17076,卡片销户,,,2014/03/17 12:53:38,1.36,0.0
17076,卡补办,,,2014/03/17 12:54:22,216.36,203.74
17076,更新卡信息,,,2014/03/17 12:54:53,0.0,0.0
17076,POS消费,地点148,开水,2014/03/17 14:24:31,0.01,203.73
17076,POS消费,地点91,校车,2014/03/17 17:47:17,8.0,195.73
17076,POS消费,地点996,图书馆,2014/03/17 19:22:50,2.8,192.93
17076,POS消费,地点753,开水,2014/03/17 21:55:37,0.09,192.84
17076,POS消费,地点89,食堂,2014/03/18 12:27:31,4.5,188.34
17076,POS消费,地点118,食堂,2014/03/18 19:01:15,7.8,180.54
17076,POS消费,地点21,开水,2014/03/18 21:21:04,0.01,180.53
17076,POS消费,地点677,开水,2014/03/19 07:59:18,0.02,180.51
17076,POS消费,地点270,食堂,2014/03/19 11:43:04,4.5,176.01
17076,POS消费,地点752,淋浴,2014/03/19 13:53:09,1.4,174.61
17076,POS消费,地点996,图书馆,2014/03/19 16:11:30,3.4,171.21
17076,POS消费,地点21,开水,2014/03/19 17:39:25,6.2,165.01
17076,POS消费,地点188,超市,2014/03/19 22:03:21,3.7,161.31
17076,POS消费,地点753,开水,2014/03/19 22:08:50,0.06,161.25
17076,POS消费,地点1552,洗衣房,2014/03/19 22:11:55,1.2,160.05
17076,POS消费,地点148,开水,2014/03/20 08:33:55,0.01,160.04
17076,POS消费,地点526,食堂,2014/03/20 08:53:23,4.7,155.34
17076,POS消费,地点203,食堂,2014/03/20 11:54:13,5.5,149.84
17076,POS消费,地点212,图书馆,2014/03/20 12:10:28,2.8,147.04
17076,POS消费,地点168,食堂,2014/03/20 18:39:14,5.5,141.54
17076,POS消费,地点21,开水,2014/03/20 21:30:10,0.01,141.53
17076,POS消费,地点840,食堂,2014/03/21 07:00:22,3.0,138.53
17076,POS消费,地点679,开水,2014/03/21 08:12:19,0.01,138.52
17076,POS消费,地点678,开水,2014/03/21 10:07:09,0.01,138.51
17076,POS消费,地点234,食堂,2014/03/21 12:28:54,4.1,134.41
17076,POS消费,地点234,食堂,2014/03/21 12:30:51,0.1,134.31
17076,POS消费,地点831,开水,2014/03/21 13:28:14,0.02,134.29
17076,POS消费,地点674,开水,2014/03/21 15:16:52,0.02,134.27
17076,POS消费,地点21,开水,2014/03/21 17:13:55,6.0,128.27
17076,POS消费,地点21,开水,2014/03/21 17:30:48,2.0,126.27
17076,POS消费,地点526,食堂,2014/03/22 08:37:36,6.0,120.27
17076,POS消费,地点148,开水,2014/03/22 08:53:13,0.01,120.25
17076,POS消费,地点87,食堂,2014/03/22 11:36:20,4.6,115.65
17076,POS消费,地点232,食堂,2014/03/22 17:09:39,8.9,106.75
17076,POS消费,地点188,超市,2014/03/22 22:24:00,4.8,101.95
17076,POS消费,地点21,开水,2014/03/22 22:25:57,0.01,101.94
17076,POS消费,地点118,食堂,2014/03/23 08:25:02,6.0,95.94
17076,POS消费,地点227,食堂,2014/03/23 11:18:01,5.0,90.94
17076,POS消费,地点231,食堂,2014/03/23 11:21:06,0.8,90.14
17076,POS消费,地点21,开水,2014/03/23 12:08:44,0.01,90.13
17076,POS消费,地点188,超市,2014/03/23 14:08:39,4.8,85.33
17076,POS消费,地点787,开水,2014/03/23 14:17:40,0.01,85.32
17076,POS消费,地点91,校车,2014/03/23 17:06:39,5.6,79.72
17076,POS消费,地点841,食堂,2014/03/23 17:07:54,1.5,78.22
17076,POS消费,地点789,开水,2014/03/23 17:19:43,0.02,78.2
17076,POS消费,地点21,开水,2014/03/23 22:51:55,0.01,78.19
17076,POS消费,地点526,食堂,2014/03/24 07:11:10,4.8,73.39
17076,POS消费,地点674,开水,2014/03/24 07:25:32,0.01,73.38
17076,POS消费,地点148,开水,2014/03/24 11:10:17,0.02,73.36
17076,POS消费,地点228,食堂,2014/03/24 12:41:10,6.5,66.86
17076,POS消费,地点231,食堂,2014/03/24 12:45:43,0.6,66.26
17076,POS消费,地点678,开水,2014/03/24 15:00:09,0.01,66.25
17076,POS消费,地点753,开水,2014/03/24 22:04:48,0.09,66.16
17076,POS消费,地点69,食堂,2014/03/25 07:06:25,2.6,63.56
17076,POS消费,地点676,开水,2014/03/25 07:42:25,0.01,63.55
17076,POS消费,地点227,食堂,2014/03/25 11:31:50,5.0,58.55
17076,POS消费,地点231,食堂,2014/03/25 11:34:35,0.6,57.95
17076,POS消费,地点752,淋浴,2014/03/25 11:52:09,2.3,55.65
17076,POS消费,地点753,开水,2014/03/25 12:40:11,0.17,55.48
17076,POS消费,地点91,校车,2014/03/25 16:59:00,9.9,45.58
17076,POS消费,地点21,开水,2014/03/25 22:53:06,0.01,45.57
17076,POS消费,地点840,食堂,2014/03/26 07:04:20,3.0,42.57
17076,POS消费,地点674,开水,2014/03/26 07:41:54,0.02,42.55
17076,POS消费,地点842,食堂,2014/03/26 11:42:46,5.0,37.55
17076,POS消费,地点21,开水,2014/03/26 11:42:47,1.0,36.55
17076,POS消费,地点21,开水,2014/03/26 11:42:53,0.5,36.05
17076,POS消费,地点148,开水,2014/03/26 15:12:40,0.03,36.02
17076,POS消费,地点72,食堂,2014/03/26 17:55:27,1.6,34.42
17076,POS消费,地点184,食堂,2014/03/26 17:56:22,2.5,31.92
17076,POS消费,地点89,食堂,2014/03/26 17:57:23,4.0,27.92
17076,POS消费,地点218,食堂,2014/03/26 18:15:23,3.0,24.92
17076,POS消费,地点565,开水,2014/03/26 19:10:37,0.01,24.91
17076,POS消费,地点565,开水,2014/03/26 19:52:09,0.01,24.9
17076,POS消费,地点188,超市,2014/03/26 21:05:02,3.7,21.2
17076,POS消费,地点21,开水,2014/03/26 21:29:47,0.01,21.19
17076,POS消费,地点21,开水,2014/03/26 21:37:36,0.01,21.18
17076,POS消费,地点676,开水,2014/03/27 07:41:39,0.01,21.17
17076,POS消费,地点249,食堂,2014/03/27 11:46:19,5.6,15.57
17076,POS消费,地点21,开水,2014/03/27 12:07:49,0.01,15.56
17076,POS消费,地点227,食堂,2014/03/27 17:52:13,5.0,10.56
17076,POS消费,地点21,开水,2014/03/27 21:55:31,0.01,10.55
17076,POS消费,地点787,开水,2014/03/28 12:14:57,0.01,10.54
17076,POS消费,地点674,开水,2014/03/28 13:41:42,0.01,10.53
17076,POS消费,地点154,食堂,2014/03/28 16:58:53,5.6,4.93
17076,POS消费,地点217,食堂,2014/03/28 16:59:45,2.0,2.93
17076,POS消费,地点21,开水,2014/03/28 21:55:36,0.01,2.92
17076,POS消费,地点789,开水,2014/03/29 09:11:33,0.01,2.91
17076,卡充值,,,2014/03/29 11:58:36,300.0,302.91
17076,POS消费,地点227,食堂,2014/03/29 12:11:36,5.0,297.91
17076,POS消费,地点231,食堂,2014/03/29 12:14:06,0.8,297.11
17076,POS消费,地点218,食堂,2014/03/29 12:30:12,4.0,293.11
17076,POS消费,地点222,校车,2014/03/29 15:31:56,1.0,292.11
17076,POS消费,地点89,食堂,2014/03/29 17:31:13,4.0,288.11
17076,POS消费,地点218,食堂,2014/03/29 17:42:03,2.9,285.21
17076,POS消费,地点188,超市,2014/03/29 21:21:33,6.2,279.01
17076,POS消费,地点21,开水,2014/03/29 22:14:44,0.01,279.0
17076,POS消费,地点752,淋浴,2014/03/30 07:31:49,1.2,277.8
17076,POS消费,地点787,开水,2014/03/30 09:11:15,0.01,277.79
17076,POS消费,地点89,食堂,2014/03/30 11:23:52,6.0,271.79
17076,POS消费,地点21,开水,2014/03/30 12:21:14,0.01,271.78
17076,POS消费,地点268,食堂,2014/03/30 17:14:32,4.6,267.18
17076,POS消费,地点114,食堂,2014/03/30 17:15:55,5.0,262.18
17076,POS消费,地点21,开水,2014/03/30 21:50:50,0.01,258.47
17076,POS消费,地点21,开水,2014/03/30 21:54:04,3.7,258.48
17076,POS消费,地点21,开水,2014/03/30 22:08:48,0.01,258.46
17076,POS消费,地点21,开水,2014/03/30 22:18:07,0.01,258.45
17076,POS消费,地点676,开水,2014/03/31 07:41:32,0.01,258.44
17076,POS消费,地点1471,食堂,2014/03/31 09:11:55,3.1,255.34
17076,POS消费,地点676,开水,2014/03/31 10:15:04,0.01,255.33
17076,POS消费,地点972,食堂,2014/03/31 12:17:42,5.6,249.73
17076,POS消费,地点972,食堂,2014/03/31 17:52:00,5.6,244.13
17076,POS消费,地点831,开水,2014/03/31 19:10:59,0.02,244.11
17076,POS消费,地点21,开水,2014/03/31 22:06:56,0.01,244.1
17076,POS消费,地点1368,食堂,2014/04/01 07:59:14,3.0,241.1
17076,POS消费,地点21,开水,2014/04/01 11:10:14,0.01,241.09
17076,POS消费,地点236,食堂,2014/04/01 11:48:03,3.8,237.29
17076,POS消费,地点21,开水,2014/04/01 11:49:03,1.8,235.49
17076,POS消费,地点996,图书馆,2014/04/01 13:47:19,3.5,231.99
17076,POS消费,地点753,开水,2014/04/01 22:08:32,0.1,231.89
17076,POS消费,地点840,食堂,2014/04/02 07:05:31,3.0,228.89
17076,POS消费,地点676,开水,2014/04/02 07:41:45,0.01,228.88
17076,POS消费,地点103,食堂,2014/04/02 11:53:13,4.1,224.78
17076,POS消费,地点752,淋浴,2014/04/02 12:06:47,1.5,223.28
17076,POS消费,地点972,食堂,2014/04/02 18:04:02,5.6,217.68
17076,POS消费,地点92,食堂,2014/04/02 18:11:43,3.7,213.98
17076,POS消费,地点21,开水,2014/04/02 21:55:20,0.01,208.37
17076,POS消费,地点21,开水,2014/04/02 21:57:34,5.6,208.38
17076,POS消费,地点752,淋浴,2014/04/02 22:53:42,1.2,207.17
17076,POS消费,地点840,食堂,2014/04/03 07:03:06,3.0,204.17
17076,POS消费,地点674,开水,2014/04/03 07:41:57,0.01,204.16
17076,POS消费,地点207,开水,2014/04/03 10:11:41,0.01,204.15
17076,POS消费,地点972,食堂,2014/04/03 12:12:15,5.6,198.55
17076,POS消费,地点232,食堂,2014/04/03 17:54:57,8.9,189.65
17076,POS消费,地点21,开水,2014/04/03 22:23:01,0.01,189.64
17076,POS消费,地点21,开水,2014/04/04 06:22:07,0.01,189.63
17076,POS消费,地点840,食堂,2014/04/04 06:58:21,3.0,186.63
17076,POS消费,地点227,食堂,2014/04/04 11:35:27,5.0,181.63
17076,POS消费,地点231,食堂,2014/04/04 11:38:16,0.8,180.83
17076,POS消费,地点228,食堂,2014/04/04 17:06:58,6.5,174.33
17076,POS消费,地点231,食堂,2014/04/04 17:08:11,0.8,173.53
17076,POS消费,地点21,开水,2014/04/05 08:34:07,0.01,173.52
17076,POS消费,地点21,开水,2014/04/05 08:34:22,0.01,173.51
17076,POS消费,地点249,食堂,2014/04/05 11:18:10,5.6,167.91
17076,POS消费,地点264,食堂,2014/04/05 17:54:00,5.6,162.31
17076,POS消费,地点21,开水,2014/04/05 21:21:21,0.01,162.3
17076,POS消费,地点752,淋浴,2014/04/06 09:11:10,2.3,160.0
17076,POS消费,地点996,图书馆,2014/04/06 15:12:12,5.8,154.2
17076,POS消费,地点21,开水,2014/04/07 08:02:50,0.01,154.19
17076,POS消费,地点21,开水,2014/04/07 08:40:38,0.01,154.18
17076,POS消费,地点996,图书馆,2014/04/07 13:47:33,4.0,150.18
17076,POS消费,地点103,食堂,2014/04/07 17:09:20,5.6,144.58
17076,POS消费,地点21,开水,2014/04/07 19:09:19,0.01,144.57
17076,POS消费,地点21,开水,2014/04/07 20:36:16,0.01,144.56
17076,POS消费,地点103,食堂,2014/04/08 12:12:46,5.6,138.96
17076,POS消费,地点192,超市,2014/04/08 12:25:21,3.6,135.36
17076,POS消费,地点1545,食堂,2014/04/08 17:15:48,5.6,129.76
17076,POS消费,地点830,开水,2014/04/08 18:51:41,0.01,129.75
17076,POS消费,地点753,开水,2014/04/08 21:57:38,0.01,129.74
17076,POS消费,地点752,淋浴,2014/04/09 06:17:10,1.2,128.54
17076,POS消费,地点279,食堂,2014/04/09 07:02:36,3.0,125.54
17076,POS消费,地点674,开水,2014/04/09 07:41:16,0.01,125.53
17076,POS消费,地点148,开水,2014/04/09 15:14:49,0.02,125.51
17076,POS消费,地点150,食堂,2014/04/09 17:10:45,7.1,118.41
17076,POS消费,地点21,开水,2014/04/09 17:12:33,4.2,114.21
17076,POS消费,地点836,开水,2014/04/09 18:40:09,0.02,114.19
17076,POS消费,地点836,开水,2014/04/09 19:58:29,0.01,114.18
17076,POS消费,地点188,超市,2014/04/09 22:06:18,3.7,110.48
17076,POS消费,地点21,开水,2014/04/09 22:16:54,0.01,110.47
17076,POS消费,地点21,开水,2014/04/09 23:38:51,0.01,110.46
17076,POS消费,地点244,食堂,2014/04/10 07:10:15,2.8,107.66
17076,POS消费,地点148,开水,2014/04/10 07:59:45,0.01,107.65
17076,POS消费,地点309,食堂,2014/04/10 12:40:33,4.0,103.65
17076,POS消费,地点231,食堂,2014/04/10 12:42:31,0.8,102.85
17076,POS消费,地点272,食堂,2014/04/10 17:26:59,15.0,87.85
17076,POS消费,地点677,开水,2014/04/10 19:42:04,0.02,87.83
17076,POS消费,地点21,开水,2014/04/10 22:31:58,0.01,87.82
17076,POS消费,地点21,开水,2014/04/11 00:24:25,0.01,87.81
17076,POS消费,地点118,食堂,2014/04/11 07:30:38,3.6,84.21
17076,POS消费,地点236,食堂,2014/04/11 12:25:33,3.1,81.11
17076,POS消费,地点236,食堂,2014/04/11 12:25:56,3.2,77.91
17076,POS消费,地点134,食堂,2014/04/11 12:26:07,0.6,77.31
17076,POS消费,地点752,淋浴,2014/04/11 13:52:38,1.6,75.71
17076,POS消费,地点21,开水,2014/04/11 15:17:53,0.01,75.7
17076,POS消费,地点264,食堂,2014/04/11 17:36:21,5.6,70.1
17076,POS消费,地点21,开水,2014/04/12 08:14:16,2.0,68.1
17076,POS消费,地点65,食堂,2014/04/12 08:16:27,0.8,67.3
17076,POS消费,地点91,校车,2014/04/12 10:30:56,11.4,55.9
17076,POS消费,地点264,食堂,2014/04/12 17:23:04,5.6,50.3
17076,POS消费,地点752,淋浴,2014/04/13 18:01:34,1.7,48.6
17076,POS消费,地点753,开水,2014/04/13 21:15:06,0.01,28.39
17076,POS消费,地点21,开水,2014/04/13 21:16:45,20.2,28.4
17076,POS消费,地点746,洗衣房,2014/04/13 22:52:32,1.2,27.19
17076,POS消费,地点118,食堂,2014/04/14 08:12:49,3.6,23.59
17076,POS消费,地点148,开水,2014/04/14 10:42:06,0.01,23.58
17076,POS消费,地点1588,食堂,2014/04/14 12:14:02,4.1,19.48
17076,POS消费,地点89,食堂,2014/04/14 17:19:10,4.2,15.28
17076,POS消费,地点218,食堂,2014/04/14 17:25:04,0.8,14.48
17076,POS消费,地点188,超市,2014/04/14 21:57:09,3.8,10.68
17076,POS消费,地点21,开水,2014/04/14 21:59:55,0.01,10.67
17076,POS消费,地点840,食堂,2014/04/15 07:03:31,3.0,7.67
17076,POS消费,地点676,开水,2014/04/15 07:42:30,0.01,7.66
17076,POS消费,地点6,淋浴,2014/04/15 12:16:09,5.0,2.66
17076,卡充值,,,2014/04/15 17:13:10,200.0,202.66
17076,POS消费,地点228,食堂,2014/04/15 17:32:55,8.0,194.66
17076,POS消费,地点231,食堂,2014/04/15 17:34:33,0.6,194.06
17076,POS消费,地点787,开水,2014/04/15 19:11:48,0.01,194.05
17076,POS消费,地点21,开水,2014/04/15 21:56:51,0.01,189.04
17076,POS消费,地点21,开水,2014/04/15 22:00:38,5.0,189.05
17076,POS消费,地点526,食堂,2014/04/16 08:22:48,5.0,184.04
17076,POS消费,地点227,食堂,2014/04/16 17:59:55,5.0,179.04
17076,POS消费,地点231,食堂,2014/04/16 18:03:09,0.8,178.24
17076,POS消费,地点83,食堂,2014/04/16 18:19:31,8.0,170.24
17076,POS消费,地点752,淋浴,2014/04/16 23:09:08,2.4,167.84
17076,POS消费,地点526,食堂,2014/04/17 07:03:26,4.0,163.84
17076,POS消费,地点676,开水,2014/04/17 07:42:17,0.01,163.83
17076,POS消费,地点264,食堂,2014/04/17 12:21:07,5.4,158.43
17076,POS消费,地点264,食堂,2014/04/17 12:21:56,5.6,152.83
17076,POS消费,地点203,食堂,2014/04/17 20:04:08,6.5,146.33
17076,POS消费,地点840,食堂,2014/04/18 07:02:00,3.0,143.33
17076,POS消费,地点227,食堂,2014/04/18 12:34:01,5.0,138.33
17076,POS消费,地点231,食堂,2014/04/18 12:37:29,0.6,137.73
17076,POS消费,地点21,开水,2014/04/18 22:44:17,0.01,137.72
17076,POS消费,地点192,超市,2014/04/19 21:09:37,3.8,133.92
17076,POS消费,地点694,开水,2014/04/20 09:12:33,0.01,127.91
17076,POS消费,地点526,食堂,2014/04/20 09:15:00,6.0,127.92
17076,POS消费,地点227,食堂,2014/04/20 11:05:46,5.0,122.91
17076,POS消费,地点231,食堂,2014/04/20 11:08:02,0.6,122.31
17076,POS消费,地点787,开水,2014/04/20 15:11:27,0.01,122.3
17076,POS消费,地点753,开水,2014/04/20 20:55:45,0.01,102.29
17076,,,,2014/04/20 20:58:58,20.0,102.3
17076,POS消费,地点87,食堂,2014/04/21 09:06:28,2.0,100.29
17076,POS消费,地点60,食堂,2014/04/21 09:08:36,0.8,99.49
17076,POS消费,地点840,食堂,2014/04/21 12:01:28,4.5,94.99
17076,POS消费,地点148,开水,2014/04/21 16:11:35,0.01,94.96
17076,POS消费,地点682,开水,2014/04/21 16:11:35,0.01,94.97
17076,POS消费,地点21,开水,2014/04/21 17:10:11,7.0,87.96
17076,POS消费,地点148,开水,2014/04/21 21:11:34,0.01,87.95
17076,POS消费,地点21,开水,2014/04/21 23:17:27,0.01,87.94
17076,POS消费,地点118,食堂,2014/04/22 07:12:08,2.0,85.94
17076,POS消费,地点674,开水,2014/04/22 08:11:37,0.01,85.93
17076,POS消费,地点679,开水,2014/04/22 08:15:35,0.01,85.92
17076,POS消费,地点157,食堂,2014/04/22 12:15:02,5.6,80.32
17076,POS消费,地点234,食堂,2014/04/22 17:11:01,8.6,71.72
17076,POS消费,地点21,开水,2014/04/22 21:51:52,0.01,71.71
17076,POS消费,地点12,文印中心,2014/04/22 22:53:57,2.0,69.71
17076,POS消费,地点12,文印中心,2014/04/22 23:14:50,0.1,69.61
17076,POS消费,地点57,食堂,2014/04/23 07:05:19,2.6,67.01
17076,POS消费,地点841,食堂,2014/04/23 11:24:21,4.9,62.11
17076,POS消费,地点91,校车,2014/04/23 11:28:07,4.78,57.33
17076,POS消费,地点245,食堂,2014/04/23 11:28:22,1.5,55.83
17076,POS消费,地点21,开水,2014/04/23 22:38:18,0.01,55.82
17076,POS消费,地点526,食堂,2014/04/24 06:58:19,5.5,50.32
17076,POS消费,地点787,开水,2014/04/24 07:11:28,0.01,50.31
17076,POS消费,地点676,开水,2014/04/24 09:11:59,0.01,50.3
17076,POS消费,地点236,食堂,2014/04/24 12:24:30,4.0,46.3
17076,POS消费,地点236,食堂,2014/04/24 12:24:34,0.6,45.7
17076,POS消费,地点21,开水,2014/04/24 12:26:34,3.6,42.1
17076,POS消费,地点985,食堂,2014/04/24 18:03:27,3.5,38.6
17076,POS消费,地点91,校车,2014/04/24 18:08:16,0.6,38.0
17076,POS消费,地点21,开水,2014/04/24 18:15:15,4.8,33.2
17076,POS消费,地点21,开水,2014/04/24 18:15:32,1.0,32.2
17076,POS消费,地点753,开水,2014/04/24 22:01:22,0.01,28.49
17076,POS消费,地点21,开水,2014/04/24 22:08:35,3.7,28.5
17076,POS消费,地点21,开水,2014/04/25 00:14:17,0.01,28.48
17076,POS消费,地点118,食堂,2014/04/25 07:25:55,4.0,24.48
17076,POS消费,地点676,开水,2014/04/25 08:11:51,0.01,24.47
17076,POS消费,地点89,食堂,2014/04/25 11:36:43,6.0,18.47
17076,POS消费,地点69,食堂,2014/04/25 17:20:37,5.6,12.87
17076,POS消费,地点218,食堂,2014/04/25 17:36:36,1.8,11.07
17076,POS消费,地点21,开水,2014/04/25 22:43:34,0.01,11.06
17076,卡充值,,,2014/04/26 11:10:50,200.0,205.66
17076,POS消费,地点65,食堂,2014/04/26 11:19:49,3.6,7.46
17076,POS消费,地点218,食堂,2014/04/26 11:22:03,1.8,5.66
17076,POS消费,地点264,食堂,2014/04/26 17:06:25,5.6,200.06
17076,POS消费,地点21,开水,2014/04/26 20:01:33,0.01,200.05
17076,POS消费,地点21,开水,2014/04/26 22:24:48,0.01,190.34
17076,POS消费,地点21,开水,2014/04/26 22:31:36,9.7,190.35
17076,POS消费,地点691,开水,2014/04/27 08:18:45,0.01,184.83
17076,POS消费,地点118,食堂,2014/04/27 08:22:57,5.5,184.84
17076,POS消费,地点789,开水,2014/04/27 16:18:10,0.01,184.82
17076,POS消费,地点150,食堂,2014/04/27 17:51:46,5.1,179.72
17076,POS消费,地点286,食堂,2014/04/27 17:59:11,0.4,179.32
17076,POS消费,地点752,淋浴,2014/04/27 22:09:32,2.0,177.32
17076,POS消费,地点21,开水,2014/04/27 22:35:51,0.01,177.31
17076,POS消费,地点674,开水,2014/04/28 08:37:53,0.01,177.3
17076,POS消费,地点207,开水,2014/04/28 09:01:47,0.01,177.29
17076,POS消费,地点157,食堂,2014/04/28 12:14:21,5.6,171.69
17076,POS消费,地点21,开水,2014/04/28 12:15:37,1.8,169.89
17076,POS消费,地点682,开水,2014/04/28 15:38:24,0.01,169.88
17076,POS消费,地点148,开水,2014/04/28 15:38:25,0.01,169.87
17076,POS消费,地点203,食堂,2014/04/28 16:48:11,5.5,164.37
17076,POS消费,地点118,食堂,2014/04/29 07:18:40,4.0,160.37
17076,POS消费,地点674,开水,2014/04/29 08:12:00,0.01,160.36
17076,POS消费,地点103,食堂,2014/04/29 12:12:41,4.1,156.26
17076,POS消费,地点21,开水,2014/04/29 12:19:08,5.3,150.96
17076,POS消费,地点134,食堂,2014/04/29 18:16:17,4.6,146.36
17076,POS消费,地点228,食堂,2014/04/29 18:26:40,6.0,140.36
17076,POS消费,地点21,开水,2014/04/29 21:37:10,0.01,140.35
17076,POS消费,地点21,开水,2014/04/30 06:33:30,0.01,140.34
17076,POS消费,地点118,食堂,2014/04/30 07:11:56,3.0,137.34
17076,POS消费,地点674,开水,2014/04/30 07:54:08,0.01,137.33
17076,POS消费,地点21,开水,2014/04/30 10:54:22,4.6,132.73
17076,POS消费,地点830,开水,2014/04/30 13:03:22,0.01,132.72
17076,POS消费,地点830,开水,2014/04/30 13:35:07,0.01,132.71
17076,POS消费,地点148,开水,2014/04/30 14:10:40,0.01,132.7
17076,POS消费,地点148,开水,2014/04/30 17:11:42,0.01,132.69
17076,POS消费,地点21,开水,2014/05/01 01:23:01,0.01,132.68
17076,POS消费,地点227,食堂,2014/05/01 11:55:46,5.0,127.68
17076,POS消费,地点231,食堂,2014/05/01 11:59:04,0.6,127.08
17076,POS消费,地点1442,校车,2014/05/01 17:08:47,1.0,126.08
17076,POS消费,地点21,开水,2014/05/01 21:54:47,0.01,126.07
17076,POS消费,地点752,淋浴,2014/05/02 00:18:11,1.7,124.37
17076,POS消费,地点227,食堂,2014/05/02 11:31:49,5.0,119.37
17076,POS消费,地点231,食堂,2014/05/02 11:34:46,0.6,118.77
17076,POS消费,地点218,食堂,2014/05/02 11:48:08,1.8,116.97
17076,POS消费,地点21,开水,2014/05/02 17:10:51,5.6,111.37
17076,POS消费,地点228,食堂,2014/05/03 12:25:20,6.5,104.87
17076,POS消费,地点231,食堂,2014/05/03 12:28:17,0.6,104.27
17076,POS消费,地点89,食堂,2014/05/03 17:13:00,4.0,100.27
17076,POS消费,地点21,开水,2014/05/03 21:38:53,0.01,100.26
17076,POS消费,地点526,食堂,2014/05/04 07:27:59,5.0,95.26
17076,POS消费,地点674,开水,2014/05/04 07:28:56,0.01,95.25
17076,POS消费,地点678,开水,2014/05/04 09:19:52,0.01,95.24
17076,POS消费,地点1448,校车,2014/05/04 12:35:43,1.0,94.24
17076,POS消费,地点21,开水,2014/05/04 14:24:55,14.7,79.54
17076,POS消费,地点752,淋浴,2014/05/04 17:22:14,2.0,77.54
17076,POS消费,地点21,开水,2014/05/04 22:04:26,4.7,72.84
17076,POS消费,地点753,开水,2014/05/04 23:07:25,0.01,72.83
17076,POS消费,地点157,食堂,2014/05/05 12:26:37,5.4,67.43
17076,POS消费,地点234,食堂,2014/05/05 12:33:55,7.1,60.33
17076,POS消费,地点228,食堂,2014/05/05 17:19:23,6.5,53.83
17076,POS消费,地点231,食堂,2014/05/05 17:21:07,0.6,53.23
17076,POS消费,地点21,开水,2014/05/05 22:47:05,0.01,53.22
17076,POS消费,地点840,食堂,2014/05/06 06:58:15,3.0,50.22
17076,POS消费,地点234,食堂,2014/05/06 12:09:38,8.6,41.62
17076,POS消费,地点218,食堂,2014/05/06 12:36:36,4.3,37.32
17076,POS消费,地点91,校车,2014/05/06 17:02:43,8.0,29.32
17076,POS消费,地点674,开水,2014/05/07 09:14:31,0.02,29.3
17076,POS消费,地点21,开水,2014/05/07 11:27:59,5.6,23.7
17076,POS消费,地点21,开水,2014/05/07 11:32:42,3.9,19.8
17076,POS消费,地点842,食堂,2014/05/07 17:45:59,5.0,14.8
17076,POS消费,地点21,开水,2014/05/07 17:50:05,2.4,12.4
17076,POS消费,地点21,开水,2014/05/07 17:54:55,3.2,9.2
17076,POS消费,地点752,淋浴,2014/05/07 23:10:17,1.3,7.9
17076,POS消费,地点526,食堂,2014/05/08 07:12:33,4.8,3.1
17076,卡充值,,,2014/05/08 12:12:34,300.0,303.1
17076,POS消费,地点257,食堂,2014/05/08 17:16:11,5.0,298.1
17076,POS消费,地点842,食堂,2014/05/08 17:16:52,5.0,293.1
17076,POS消费,地点21,开水,2014/05/08 17:18:44,1.2,291.9
17076,POS消费,地点21,开水,2014/05/08 21:53:31,0.01,285.39
17076,POS消费,地点188,超市,2014/05/08 22:01:54,6.5,285.4
17076,POS消费,地点118,食堂,2014/05/09 07:17:11,4.8,280.59
17076,POS消费,地点674,开水,2014/05/09 08:12:09,0.01,280.58
17076,POS消费,地点103,食堂,2014/05/09 12:16:39,5.6,274.98
17076,POS消费,地点228,食堂,2014/05/09 17:44:55,6.5,268.48
17076,POS消费,地点231,食堂,2014/05/09 17:47:33,0.6,267.88
17076,POS消费,地点188,超市,2014/05/09 20:51:03,3.7,264.18
17076,POS消费,地点21,开水,2014/05/09 23:15:46,0.01,264.17
17076,POS消费,地点526,食堂,2014/05/10 09:22:25,4.0,260.17
17076,POS消费,地点157,食堂,2014/05/10 11:50:52,5.6,254.57
17076,POS消费,地点21,开水,2014/05/10 21:55:22,0.01,249.86
17076,POS消费,地点188,超市,2014/05/10 22:03:02,4.7,249.87
17076,POS消费,地点752,淋浴,2014/05/11 00:15:36,1.5,248.36
17076,POS消费,地点257,食堂,2014/05/11 11:25:55,3.5,244.86
17076,POS消费,地点268,食堂,2014/05/11 11:27:41,4.6,240.26
17076,POS消费,地点270,食堂,2014/05/11 17:22:05,4.5,235.76
17076,POS消费,地点526,食堂,2014/05/12 07:20:18,4.8,230.96
17076,POS消费,地点1588,食堂,2014/05/12 12:16:31,3.9,227.06
17076,POS消费,地点1588,食堂,2014/05/12 12:16:39,4.1,222.96
17076,POS消费,地点996,图书馆,2014/05/12 20:02:22,2.9,220.06
17076,POS消费,地点752,淋浴,2014/05/12 21:51:59,1.6,218.46
17076,POS消费,地点118,食堂,2014/05/13 07:19:17,5.0,213.46
17076,POS消费,地点674,开水,2014/05/13 08:12:25,0.01,213.45
17076,POS消费,地点264,食堂,2014/05/13 17:39:22,5.6,207.85
17076,POS消费,地点21,开水,2014/05/13 17:48:31,2.8,205.05
17076,POS消费,地点21,开水,2014/05/13 21:44:47,0.01,200.34
17076,POS消费,地点21,开水,2014/05/13 21:45:55,4.7,200.35
17076,POS消费,地点118,食堂,2014/05/14 09:12:35,6.0,194.34
17076,POS消费,地点257,食堂,2014/05/14 11:20:39,2.5,191.84
17076,POS消费,地点996,图书馆,2014/05/14 15:13:16,8.7,183.14
17076,POS消费,地点234,食堂,2014/05/14 18:22:03,4.1,179.04
17076,POS消费,地点21,开水,2014/05/14 21:47:15,0.01,174.33
17076,POS消费,地点21,开水,2014/05/14 21:53:53,4.7,174.34
17076,POS消费,地点526,食堂,2014/05/15 09:55:04,4.0,170.33
17076,POS消费,地点678,开水,2014/05/15 10:14:07,0.01,170.32
17076,POS消费,地点91,校车,2014/05/15 12:17:23,8.0,162.32
17076,POS消费,地点91,校车,2014/05/15 17:44:05,8.0,154.32
17076,POS消费,地点21,开水,2014/05/15 20:17:00,0.01,154.31
17076,POS消费,地点678,开水,2014/05/16 10:12:23,0.02,154.29
17076,POS消费,地点157,食堂,2014/05/16 11:32:35,5.6,146.59
17076,POS消费,地点91,校车,2014/05/16 16:48:05,7.9,138.69
17076,POS消费,地点996,图书馆,2014/05/17 09:27:46,7.7,130.99
17076,POS消费,地点1596,食堂,2014/05/17 12:03:55,4.6,126.39
17076,POS消费,地点752,淋浴,2014/05/17 18:14:40,2.1,152.19
17076,POS消费,地点21,开水,2014/05/17 22:06:32,0.01,126.38
17076,POS消费,地点752,淋浴,2014/05/18 08:11:03,1.4,124.98
17076,POS消费,地点228,食堂,2014/05/18 11:48:36,6.5,118.48
17076,POS消费,地点996,图书馆,2014/05/18 14:39:18,1.4,117.08
17076,POS消费,地点239,食堂,2014/05/18 17:35:37,5.0,112.08
17076,POS消费,地点239,食堂,2014/05/18 17:35:42,0.3,111.78
17076,POS消费,地点188,超市,2014/05/18 21:57:58,4.7,107.08
17076,POS消费,地点21,开水,2014/05/18 22:12:35,0.01,107.07
17076,POS消费,地点526,食堂,2014/05/19 07:12:44,6.5,100.57
17076,POS消费,地点676,开水,2014/05/19 07:20:07,0.01,100.56
17076,POS消费,地点249,食堂,2014/05/19 17:51:22,5.6,94.96
17076,POS消费,地点21,开水,2014/05/19 22:11:56,0.01,94.95
17076,POS消费,地点526,食堂,2014/05/20 07:24:05,5.5,89.45
17076,POS消费,地点674,开水,2014/05/20 08:10:51,0.01,89.44
17076,POS消费,地点234,食堂,2014/05/20 12:20:15,7.1,82.34
17076,POS消费,地点228,食堂,2014/05/20 17:09:24,4.0,78.34
17076,POS消费,地点231,食堂,2014/05/20 17:11:42,0.6,77.74
17076,POS消费,地点192,超市,2014/05/20 22:01:39,4.7,73.04
17076,POS消费,地点21,开水,2014/05/20 22:12:06,0.01,73.03
17076,POS消费,地点526,食堂,2014/05/21 10:06:05,4.5,68.53
17076,POS消费,地点161,食堂,2014/05/21 10:54:07,5.6,62.93
17076,POS消费,地点21,开水,2014/05/21 11:10:53,2.9,60.03
17076,POS消费,地点228,食堂,2014/05/21 17:00:09,6.5,53.53
17076,POS消费,地点231,食堂,2014/05/21 17:02:07,0.6,52.93
17076,POS消费,地点21,开水,2014/05/21 21:59:37,3.7,49.23
17076,POS消费,地点21,开水,2014/05/21 22:16:46,0.01,49.22
17076,POS消费,地点752,淋浴,2014/05/21 23:53:06,1.3,47.92
17076,POS消费,地点21,开水,2014/05/22 09:00:04,3.6,44.32
17076,POS消费,地点150,食堂,2014/05/22 17:57:35,7.1,37.22
17076,POS消费,地点118,食堂,2014/05/23 07:18:14,4.3,30.41
17076,POS消费,地点674,开水,2014/05/23 09:15:46,0.01,30.4
17076,POS消费,地点21,开水,2014/05/23 09:29:01,0.01,37.21
17076,POS消费,地点752,淋浴,2014/05/23 09:29:12,2.5,34.71
17076,POS消费,地点228,食堂,2014/05/23 11:27:47,6.0,24.4
17076,POS消费,地点231,食堂,2014/05/23 11:28:57,0.6,23.8
17076,POS消费,地点21,开水,2014/05/24 00:49:02,0.01,23.79
17076,POS消费,地点753,开水,2014/05/24 00:49:17,0.01,23.78
17076,POS消费,地点87,食堂,2014/05/24 08:50:07,4.0,19.78
17076,POS消费,地点87,食堂,2014/05/24 09:02:39,2.0,17.78
17076,POS消费,地点228,食堂,2014/05/24 12:13:40,3.0,14.78
17076,POS消费,地点228,食堂,2014/05/24 12:13:51,0.5,14.28
17076,POS消费,地点231,食堂,2014/05/24 12:15:32,1.2,13.08
17076,POS消费,地点243,食堂,2014/05/24 12:31:47,4.0,9.08
17076,POS消费,地点752,淋浴,2014/05/24 19:47:37,1.0,8.08
17076,POS消费,地点188,超市,2014/05/24 22:32:48,3.7,4.38
17076,POS消费,地点753,开水,2014/05/24 23:28:43,0.01,4.37
17076,POS消费,地点526,食堂,2014/05/25 08:34:39,2.5,1.87
17076,卡充值,,,2014/05/25 12:05:08,200.0,201.87
17076,POS消费,地点787,开水,2014/05/25 15:32:32,0.01,201.86
17076,POS消费,地点228,食堂,2014/05/25 17:41:46,6.0,195.86
17076,POS消费,地点228,食堂,2014/05/25 17:42:00,5.0,190.86
17076,POS消费,地点231,食堂,2014/05/25 17:43:42,0.6,190.26
17076,POS消费,地点231,食堂,2014/05/25 17:43:56,0.4,189.86
17076,POS消费,地点192,超市,2014/05/25 21:17:28,20.7,169.16
17076,POS消费,地点753,开水,2014/05/25 21:27:31,0.01,169.15
17076,POS消费,地点118,食堂,2014/05/26 08:34:23,6.0,163.15
17076,POS消费,地点234,食堂,2014/05/26 18:07:12,6.6,156.55
17076,POS消费,地点234,食堂,2014/05/26 18:07:39,6.9,149.65
17076,POS消费,地点21,开水,2014/05/26 22:09:02,3.7,145.95
17076,POS消费,地点753,开水,2014/05/26 23:12:51,0.01,145.94
17076,POS消费,地点118,食堂,2014/05/27 07:29:11,6.0,139.94
17076,POS消费,地点674,开水,2014/05/27 07:35:11,0.01,139.93
17076,POS消费,地点264,食堂,2014/05/27 12:05:28,5.6,134.33
17076,POS消费,地点168,食堂,2014/05/27 19:03:47,5.5,128.83
17076,POS消费,地点753,开水,2014/05/27 22:58:45,0.01,128.82
17076,POS消费,地点118,食堂,2014/05/28 08:02:04,5.0,123.82
17076,POS消费,地点230,食堂,2014/05/28 11:32:56,5.0,118.82
17076,POS消费,地点218,食堂,2014/05/28 11:55:04,4.3,114.52
17076,POS消费,地点148,开水,2014/05/28 15:10:40,0.01,114.51
17076,POS消费,地点188,超市,2014/05/28 22:19:47,4.7,109.81
17076,POS消费,地点753,开水,2014/05/28 22:36:17,0.01,109.8
17076,POS消费,地点118,食堂,2014/05/29 08:29:18,4.0,105.8
17076,POS消费,地点676,开水,2014/05/29 08:36:52,0.01,105.79
17076,POS消费,地点228,食堂,2014/05/29 12:41:14,6.0,99.79
17076,POS消费,地点231,食堂,2014/05/29 12:43:41,0.6,99.19
17076,POS消费,地点231,食堂,2014/05/29 12:43:49,0.4,98.79
17076,POS消费,地点26,图书馆,2014/05/29 12:56:50,10.5,88.29
17076,POS消费,地点752,淋浴,2014/05/29 13:32:25,0.7,87.59
17076,POS消费,地点752,淋浴,2014/05/29 13:39:37,1.2,86.39
17076,POS消费,地点231,食堂,2014/05/29 18:28:40,1.0,85.39
17076,POS消费,地点218,食堂,2014/05/29 18:34:33,3.6,81.79
17076,POS消费,地点21,开水,2014/05/30 00:40:41,0.01,81.78
17076,POS消费,地点118,食堂,2014/05/30 08:18:43,3.0,78.78
17076,POS消费,地点234,食堂,2014/05/30 12:09:28,7.1,71.68
17076,POS消费,地点234,食堂,2014/05/30 12:10:04,7.1,64.58
17076,POS消费,地点309,食堂,2014/05/30 17:23:00,6.5,58.08
17076,POS消费,地点231,食堂,2014/05/30 17:25:23,0.66,57.42
17076,POS消费,地点192,超市,2014/05/30 22:06:14,4.7,52.72
17076,POS消费,地点753,开水,2014/05/30 23:54:42,0.01,52.71
17076,POS消费,地点996,图书馆,2014/05/31 15:18:45,4.8,47.91
17076,POS消费,地点21,开水,2014/05/31 17:34:08,1.8,40.51
17076,POS消费,地点157,食堂,2014/05/31 17:35:56,5.6,42.31
17076,POS消费,地点195,超市,2014/05/31 17:48:58,9.8,30.71
17076,POS消费,地点188,超市,2014/05/31 22:01:12,4.7,26.01
17076,POS消费,地点753,开水,2014/05/31 22:15:49,0.01,26.0
17076,POS消费,地点192,超市,2014/06/01 09:08:46,6.2,19.8
17076,POS消费,地点1596,食堂,2014/06/01 11:55:08,4.6,15.2
17076,POS消费,地点188,超市,2014/06/01 21:43:39,4.2,11.0
17076,POS消费,地点752,淋浴,2014/06/01 22:21:20,1.2,9.8
17076,POS消费,地点753,开水,2014/06/01 23:04:14,0.01,9.79
17076,POS消费,地点103,食堂,2014/06/02 08:24:23,4.2,5.59
17076,,,,2014/06/02 08:31:05,5.0,0.59
17076,卡充值,,,2014/06/02 12:07:10,200.0,200.59
17076,POS消费,地点234,食堂,2014/06/02 17:42:31,3.9,196.69
17076,POS消费,地点188,超市,2014/06/02 18:04:03,7.0,189.69
17076,POS消费,地点21,开水,2014/06/03 12:01:52,1.8,182.29
17076,POS消费,地点157,食堂,2014/06/03 12:12:10,5.6,184.09
17076,POS消费,地点228,食堂,2014/06/03 18:30:14,8.0,174.29
17076,POS消费,地点72,食堂,2014/06/03 18:34:06,1.2,173.09
17076,POS消费,地点752,淋浴,2014/06/03 22:04:09,1.4,171.69
17076,POS消费,地点188,超市,2014/06/04 09:33:41,9.5,162.19
17076,POS消费,地点21,开水,2014/06/04 12:05:44,1.8,156.29
17076,POS消费,地点92,食堂,2014/06/04 12:08:12,4.1,158.09
17076,POS消费,地点309,食堂,2014/06/04 16:55:14,8.0,148.29
17076,POS消费,地点231,食堂,2014/06/04 16:56:49,0.8,147.49
17076,POS消费,地点188,超市,2014/06/04 21:56:52,3.7,143.79
17076,POS消费,地点753,开水,2014/06/04 22:08:47,0.01,143.78
17076,POS消费,地点526,食堂,2014/06/05 08:26:04,5.0,138.78
17076,POS消费,地点157,食堂,2014/06/05 11:31:48,5.6,133.18
17076,POS消费,地点309,食堂,2014/06/05 18:20:41,6.5,126.68
17076,POS消费,地点41,淋浴,2014/06/05 22:36:44,1.7,124.98
17076,POS消费,地点526,食堂,2014/06/06 08:02:57,4.0,120.98
17076,POS消费,地点21,开水,2014/06/06 12:25:58,10.5,105.87
17076,POS消费,地点236,食堂,2014/06/06 12:28:54,4.0,116.97
17076,POS消费,地点103,食堂,2014/06/06 12:29:10,0.6,116.37
17076,POS消费,地点680,开水,2014/06/06 14:33:47,0.01,120.97
17076,POS消费,地点228,食堂,2014/06/06 18:35:51,7.0,98.87
17076,POS消费,地点21,开水,2014/06/06 18:39:35,1.2,97.67
17076,POS消费,地点753,开水,2014/06/06 22:58:36,0.01,97.66
17076,POS消费,地点526,食堂,2014/06/07 07:46:44,3.0,94.66
17076,POS消费,地点211,校车,2014/06/09 13:10:33,1.0,93.66
17076,POS消费,地点188,超市,2014/06/09 21:54:23,10.4,83.26
17076,POS消费,地点21,开水,2014/06/09 22:36:32,0.01,83.25
17076,POS消费,地点842,食堂,2014/06/10 11:36:35,5.0,78.25
17076,POS消费,地点266,食堂,2014/06/10 11:43:05,0.66,77.59
17076,POS消费,地点841,食堂,2014/06/10 11:55:07,2.9,74.69
17076,POS消费,地点526,食堂,2014/06/11 07:49:12,4.9,69.79
17076,POS消费,地点21,开水,2014/06/11 11:41:05,2.9,62.09
17076,POS消费,地点21,开水,2014/06/11 11:41:26,1.8,60.29
17076,POS消费,地点92,食堂,2014/06/11 11:45:12,3.8,65.99
17076,POS消费,地点92,食堂,2014/06/11 11:45:24,1.0,64.99
17076,POS消费,地点12,文印中心,2014/06/11 16:52:16,9.0,51.29
17076,POS消费,地点752,淋浴,2014/06/12 10:17:55,1.7,49.59
17076,POS消费,地点92,食堂,2014/06/12 11:27:37,6.3,43.29
17076,POS消费,地点234,食堂,2014/06/12 17:32:15,7.6,35.69
17076,POS消费,地点753,开水,2014/06/13 01:53:27,0.01,35.68
17076,POS消费,地点118,食堂,2014/06/13 08:42:20,6.0,29.68
17076,POS消费,地点234,食堂,2014/06/13 12:31:40,6.4,23.28
17076,POS消费,地点228,食堂,2014/06/14 12:23:58,3.5,19.78
17076,POS消费,地点21,开水,2014/06/14 12:28:59,1.2,18.58
17076,POS消费,地点752,淋浴,2014/06/15 01:40:18,1.5,17.08
17076,POS消费,地点234,食堂,2014/06/15 12:31:28,7.6,9.48
17076,POS消费,地点188,超市,2014/06/15 21:03:13,6.9,2.58
17076,卡充值,,,2014/06/18 11:38:28,200.0,202.58
17076,POS消费,地点21,开水,2014/06/18 11:53:57,2.9,194.08
17076,POS消费,地点249,食堂,2014/06/18 11:55:13,5.6,196.98
17076,POS消费,地点21,开水,2014/06/18 21:54:51,6.1,187.98
17076,POS消费,地点753,开水,2014/06/18 22:09:13,0.09,187.89
17076,POS消费,地点103,食堂,2014/06/19 11:45:14,3.6,184.29
17076,POS消费,地点234,食堂,2014/06/20 11:35:58,5.1,179.19
17076,POS消费,地点203,食堂,2014/06/20 18:22:07,6.5,172.69
17076,POS消费,地点88,食堂,2014/06/20 18:26:39,1.0,171.69
17076,POS消费,地点234,食堂,2014/06/21 11:15:48,8.6,163.09
17076,POS消费,地点996,图书馆,2014/06/21 15:43:13,3.2,159.89
17076,POS消费,地点83,食堂,2014/06/22 09:10:35,4.0,155.89
17076,POS消费,地点234,食堂,2014/06/22 12:15:13,7.1,148.79
17076,POS消费,地点996,图书馆,2014/06/22 13:34:49,2.7,146.09
17076,POS消费,地点234,食堂,2014/06/22 17:06:26,7.1,138.99
17076,POS消费,地点192,超市,2014/06/22 22:12:51,4.9,134.09
17076,POS消费,地点753,开水,2014/06/22 22:30:33,0.44,133.65
17076,POS消费,地点234,食堂,2014/06/23 11:17:07,6.6,127.05
17076,POS消费,地点264,食堂,2014/06/23 16:57:08,5.6,121.45
17076,POS消费,地点21,开水,2014/06/23 17:16:26,4.3,117.15
17076,POS消费,地点188,超市,2014/06/23 19:37:50,3.7,113.45
17076,POS消费,地点753,开水,2014/06/23 21:06:48,0.03,113.42
17076,POS消费,地点234,食堂,2014/06/24 17:06:59,4.1,109.32
17076,POS消费,地点752,淋浴,2014/06/25 00:37:17,1.8,107.52
17076,POS消费,地点83,食堂,2014/06/25 09:15:32,4.0,103.52
17076,POS消费,地点234,食堂,2014/06/25 12:19:04,7.1,96.42
17076,POS消费,地点203,食堂,2014/06/25 16:26:11,6.5,89.92
17076,POS消费,地点21,开水,2014/06/26 11:21:05,11.0,78.92
17076,POS消费,地点21,开水,2014/06/26 11:21:17,-11.0,89.92
17076,POS消费,地点21,开水,2014/06/26 11:21:27,1.0,88.92
17076,POS消费,地点232,食堂,2014/06/26 16:57:08,10.0,78.92
17076,POS消费,地点232,食堂,2014/06/26 17:07:20,0.5,78.42
17076,POS消费,地点83,食堂,2014/06/27 09:13:37,5.0,73.42
17076,POS消费,地点234,食堂,2014/06/27 11:19:41,7.6,65.82
17076,POS消费,地点232,食堂,2014/06/27 16:48:32,10.0,55.82
17076,POS消费,地点91,校车,2014/06/27 17:15:56,4.6,51.22
17076,POS消费,地点188,超市,2014/06/27 22:04:16,3.7,47.52
17076,POS消费,地点753,开水,2014/06/27 22:11:28,0.03,47.49
17076,POS消费,地点752,淋浴,2014/06/28 00:01:06,1.5,45.99
17076,POS消费,地点752,淋浴,2014/06/28 00:17:41,0.6,45.39
17076,POS消费,地点83,食堂,2014/06/28 09:26:08,4.0,41.39
17076,POS消费,地点234,食堂,2014/06/28 11:20:16,6.0,35.39
17076,POS消费,地点234,食堂,2014/06/28 11:20:19,0.6,34.79
17076,POS消费,地点234,食堂,2014/06/28 17:29:52,7.1,27.69
17076,POS消费,地点21,开水,2014/06/29 11:07:04,5.0,22.69
17076,POS消费,地点234,食堂,2014/06/29 17:02:54,6.6,16.09
17076,POS消费,地点21,开水,2014/06/29 17:17:14,2.9,13.19
17076,POS消费,地点752,淋浴,2014/06/30 07:57:33,1.9,11.29
17076,POS消费,地点996,图书馆,2014/06/30 11:15:22,10.0,1.29
17076,POS消费,地点218,食堂,2014/07/01 11:11:11,4.0,97.29
17076,卡充值,,,2014/07/01 11:11:35,100.0,101.29
17076,POS消费,地点234,食堂,2014/07/01 11:25:16,7.1,90.19
17076,POS消费,地点234,食堂,2014/07/01 17:16:50,7.4,82.79
17076,POS消费,地点212,图书馆,2014/07/01 20:08:40,6.3,76.49
17076,POS消费,地点21,开水,2014/07/01 22:07:44,3.7,72.79
17076,POS消费,地点753,开水,2014/07/01 22:38:53,0.03,72.76
17076,POS消费,地点234,食堂,2014/07/02 11:16:12,7.1,65.66
17076,POS消费,地点83,食堂,2014/07/03 09:07:58,6.7,58.96
17076,POS消费,地点21,开水,2014/07/03 11:15:19,3.0,48.86
17076,POS消费,地点234,食堂,2014/07/03 11:24:18,7.1,51.86
17076,POS消费,地点996,图书馆,2014/07/03 15:19:01,4.9,43.96
17076,POS消费,地点83,食堂,2014/07/04 08:17:47,11.4,32.56
17076,POS消费,地点234,食堂,2014/07/04 11:16:40,7.1,25.46
17076,POS消费,地点234,食堂,2014/07/05 11:41:26,7.6,17.86
17076,POS消费,地点211,校车,2014/07/05 18:14:52,1.0,16.86
17076,POS消费,地点234,食堂,2014/07/06 17:02:47,8.6,8.26
17076,POS消费,地点83,食堂,2014/07/07 09:12:47,2.2,6.06
17076,卡充值,,,2014/07/07 12:06:20,50.0,56.06
17076,POS消费,地点234,食堂,2014/07/07 12:24:23,7.6,48.46
17076,POS消费,地点187,校车,2014/07/07 12:57:05,4.0,44.46
17076,POS消费,地点224,校车,2014/07/07 16:15:19,4.0,40.46
17076,POS消费,地点188,超市,2014/07/07 21:37:59,4.7,35.76
17076,POS消费,地点753,开水,2014/07/07 21:49:52,0.03,35.73
17076,POS消费,地点21,开水,2014/07/08 22:09:37,3.8,31.93
17076,POS消费,地点21,开水,2014/07/08 22:17:01,0.01,31.92
17076,POS消费,地点234,食堂,2014/07/09 11:48:04,7.1,24.82
17076,POS消费,地点234,食堂,2014/07/09 11:48:36,3.9,20.92
17076,POS消费,地点21,开水,2014/07/09 22:03:38,4.7,16.22
17076,POS消费,地点753,开水,2014/07/09 22:14:31,0.03,16.19
17076,POS消费,地点752,淋浴,2014/07/10 09:47:20,1.7,14.49
17076,POS消费,地点160,开水,2014/07/10 12:35:30,0.02,14.47
17076,POS消费,地点21,开水,2014/07/11 15:02:38,2.8,11.67
17076,POS消费,地点187,校车,2014/07/11 19:26:24,4.0,7.67
17076,POS消费,地点105,食堂,2014/07/12 11:51:47,4.6,3.07
17076,POS消费,地点771,淋浴,2014/07/12 23:26:50,0.1,2.97
17076,卡充值,,,2014/07/13 11:33:16,100.0,102.97
17076,POS消费,地点179,食堂,2014/07/13 11:48:57,1.1,101.87
17076,POS消费,地点179,食堂,2014/07/13 11:49:01,4.4,97.47
17076,POS消费,地点264,食堂,2014/07/13 17:15:25,5.6,91.87
17076,POS消费,地点234,食堂,2014/07/14 17:18:08,8.6,83.27
17076,POS消费,地点1442,校车,2014/07/15 08:29:32,1.0,82.27
17076,POS消费,地点21,开水,2014/07/15 11:57:29,0.8,81.47
17076,POS消费,地点21,开水,2014/07/15 11:57:44,1.6,79.87
17076,POS消费,地点234,食堂,2014/07/15 16:54:54,7.1,72.77
17076,POS消费,地点91,校车,2014/07/15 23:18:48,0.1,72.67
17076,POS消费,地点103,食堂,2014/07/16 08:40:32,2.3,70.37
17076,POS消费,地点21,开水,2014/07/16 12:03:51,1.8,62.97
17076,POS消费,地点157,食堂,2014/07/16 12:12:00,5.6,64.77
17076,POS消费,地点234,食堂,2014/07/16 18:29:14,7.6,55.37
17076,POS消费,地点234,食堂,2014/07/17 12:03:03,6.6,48.77
17076,POS消费,地点234,食堂,2014/07/17 12:03:06,3.9,44.87
17076,POS消费,地点234,食堂,2014/07/17 17:12:05,7.1,37.77
17076,POS消费,地点21,开水,2014/07/17 17:24:34,3.0,34.77
17076,POS消费,地点1472,校车,2014/07/17 18:00:42,1.0,33.77
17076,POS消费,地点21,开水,2014/07/17 21:46:29,3.7,30.07
17076,POS消费,地点1588,食堂,2014/07/18 08:16:54,2.9,27.17
17076,POS消费,地点21,开水,2014/07/18 12:05:02,3.0,24.17
17076,POS消费,地点234,食堂,2014/07/18 12:23:31,7.1,17.07
17076,POS消费,地点157,食堂,2014/07/18 17:44:34,5.6,11.47
17076,POS消费,地点857,淋浴,2014/07/19 00:30:13,0.1,11.37
17076,POS消费,地点857,淋浴,2014/07/19 00:31:00,0.1,11.27
17076,POS消费,地点234,食堂,2014/07/19 11:14:00,4.1,7.17
17076,卡充值,,,2014/07/20 11:40:42,50.0,57.17
17076,POS消费,地点234,食堂,2014/07/20 12:01:07,7.1,50.07
17076,POS消费,地点234,食堂,2014/07/20 12:01:16,3.9,46.17
17076,POS消费,地点234,食堂,2014/07/20 17:00:45,7.6,38.57
17076,POS消费,地点234,食堂,2014/07/20 17:00:49,3.9,34.67
17076,,,,2014/07/20 17:22:37,10.0,24.67
17076,,,,2014/07/22 12:21:03,10.0,0.0
17076,,,,2014/07/22 12:21:40,10.0,14.67
17076,POS消费,地点234,食堂,2014/07/22 16:56:08,8.6,6.07
17076,POS消费,地点65,食堂,2014/07/23 09:09:27,0.5,4.17
17076,POS消费,地点61,食堂,2014/07/23 09:23:19,1.4,4.67
17076,卡充值,,,2014/07/23 16:48:54,200.0,204.17
17076,POS消费,地点234,食堂,2014/07/23 17:03:19,7.1,197.07
17076,POS消费,地点188,超市,2014/07/23 17:27:53,6.9,190.17
17076,POS消费,地点234,食堂,2014/07/24 11:21:15,7.1,183.07
17076,POS消费,地点234,食堂,2014/07/24 11:21:18,3.9,179.17
17076,POS消费,地点69,食堂,2014/07/25 09:06:20,1.8,177.37
17076,POS消费,地点65,食堂,2014/07/25 09:07:58,0.5,176.87
17076,POS消费,地点21,开水,2014/07/25 12:34:06,3.0,166.27
17076,POS消费,地点234,食堂,2014/07/25 12:42:14,7.6,169.27
17076,POS消费,地点1456,校车,2014/07/25 16:52:24,2.0,164.27
17076,POS消费,地点1392,校车,2014/07/25 20:20:52,2.0,162.27
17076,,,,2014/07/26 21:08:22,10.0,152.27
17076,POS消费,地点234,食堂,2014/07/27 11:11:38,7.1,145.17
17076,POS消费,地点234,食堂,2014/07/28 11:36:33,8.6,136.57
17076,POS消费,地点188,超市,2014/07/28 13:43:32,9.4,127.17
17076,POS消费,地点234,食堂,2014/07/28 17:37:16,3.9,123.27
17076,POS消费,地点234,食堂,2014/07/29 11:24:20,6.6,116.67
17076,POS消费,地点234,食堂,2014/07/29 17:22:06,7.1,109.57
17076,POS消费,地点234,食堂,2014/07/30 11:23:12,7.1,102.47
17076,POS消费,地点231,食堂,2014/07/30 16:56:53,0.8,101.67
17076,POS消费,地点1269,校车,2014/07/31 07:52:46,2.0,99.67
17076,POS消费,地点21,开水,2014/08/17 17:13:33,3.0,96.67
17076,POS消费,地点194,开水,2014/08/18 00:29:41,0.03,96.64
17076,POS消费,地点69,食堂,2014/08/18 09:22:48,3.4,93.24
17076,POS消费,地点234,食堂,2014/08/18 12:27:20,7.6,85.64
17076,POS消费,地点234,食堂,2014/08/18 16:54:10,7.1,78.54
17076,POS消费,地点234,食堂,2014/08/18 16:54:13,3.9,74.64
17076,POS消费,地点103,食堂,2014/08/19 09:02:06,2.1,72.54
17076,POS消费,地点234,食堂,2014/08/19 11:29:43,3.9,68.64
17076,POS消费,地点234,食堂,2014/08/19 11:29:58,3.6,65.04
17076,POS消费,地点234,食堂,2014/08/19 11:30:17,6.5,58.54
17076,,,,2014/08/19 16:00:52,4.0,54.54
17076,POS消费,地点1090,淋浴,2014/08/19 23:03:15,1.9,52.64
17076,POS消费,地点89,食堂,2014/08/20 08:08:40,3.0,49.64
17076,POS消费,地点234,食堂,2014/08/20 12:16:40,3.9,45.74
17076,POS消费,地点234,食堂,2014/08/20 12:16:52,7.6,38.14
17076,POS消费,地点234,食堂,2014/08/20 18:01:36,6.6,31.54
17076,POS消费,地点234,食堂,2014/08/20 18:01:39,3.9,27.64
17076,POS消费,地点157,食堂,2014/08/21 12:07:33,5.6,22.04
17076,POS消费,地点264,食堂,2014/08/21 16:58:04,5.6,16.44
17076,POS消费,地点1090,淋浴,2014/08/21 23:20:03,1.6,14.84
17076,POS消费,地点21,开水,2014/08/22 08:01:37,1.8,13.04
17076,POS消费,地点60,食堂,2014/08/22 08:10:21,0.3,12.74
17076,卡充值,,,2014/08/22 11:11:18,200.0,205.64
17076,POS消费,地点234,食堂,2014/08/22 11:19:23,7.1,5.64
17076,POS消费,地点1847,食堂,2014/08/22 17:10:20,1.8,199.54
17076,POS消费,地点92,食堂,2014/08/22 17:16:13,4.3,201.34
17076,POS消费,地点1090,淋浴,2014/08/22 22:55:41,1.6,197.94
17076,POS消费,地点103,食堂,2014/08/23 08:15:06,3.8,194.14
17076,POS消费,地点234,食堂,2014/08/23 17:31:04,6.6,187.54
17076,POS消费,地点60,食堂,2014/08/24 09:15:27,0.8,184.14
17076,POS消费,地点61,食堂,2014/08/24 09:20:21,2.6,184.94
17076,POS消费,地点234,食堂,2014/08/24 11:54:45,7.6,176.54
17076,POS消费,地点21,开水,2014/08/24 16:58:00,1.5,169.44
17076,POS消费,地点249,食堂,2014/08/24 17:06:42,5.6,170.94
17076,POS消费,地点1090,淋浴,2014/08/25 00:10:47,1.4,168.04
17076,POS消费,地点234,食堂,2014/08/25 12:33:11,7.1,160.94
17076,POS消费,地点222,校车,2014/08/25 19:24:39,1.0,159.94
17076,POS消费,地点1090,淋浴,2014/08/25 23:06:31,0.3,159.64
17076,POS消费,地点234,食堂,2014/08/26 10:52:30,7.1,152.54
17076,POS消费,地点234,食堂,2014/08/26 10:52:33,3.9,148.64
17076,POS消费,地点192,超市,2014/08/26 18:48:53,19.2,129.44
17076,POS消费,地点1090,淋浴,2014/08/26 23:58:57,0.6,128.83
17076,POS消费,地点1090,淋浴,2014/08/27 00:05:26,0.4,128.43
17076,POS消费,地点234,食堂,2014/08/27 12:00:32,7.6,120.83
17076,POS消费,地点234,食堂,2014/08/27 18:08:09,7.6,113.23
17076,POS消费,地点831,开水,2014/08/27 20:13:38,0.01,113.22
17076,POS消费,地点677,开水,2014/08/27 20:50:40,0.02,113.2
17076,POS消费,地点103,食堂,2014/08/28 09:04:04,1.95,111.25
17076,POS消费,地点234,食堂,2014/08/28 12:07:07,7.1,104.15
17076,POS消费,地点789,开水,2014/08/28 19:36:42,0.01,104.14
17076,POS消费,地点1090,淋浴,2014/08/29 00:05:08,0.9,103.24
17076,POS消费,地点21,开水,2014/08/29 08:06:57,1.6,101.64
17076,POS消费,地点134,食堂,2014/08/29 08:21:44,1.0,100.64
17076,POS消费,地点134,食堂,2014/08/29 08:21:47,0.4,100.24
17076,POS消费,地点234,食堂,2014/08/29 12:26:33,7.6,92.64
17076,POS消费,地点232,食堂,2014/08/29 16:47:58,15.5,77.14
17076,POS消费,地点192,超市,2014/08/29 22:12:45,4.3,72.84
17076,POS消费,地点1090,淋浴,2014/08/30 00:29:40,1.0,71.83
17076,POS消费,地点91,校车,2014/08/30 11:11:25,6.7,65.13
17076,POS消费,地点234,食堂,2014/08/30 17:29:21,6.6,58.53
17076,POS消费,地点1090,淋浴,2014/08/31 00:35:04,0.9,57.63
17076,POS消费,地点118,食堂,2014/08/31 09:23:27,2.0,55.63
17076,POS消费,地点234,食堂,2014/08/31 17:20:04,7.6,48.03
17076,POS消费,地点323,开水,2014/08/31 22:14:20,0.01,48.02
17076,POS消费,地点12,文印中心,2014/08/31 23:43:46,1.4,46.62
