17100,卡片开户,,,2014/07/08 15:34:11,0.0,0.0
17100,POS消费,地点21,开水,2014/08/28 12:34:58,6.6,993.4
17100,POS消费,地点21,开水,2014/08/28 12:35:28,4.1,989.3
17100,POS消费,地点21,开水,2014/08/28 12:35:47,5.6,983.7
17100,POS消费,地点248,超市,2014/08/28 12:35:54,5.4,978.3
17100,卡充值,,,2014/08/28 12:37:13,1000.0,1000.0
17100,POS消费,地点190,超市,2014/08/28 14:40:54,91.8,886.5
17100,POS消费,地点21,开水,2014/08/28 17:29:30,5.6,880.9
17100,POS消费,地点1914,淋浴,2014/08/28 22:21:18,0.2,880.7
17100,POS消费,地点65,食堂,2014/08/29 07:49:13,1.2,878.9
17100,POS消费,地点60,食堂,2014/08/29 07:57:18,0.6,880.1
17100,POS消费,地点89,食堂,2014/08/29 08:12:29,3.0,875.9
17100,POS消费,地点188,超市,2014/08/29 08:24:26,5.0,870.9
17100,POS消费,地点228,食堂,2014/08/29 12:52:00,6.0,864.9
17100,POS消费,地点231,食堂,2014/08/29 13:06:15,0.6,864.3
17100,POS消费,地点21,开水,2014/08/29 16:05:27,3.0,861.3
17100,POS消费,地点188,超市,2014/08/29 21:48:29,32.9,828.4
17100,POS消费,地点190,超市,2014/08/29 22:00:39,4.5,823.9
17100,POS消费,地点21,开水,2014/08/30 08:45:31,4.2,819.7
17100,POS消费,地点231,食堂,2014/08/30 12:05:18,0.6,819.1
17100,POS消费,地点21,开水,2014/08/30 18:09:06,4.6,814.5
17100,POS消费,地点69,食堂,2014/08/31 08:25:51,2.0,812.5
17100,POS消费,地点190,超市,2014/08/31 15:47:10,21.0,791.5
17100,POS消费,地点190,超市,2014/08/31 15:47:19,0.3,791.2
17100,POS消费,地点161,食堂,2014/08/31 17:10:58,7.4,783.8
17100,POS消费,地点1914,淋浴,2014/08/31 22:59:03,0.1,783.7
17100,POS消费,地点1914,淋浴,2014/08/31 22:59:29,0.1,783.6
17100,POS消费,地点1914,淋浴,2014/08/31 23:01:04,1.1,782.5
