17126,卡片开户,,,2014/07/19 13:17:42,0.0,0.0
17126,卡充值,,,2014/08/28 10:42:29,200.0,200.0
17126,POS消费,地点195,超市,2014/08/28 15:36:43,28.0,172.0
17126,POS消费,地点195,超市,2014/08/28 15:36:55,2.0,170.0
17126,POS消费,地点195,超市,2014/08/28 15:36:58,26.0,144.0
17126,POS消费,地点190,超市,2014/08/28 17:12:07,30.0,114.0
17126,POS消费,地点190,超市,2014/08/28 17:12:10,7.9,106.1
17126,POS消费,地点1887,开水,2014/08/28 17:19:15,0.01,106.09
17126,POS消费,地点21,开水,2014/08/28 17:33:37,4.6,101.49
17126,POS消费,地点1629,开水,2014/08/28 18:15:00,0.07,101.42
17126,POS消费,地点1629,开水,2014/08/28 18:50:26,0.01,101.41
17126,POS消费,地点188,超市,2014/08/28 19:33:31,3.9,97.51
17126,POS消费,地点6,淋浴,2014/08/28 23:03:20,0.5,97.01
17126,POS消费,地点21,开水,2014/08/29 08:27:00,8.8,88.21
17126,POS消费,地点21,开水,2014/08/29 08:27:33,4.0,84.21
17126,POS消费,地点21,开水,2014/08/29 11:49:14,4.5,77.31
17126,POS消费,地点134,食堂,2014/08/29 12:07:39,9.0,64.41
17126,POS消费,地点1701,食堂,2014/08/29 12:16:34,3.9,73.41
17126,POS消费,地点1932,洗衣房,2014/08/29 14:21:22,1.2,83.01
17126,POS消费,地点1932,洗衣房,2014/08/29 14:21:23,1.2,81.81
17126,卡充值,,,2014/08/30 10:43:56,500.0,564.41
17126,POS消费,地点1551,食堂,2014/08/30 12:03:23,24.0,540.41
17126,POS消费,地点1551,食堂,2014/08/30 12:03:30,8.0,532.41
17126,POS消费,地点280,食堂,2014/08/30 12:06:02,15.6,516.81
17126,POS消费,地点1551,食堂,2014/08/30 12:14:19,10.6,506.21
17126,POS消费,地点1551,食堂,2014/08/30 12:14:35,2.4,503.81
17126,POS消费,地点1551,食堂,2014/08/30 12:14:40,0.4,503.41
17126,POS消费,地点1551,食堂,2014/08/30 12:18:05,0.6,502.81
17126,POS消费,地点1551,食堂,2014/08/30 12:20:01,5.0,497.81
17126,POS消费,地点232,食堂,2014/08/30 16:48:06,15.0,482.81
17126,POS消费,地点1036,食堂,2014/08/30 16:50:21,1.5,481.31
17126,POS消费,地点256,食堂,2014/08/30 16:53:16,16.0,465.31
17126,POS消费,地点280,食堂,2014/08/30 16:54:17,8.7,456.61
17126,POS消费,地点21,开水,2014/08/30 17:01:52,7.0,449.61
17126,POS消费,地点1036,食堂,2014/08/30 17:14:57,2.2,447.41
17126,POS消费,地点60,食堂,2014/08/31 08:28:54,1.0,446.41
17126,POS消费,地点272,食堂,2014/08/31 11:24:43,12.6,433.81
17126,POS消费,地点280,食堂,2014/08/31 11:26:18,4.2,429.61
17126,POS消费,地点238,食堂,2014/08/31 11:27:11,7.0,422.61
17126,POS消费,地点1887,开水,2014/08/31 13:54:11,0.01,422.6
17126,POS消费,地点1547,食堂,2014/08/31 17:06:26,4.5,418.1
17126,POS消费,地点188,超市,2014/08/31 17:28:02,10.8,406.3
17126,POS消费,地点251,食堂,2014/08/31 17:33:39,1.0,417.1
17126,POS消费,地点1879,淋浴,2014/08/31 17:55:01,0.1,406.2
17126,POS消费,地点1879,淋浴,2014/08/31 17:57:01,0.1,406.1
17126,POS消费,地点12,文印中心,2014/08/31 18:08:17,0.5,405.6
