1718,POS消费,地点83,食堂,2014/09/01 08:47:47,1.5,59.79
1718,POS消费,地点61,食堂,2014/09/01 08:50:03,2.6,61.29
1718,POS消费,地点213,食堂,2014/09/01 13:58:36,0.75,59.04
1718,POS消费,地点91,校车,2014/09/04 12:10:51,5.5,53.54
1718,POS消费,地点1456,校车,2014/09/05 10:21:32,2.0,51.54
1718,POS消费,地点224,校车,2014/09/05 19:19:18,4.0,47.54
1718,POS消费,地点192,超市,2014/09/07 18:12:26,16.8,30.74
1718,POS消费,地点192,超市,2014/09/07 18:32:32,6.9,23.84
1718,POS消费,地点21,开水,2014/09/08 17:20:14,1.8,22.04
1718,POS消费,地点239,食堂,2014/09/08 17:33:02,3.5,18.54
1718,POS消费,地点1155,食堂,2014/09/08 19:37:17,3.0,15.54
1718,POS消费,地点203,食堂,2014/09/09 14:05:39,5.5,10.04
1718,,,,2014/09/09 19:06:59,10.0,0.0
1718,,,,2014/09/09 19:11:04,10.0,0.0
1718,,,,2014/09/09 19:32:00,10.0,0.04
1718,,,,2014/09/09 19:32:10,10.0,0.0
1718,卡充值,,,2014/09/10 11:43:03,100.0,100.04
1718,POS消费,地点192,超市,2014/09/10 14:10:36,6.1,93.94
1718,POS消费,地点91,校车,2014/09/11 18:04:14,5.5,88.44
1718,POS消费,地点188,超市,2014/09/11 21:54:57,5.5,82.94
1718,POS消费,地点146,校车,2014/09/12 13:40:19,1.0,81.94
1718,POS消费,地点1997,食堂,2014/09/12 18:58:43,4.4,77.54
1718,POS消费,地点118,食堂,2014/09/13 14:50:44,3.0,74.54
1718,POS消费,地点83,食堂,2014/09/15 08:13:11,1.5,68.64
1718,POS消费,地点61,食堂,2014/09/15 08:16:06,4.4,70.14
1718,POS消费,地点21,开水,2014/09/15 12:15:56,16.5,52.14
1718,POS消费,地点901,校车,2014/09/16 10:25:38,4.0,48.14
1718,POS消费,地点1395,校车,2014/09/16 18:37:08,2.0,46.14
1718,POS消费,地点188,超市,2014/09/17 10:07:04,1.8,44.34
1718,POS消费,地点157,食堂,2014/09/17 12:16:24,8.6,35.74
1718,POS消费,地点213,食堂,2014/09/18 10:57:51,0.45,35.29
1718,POS消费,地点797,洗衣房,2014/09/21 18:24:20,3.6,31.69
1718,POS消费,地点26,图书馆,2014/09/23 10:03:39,3.6,28.09
1718,POS消费,地点1394,校车,2014/09/27 12:25:44,2.0,26.09
1718,POS消费,地点1269,校车,2014/09/27 20:34:48,2.0,24.09
1718,POS消费,地点188,超市,2014/09/28 09:53:49,3.9,20.19
1718,POS消费,地点220,校车,2014/09/30 16:21:18,4.0,16.19
1718,POS消费,地点816,校车,2014/10/01 16:57:40,1.0,15.19
1718,POS消费,地点211,校车,2014/10/05 13:40:41,1.0,14.19
1718,POS消费,地点816,校车,2014/10/05 16:44:01,1.0,13.19
1718,POS消费,地点188,超市,2014/10/05 16:48:14,2.3,10.89
1718,POS消费,地点188,超市,2014/10/09 09:14:42,3.5,7.39
1718,POS消费,地点103,食堂,2014/10/11 09:05:11,5.0,2.39
1718,POS消费,地点1451,校车,2014/10/12 13:34:35,1.0,1.39
1718,POS消费,地点21,开水,2014/10/14 09:59:55,6.0,95.39
1718,卡充值,,,2014/10/14 10:02:28,100.0,101.39
1718,POS消费,地点297,校车,2014/10/14 10:21:03,4.0,91.39
1718,POS消费,地点1448,校车,2014/10/14 16:21:43,1.0,90.39
1718,POS消费,地点188,超市,2014/10/14 16:29:21,25.5,64.89
1718,POS消费,地点61,食堂,2014/10/15 09:33:21,2.53,62.36
1718,POS消费,地点1447,校车,2014/10/16 13:59:38,1.0,61.36
1718,POS消费,地点797,洗衣房,2014/10/16 14:35:28,3.6,57.76
1718,POS消费,地点61,食堂,2014/10/17 07:01:58,3.2,54.56
1718,POS消费,地点211,校车,2014/10/17 18:33:42,1.0,53.56
1718,POS消费,地点21,开水,2014/10/20 14:00:19,14.4,39.16
1718,POS消费,地点1588,食堂,2014/10/21 08:27:43,3.4,35.76
1718,POS消费,地点213,食堂,2014/10/21 13:37:24,0.15,35.61
1718,POS消费,地点118,食堂,2014/10/21 18:19:08,2.9,32.71
1718,POS消费,地点1961,超市,2014/10/22 18:21:41,6.0,26.71
1718,POS消费,地点192,超市,2014/10/22 20:40:39,2.4,24.31
1718,POS消费,地点83,食堂,2014/10/23 08:08:09,3.5,20.81
1718,POS消费,地点797,洗衣房,2014/10/24 08:23:00,3.6,17.21
1718,POS消费,地点21,开水,2014/10/26 13:50:54,2.5,14.71
1718,POS消费,地点21,开水,2014/10/26 17:41:04,11.0,3.71
1718,POS消费,地点211,校车,2014/10/26 18:31:52,1.0,2.71
1718,POS消费,地点1998,食堂,2014/10/28 08:35:32,0.53,2.18
1718,POS消费,地点146,校车,2014/11/03 16:47:32,1.0,1.18
1718,卡充值,,,2014/11/03 17:05:40,20.0,21.18
1718,POS消费,地点188,超市,2014/11/04 10:04:47,5.9,15.28
1718,POS消费,地点21,开水,2014/11/04 12:05:36,3.0,12.28
1718,POS消费,地点797,洗衣房,2014/11/04 17:03:26,3.6,8.68
1718,POS消费,地点797,洗衣房,2014/11/04 17:04:57,3.6,5.08
1718,POS消费,地点797,洗衣房,2014/11/04 17:06:38,-3.54,8.62
1718,POS消费,地点797,洗衣房,2014/11/04 17:08:32,3.6,5.02
1718,POS消费,地点1269,校车,2014/11/16 07:31:04,2.0,3.02
1718,POS消费,地点1451,校车,2014/11/16 18:21:05,1.0,2.02
1718,卡充值,,,2014/11/19 12:38:50,10.0,12.02
1718,POS消费,地点1387,校车,2014/11/23 07:53:07,2.0,8.02
1718,POS消费,地点204,食堂,2014/11/26 13:32:08,1.0,7.02
1718,POS消费,地点1448,校车,2014/11/28 18:59:30,1.0,6.02
1718,POS消费,地点797,洗衣房,2014/11/30 18:18:52,3.6,2.42
1718,POS消费,地点188,超市,2014/12/02 10:59:05,1.0,1.42
1718,卡充值,,,2014/12/04 12:10:38,20.0,21.42
1718,POS消费,地点188,超市,2014/12/05 08:57:25,4.0,17.42
1718,POS消费,地点213,食堂,2014/12/08 12:43:14,0.75,16.67
1718,POS消费,地点21,开水,2014/12/08 17:52:14,9.1,7.57
1718,卡充值,,,2014/12/09 18:26:35,10.0,17.57
1718,POS消费,地点1405,校车,2014/12/12 07:13:59,2.0,15.57
1718,POS消费,地点21,开水,2014/12/14 21:27:18,3.5,12.07
1718,POS消费,地点1961,超市,2014/12/15 17:51:42,5.5,6.57
1718,POS消费,地点996,图书馆,2014/12/16 09:32:26,2.4,4.17
1718,POS消费,地点1098,文印中心,2014/12/16 15:29:42,0.3,3.87
1718,POS消费,地点218,食堂,2014/12/16 17:22:43,1.8,2.07
1718,POS消费,地点21,开水,2014/12/16 17:36:07,7.5,14.57
1718,卡充值,,,2014/12/16 17:43:55,20.0,22.07
1718,POS消费,地点996,图书馆,2014/12/16 19:49:02,4.0,10.57
1718,POS消费,地点996,图书馆,2014/12/17 14:49:13,4.0,6.57
1718,卡充值,,,2014/12/17 17:18:12,20.0,26.57
1718,POS消费,地点237,食堂,2014/12/17 17:19:01,1.0,20.27
1718,POS消费,地点21,开水,2014/12/17 17:20:34,1.8,24.77
1718,POS消费,地点253,食堂,2014/12/17 17:28:33,3.5,21.27
1718,POS消费,地点996,图书馆,2014/12/18 14:31:13,6.4,13.87
1718,POS消费,地点306,食堂,2014/12/19 11:43:30,6.5,7.37
1718,POS消费,地点996,图书馆,2014/12/20 19:43:38,2.8,4.57
1718,POS消费,地点816,校车,2014/12/21 09:51:35,1.0,3.57
1718,POS消费,地点222,校车,2014/12/23 14:59:10,1.0,2.57
1718,POS消费,地点222,校车,2014/12/23 15:12:40,1.0,1.57
1718,POS消费,地点239,食堂,2014/12/25 11:21:44,4.0,25.77
1718,卡充值,,,2014/12/25 11:28:33,30.0,31.57
1718,POS消费,地点21,开水,2014/12/25 11:30:26,1.8,29.77
1718,POS消费,地点161,食堂,2014/12/25 11:32:37,1.2,24.57
1718,POS消费,地点218,食堂,2014/12/25 11:44:36,3.0,21.57
1718,POS消费,地点1447,校车,2014/12/25 16:51:37,1.0,20.57
1718,POS消费,地点1448,校车,2014/12/26 11:30:41,1.0,19.57
1718,POS消费,地点996,图书馆,2014/12/26 13:48:17,2.5,17.07
1718,POS消费,地点996,图书馆,2014/12/27 09:56:11,6.3,10.77
1718,卡充值,,,2014/12/28 10:21:20,20.0,30.77
1718,,,,2014/12/28 10:36:39,20.0,10.77
1718,POS消费,地点1996,校车,2014/12/28 12:43:00,1.0,9.77
1718,POS消费,地点1448,校车,2015/01/01 14:53:59,1.0,8.77
1718,POS消费,地点996,图书馆,2015/01/03 10:09:41,2.8,5.97
1718,POS消费,地点239,食堂,2015/01/03 10:51:23,5.0,20.97
1718,POS消费,地点72,食堂,2015/01/03 10:57:03,1.8,19.17
1718,卡充值,,,2015/01/03 10:59:12,20.0,25.97
1718,POS消费,地点996,图书馆,2015/01/03 13:26:12,3.5,15.67
1718,POS消费,地点996,图书馆,2015/01/03 19:44:11,2.8,12.87
1718,POS消费,地点816,校车,2015/01/04 12:14:27,1.0,11.87
1718,POS消费,地点816,校车,2015/01/04 12:14:33,1.0,10.87
1718,POS消费,地点996,图书馆,2015/01/04 18:03:34,2.8,8.07
1718,POS消费,地点996,图书馆,2015/01/05 14:32:54,3.5,4.57
1718,POS消费,地点21,开水,2015/01/07 14:53:22,4.8,18.17
1718,POS消费,地点26,图书馆,2015/01/07 14:57:44,1.6,2.97
1718,卡充值,,,2015/01/07 14:59:30,20.0,22.97
1718,POS消费,地点21,开水,2015/01/07 17:28:44,11.0,7.17
1718,POS消费,地点239,食堂,2015/01/09 17:27:41,4.1,18.37
1718,卡充值,,,2015/01/09 17:32:28,20.0,27.17
1718,POS消费,地点218,食堂,2015/01/09 17:32:40,2.9,24.27
1718,POS消费,地点21,开水,2015/01/09 17:35:58,1.8,22.47
1718,POS消费,地点161,食堂,2015/01/09 17:39:46,1.2,17.17
1718,POS消费,地点1996,校车,2015/01/10 17:50:55,1.0,16.17
1718,POS消费,地点211,校车,2015/01/11 18:07:34,1.0,15.17
1718,POS消费,地点211,校车,2015/01/14 14:45:33,1.0,14.17
1718,卡挂失,,,2015/03/03 11:23:52,0.0,0.0
1718,卡片开户,,,2015/03/03 11:24:50,20.0,5.0
1718,更新卡信息,,,2015/03/03 11:25:14,0.0,0.0
1718,POS消费,地点996,图书馆,2015/03/06 13:51:20,2.8,2.2
1718,卡片销户,,,2015/03/10 17:41:53,2.2,0.0
1718,卡补办,,,2015/03/10 17:43:08,67.2,66.37
1718,更新卡信息,,,2015/03/10 17:43:29,0.0,0.0
1718,POS消费,地点1472,校车,2015/03/11 18:32:24,1.0,65.37
1718,POS消费,地点1447,校车,2015/03/12 13:53:51,1.0,64.37
1718,POS消费,地点1447,校车,2015/03/12 14:40:14,1.0,63.37
1718,POS消费,地点295,校车,2015/03/13 16:11:43,4.0,59.37
1718,POS消费,地点295,校车,2015/03/13 16:11:53,4.0,55.37
1718,POS消费,地点188,超市,2015/03/13 22:28:52,8.0,47.37
1718,POS消费,地点188,超市,2015/03/13 22:30:44,3.8,43.57
1718,POS消费,地点188,超市,2015/03/16 21:13:51,7.8,35.77
1718,POS消费,地点21,开水,2015/03/18 18:00:40,14.8,20.97
1718,POS消费,地点1448,校车,2015/03/19 17:28:22,1.0,19.97
1718,POS消费,地点211,校车,2015/03/22 12:36:01,1.0,18.97
1718,POS消费,地点211,校车,2015/03/22 12:36:08,1.0,17.97
1718,POS消费,地点21,开水,2015/03/25 16:00:16,8.6,9.37
1718,POS消费,地点1472,校车,2015/03/26 11:23:25,1.0,8.37
1718,POS消费,地点83,食堂,2015/03/26 19:52:38,2.0,6.37
1718,POS消费,地点1155,食堂,2015/03/29 21:46:12,4.6,1.77
1718,卡充值,,,2015/04/01 12:37:34,50.0,51.77
1718,POS消费,地点1996,校车,2015/04/01 20:14:00,1.0,50.77
1718,POS消费,地点1996,校车,2015/04/01 20:14:10,1.0,49.77
1718,POS消费,地点118,食堂,2015/04/02 22:06:23,2.9,46.87
1718,POS消费,地点1451,校车,2015/04/06 12:44:37,1.0,45.87
1718,POS消费,地点1448,校车,2015/04/06 13:03:15,1.0,44.87
1718,POS消费,地点21,开水,2015/04/09 13:05:39,21.0,23.87
1718,POS消费,地点1996,校车,2015/04/13 13:41:39,1.0,22.87
1718,POS消费,地点1448,校车,2015/04/13 14:25:39,1.0,21.87
1718,POS消费,地点21,开水,2015/04/14 22:32:49,12.0,9.87
1718,POS消费,地点243,食堂,2015/04/15 12:10:19,3.0,6.87
1718,POS消费,地点1448,校车,2015/04/16 11:56:36,1.0,5.87
1718,POS消费,地点1448,校车,2015/04/16 11:56:42,1.0,4.87
1718,POS消费,地点1448,校车,2015/04/16 12:35:29,1.0,3.87
1718,POS消费,地点1448,校车,2015/04/16 12:36:20,1.0,2.87
1718,POS消费,地点1447,校车,2015/04/17 18:15:02,1.0,1.87
1718,POS消费,地点1447,校车,2015/04/21 09:52:15,1.0,0.87
1718,卡充值,,,2015/04/26 14:50:48,50.0,50.87
1718,POS消费,地点258,食堂,2015/04/26 19:45:53,3.2,47.67
1718,POS消费,地点192,超市,2015/04/26 22:32:31,17.5,30.17
1718,POS消费,地点2172,文印中心,2015/04/27 13:17:59,0.9,29.27
1718,POS消费,地点103,食堂,2015/04/28 17:51:35,7.6,21.67
1718,POS消费,地点1847,食堂,2015/04/28 17:52:43,3.0,18.67
1718,POS消费,地点1996,校车,2015/04/28 18:44:58,1.0,17.67
1718,POS消费,地点21,开水,2015/04/29 16:05:11,3.8,13.87
1718,POS消费,地点1596,食堂,2015/04/30 11:35:47,4.6,9.27
1718,POS消费,地点92,食堂,2015/04/30 11:36:38,2.0,7.27
1718,POS消费,地点26,图书馆,2015/04/30 22:32:25,4.8,2.47
1718,POS消费,地点1448,校车,2015/05/04 14:02:46,1.0,1.47
1718,POS消费,地点1448,校车,2015/05/04 14:26:50,1.0,0.47
1718,卡充值,,,2015/05/04 16:38:36,20.0,20.47
1718,POS消费,地点222,校车,2015/05/04 16:50:53,1.0,19.47
1718,POS消费,地点816,校车,2015/05/05 15:52:01,1.0,18.47
1718,POS消费,地点816,校车,2015/05/05 20:26:16,1.0,17.47
1718,POS消费,地点188,超市,2015/05/07 22:27:04,3.5,13.97
1718,POS消费,地点61,食堂,2015/05/10 08:56:30,4.7,9.27
1718,POS消费,地点91,校车,2015/05/12 18:18:03,2.4,6.87
1718,POS消费,地点91,校车,2015/05/12 18:21:27,3.0,3.87
1718,卡充值,,,2015/05/14 11:39:14,30.0,33.87
1718,POS消费,地点91,校车,2015/05/14 11:43:57,4.5,29.37
1718,POS消费,地点21,开水,2015/05/14 11:45:03,6.9,22.47
1718,POS消费,地点219,超市,2015/05/14 14:16:21,2.0,20.47
1718,POS消费,地点21,开水,2015/05/14 16:03:40,2.8,17.67
1718,POS消费,地点91,校车,2015/05/14 17:57:01,2.0,15.67
1718,POS消费,地点21,开水,2015/05/14 17:57:50,8.9,6.77
1718,POS消费,地点243,食堂,2015/05/14 18:14:31,3.0,3.77
1718,卡充值,,,2015/05/15 13:03:11,30.0,33.77
1718,POS消费,地点996,图书馆,2015/05/15 14:02:08,5.0,28.77
1718,POS消费,地点1596,食堂,2015/05/15 17:58:14,4.6,24.17
1718,POS消费,地点92,食堂,2015/05/15 17:59:37,4.2,19.97
1718,POS消费,地点1847,食堂,2015/05/15 18:00:52,2.9,17.07
1718,POS消费,地点1847,食堂,2015/05/15 18:00:57,1.8,15.27
1718,POS消费,地点996,图书馆,2015/05/15 19:52:55,1.9,13.37
1718,POS消费,地点1472,校车,2015/05/16 11:42:04,1.0,12.37
1718,POS消费,地点1996,校车,2015/05/16 12:33:37,1.0,11.37
1718,POS消费,地点1996,校车,2015/05/16 12:37:05,1.0,10.37
1718,POS消费,地点92,食堂,2015/05/16 18:09:56,4.4,5.97
1718,POS消费,地点1996,校车,2015/05/19 11:38:40,1.0,4.97
1718,POS消费,地点2172,文印中心,2015/05/21 09:53:41,0.75,4.22
1718,POS消费,地点1447,校车,2015/05/21 17:31:08,1.0,3.22
1718,卡充值,,,2015/05/28 12:42:33,10.0,11.22
1718,POS消费,地点27,教务处,2015/05/28 12:56:08,5.0,6.22
1718,POS消费,地点211,校车,2015/06/01 15:07:10,1.0,4.22
1718,POS消费,地点816,校车,2015/06/01 15:25:43,1.0,3.22
1718,POS消费,地点146,校车,2015/06/02 14:11:47,1.0,2.22
1718,POS消费,地点1447,校车,2015/06/02 17:08:38,1.0,1.22
1718,POS消费,地点1447,校车,2015/06/08 16:51:33,1.0,0.22
1718,卡充值,,,2015/06/18 16:54:33,12.0,12.22
1718,POS消费,地点1996,校车,2015/06/18 19:48:50,1.0,11.22
1718,POS消费,地点224,校车,2015/06/19 16:00:44,4.0,7.22
1718,POS消费,地点1996,校车,2015/06/20 17:01:07,1.0,6.22
1718,POS消费,地点1448,校车,2015/06/23 15:58:30,1.0,5.22
1718,卡充值,,,2015/06/25 17:26:17,20.0,25.22
1718,POS消费,地点262,食堂,2015/06/25 17:28:25,1.8,23.42
1718,POS消费,地点265,食堂,2015/06/25 17:28:43,1.2,22.22
1718,POS消费,地点253,食堂,2015/06/25 17:30:57,3.1,19.12
1718,POS消费,地点218,食堂,2015/06/25 17:43:38,2.9,16.22
1718,POS消费,地点192,超市,2015/06/26 12:11:59,3.3,12.92
1718,POS消费,地点1448,校车,2015/06/26 16:12:13,1.0,11.92
1718,POS消费,地点1394,校车,2015/06/28 18:21:37,2.0,9.92
1718,POS消费,地点253,食堂,2015/06/30 11:37:43,3.2,6.72
1718,POS消费,地点218,食堂,2015/06/30 11:41:29,4.8,1.92
1718,POS消费,地点837,校车,2015/07/01 15:55:21,1.0,0.92
1718,卡充值,,,2015/07/02 09:25:39,20.0,20.92
1718,POS消费,地点2172,文印中心,2015/07/02 09:32:20,11.25,9.67
1718,POS消费,地点222,校车,2015/07/04 12:51:52,1.0,8.67
1718,POS消费,地点816,校车,2015/07/04 13:41:54,1.0,7.67
1718,POS消费,地点146,校车,2015/07/05 17:29:37,1.0,6.67
1718,POS消费,地点1996,校车,2015/07/05 18:11:03,1.0,5.67
1718,POS消费,地点816,校车,2015/07/10 18:17:38,1.0,4.67
1718,POS消费,地点1996,校车,2015/07/12 18:19:58,1.0,3.67
1718,POS消费,地点1447,校车,2015/07/15 15:34:02,1.0,2.67
1718,卡充值,,,2015/07/16 17:37:40,10.0,12.67
1718,POS消费,地点253,食堂,2015/07/16 17:39:00,3.0,8.47
1718,POS消费,地点262,食堂,2015/07/16 17:41:16,1.2,11.47
1718,POS消费,地点265,食堂,2015/07/16 17:42:19,1.2,7.27
1718,POS消费,地点218,食堂,2015/07/16 17:43:20,1.8,5.47
1718,POS消费,地点1996,校车,2015/07/18 12:15:53,1.0,4.47
1718,POS消费,地点1386,校车,2015/07/27 17:15:26,2.0,2.47
1718,POS消费,地点192,超市,2015/08/01 13:14:32,1.0,1.47
