17233,卡片开户,,,2014/07/16 11:50:11,0.0,0.0
17233,卡充值,,,2014/08/28 14:00:04,200.0,200.0
17233,POS消费,地点195,超市,2014/08/28 18:05:34,0.1,199.9
17233,POS消费,地点263,食堂,2014/08/28 18:13:05,10.6,189.3
17233,POS消费,地点269,食堂,2014/08/28 18:15:01,7.6,181.7
17233,POS消费,地点21,开水,2014/08/28 20:02:43,49.8,131.9
17233,POS消费,地点82,食堂,2014/08/29 12:00:47,5.6,126.2
17233,POS消费,地点1634,开水,2014/08/29 14:22:17,0.01,126.19
17233,POS消费,地点72,食堂,2014/08/29 18:21:15,9.6,116.59
17233,POS消费,地点1634,开水,2014/08/29 18:53:42,0.01,116.58
17233,POS消费,地点1634,开水,2014/08/29 18:54:57,0.01,116.57
17233,POS消费,地点1655,淋浴,2014/08/29 21:06:52,0.4,116.17
17233,POS消费,地点72,食堂,2014/08/30 06:50:49,2.0,114.17
17233,POS消费,地点61,食堂,2014/08/30 07:05:45,2.6,111.57
17233,POS消费,地点21,开水,2014/08/30 11:11:04,4.6,106.97
17233,POS消费,地点1614,开水,2014/08/30 11:40:46,0.01,106.96
17233,POS消费,地点1614,开水,2014/08/30 11:41:25,0.07,106.89
17233,POS消费,地点1901,洗衣房,2014/08/30 12:27:36,-0.96,104.25
17233,POS消费,地点1901,洗衣房,2014/08/30 12:27:36,3.6,103.29
17233,POS消费,地点61,食堂,2014/08/30 17:26:04,6.6,97.65
17233,POS消费,地点1901,洗衣房,2014/08/30 22:17:02,3.6,94.05
17233,POS消费,地点1901,洗衣房,2014/08/30 22:19:06,-3.54,97.59
17233,POS消费,地点1901,洗衣房,2014/08/30 22:19:23,3.6,93.99
17233,POS消费,地点1614,开水,2014/08/31 07:11:00,0.07,93.92
17233,POS消费,地点61,食堂,2014/08/31 08:21:41,1.8,92.12
17233,POS消费,地点61,食堂,2014/08/31 17:56:31,7.6,84.52
17233,POS消费,地点1614,开水,2014/08/31 19:56:31,0.14,84.38
17233,POS消费,地点1901,洗衣房,2014/08/31 20:21:37,3.6,77.18
17233,POS消费,地点1901,洗衣房,2014/08/31 20:22:30,3.6,80.78
