17336,卡片开户,,,2014/07/18 11:52:46,0.0,0.0
17336,卡充值,,,2014/08/29 12:02:50,300.0,300.0
17336,POS消费,地点65,食堂,2014/08/29 12:10:57,8.6,291.4
17336,POS消费,地点65,食堂,2014/08/29 12:11:36,8.6,282.8
17336,POS消费,地点65,食堂,2014/08/29 12:11:53,5.6,277.2
17336,POS消费,地点213,食堂,2014/08/29 15:01:48,0.45,276.75
17336,POS消费,地点180,开水,2014/08/29 16:51:46,0.03,276.72
17336,POS消费,地点751,淋浴,2014/08/29 20:07:25,0.1,276.62
17336,POS消费,地点751,淋浴,2014/08/29 20:09:25,0.6,276.02
17336,POS消费,地点60,食堂,2014/08/30 08:16:57,0.5,275.52
17336,POS消费,地点19,开水,2014/08/30 11:05:49,0.17,275.35
17336,POS消费,地点69,食堂,2014/08/30 11:38:12,6.8,268.55
17336,POS消费,地点89,食堂,2014/08/30 18:01:22,4.5,264.05
17336,POS消费,地点65,食堂,2014/08/31 07:41:31,1.4,262.65
17336,POS消费,地点21,开水,2014/08/31 11:05:12,3.0,259.65
17336,POS消费,地点69,食堂,2014/08/31 17:36:55,9.6,250.05
