17347,卡片开户,,,2014/07/16 10:57:55,0.0,0.0
17347,卡充值,,,2014/08/30 13:29:39,500.0,500.0
17347,POS消费,地点211,校车,2014/08/30 13:47:26,1.0,499.0
17347,POS消费,地点211,校车,2014/08/30 13:47:38,1.0,498.0
17347,POS消费,地点211,校车,2014/08/30 13:47:47,1.0,497.0
17347,POS消费,地点1451,校车,2014/08/30 14:33:14,1.0,496.0
17347,POS消费,地点26,图书馆,2014/08/30 17:50:07,5.0,491.0
17347,POS消费,地点146,校车,2014/08/30 18:05:09,1.0,490.0
17347,POS消费,地点65,食堂,2014/08/31 07:32:19,0.8,489.2
17347,POS消费,地点65,食堂,2014/08/31 07:32:23,0.3,488.9
17347,POS消费,地点65,食堂,2014/08/31 07:32:28,0.2,488.7
17347,POS消费,地点21,开水,2014/08/31 07:51:23,0.6,488.1
17347,POS消费,地点222,校车,2014/08/31 13:05:51,1.0,487.1
17347,POS消费,地点219,超市,2014/08/31 17:50:14,4.0,483.1
17347,POS消费,地点47,淋浴,2014/08/31 21:28:43,0.5,482.6
