1740,卡片开户,,,2014/07/14 10:22:28,0.0,0.0
1740,卡充值,,,2014/08/30 15:20:29,200.0,200.0
1740,POS消费,地点27,教务处,2014/08/30 15:53:04,15.0,185.0
1740,POS消费,地点21,开水,2014/08/30 17:19:33,4.6,180.4
1740,POS消费,地点21,开水,2014/08/30 17:19:50,4.2,176.2
1740,POS消费,地点808,淋浴,2014/08/30 21:58:59,0.2,176.0
1740,POS消费,地点134,食堂,2014/08/31 08:05:48,0.5,175.5
1740,POS消费,地点1588,食堂,2014/08/31 09:07:35,2.6,172.9
1740,POS消费,地点103,食堂,2014/08/31 09:08:39,0.8,172.1
1740,POS消费,地点21,开水,2014/08/31 09:24:46,9.8,162.3
1740,POS消费,地点809,洗衣房,2014/08/31 09:36:41,3.6,158.7
1740,POS消费,地点40,淋浴,2014/08/31 23:41:23,0.2,158.5
1740,POS消费,地点40,淋浴,2014/08/31 23:44:59,0.1,158.4
1740,POS消费,地点808,淋浴,2014/08/31 23:47:09,0.1,158.3
