17491,卡片开户,,,2014/07/16 11:46:22,0.0,0.0
17491,卡充值,,,2014/08/28 15:30:55,200.0,200.0
17491,POS消费,地点314,食堂,2014/08/28 21:16:23,9.1,190.9
17491,POS消费,地点314,食堂,2014/08/28 21:16:54,28.0,162.9
17491,POS消费,地点203,食堂,2014/08/29 08:17:11,13.0,149.9
17491,POS消费,地点82,食堂,2014/08/29 11:49:16,8.1,141.8
17491,POS消费,地点82,食堂,2014/08/29 11:49:37,8.1,133.7
17491,POS消费,地点192,超市,2014/08/29 12:13:27,25.1,108.6
17491,POS消费,地点232,食堂,2014/08/29 17:40:53,10.9,97.7
17491,POS消费,地点232,食堂,2014/08/29 17:41:17,11.0,86.7
17491,POS消费,地点1657,淋浴,2014/08/29 18:24:34,0.5,86.2
17491,POS消费,地点89,食堂,2014/08/30 08:33:57,3.0,83.2
17491,POS消费,地点89,食堂,2014/08/30 08:34:00,3.0,80.2
17491,POS消费,地点21,开水,2014/08/30 12:11:11,5.3,74.9
17491,POS消费,地点1592,开水,2014/08/30 21:27:47,0.01,74.89
17491,POS消费,地点89,食堂,2014/08/31 08:04:11,3.0,71.89
17491,POS消费,地点89,食堂,2014/08/31 08:04:14,3.0,68.89
17491,POS消费,地点1451,校车,2014/08/31 11:42:48,1.0,67.89
17491,POS消费,地点1657,淋浴,2014/08/31 21:31:09,0.5,67.39
