17708,卡片开户,,,2014/07/17 16:23:40,0.0,0.0
17708,更新卡信息,,,2014/07/17 16:41:42,0.0,0.0
17708,卡挂失,,,2014/08/28 17:31:50,0.0,0.0
17708,卡片开户,,,2014/08/28 17:36:24,115.0,100.0
17708,POS消费,地点21,开水,2014/08/28 18:17:50,2.9,97.1
17708,POS消费,地点21,开水,2014/08/28 18:20:57,5.1,92.0
17708,POS消费,地点248,超市,2014/08/28 18:21:20,0.1,91.9
17708,POS消费,地点21,开水,2014/08/28 18:21:43,4.6,87.3
17708,POS消费,地点21,开水,2014/08/28 18:22:23,4.6,82.7
17708,POS消费,地点21,开水,2014/08/28 19:16:43,28.7,54.0
17708,POS消费,地点1552,洗衣房,2014/08/28 19:33:02,-3.54,53.94
17708,POS消费,地点1552,洗衣房,2014/08/28 19:33:02,3.6,50.4
17708,POS消费,地点12,文印中心,2014/08/28 23:20:43,0.1,53.84
17708,POS消费,地点12,文印中心,2014/08/28 23:21:28,0.1,53.74
17708,POS消费,地点752,淋浴,2014/08/28 23:22:03,0.1,53.64
17708,POS消费,地点41,淋浴,2014/08/28 23:23:29,0.8,52.84
17708,POS消费,地点41,淋浴,2014/08/28 23:42:16,0.5,52.34
17708,POS消费,地点41,淋浴,2014/08/29 00:00:27,1.0,51.34
17708,POS消费,地点21,开水,2014/08/29 08:45:41,8.6,42.74
17708,POS消费,地点60,食堂,2014/08/29 08:56:16,0.6,42.14
17708,POS消费,地点218,食堂,2014/08/29 12:50:03,2.9,39.24
17708,POS消费,地点87,食堂,2014/08/29 13:01:09,4.0,35.24
17708,POS消费,地点228,食堂,2014/08/29 13:13:20,6.5,28.74
17708,POS消费,地点228,食堂,2014/08/29 13:14:47,7.0,21.74
17708,POS消费,地点72,食堂,2014/08/29 13:21:03,1.8,19.94
17708,卡充值,,,2014/08/29 13:51:17,200.0,219.94
17708,POS消费,地点258,食堂,2014/08/29 17:33:26,14.0,205.94
17708,POS消费,地点41,淋浴,2014/08/29 20:38:38,0.1,205.84
17708,POS消费,地点41,淋浴,2014/08/29 20:39:05,0.1,205.74
17708,POS消费,地点41,淋浴,2014/08/29 20:39:38,0.5,205.24
17708,POS消费,地点1956,淋浴,2014/08/29 22:12:04,0.1,205.14
17708,POS消费,地点1956,淋浴,2014/08/29 22:24:42,0.1,205.04
17708,POS消费,地点21,开水,2014/08/30 08:00:40,0.01,205.03
17708,POS消费,地点65,食堂,2014/08/30 08:42:22,0.8,204.23
17708,POS消费,地点89,食堂,2014/08/30 09:03:45,3.0,201.23
17708,POS消费,地点89,食堂,2014/08/30 09:03:50,6.0,195.23
17708,POS消费,地点188,超市,2014/08/30 17:08:38,10.0,185.23
17708,POS消费,地点69,食堂,2014/08/30 17:27:48,7.6,177.63
17708,POS消费,地点69,食堂,2014/08/30 17:28:31,9.6,168.03
17708,POS消费,地点69,食堂,2014/08/30 17:29:00,4.6,163.43
17708,POS消费,地点218,食堂,2014/08/30 17:30:44,2.9,160.53
17708,POS消费,地点21,开水,2014/08/30 18:00:28,30.0,130.53
17708,POS消费,地点21,开水,2014/08/30 18:01:35,54.0,76.53
17708,POS消费,地点1956,淋浴,2014/08/30 22:17:31,0.1,76.43
17708,POS消费,地点752,淋浴,2014/08/30 22:53:57,0.1,76.33
17708,POS消费,地点12,文印中心,2014/08/30 22:55:47,0.4,75.93
17708,POS消费,地点60,食堂,2014/08/31 08:02:12,1.0,74.93
17708,POS消费,地点61,食堂,2014/08/31 08:13:44,3.2,71.73
17708,POS消费,地点188,超市,2014/08/31 13:50:52,5.0,66.73
17708,POS消费,地点21,开水,2014/08/31 17:09:26,4.6,62.13
17708,POS消费,地点251,食堂,2014/08/31 17:23:18,1.5,60.63
17708,POS消费,地点21,开水,2014/08/31 17:37:58,2.0,58.63
17708,POS消费,地点562,淋浴,2014/08/31 20:40:03,0.4,58.23
