17710,卡片开户,,,2014/07/12 15:50:54,0.0,0.0
17710,卡充值,,,2014/08/29 11:11:15,1000.0,1000.0
17710,POS消费,地点188,超市,2014/08/30 10:54:33,43.2,956.8
17710,POS消费,地点124,食堂,2014/08/30 11:38:23,3.0,953.8
17710,POS消费,地点1155,食堂,2014/08/30 12:03:07,8.5,945.3
17710,POS消费,地点213,食堂,2014/08/30 14:28:39,0.15,945.15
17710,POS消费,地点65,食堂,2014/08/31 11:15:13,8.1,937.05
17710,POS消费,地点243,食堂,2014/08/31 11:24:04,4.5,932.55
17710,POS消费,地点21,开水,2014/08/31 17:46:51,3.83,928.72
17710,POS消费,地点168,食堂,2014/08/31 17:48:45,5.5,923.22
17710,POS消费,地点1961,超市,2014/08/31 18:40:44,2.7,920.52
