17723,卡片开户,,,2014/07/16 15:46:42,0.0,0.0
17723,卡充值,,,2014/08/28 12:37:53,100.0,100.0
17723,POS消费,地点228,食堂,2014/08/28 12:51:57,15.5,84.5
17723,POS消费,地点231,食堂,2014/08/28 13:06:20,1.2,83.3
17723,POS消费,地点192,超市,2014/08/28 19:10:54,11.1,72.2
17723,POS消费,地点1447,校车,2014/08/29 15:02:30,1.0,71.2
17723,POS消费,地点1447,校车,2014/08/29 15:02:40,1.0,70.2
17723,POS消费,地点69,食堂,2014/08/30 17:39:46,14.6,55.6
17723,POS消费,地点26,图书馆,2014/08/30 18:23:37,3.0,52.6
17723,POS消费,地点157,食堂,2014/08/31 12:04:55,5.6,47.0
17723,POS消费,地点21,开水,2014/08/31 17:24:41,1.5,45.5
17723,POS消费,地点21,开水,2014/08/31 17:27:30,3.0,42.5
17723,POS消费,地点21,开水,2014/08/31 17:53:02,8.5,34.0
