17802,卡片开户,,,2014/07/14 10:09:09,0.0,0.0
17802,卡充值,,,2014/08/29 08:50:10,400.0,400.0
17802,POS消费,地点243,食堂,2014/08/29 12:02:54,3.0,397.0
17802,POS消费,地点59,食堂,2014/08/29 12:07:15,3.6,393.4
17802,POS消费,地点21,开水,2014/08/29 15:52:45,30.0,363.4
17802,POS消费,地点21,开水,2014/08/29 15:52:50,2.1,361.3
17802,POS消费,地点253,食堂,2014/08/29 18:38:04,4.3,357.0
17802,POS消费,地点218,食堂,2014/08/29 18:42:09,2.0,354.0
17802,POS消费,地点184,食堂,2014/08/29 18:45:43,1.0,356.0
17802,POS消费,地点188,超市,2014/08/29 20:24:14,19.4,334.6
17802,POS消费,地点1592,开水,2014/08/29 20:57:52,0.23,334.37
17802,POS消费,地点314,食堂,2014/08/30 09:34:51,28.0,306.37
17802,POS消费,地点82,食堂,2014/08/30 12:39:03,5.6,300.77
17802,POS消费,地点91,校车,2014/08/30 17:39:44,5.5,295.27
17802,POS消费,地点21,开水,2014/08/30 18:07:49,3.0,292.27
17802,POS消费,地点1659,淋浴,2014/08/30 19:06:41,0.2,292.07
17802,POS消费,地点1659,淋浴,2014/08/30 19:07:15,0.2,291.77
17802,POS消费,地点1659,淋浴,2014/08/30 19:08:44,0.1,291.97
17802,POS消费,地点1659,淋浴,2014/08/30 19:09:19,0.1,291.47
17802,POS消费,地点1659,淋浴,2014/08/30 19:11:18,0.1,291.67
17802,POS消费,地点1659,淋浴,2014/08/30 19:14:20,0.1,291.57
17802,POS消费,地点1659,淋浴,2014/08/30 19:23:09,0.1,291.37
17802,POS消费,地点21,开水,2014/08/30 20:56:13,3.9,287.47
17802,POS消费,地点61,食堂,2014/08/31 08:43:06,3.2,284.27
17802,POS消费,地点61,食堂,2014/08/31 12:19:58,3.6,280.67
17802,POS消费,地点184,食堂,2014/08/31 12:20:34,1.0,279.67
17802,POS消费,地点168,食堂,2014/08/31 20:18:25,5.5,274.17
17802,POS消费,地点1592,开水,2014/08/31 20:58:46,0.19,273.98
