1786,卡片开户,,,2014/07/19 09:44:40,0.0,0.0
1786,卡充值,,,2014/08/27 15:53:19,300.0,300.0
1786,卡充值,,,2014/08/27 16:00:36,700.0,1000.0
1786,POS消费,地点188,超市,2014/08/27 16:05:53,90.0,910.0
1786,POS消费,地点188,超市,2014/08/27 16:06:07,90.0,820.0
1786,POS消费,地点188,超市,2014/08/27 16:06:18,90.0,730.0
1786,POS消费,地点188,超市,2014/08/27 16:06:33,90.0,640.0
1786,POS消费,地点188,超市,2014/08/27 16:06:49,34.4,605.6
1786,POS消费,地点192,超市,2014/08/28 12:56:07,30.0,575.6
1786,POS消费,地点192,超市,2014/08/28 12:56:13,11.6,564.0
1786,POS消费,地点27,教务处,2014/08/28 14:38:14,15.0,549.0
1786,POS消费,地点816,校车,2014/08/28 15:26:30,1.0,548.0
1786,POS消费,地点816,校车,2014/08/28 15:26:36,1.0,547.0
1786,POS消费,地点271,校医院,2014/08/29 12:41:27,37.0,510.0
1786,POS消费,地点271,校医院,2014/08/30 13:38:42,69.0,441.0
1786,POS消费,地点271,校医院,2014/08/30 13:40:00,5.0,436.0
1786,POS消费,地点271,校医院,2014/08/30 13:46:10,20.0,416.0
1786,POS消费,地点195,超市,2014/08/30 14:22:53,28.0,388.0
1786,POS消费,地点526,食堂,2014/08/30 18:31:52,10.0,378.0
1786,POS消费,地点21,开水,2014/08/30 18:49:24,12.3,365.7
