18122,卡充值,,,2014/09/01 11:54:50,50.0,51.43
18122,POS消费,地点486,淋浴,2014/09/01 23:31:41,1.0,50.43
18122,POS消费,地点21,开水,2014/09/02 09:43:31,4.0,46.43
18122,POS消费,地点21,开水,2014/09/02 09:43:51,2.0,44.43
18122,POS消费,地点486,淋浴,2014/09/03 21:59:11,0.8,43.63
18122,POS消费,地点91,校车,2014/09/04 12:12:30,8.0,35.63
18122,POS消费,地点91,校车,2014/09/04 12:13:00,8.0,27.63
18122,POS消费,地点26,图书馆,2014/09/04 12:14:30,3.6,24.03
18122,POS消费,地点486,淋浴,2014/09/04 22:27:33,0.6,23.43
18122,卡充值,,,2014/09/10 17:28:21,50.0,73.43
18122,POS消费,地点91,校车,2014/09/10 17:33:31,4.0,69.43
18122,POS消费,地点91,校车,2014/09/10 17:34:01,17.0,52.43
18122,POS消费,地点26,图书馆,2014/09/10 17:36:01,3.6,48.83
18122,POS消费,地点21,开水,2014/09/14 08:10:36,2.0,45.83
18122,POS消费,地点21,开水,2014/09/14 08:11:24,1.8,44.03
18122,POS消费,地点21,开水,2014/09/14 08:11:37,2.6,41.43
18122,POS消费,地点486,淋浴,2014/09/14 09:31:16,1.0,47.83
18122,POS消费,地点125,淋浴,2014/10/11 22:17:39,0.01,41.42
18122,POS消费,地点486,淋浴,2014/10/11 22:37:07,1.8,39.62
18122,POS消费,地点21,开水,2014/10/12 08:45:47,1.83,37.79
18122,POS消费,地点21,开水,2014/10/12 08:46:12,4.03,33.76
18122,POS消费,地点21,开水,2014/10/12 08:47:02,2.5,31.26
18122,POS消费,地点486,淋浴,2014/10/12 22:20:16,1.0,30.26
18122,POS消费,地点125,淋浴,2014/10/13 12:47:43,0.01,30.25
18122,POS消费,地点21,开水,2014/10/14 08:08:41,2.03,28.22
18122,POS消费,地点21,开水,2014/10/14 08:08:55,2.53,25.69
18122,POS消费,地点21,开水,2014/10/14 08:11:08,2.5,20.59
18122,POS消费,地点21,开水,2014/10/14 08:11:17,2.6,23.09
18122,POS消费,地点21,开水,2014/10/14 22:29:20,6.1,14.49
18122,POS消费,地点486,淋浴,2014/10/14 22:38:40,1.0,13.49
18122,POS消费,地点21,开水,2014/10/15 08:07:28,8.2,5.29
18122,POS消费,地点486,淋浴,2014/10/16 21:51:10,1.0,4.29
18122,POS消费,地点125,淋浴,2014/10/16 22:30:17,0.01,4.28
18122,POS消费,地点486,淋浴,2014/10/17 22:29:21,0.7,3.58
18122,POS消费,地点486,淋浴,2014/10/19 22:55:08,0.4,3.18
18122,POS消费,地点125,淋浴,2014/10/19 23:11:22,0.01,3.17
18122,POS消费,地点486,淋浴,2014/10/24 21:43:46,1.0,2.17
18122,POS消费,地点125,淋浴,2014/10/25 00:14:36,0.01,2.16
18122,POS消费,地点486,淋浴,2014/10/30 19:43:17,0.8,1.36
18122,POS消费,地点125,淋浴,2014/10/31 16:29:18,0.16,1.2
18122,卡充值,,,2014/11/12 17:15:10,100.0,101.2
18122,POS消费,地点486,淋浴,2014/11/13 21:01:59,0.8,100.4
18122,POS消费,地点125,淋浴,2014/11/13 22:05:15,0.18,100.22
18122,POS消费,地点486,淋浴,2014/11/15 23:24:51,0.6,99.62
18122,POS消费,地点486,淋浴,2014/11/16 22:51:21,0.7,98.92
18122,POS消费,地点125,淋浴,2014/11/17 14:57:53,0.16,98.76
18122,POS消费,地点21,开水,2014/11/17 16:02:35,13.1,85.66
18122,POS消费,地点21,开水,2014/11/21 10:28:24,2.0,83.66
18122,POS消费,地点486,淋浴,2014/11/21 19:47:13,1.1,82.56
18122,POS消费,地点125,淋浴,2014/11/22 10:01:47,0.01,82.55
18122,POS消费,地点91,校车,2014/11/22 17:28:31,5.6,76.95
18122,POS消费,地点21,开水,2014/11/22 17:29:10,1.0,75.95
18122,POS消费,地点21,开水,2014/11/22 17:29:39,2.0,73.95
18122,POS消费,地点21,开水,2014/11/22 17:30:18,3.0,70.95
18122,POS消费,地点21,开水,2014/11/23 18:01:36,3.0,67.95
18122,POS消费,地点1405,校车,2014/11/27 10:27:37,2.0,65.95
18122,POS消费,地点157,食堂,2014/11/27 11:57:15,5.6,60.35
18122,POS消费,地点1847,食堂,2014/11/27 12:06:59,3.0,57.35
18122,POS消费,地点1214,校车,2014/11/27 15:29:28,2.0,55.35
18122,POS消费,地点486,淋浴,2014/11/28 23:38:49,1.4,53.95
18122,POS消费,地点125,淋浴,2014/11/29 10:01:36,0.01,53.94
18122,POS消费,地点232,食堂,2014/11/29 12:05:34,5.6,48.34
18122,POS消费,地点21,开水,2014/11/29 12:06:24,2.0,46.34
18122,POS消费,地点104,开水,2014/11/29 23:06:44,0.03,46.31
18122,POS消费,地点21,开水,2014/11/30 08:21:32,7.53,38.78
18122,POS消费,地点221,校车,2014/11/30 08:22:47,4.0,34.78
18122,POS消费,地点1155,食堂,2014/11/30 12:24:16,7.0,27.78
18122,POS消费,地点232,食堂,2014/11/30 12:51:06,8.0,19.78
18122,POS消费,地点288,校车,2014/11/30 13:36:12,4.0,15.78
18122,POS消费,地点478,淋浴,2014/11/30 17:29:50,0.4,15.38
18122,POS消费,地点486,淋浴,2014/12/04 21:33:33,1.0,14.38
18122,POS消费,地点125,淋浴,2014/12/04 22:01:24,0.01,14.37
18122,POS消费,地点125,淋浴,2014/12/04 22:03:00,0.01,14.36
18122,POS消费,地点21,开水,2014/12/07 08:09:37,4.03,10.33
18122,POS消费,地点224,校车,2014/12/07 14:46:51,4.0,6.33
18122,POS消费,地点224,校车,2014/12/07 14:47:17,4.0,2.33
18122,POS消费,地点486,淋浴,2014/12/09 23:07:23,0.4,1.93
18122,POS消费,地点125,淋浴,2014/12/09 23:52:44,0.01,1.92
18122,POS消费,地点486,淋浴,2014/12/12 22:51:32,1.5,0.42
18122,POS消费,地点125,淋浴,2014/12/12 23:33:23,0.16,0.26
18122,卡充值,,,2014/12/21 12:03:30,50.0,50.26
18122,POS消费,地点486,淋浴,2014/12/21 22:33:49,0.9,49.36
18122,POS消费,地点125,淋浴,2014/12/21 23:14:05,0.18,49.18
18122,POS消费,地点486,淋浴,2014/12/22 22:50:19,0.2,48.98
18122,POS消费,地点125,淋浴,2014/12/22 23:14:56,0.1,48.88
18122,POS消费,地点91,校车,2014/12/28 17:13:50,5.6,43.28
18122,POS消费,地点21,开水,2014/12/28 17:15:08,1.5,41.78
18122,POS消费,地点21,开水,2014/12/28 17:16:06,2.8,38.98
18122,POS消费,地点486,淋浴,2015/01/04 20:37:43,0.9,38.08
18122,POS消费,地点125,淋浴,2015/01/05 10:13:06,0.16,37.92
18122,POS消费,地点91,校车,2015/01/05 11:46:10,11.0,26.92
18122,POS消费,地点21,开水,2015/01/05 12:12:32,7.9,19.02
18122,POS消费,地点486,淋浴,2015/01/05 22:36:34,0.8,18.22
18122,POS消费,地点125,淋浴,2015/01/06 08:00:50,0.01,18.21
18122,POS消费,地点21,开水,2015/01/06 09:02:07,1.6,16.61
18122,POS消费,地点91,校车,2015/01/06 10:56:35,8.0,8.61
18122,POS消费,地点91,校车,2015/01/06 10:57:52,8.0,0.61
18122,卡充值,,,2015/03/05 15:28:01,50.0,50.61
18122,POS消费,地点125,淋浴,2015/03/06 15:29:10,0.27,50.34
18122,POS消费,地点125,淋浴,2015/03/07 12:54:01,0.25,50.09
18122,POS消费,地点1387,校车,2015/03/09 08:30:28,2.0,48.09
18122,POS消费,地点125,淋浴,2015/03/10 06:59:50,0.01,48.08
18122,POS消费,地点21,开水,2015/03/10 07:39:55,2.0,46.08
18122,POS消费,地点21,开水,2015/03/10 07:40:26,2.03,44.05
18122,POS消费,地点91,校车,2015/03/10 19:38:06,3.4,40.65
18122,POS消费,地点21,开水,2015/03/10 19:42:32,13.0,27.65
18122,POS消费,地点125,淋浴,2015/03/11 07:09:48,0.25,27.4
18122,POS消费,地点21,开水,2015/03/11 07:30:23,3.5,23.9
18122,POS消费,地点486,淋浴,2015/04/13 22:10:26,1.0,22.9
18122,POS消费,地点125,淋浴,2015/04/15 11:43:07,0.01,22.89
18122,POS消费,地点486,淋浴,2015/04/15 22:21:27,0.7,22.19
18122,POS消费,地点486,淋浴,2015/04/25 21:57:12,0.9,21.29
18122,POS消费,地点125,淋浴,2015/04/26 12:52:57,0.01,21.28
18122,POS消费,地点486,淋浴,2015/04/26 21:59:23,1.0,20.28
18122,POS消费,地点2264,洗衣房,2015/04/27 11:49:47,3.6,16.68
18122,POS消费,地点2264,洗衣房,2015/04/27 11:49:47,-0.48,14.16
18122,POS消费,地点2264,洗衣房,2015/04/27 11:50:35,-0.6,13.68
18122,POS消费,地点2264,洗衣房,2015/04/27 11:50:35,3.6,13.08
18122,POS消费,地点2264,洗衣房,2015/04/27 12:41:21,3.6,10.56
18122,POS消费,地点2264,洗衣房,2015/04/27 12:41:21,-3.24,13.8
18122,POS消费,地点486,淋浴,2015/04/27 21:23:25,1.4,12.4
18122,POS消费,地点125,淋浴,2015/04/28 11:02:42,0.01,12.39
18122,POS消费,地点486,淋浴,2015/04/28 21:11:29,0.6,11.79
18122,POS消费,地点125,淋浴,2015/04/29 11:00:08,0.01,11.78
18122,POS消费,地点486,淋浴,2015/05/12 22:15:34,0.7,11.08
18122,POS消费,地点486,淋浴,2015/05/14 20:11:02,1.2,9.88
18122,POS消费,地点125,淋浴,2015/05/14 21:24:18,0.01,9.87
18122,POS消费,地点21,开水,2015/05/15 21:56:01,3.2,6.67
18122,POS消费,地点486,淋浴,2015/05/15 22:53:49,0.6,6.07
18122,POS消费,地点125,淋浴,2015/05/15 23:20:26,0.01,6.06
18122,POS消费,地点125,淋浴,2015/05/16 10:38:00,0.01,6.05
18122,POS消费,地点486,淋浴,2015/05/17 22:40:38,1.2,4.85
18122,卡充值,,,2015/05/25 16:56:36,20.0,24.85
18122,POS消费,地点486,淋浴,2015/05/25 21:00:18,1.2,23.65
18122,POS消费,地点125,淋浴,2015/05/26 12:23:54,0.01,23.64
18122,POS消费,地点486,淋浴,2015/05/26 20:50:39,0.7,22.94
18122,POS消费,地点91,校车,2015/05/27 12:08:25,8.0,14.94
18122,POS消费,地点486,淋浴,2015/05/27 21:35:51,1.4,13.54
18122,POS消费,地点486,淋浴,2015/05/27 22:00:17,1.3,12.24
18122,POS消费,地点486,淋浴,2015/05/28 21:15:14,1.2,11.04
18122,POS消费,地点486,淋浴,2015/05/29 21:31:40,0.8,10.24
18122,POS消费,地点486,淋浴,2015/05/30 21:13:56,1.1,9.14
18122,POS消费,地点486,淋浴,2015/05/31 20:58:05,0.8,8.34
18122,POS消费,地点486,淋浴,2015/06/01 21:44:10,0.2,8.14
18122,卡充值,,,2015/06/02 12:02:16,20.0,28.14
18122,POS消费,地点232,食堂,2015/06/02 12:03:47,10.7,17.44
18122,POS消费,地点26,图书馆,2015/06/02 12:05:42,3.0,14.44
18122,POS消费,地点486,淋浴,2015/06/07 21:17:17,0.6,13.84
18122,POS消费,地点486,淋浴,2015/06/08 18:03:56,0.8,13.04
18122,POS消费,地点125,淋浴,2015/06/09 07:06:07,0.01,13.03
18122,POS消费,地点486,淋浴,2015/06/09 21:29:23,1.1,11.93
18122,POS消费,地点2264,洗衣房,2015/06/09 22:15:51,3.6,8.33
18122,POS消费,地点486,淋浴,2015/06/10 22:27:19,0.6,7.73
18122,POS消费,地点486,淋浴,2015/06/11 22:32:00,1.2,6.53
18122,POS消费,地点486,淋浴,2015/06/25 22:52:36,0.8,5.73
18122,POS消费,地点486,淋浴,2015/06/26 22:49:06,1.3,4.43
18122,POS消费,地点486,淋浴,2015/06/27 23:35:20,0.9,3.53
