18181,卡片开户,,,2014/07/19 14:59:11,0.0,0.0
18181,卡充值,,,2014/08/28 16:53:23,300.0,300.0
18181,POS消费,地点1448,校车,2014/08/29 08:52:30,1.0,299.0
18181,POS消费,地点21,开水,2014/08/29 12:00:28,4.6,294.39
18181,POS消费,地点195,超市,2014/08/29 12:44:29,28.0,266.39
18181,POS消费,地点26,图书馆,2014/08/29 19:30:07,56.2,209.99
18181,POS消费,地点60,食堂,2014/08/30 09:32:53,0.5,206.49
18181,POS消费,地点232,食堂,2014/08/30 12:36:59,10.0,196.49
18181,POS消费,地点1961,超市,2014/08/30 13:26:26,12.7,183.79
18181,POS消费,地点192,超市,2014/08/30 16:06:57,12.5,171.29
18181,POS消费,地点1588,食堂,2014/08/30 18:26:18,5.3,165.99
18181,POS消费,地点1847,食堂,2014/08/31 11:44:10,3.0,162.99
18181,POS消费,地点232,食堂,2014/08/31 11:47:10,8.9,154.09
18181,POS消费,地点1961,超市,2014/08/31 17:33:44,30.0,124.09
18181,POS消费,地点1961,超市,2014/08/31 17:33:47,1.0,123.09
