18185,卡片开户,,,2014/07/19 09:42:21,0.0,0.0
18185,卡充值,,,2014/08/29 17:42:58,300.0,300.0
18185,POS消费,地点195,超市,2014/08/29 19:39:27,105.3,194.7
18185,POS消费,地点195,超市,2014/08/29 19:46:00,28.0,166.7
18185,POS消费,地点874,淋浴,2014/08/29 22:50:48,0.5,166.2
18185,POS消费,地点124,食堂,2014/08/30 08:02:53,10.5,155.7
18185,POS消费,地点21,开水,2014/08/30 19:03:26,7.8,147.9
18185,POS消费,地点195,超市,2014/08/30 21:37:48,25.8,122.1
18185,POS消费,地点60,食堂,2014/08/31 08:37:59,0.3,121.8
18185,POS消费,地点61,食堂,2014/08/31 12:32:19,6.6,115.2
18185,POS消费,地点195,超市,2014/08/31 14:11:25,1.9,113.3
18185,POS消费,地点251,食堂,2014/08/31 18:23:01,0.6,112.7
18185,POS消费,地点916,淋浴,2014/08/31 20:26:35,1.1,111.6
