1818,卡片开户,,,2014/07/18 11:38:00,0.0,0.0
1818,卡充值,,,2014/08/29 16:56:11,100.0,100.0
1818,POS消费,地点1870,开水,2014/08/29 21:06:39,0.01,99.99
1818,POS消费,地点134,食堂,2014/08/30 07:59:28,0.9,99.09
1818,POS消费,地点21,开水,2014/08/30 11:54:39,5.3,93.79
1818,POS消费,地点21,开水,2014/08/30 17:25:50,7.6,86.19
1818,POS消费,地点188,超市,2014/08/30 21:09:39,27.3,58.89
1818,POS消费,地点65,食堂,2014/08/31 08:13:58,0.5,58.39
1818,POS消费,地点314,食堂,2014/08/31 09:17:12,6.5,51.89
1818,POS消费,地点232,食堂,2014/08/31 11:25:39,8.0,43.89
1818,POS消费,地点1847,食堂,2014/08/31 17:27:05,3.0,33.29
1818,POS消费,地点1588,食堂,2014/08/31 17:38:29,7.6,36.29
