18226,卡片开户,,,2014/07/20 11:11:43,0.0,0.0
18226,卡充值,,,2014/08/27 11:14:50,1500.0,1500.0
18226,POS消费,地点161,食堂,2014/08/27 11:21:38,10.6,1489.4
18226,POS消费,地点161,食堂,2014/08/27 11:22:13,6.8,1482.6
18226,POS消费,地点262,食堂,2014/08/27 11:23:04,2.4,1480.2
18226,POS消费,地点262,食堂,2014/08/27 11:23:24,1.5,1478.7
18226,POS消费,地点262,食堂,2014/08/28 10:59:48,2.4,1476.3
18226,POS消费,地点59,食堂,2014/08/28 11:01:47,1.5,1474.8
18226,POS消费,地点161,食堂,2014/08/28 11:03:28,1.2,1465.7
18226,POS消费,地点161,食堂,2014/08/28 11:03:40,4.0,1461.7
18226,POS消费,地点239,食堂,2014/08/28 11:13:54,7.9,1466.9
18226,POS消费,地点21,开水,2014/08/28 11:26:56,30.0,1431.7
18226,POS消费,地点21,开水,2014/08/28 11:26:59,30.0,1401.7
18226,POS消费,地点21,开水,2014/08/28 11:27:03,18.4,1383.3
18226,POS消费,地点21,开水,2014/08/28 17:04:03,5.5,1367.2
18226,POS消费,地点61,食堂,2014/08/28 17:14:25,5.2,1378.1
18226,POS消费,地点239,食堂,2014/08/28 17:14:48,5.4,1372.7
18226,POS消费,地点21,开水,2014/08/29 09:58:29,30.0,1337.2
18226,POS消费,地点21,开水,2014/08/29 09:58:37,10.4,1326.8
18226,POS消费,地点188,超市,2014/08/29 10:44:01,4.8,1322.0
18226,POS消费,地点232,食堂,2014/08/29 11:25:26,16.5,1305.5
18226,POS消费,地点232,食堂,2014/08/29 11:27:49,10.0,1295.5
18226,POS消费,地点188,超市,2014/08/29 12:10:37,77.0,1218.5
18226,POS消费,地点1853,开水,2014/08/29 14:21:23,0.01,1218.48
18226,POS消费,地点21,开水,2014/08/29 16:31:31,7.0,1211.48
18226,POS消费,地点91,校车,2014/08/29 16:42:51,11.8,1180.68
18226,POS消费,地点91,校车,2014/08/29 16:44:10,19.0,1192.48
18226,POS消费,地点188,超市,2014/08/29 18:57:35,33.5,1147.16
18226,POS消费,地点61,食堂,2014/08/30 08:44:48,4.4,1142.76
18226,POS消费,地点232,食堂,2014/08/30 11:36:16,8.0,1134.76
18226,POS消费,地点1847,食堂,2014/08/30 17:55:43,1.0,1133.76
18226,POS消费,地点124,食堂,2014/08/30 17:57:40,4.5,1129.26
18226,POS消费,地点21,开水,2014/08/30 18:22:04,3.0,1126.26
18226,POS消费,地点1853,开水,2014/08/30 21:38:18,0.03,1126.23
18226,POS消费,地点1914,淋浴,2014/08/31 06:11:08,0.7,1125.53
18226,POS消费,地点1914,淋浴,2014/08/31 06:18:23,0.1,1125.43
18226,POS消费,地点1914,淋浴,2014/08/31 06:20:20,0.1,1125.33
18226,POS消费,地点61,食堂,2014/08/31 07:55:58,4.8,1120.53
18226,POS消费,地点91,校车,2014/08/31 11:18:27,5.5,1115.03
18226,POS消费,地点21,开水,2014/08/31 11:26:54,4.6,1110.43
18226,POS消费,地点188,超市,2014/08/31 11:47:53,2.1,1108.33
18226,POS消费,地点1853,开水,2014/08/31 17:24:09,0.01,1108.32
18226,POS消费,地点1853,开水,2014/08/31 17:25:03,0.03,1108.28
18226,POS消费,地点1853,开水,2014/08/31 17:27:03,0.01,1108.31
18226,POS消费,地点124,食堂,2014/08/31 17:53:31,4.5,1103.78
18226,POS消费,地点1847,食堂,2014/08/31 18:08:46,4.7,1099.08
