18235,卡片开户,,,2014/07/22 11:07:35,0.0,0.0
18235,卡充值,,,2014/08/27 16:11:59,200.0,200.0
18235,POS消费,地点243,食堂,2014/08/27 16:12:30,3.9,196.1
18235,POS消费,地点188,超市,2014/08/27 16:41:43,92.8,103.3
18235,POS消费,地点61,食堂,2014/08/27 18:20:00,8.4,94.9
18235,POS消费,地点26,图书馆,2014/08/27 19:06:28,85.8,9.1
18235,卡充值,,,2014/08/28 09:10:14,500.0,509.1
18235,POS消费,地点65,食堂,2014/08/28 09:16:15,0.2,507.4
18235,POS消费,地点69,食堂,2014/08/28 09:16:33,1.8,505.6
18235,POS消费,地点72,食堂,2014/08/28 09:18:29,2.4,503.2
18235,POS消费,地点60,食堂,2014/08/28 09:23:09,1.5,507.6
18235,POS消费,地点243,食堂,2014/08/28 17:38:13,1.0,502.2
18235,POS消费,地点21,开水,2014/08/29 11:49:46,6.0,496.2
18235,POS消费,地点1480,开水,2014/08/29 12:47:45,0.01,496.19
18235,POS消费,地点314,食堂,2014/08/29 13:52:18,24.7,471.49
18235,POS消费,地点114,食堂,2014/08/29 15:10:02,3.5,467.99
18235,POS消费,地点21,开水,2014/08/30 11:37:44,3.0,464.99
18235,POS消费,地点69,食堂,2014/08/30 11:43:33,5.4,459.59
18235,POS消费,地点69,食堂,2014/08/30 11:43:52,6.4,453.19
18235,POS消费,地点89,食堂,2014/08/30 17:49:31,3.0,450.19
18235,POS消费,地点1923,淋浴,2014/08/30 22:14:16,0.1,450.09
18235,POS消费,地点1923,淋浴,2014/08/30 22:17:27,0.6,449.49
18235,POS消费,地点232,食堂,2014/08/31 08:04:36,1.05,448.44
18235,POS消费,地点91,校车,2014/08/31 11:46:06,3.2,445.24
18235,POS消费,地点192,超市,2014/08/31 12:14:37,2.8,442.44
18235,POS消费,地点21,开水,2014/08/31 17:36:09,3.0,435.64
18235,POS消费,地点1701,食堂,2014/08/31 17:39:58,3.8,438.64
18235,POS消费,地点1694,淋浴,2014/08/31 20:17:27,0.3,435.34
