18243,卡片开户,,,2014/07/10 14:14:31,0.0,0.0
18243,卡充值,,,2014/08/17 15:23:43,1000.0,1000.0
18243,POS消费,地点72,食堂,2014/08/18 12:38:32,9.6,990.4
18243,POS消费,地点21,开水,2014/08/18 12:39:39,6.6,983.8
18243,POS消费,地点21,开水,2014/08/18 12:40:19,9.6,974.2
18243,POS消费,地点21,开水,2014/08/18 13:37:28,3.2,971.0
18243,POS消费,地点21,开水,2014/08/18 13:43:35,3.0,968.0
18243,POS消费,地点21,开水,2014/08/18 18:30:19,8.6,959.4
18243,POS消费,地点21,开水,2014/08/18 19:41:41,6.0,953.4
18243,POS消费,地点72,食堂,2014/08/19 06:38:15,2.6,950.8
18243,POS消费,地点140,开水,2014/08/19 11:07:00,0.01,950.79
18243,POS消费,地点65,食堂,2014/08/19 11:54:21,9.6,941.19
18243,POS消费,地点60,食堂,2014/08/19 17:34:43,4.0,937.19
18243,POS消费,地点82,食堂,2014/08/19 17:43:57,9.6,927.59
18243,POS消费,地点61,食堂,2014/08/20 18:29:30,6.1,921.49
18243,POS消费,地点72,食堂,2014/08/21 07:02:25,3.1,914.39
18243,POS消费,地点61,食堂,2014/08/21 07:15:36,4.0,917.49
18243,POS消费,地点65,食堂,2014/08/21 11:46:47,8.6,905.79
18243,POS消费,地点1700,食堂,2014/08/21 11:55:57,3.0,902.79
18243,POS消费,地点65,食堂,2014/08/21 17:29:01,8.6,894.19
18243,POS消费,地点21,开水,2014/08/21 18:56:33,21.0,873.19
