18367,卡片开户,,,2014/07/20 11:13:29,0.0,0.0
18367,卡充值,,,2014/08/29 11:00:57,500.0,500.0
18367,POS消费,地点218,食堂,2014/08/29 11:03:28,12.7,487.3
18367,POS消费,地点1472,校车,2014/08/29 12:30:55,1.0,486.3
18367,POS消费,地点1472,校车,2014/08/29 12:31:02,1.0,485.3
18367,POS消费,地点195,超市,2014/08/29 12:50:20,28.0,457.3
18367,POS消费,地点232,食堂,2014/08/29 17:39:29,7.0,450.3
18367,POS消费,地点1693,淋浴,2014/08/30 07:24:37,1.6,448.7
18367,POS消费,地点60,食堂,2014/08/30 08:57:46,0.5,448.2
18367,POS消费,地点1448,校车,2014/08/30 09:26:04,1.0,447.2
18367,POS消费,地点1448,校车,2014/08/30 09:49:41,1.0,446.2
18367,POS消费,地点195,超市,2014/08/30 10:29:25,5.0,441.2
18367,POS消费,地点195,超市,2014/08/30 10:43:45,17.5,423.7
18367,POS消费,地点837,校车,2014/08/30 11:13:26,1.0,422.7
18367,POS消费,地点192,超市,2014/08/30 21:42:20,11.5,411.2
18367,POS消费,地点1693,淋浴,2014/08/30 22:00:09,0.5,410.7
18367,POS消费,地点60,食堂,2014/08/31 08:31:00,1.0,409.7
18367,POS消费,地点525,食堂,2014/08/31 11:26:40,4.4,405.3
18367,POS消费,地点841,食堂,2014/08/31 11:27:51,4.3,401.0
18367,POS消费,地点70,食堂,2014/08/31 16:35:32,3.0,398.0
18367,POS消费,地点247,食堂,2014/08/31 16:41:14,8.0,390.0
