18388,卡片开户,,,2014/07/19 09:44:21,0.0,0.0
18388,卡充值,,,2014/08/29 09:36:09,200.0,200.0
18388,POS消费,地点192,超市,2014/08/29 12:21:50,3.8,196.2
18388,POS消费,地点195,超市,2014/08/29 13:50:58,6.4,189.8
18388,POS消费,地点21,开水,2014/08/29 14:02:15,9.6,180.2
18388,POS消费,地点168,食堂,2014/08/29 19:51:06,5.5,174.7
18388,POS消费,地点1588,食堂,2014/08/30 07:48:55,2.3,172.31
18388,POS消费,地点1588,食堂,2014/08/30 07:49:08,0.8,171.51
18388,POS消费,地点134,食堂,2014/08/30 07:51:28,0.8,170.71
18388,POS消费,地点314,食堂,2014/08/30 13:15:27,17.7,153.01
18388,POS消费,地点124,食堂,2014/08/30 17:36:26,3.0,149.51
18388,POS消费,地点134,食堂,2014/08/31 07:44:04,0.9,148.61
18388,POS消费,地点103,食堂,2014/08/31 07:47:02,1.8,146.81
18388,POS消费,地点192,超市,2014/08/31 09:16:29,6.5,140.31
18388,POS消费,地点21,开水,2014/08/31 12:38:43,5.6,134.71
18388,POS消费,地点91,校车,2014/08/31 18:13:25,5.5,128.81
