18482,卡片开户,,,2014/07/19 09:16:44,0.0,0.0
18482,卡充值,,,2014/08/29 10:33:32,500.0,500.0
18482,POS消费,地点70,食堂,2014/08/29 10:33:50,2.5,497.5
18482,POS消费,地点816,校车,2014/08/29 12:02:38,1.0,496.5
18482,POS消费,地点1930,洗衣房,2014/08/30 15:03:44,3.6,492.9
18482,POS消费,地点1930,洗衣房,2014/08/30 15:09:18,3.6,489.3
18482,POS消费,地点188,超市,2014/08/30 18:57:15,83.3,406.0
18482,POS消费,地点1874,淋浴,2014/08/30 20:22:41,0.1,405.9
18482,POS消费,地点1874,淋浴,2014/08/30 20:44:01,0.1,405.8
18482,POS消费,地点1874,淋浴,2014/08/30 20:44:07,0.1,405.5
18482,POS消费,地点1874,淋浴,2014/08/30 20:45:47,0.2,405.6
18482,POS消费,地点1930,洗衣房,2014/08/30 21:00:36,3.6,401.9
18482,POS消费,地点192,超市,2014/08/30 21:27:26,13.5,388.4
18482,POS消费,地点204,食堂,2014/08/31 09:45:12,4.5,383.9
18482,POS消费,地点72,食堂,2014/08/31 12:38:28,12.6,371.3
18482,POS消费,地点72,食堂,2014/08/31 12:39:30,10.6,360.7
18482,POS消费,地点72,食堂,2014/08/31 12:39:39,0.2,360.5
18482,POS消费,地点1561,开水,2014/08/31 18:14:15,0.04,360.46
18482,POS消费,地点21,开水,2014/08/31 18:31:02,8.6,351.86
18482,POS消费,地点1875,淋浴,2014/08/31 22:44:16,0.4,351.46
18482,POS消费,地点1931,洗衣房,2014/08/31 23:13:43,-3.48,351.34
18482,POS消费,地点1931,洗衣房,2014/08/31 23:14:53,3.6,347.86
