18521,卡片开户,,,2014/07/19 09:10:15,0.0,0.0
18521,POS消费,地点27,教务处,2014/08/30 12:54:27,15.0,585.0
18521,卡充值,,,2014/08/30 12:57:20,600.0,600.0
18521,POS消费,地点1645,淋浴,2014/08/30 16:30:18,0.5,584.5
18521,POS消费,地点168,食堂,2014/08/30 18:12:11,7.55,576.95
18521,POS消费,地点21,开水,2014/08/30 18:28:49,1.5,575.45
18521,POS消费,地点1961,超市,2014/08/30 18:38:00,15.5,559.95
18521,POS消费,地点21,开水,2014/08/30 21:56:28,27.1,532.85
18521,POS消费,地点61,食堂,2014/08/31 09:32:20,3.4,529.45
18521,POS消费,地点21,开水,2014/08/31 12:40:50,6.8,522.65
18521,POS消费,地点1961,超市,2014/08/31 12:49:21,83.0,439.65
18521,POS消费,地点146,校车,2014/08/31 17:57:54,1.0,438.65
18521,POS消费,地点1541,淋浴,2014/08/31 22:10:50,0.6,438.05
