18524,卡片开户,,,2014/07/16 14:04:18,0.0,0.0
18524,卡充值,,,2014/08/29 09:33:07,1000.0,1000.0
18524,POS消费,地点65,食堂,2014/08/29 11:59:38,6.8,993.19
18524,POS消费,地点65,食堂,2014/08/29 11:59:57,6.8,986.39
18524,POS消费,地点65,食堂,2014/08/29 12:00:19,7.8,978.59
18524,POS消费,地点1895,开水,2014/08/29 14:25:23,0.01,999.99
18524,POS消费,地点228,食堂,2014/08/29 17:56:20,7.0,971.59
18524,POS消费,地点231,食堂,2014/08/29 18:10:28,0.6,970.99
18524,POS消费,地点1915,淋浴,2014/08/29 21:37:32,0.3,970.69
18524,POS消费,地点21,开水,2014/08/30 07:58:07,4.8,965.89
18524,POS消费,地点192,超市,2014/08/30 08:22:13,30.0,935.89
18524,POS消费,地点192,超市,2014/08/30 08:22:17,25.0,910.89
18524,POS消费,地点103,食堂,2014/08/30 11:23:27,7.6,903.29
18524,POS消费,地点188,超市,2014/08/30 11:31:07,22.0,881.29
18524,POS消费,地点91,校车,2014/08/30 17:25:33,5.5,875.79
18524,POS消费,地点1909,淋浴,2014/08/30 18:02:10,0.1,875.69
18524,POS消费,地点1910,淋浴,2014/08/30 18:02:29,0.1,875.59
18524,POS消费,地点1910,淋浴,2014/08/30 18:04:30,0.1,875.49
18524,POS消费,地点1910,淋浴,2014/08/30 18:06:05,0.1,875.39
18524,POS消费,地点1918,淋浴,2014/08/30 18:06:42,0.5,874.89
18524,POS消费,地点1409,食堂,2014/08/31 07:57:33,3.0,871.89
18524,POS消费,地点1409,食堂,2014/08/31 07:57:43,3.0,868.89
18524,POS消费,地点272,食堂,2014/08/31 11:30:53,10.0,858.89
18524,POS消费,地点258,食堂,2014/08/31 11:41:19,3.2,855.69
18524,POS消费,地点822,食堂,2014/08/31 17:46:18,5.6,850.09
18524,POS消费,地点1915,淋浴,2014/08/31 18:11:03,0.5,849.59
18524,POS消费,地点192,超市,2014/08/31 19:03:17,4.0,845.59
