18624,卡片开户,,,2014/07/19 15:59:07,0.0,0.0
18624,卡充值,,,2014/08/29 12:14:58,200.0,200.0
18624,POS消费,地点21,开水,2014/08/29 12:35:29,3.6,196.4
18624,POS消费,地点21,开水,2014/08/29 12:35:33,4.1,192.3
18624,POS消费,地点21,开水,2014/08/29 12:36:02,8.1,184.2
18624,POS消费,地点65,食堂,2014/08/29 17:55:43,10.6,173.6
18624,POS消费,地点65,食堂,2014/08/29 17:56:10,9.6,164.0
18624,POS消费,地点65,食堂,2014/08/29 17:56:27,8.6,155.4
18624,POS消费,地点21,开水,2014/08/29 17:59:26,9.0,146.4
18624,POS消费,地点566,开水,2014/08/29 20:22:40,0.01,146.39
18624,POS消费,地点1409,食堂,2014/08/30 09:01:45,6.9,139.49
18624,POS消费,地点65,食堂,2014/08/30 12:05:01,5.6,133.89
18624,POS消费,地点188,超市,2014/08/30 13:00:35,12.0,121.89
18624,POS消费,地点307,食堂,2014/08/30 16:45:25,2.5,113.79
18624,POS消费,地点182,食堂,2014/08/30 16:47:18,5.6,116.29
18624,POS消费,地点161,食堂,2014/08/31 07:45:15,6.0,107.79
18624,POS消费,地点184,食堂,2014/08/31 08:12:20,4.6,103.19
18624,POS消费,地点69,食堂,2014/08/31 11:56:31,8.6,94.59
18624,POS消费,地点21,开水,2014/08/31 16:39:33,23.2,71.29
18624,POS消费,地点69,食堂,2014/08/31 17:32:31,9.6,61.69
18624,POS消费,地点243,食堂,2014/08/31 17:41:57,3.0,58.69
