18646,卡片开户,,,2014/07/16 10:16:38,0.0,0.0
18646,卡充值,,,2014/08/27 16:21:52,500.0,500.0
18646,POS消费,地点218,食堂,2014/08/27 18:14:02,1.0,493.9
18646,POS消费,地点61,食堂,2014/08/27 18:17:24,5.1,494.9
18646,POS消费,地点21,开水,2014/08/27 18:49:35,67.1,426.8
18646,POS消费,地点188,超市,2014/08/27 20:51:18,28.7,398.1
18646,POS消费,地点1561,开水,2014/08/27 21:48:35,0.02,398.08
18646,POS消费,地点1874,淋浴,2014/08/27 22:31:18,0.6,397.46
18646,POS消费,地点1561,开水,2014/08/27 23:01:09,0.02,398.06
18646,POS消费,地点27,教务处,2014/08/28 08:56:01,15.0,380.81
18646,POS消费,地点213,食堂,2014/08/28 08:56:49,0.65,396.81
18646,POS消费,地点213,食堂,2014/08/28 08:56:52,1.0,395.81
18646,POS消费,地点222,校车,2014/08/28 09:37:05,1.0,379.81
18646,POS消费,地点1448,校车,2014/08/28 10:07:11,1.0,378.81
18646,POS消费,地点213,食堂,2014/08/28 15:56:54,1.0,377.81
18646,POS消费,地点21,开水,2014/08/28 18:22:50,6.1,371.71
18646,POS消费,地点21,开水,2014/08/28 22:14:59,6.7,365.01
18646,POS消费,地点1874,淋浴,2014/08/28 23:04:52,0.6,364.41
18646,POS消费,地点72,食堂,2014/08/29 07:56:56,7.2,357.21
18646,POS消费,地点21,开水,2014/08/29 12:02:06,9.5,347.71
18646,POS消费,地点61,食堂,2014/08/29 12:45:15,7.6,340.11
18646,POS消费,地点1447,校车,2014/08/29 16:54:44,1.0,339.11
18646,POS消费,地点1874,淋浴,2014/08/30 00:01:28,0.6,338.11
18646,POS消费,地点65,食堂,2014/08/30 08:13:23,0.3,337.81
18646,POS消费,地点211,校车,2014/08/30 14:56:09,1.0,336.81
18646,POS消费,地点188,超市,2014/08/30 19:24:30,5.4,331.41
18646,POS消费,地点1626,淋浴,2014/08/30 23:16:47,0.1,331.31
18646,POS消费,地点1874,淋浴,2014/08/30 23:51:16,0.5,330.81
18646,POS消费,地点184,食堂,2014/08/31 09:08:42,1.6,329.21
18646,POS消费,地点21,开水,2014/08/31 11:01:29,1.5,327.71
18646,POS消费,地点1874,淋浴,2014/08/31 11:35:36,0.4,327.31
18646,POS消费,地点103,食堂,2014/08/31 12:21:39,5.3,322.01
18646,POS消费,地点168,食堂,2014/08/31 17:54:13,6.5,315.51
