18644,POS消费,地点1447,校车,2014/09/01 13:18:14,1.0,4.33
18644,POS消费,地点232,食堂,2014/09/01 17:00:44,5.6,198.73
18644,卡充值,,,2014/09/01 17:04:18,200.0,204.33
18644,卡挂失,,,2014/09/03 15:29:16,0.0,0.0
18644,卡片开户,,,2014/09/03 15:30:32,20.0,5.0
18644,卡充值,,,2014/09/03 15:34:04,100.0,105.0
18644,POS消费,地点192,超市,2014/09/03 15:41:40,30.0,75.0
18644,POS消费,地点192,超市,2014/09/03 15:41:51,17.0,58.0
18644,POS消费,地点192,超市,2014/09/03 15:42:02,-17.0,75.0
18644,POS消费,地点192,超市,2014/09/03 15:42:08,17.6,57.4
18644,POS消费,地点232,食堂,2014/09/03 17:28:17,6.0,51.4
18644,POS消费,地点91,校车,2014/09/03 17:29:48,3.5,47.9
18644,POS消费,地点157,食堂,2014/09/04 17:46:36,6.1,41.8
18644,POS消费,地点21,开水,2014/09/05 14:37:27,2.7,39.1
18644,POS消费,地点192,超市,2014/09/06 16:28:35,21.0,18.1
18644,POS消费,地点21,开水,2014/09/07 11:36:24,3.0,15.1
18644,POS消费,地点213,食堂,2014/09/09 17:14:43,11.85,3.25
18644,POS消费,地点211,校车,2014/09/09 17:31:18,1.0,2.25
18644,卡片销户,,,2014/10/10 11:34:03,2.25,0.0
18644,卡补办,,,2014/10/10 11:35:26,17.25,200.98
18644,POS消费,地点192,超市,2014/10/10 11:39:52,30.0,170.98
18644,POS消费,地点192,超市,2014/10/10 11:39:57,1.8,169.18
18644,POS消费,地点188,超市,2014/10/10 20:40:09,2.9,166.28
18644,POS消费,地点91,校车,2014/10/13 11:15:20,8.0,158.28
18644,POS消费,地点91,校车,2014/10/13 11:16:19,4.5,153.78
18644,POS消费,地点213,食堂,2014/10/13 15:45:50,0.75,153.03
18644,POS消费,地点244,食堂,2014/10/13 17:49:40,4.6,148.43
18644,POS消费,地点188,超市,2014/10/13 21:20:56,48.6,99.83
18644,POS消费,地点21,开水,2014/10/14 20:22:45,21.0,78.83
18644,POS消费,地点21,开水,2014/10/17 17:10:20,21.0,57.83
18644,POS消费,地点26,图书馆,2014/10/19 20:32:31,22.0,35.83
18644,POS消费,地点26,图书馆,2014/10/23 21:14:56,15.9,19.93
18644,POS消费,地点87,食堂,2014/11/02 11:32:37,4.4,15.53
18644,POS消费,地点21,开水,2014/11/03 17:05:28,2.4,13.13
18644,POS消费,地点232,食堂,2014/11/09 11:08:13,12.0,1.13
18644,POS消费,地点192,超市,2014/11/10 15:17:34,26.7,174.43
18644,卡充值,,,2014/11/10 15:25:55,200.0,201.13
18644,POS消费,地点188,超市,2014/11/10 15:54:34,16.5,157.93
18644,POS消费,地点268,食堂,2014/11/10 17:46:30,4.4,153.53
18644,POS消费,地点192,超市,2014/11/10 21:05:23,30.0,123.53
18644,POS消费,地点192,超市,2014/11/10 21:05:53,30.0,93.53
18644,POS消费,地点192,超市,2014/11/10 21:06:07,12.6,80.93
18644,POS消费,地点26,图书馆,2014/11/11 14:44:08,30.4,50.53
18644,POS消费,地点21,开水,2014/11/12 16:08:18,25.9,24.63
18644,POS消费,地点21,开水,2014/11/18 08:40:08,7.0,17.63
18644,卡充值,,,2014/11/25 17:18:34,200.0,217.63
18644,POS消费,地点188,超市,2014/11/25 18:46:43,50.0,167.63
18644,POS消费,地点188,超市,2014/11/25 18:46:46,32.8,134.83
18644,POS消费,地点213,食堂,2014/11/26 09:48:08,0.75,134.08
18644,POS消费,地点996,图书馆,2014/11/27 12:31:11,3.9,130.18
18644,POS消费,地点232,食堂,2014/11/27 17:42:17,6.0,124.18
18644,POS消费,地点91,校车,2014/11/27 17:43:11,4.5,119.68
18644,POS消费,地点91,校车,2014/11/27 17:44:03,1.2,118.48
18644,POS消费,地点192,超市,2014/11/28 20:22:38,30.0,88.48
18644,POS消费,地点192,超市,2014/11/28 20:22:42,22.1,66.38
18644,POS消费,地点26,图书馆,2014/11/29 21:46:35,38.1,28.28
18644,,,,2014/11/29 23:21:09,20.0,0.0
18644,,,,2014/11/29 23:22:12,20.0,0.0
18644,卡充值,,,2014/12/01 16:47:55,100.0,128.28
18644,POS消费,地点91,校车,2014/12/01 16:51:10,8.0,120.28
18644,POS消费,地点91,校车,2014/12/01 16:55:22,1.2,119.08
18644,POS消费,地点91,校车,2014/12/01 16:56:26,2.5,116.58
18644,POS消费,地点192,超市,2014/12/01 21:00:42,13.8,102.78
18644,POS消费,地点188,超市,2014/12/02 15:20:33,13.8,88.98
18644,POS消费,地点232,食堂,2014/12/03 11:36:28,6.0,82.98
18644,POS消费,地点91,校车,2014/12/03 11:37:05,4.5,78.48
18644,POS消费,地点91,校车,2014/12/03 11:37:40,1.2,77.28
18644,POS消费,地点192,超市,2014/12/04 16:11:45,11.4,65.88
18644,POS消费,地点192,超市,2014/12/06 22:10:31,30.0,35.88
18644,POS消费,地点192,超市,2014/12/06 22:10:34,9.2,26.68
18644,POS消费,地点188,超市,2014/12/07 20:04:03,16.5,10.18
18644,POS消费,地点213,食堂,2014/12/08 13:57:47,5.25,4.93
18644,POS消费,地点192,超市,2014/12/12 17:38:28,30.0,74.93
18644,POS消费,地点192,超市,2014/12/12 17:38:32,16.8,58.13
18644,卡充值,,,2014/12/12 17:42:36,100.0,104.93
18644,POS消费,地点188,超市,2014/12/14 15:52:13,6.0,52.13
18644,POS消费,地点61,食堂,2014/12/16 06:59:28,3.6,48.53
18644,POS消费,地点192,超市,2014/12/16 21:00:26,21.0,27.53
18644,POS消费,地点222,校车,2014/12/18 13:58:23,1.0,26.53
18644,POS消费,地点244,食堂,2014/12/18 17:26:36,4.4,22.13
18644,POS消费,地点21,开水,2014/12/21 19:39:13,11.1,11.03
18644,POS消费,地点1623,图书馆,2014/12/23 14:12:00,6.0,5.03
18644,卡充值,,,2015/03/04 14:31:19,200.0,205.03
18644,POS消费,地点21,开水,2015/03/04 14:35:24,30.0,175.03
18644,POS消费,地点21,开水,2015/03/04 14:35:28,6.7,168.33
18644,POS消费,地点91,校车,2015/03/09 17:52:09,6.0,162.33
18644,POS消费,地点91,校车,2015/03/09 17:52:15,6.0,156.33
18644,POS消费,地点91,校车,2015/03/09 18:00:12,4.5,151.83
18644,POS消费,地点91,校车,2015/03/09 18:00:39,4.95,146.88
18644,POS消费,地点91,校车,2015/03/15 17:32:25,6.0,140.88
18644,POS消费,地点91,校车,2015/03/15 17:33:06,4.5,136.38
18644,POS消费,地点91,校车,2015/03/16 17:01:16,6.0,130.38
18644,POS消费,地点91,校车,2015/03/16 17:01:37,8.0,122.38
18644,POS消费,地点91,校车,2015/03/16 17:02:09,4.3,118.08
18644,POS消费,地点91,校车,2015/03/16 17:02:25,1.5,116.58
18644,POS消费,地点21,开水,2015/03/16 17:02:36,3.0,113.58
18644,POS消费,地点91,校车,2015/03/16 17:03:12,1.8,111.78
18644,POS消费,地点192,超市,2015/03/20 15:31:46,24.1,87.68
18644,POS消费,地点21,开水,2015/03/23 22:12:11,7.8,79.88
18644,POS消费,地点192,超市,2015/03/25 15:37:52,4.0,75.88
18644,POS消费,地点188,超市,2015/03/25 18:43:39,11.8,64.08
18644,POS消费,地点118,食堂,2015/03/26 14:11:04,4.0,60.08
18644,POS消费,地点188,超市,2015/03/27 22:24:20,9.9,50.18
18644,POS消费,地点91,校车,2015/03/30 17:19:15,8.0,42.18
18644,POS消费,地点91,校车,2015/03/30 17:19:58,4.5,37.68
18644,POS消费,地点118,食堂,2015/04/02 14:13:23,4.0,33.68
18644,POS消费,地点26,图书馆,2015/04/03 17:17:26,16.2,17.48
18644,POS消费,地点192,超市,2015/04/04 20:36:59,13.6,3.88
18644,卡充值,,,2015/04/16 16:14:19,100.0,103.88
18644,POS消费,地点21,开水,2015/04/16 16:15:59,21.0,82.88
18644,POS消费,地点118,食堂,2015/04/16 19:12:54,6.5,76.38
18644,POS消费,地点192,超市,2015/04/22 18:26:51,21.2,55.18
18644,POS消费,地点21,开水,2015/04/24 06:58:53,4.33,50.85
18644,POS消费,地点192,超市,2015/04/25 21:33:47,30.0,20.85
18644,POS消费,地点192,超市,2015/04/25 21:33:51,7.5,13.35
18644,POS消费,地点816,校车,2015/05/17 13:33:23,1.0,12.35
18644,POS消费,地点212,图书馆,2015/05/18 19:22:12,2.3,10.05
18644,POS消费,地点118,食堂,2015/05/18 20:24:04,4.0,6.05
18644,卡充值,,,2015/05/19 17:46:38,200.0,206.05
18644,POS消费,地点91,校车,2015/05/19 17:49:12,6.0,200.05
18644,POS消费,地点91,校车,2015/05/19 17:50:05,4.5,195.55
18644,POS消费,地点91,校车,2015/05/19 17:50:38,2.4,193.15
18644,POS消费,地点21,开水,2015/05/19 18:16:23,10.2,182.95
18644,,,,2015/05/20 14:49:03,20.0,162.95
18644,POS消费,地点91,校车,2015/05/23 17:33:29,8.0,154.95
18644,POS消费,地点91,校车,2015/05/23 17:33:52,2.4,152.55
18644,POS消费,地点21,开水,2015/05/23 20:41:49,30.0,122.55
18644,POS消费,地点21,开水,2015/05/23 20:41:52,1.1,121.45
18644,POS消费,地点21,开水,2015/05/23 20:41:56,8.0,113.45
18644,POS消费,地点1447,校车,2015/05/24 12:40:16,1.0,112.45
18644,POS消费,地点2172,文印中心,2015/05/25 15:58:09,2.55,109.9
18644,POS消费,地点21,开水,2015/05/25 16:00:17,21.9,88.0
18644,POS消费,地点21,开水,2015/05/25 20:12:27,30.0,58.0
18644,POS消费,地点21,开水,2015/05/25 20:12:30,1.0,57.0
18644,POS消费,地点91,校车,2015/05/27 17:42:52,8.0,49.0
18644,POS消费,地点21,开水,2015/05/27 17:43:38,3.0,46.0
18644,POS消费,地点21,开水,2015/05/27 19:47:40,12.5,33.5
18644,POS消费,地点61,食堂,2015/06/02 07:34:40,6.73,26.77
18644,POS消费,地点61,食堂,2015/06/02 07:34:50,0.03,26.74
18644,POS消费,地点61,食堂,2015/06/03 07:28:45,4.03,22.71
18644,POS消费,地点72,食堂,2015/06/05 07:13:21,3.23,19.48
18644,POS消费,地点61,食堂,2015/06/06 07:18:29,3.23,16.25
18644,POS消费,地点69,食堂,2015/06/07 07:06:16,3.43,12.82
18644,POS消费,地点837,校车,2015/06/07 12:39:14,1.0,11.82
18644,POS消费,地点61,食堂,2015/06/08 07:20:53,4.63,7.19
18644,POS消费,地点61,食堂,2015/06/08 07:21:14,2.53,4.66
18644,POS消费,地点1996,校车,2015/06/09 17:32:03,1.0,3.66
18644,卡充值,,,2015/06/12 15:16:49,200.0,203.66
18644,POS消费,地点274,超市,2015/06/12 15:20:56,20.1,183.56
18644,POS消费,地点192,超市,2015/06/13 10:17:40,2.8,180.76
18644,POS消费,地点192,超市,2015/06/13 21:31:13,23.0,157.76
18644,POS消费,地点91,校车,2015/06/14 17:47:34,8.0,149.76
18644,POS消费,地点91,校车,2015/06/14 17:48:39,5.5,144.26
18644,POS消费,地点91,校车,2015/06/14 17:49:37,1.8,142.46
18644,POS消费,地点1997,食堂,2015/06/15 08:53:51,4.03,138.43
18644,POS消费,地点1997,食堂,2015/06/15 08:54:09,4.13,134.3
18644,POS消费,地点61,食堂,2015/06/16 07:41:21,4.63,129.67
18644,POS消费,地点211,校车,2015/06/16 17:38:01,1.0,128.67
18644,POS消费,地点274,超市,2015/06/16 20:33:13,16.0,112.67
18644,POS消费,地点61,食堂,2015/06/17 07:20:36,6.43,106.24
18644,POS消费,地点91,校车,2015/06/17 17:39:14,6.0,100.24
18644,POS消费,地点91,校车,2015/06/17 17:41:23,2.5,97.74
18644,POS消费,地点21,开水,2015/06/17 17:42:36,5.5,92.24
18644,POS消费,地点69,食堂,2015/06/18 07:23:31,6.43,85.81
18644,POS消费,地点274,超市,2015/06/19 19:44:23,30.0,55.81
18644,POS消费,地点274,超市,2015/06/19 19:44:26,0.2,55.61
18644,POS消费,地点26,图书馆,2015/06/23 21:45:16,5.0,50.61
18644,POS消费,地点26,图书馆,2015/06/23 21:47:05,5.0,45.61
18644,POS消费,地点274,超市,2015/06/24 20:52:37,30.0,15.61
18644,POS消费,地点274,超市,2015/06/24 20:52:41,0.6,15.01
18644,POS消费,地点274,超市,2015/06/26 16:26:39,4.0,11.01
18644,POS消费,地点837,校车,2015/06/28 19:17:52,1.0,10.01
18644,卡充值,,,2015/08/10 12:35:27,100.0,110.01
18644,POS消费,地点188,超市,2015/08/10 12:36:09,23.0,87.01
18644,POS消费,地点188,超市,2015/08/12 11:21:11,23.0,64.01
18644,POS消费,地点274,超市,2015/08/17 13:38:15,23.0,41.01
18644,POS消费,地点192,超市,2015/08/19 15:55:18,24.0,17.01
