18950,卡片开户,,,2014/07/19 11:28:02,0.0,0.0
18950,卡充值,,,2014/08/28 13:02:30,500.0,500.0
18950,POS消费,地点21,开水,2014/08/28 13:09:09,8.6,491.4
18950,POS消费,地点21,开水,2014/08/28 13:09:28,8.6,482.8
18950,POS消费,地点21,开水,2014/08/28 13:09:54,8.6,474.2
18950,POS消费,地点21,开水,2014/08/28 13:38:56,9.7,464.5
18950,POS消费,地点188,超市,2014/08/28 13:54:11,76.7,387.8
18950,POS消费,地点26,图书馆,2014/08/28 18:56:56,31.0,356.8
18950,POS消费,地点213,食堂,2014/08/29 16:15:05,0.15,356.65
18950,POS消费,地点218,食堂,2014/08/29 18:45:15,5.8,325.05
18950,POS消费,地点61,食堂,2014/08/29 18:55:56,8.6,348.05
18950,POS消费,地点61,食堂,2014/08/29 18:56:11,8.6,339.45
18950,POS消费,地点61,食堂,2014/08/29 18:56:27,8.6,330.85
18950,POS消费,地点192,超市,2014/08/29 20:40:41,18.9,306.15
18950,POS消费,地点568,开水,2014/08/29 23:22:03,0.01,306.14
18950,POS消费,地点1588,食堂,2014/08/30 09:06:42,4.9,301.24
18950,卡挂失,,,2014/08/30 10:11:41,0.0,0.0
18950,更新卡信息,,,2014/08/30 12:24:10,0.0,0.0
18950,卡片开户,,,2014/08/30 12:25:43,215.0,200.0
18950,POS消费,地点192,超市,2014/08/30 12:42:04,30.0,170.0
18950,POS消费,地点192,超市,2014/08/30 12:42:09,15.7,154.3
18950,POS消费,地点21,开水,2014/08/30 17:18:45,1.5,152.8
18950,POS消费,地点21,开水,2014/08/30 17:19:28,3.0,149.8
18950,POS消费,地点568,开水,2014/08/30 21:18:21,0.01,149.79
18950,POS消费,地点1532,淋浴,2014/08/30 23:16:38,0.8,148.99
18950,POS消费,地点21,开水,2014/08/31 07:39:25,4.2,144.79
18950,POS消费,地点232,食堂,2014/08/31 11:58:45,10.0,134.79
18950,POS消费,地点114,食堂,2014/08/31 18:21:59,3.0,131.79
18950,,,,2014/08/31 20:56:55,5.0,126.79
