19270,卡片开户,,,2014/07/20 10:17:03,0.0,0.0
19270,卡充值,,,2014/08/29 12:27:17,200.0,200.0
19270,POS消费,地点157,食堂,2014/08/29 12:49:13,9.6,190.4
19270,POS消费,地点157,食堂,2014/08/29 12:49:41,9.6,180.8
19270,POS消费,地点157,食堂,2014/08/29 12:51:02,10.6,170.2
19270,POS消费,地点232,食堂,2014/08/30 08:41:17,2.0,168.2
19270,POS消费,地点232,食堂,2014/08/30 18:07:51,8.0,160.2
19270,POS消费,地点1118,洗衣房,2014/08/30 21:12:03,3.6,156.6
19270,POS消费,地点83,食堂,2014/08/31 07:58:11,9.5,147.1
19270,POS消费,地点83,食堂,2014/08/31 07:58:47,3.1,144.0
19270,POS消费,地点91,校车,2014/08/31 11:50:11,5.5,138.5
19270,POS消费,地点243,食堂,2014/08/31 12:13:16,4.0,134.5
19270,POS消费,地点188,超市,2014/08/31 13:57:14,0.9,133.6
19270,POS消费,地点753,开水,2014/08/31 22:10:21,0.16,133.44
19270,POS消费,地点21,开水,2014/08/31 22:13:05,0.01,133.43
