1931,卡片开户,,,2014/07/19 11:11:56,0.0,0.0
1931,卡充值,,,2014/08/29 09:05:04,100.0,100.0
1931,POS消费,地点82,食堂,2014/08/29 12:04:58,8.6,91.4
1931,POS消费,地点82,食堂,2014/08/29 12:05:18,8.6,82.8
1931,POS消费,地点103,食堂,2014/08/30 18:28:27,5.3,77.5
1931,POS消费,地点192,超市,2014/08/30 20:02:43,1.5,76.0
1931,卡充值,,,2014/08/31 08:56:55,300.0,374.45
1931,POS消费,地点134,食堂,2014/08/31 08:57:41,1.55,74.45
1931,POS消费,地点21,开水,2014/08/31 09:07:30,18.8,355.65
1931,POS消费,地点213,食堂,2014/08/31 09:28:20,0.65,355.0
1931,POS消费,地点1579,开水,2014/08/31 09:45:49,0.01,354.99
1931,POS消费,地点1592,开水,2014/08/31 09:56:02,0.02,354.97
1931,POS消费,地点118,食堂,2014/08/31 11:18:22,13.8,341.17
1931,POS消费,地点283,食堂,2014/08/31 11:40:02,4.0,337.17
1931,POS消费,地点822,食堂,2014/08/31 11:40:05,3.0,334.17
1931,POS消费,地点12,文印中心,2014/08/31 23:19:23,0.9,333.07
1931,POS消费,地点1659,淋浴,2014/08/31 23:34:14,0.1,334.07
1931,POS消费,地点1659,淋浴,2014/08/31 23:43:24,0.1,333.97
