1941,卡片开户,,,2014/07/19 09:17:39,0.0,0.0
1941,POS消费,地点27,教务处,2014/08/29 13:16:03,15.0,984.0
1941,卡充值,,,2014/08/29 13:17:30,1000.0,1000.0
1941,POS消费,地点213,食堂,2014/08/29 13:18:41,1.0,999.0
1941,POS消费,地点188,超市,2014/08/29 18:06:16,7.6,976.4
1941,POS消费,地点1622,淋浴,2014/08/29 19:57:05,0.2,976.2
1941,POS消费,地点188,超市,2014/08/29 21:42:38,20.1,956.1
1941,POS消费,地点837,校车,2014/08/30 15:49:53,1.0,955.1
1941,POS消费,地点837,校车,2014/08/30 15:49:59,1.0,954.1
1941,POS消费,地点26,图书馆,2014/08/30 19:12:32,56.7,897.4
1941,POS消费,地点26,图书馆,2014/08/30 19:13:18,0.3,897.1
1941,POS消费,地点26,图书馆,2014/08/30 19:46:42,7.8,889.3
1941,POS消费,地点1358,淋浴,2014/08/30 21:16:35,0.3,889.0
1941,POS消费,地点1588,食堂,2014/08/31 09:04:21,4.4,884.6
1941,POS消费,地点179,食堂,2014/08/31 09:06:29,2.5,882.1
1941,POS消费,地点314,食堂,2014/08/31 10:52:01,3.9,878.2
1941,POS消费,地点1358,淋浴,2014/08/31 19:10:30,0.4,877.8
