19423,卡片开户,,,2014/07/16 10:13:41,0.0,0.0
19423,卡充值,,,2014/08/28 15:58:43,300.0,300.0
19423,卡充值,,,2014/08/28 16:12:04,500.0,800.0
19423,POS消费,地点1602,淋浴,2014/08/28 21:35:05,0.1,799.9
19423,POS消费,地点232,食堂,2014/08/28 21:41:00,0.1,799.8
19423,POS消费,地点232,食堂,2014/08/28 21:43:18,0.4,799.4
19423,POS消费,地点232,食堂,2014/08/28 21:53:53,0.4,799.0
19423,POS消费,地点1929,洗衣房,2014/08/29 08:12:03,1.26,797.74
19423,POS消费,地点69,食堂,2014/08/29 08:39:46,2.8,794.94
19423,POS消费,地点134,食堂,2014/08/29 12:49:49,8.6,784.12
19423,POS消费,地点1929,洗衣房,2014/08/29 14:20:26,1.26,793.68
19423,POS消费,地点1929,洗衣房,2014/08/29 14:20:28,1.26,791.52
19423,POS消费,地点1929,洗衣房,2014/08/29 14:20:28,-1.2,792.72
19423,POS消费,地点1929,洗衣房,2014/08/29 14:22:13,-0.36,794.04
19423,POS消费,地点1929,洗衣房,2014/08/29 14:22:13,1.26,792.78
19423,POS消费,地点192,超市,2014/08/29 16:19:26,30.0,754.12
19423,POS消费,地点192,超市,2014/08/29 16:19:30,30.0,724.12
19423,POS消费,地点192,超市,2014/08/29 16:19:35,16.0,708.12
19423,POS消费,地点61,食堂,2014/08/29 19:04:25,8.6,699.52
19423,POS消费,地点232,食堂,2014/08/29 23:01:18,0.7,698.82
19423,POS消费,地点72,食堂,2014/08/30 13:12:24,8.6,690.22
19423,POS消费,地点72,食堂,2014/08/30 13:12:30,10.0,680.22
19423,POS消费,地点1565,开水,2014/08/30 17:03:52,0.01,680.21
19423,POS消费,地点1565,开水,2014/08/30 17:09:07,0.07,680.08
19423,POS消费,地点1565,开水,2014/08/30 17:10:21,0.06,680.15
19423,POS消费,地点103,食堂,2014/08/30 17:48:49,7.6,672.48
19423,POS消费,地点192,超市,2014/08/30 21:30:58,14.6,657.88
19423,POS消费,地点1638,淋浴,2014/08/30 23:49:48,1.0,656.88
19423,POS消费,地点1472,校车,2014/08/31 13:02:21,1.0,655.88
19423,POS消费,地点188,超市,2014/08/31 13:09:08,16.4,639.48
19423,POS消费,地点72,食堂,2014/08/31 18:28:12,8.6,630.88
19423,POS消费,地点232,食堂,2014/08/31 23:23:38,1.1,629.78
