19448,卡片开户,,,2014/07/16 10:31:42,0.0,0.0
19448,卡充值,,,2014/08/29 18:18:14,200.0,200.0
19448,POS消费,地点190,超市,2014/08/29 21:02:14,2.8,197.2
19448,POS消费,地点60,食堂,2014/08/30 11:24:24,9.6,187.6
19448,POS消费,地点243,食堂,2014/08/30 11:37:15,3.0,184.6
19448,POS消费,地点1961,超市,2014/08/30 15:13:54,18.4,166.19
19448,POS消费,地点1961,超市,2014/08/30 15:53:43,56.0,110.19
19448,POS消费,地点190,超市,2014/08/31 12:25:13,9.1,101.09
19448,POS消费,地点21,开水,2014/08/31 17:46:54,8.6,92.49
