19480,卡片开户,,,2014/07/18 10:58:02,0.0,0.0
19480,卡充值,,,2014/08/29 15:07:48,300.0,300.0
19480,POS消费,地点1919,淋浴,2014/08/29 22:03:25,0.5,299.5
19480,POS消费,地点83,食堂,2014/08/30 08:12:38,8.7,290.8
19480,POS消费,地点213,食堂,2014/08/30 10:26:58,0.65,290.15
19480,POS消费,地点192,超市,2014/08/30 10:52:25,30.0,260.15
19480,POS消费,地点192,超市,2014/08/30 10:52:28,27.5,232.65
19480,POS消费,地点1890,开水,2014/08/30 13:25:43,0.09,232.56
19480,POS消费,地点192,超市,2014/08/30 20:10:07,30.0,202.56
19480,POS消费,地点192,超市,2014/08/30 20:10:42,3.3,199.26
19480,POS消费,地点1242,淋浴,2014/08/30 20:48:39,0.8,198.46
19480,POS消费,地点103,食堂,2014/08/31 08:23:23,1.0,197.46
19480,POS消费,地点21,开水,2014/08/31 11:04:49,6.7,190.76
19480,POS消费,地点1890,开水,2014/08/31 13:57:09,0.02,190.74
19480,POS消费,地点1242,淋浴,2014/08/31 20:10:54,0.5,190.24
19480,POS消费,地点1890,开水,2014/08/31 21:26:52,0.08,190.16
