19554,POS消费,地点250,食堂,2014/09/01 11:33:59,14.0,20.92
19554,POS消费,地点258,食堂,2014/09/01 11:34:38,4.2,16.72
19554,POS消费,地点21,开水,2014/09/01 11:48:39,6.2,10.52
19554,POS消费,地点21,开水,2014/09/02 11:49:35,18.4,192.12
19554,圈存转账,,,2014/09/02 11:55:29,200.0,210.52
19554,POS消费,地点214,超市,2014/09/03 11:59:14,7.5,184.62
19554,POS消费,地点21,开水,2014/09/03 20:11:41,3.0,181.62
19554,POS消费,地点280,食堂,2014/09/03 20:12:28,1.5,180.12
19554,POS消费,地点258,食堂,2014/09/03 20:16:33,2.0,178.12
19554,POS消费,地点654,淋浴,2014/09/03 21:24:32,1.4,176.72
19554,POS消费,地点232,食堂,2014/09/04 10:57:09,1.4,175.32
19554,POS消费,地点91,校车,2014/09/04 11:05:13,5.6,169.72
19554,POS消费,地点292,超市,2014/09/04 21:21:23,18.6,151.12
19554,POS消费,地点654,淋浴,2014/09/05 23:19:58,1.6,149.52
19554,POS消费,地点1036,食堂,2014/09/06 17:28:59,6.2,143.32
19554,POS消费,地点1155,食堂,2014/09/07 21:08:27,3.0,140.32
19554,POS消费,地点37,淋浴,2014/09/07 23:35:25,1.8,138.52
19554,POS消费,地点243,食堂,2014/09/08 12:32:56,4.0,134.52
19554,POS消费,地点232,食堂,2014/09/08 12:33:04,12.0,122.52
19554,POS消费,地点232,食堂,2014/09/08 12:34:27,3.0,119.52
19554,POS消费,地点214,超市,2014/09/08 22:08:12,5.0,114.52
19554,POS消费,地点818,食堂,2014/09/09 11:03:16,1.4,113.12
19554,POS消费,地点273,食堂,2014/09/09 11:04:54,6.8,106.32
19554,POS消费,地点273,食堂,2014/09/09 11:05:09,3.0,103.32
19554,POS消费,地点654,淋浴,2014/09/09 19:10:52,1.6,101.72
19554,POS消费,地点190,超市,2014/09/09 20:17:44,14.8,86.92
19554,POS消费,地点68,开水,2014/09/10 09:57:27,0.01,86.91
19554,POS消费,地点273,食堂,2014/09/10 11:14:45,6.0,80.91
19554,POS消费,地点273,食堂,2014/09/10 11:15:09,2.6,78.31
19554,POS消费,地点21,开水,2014/09/10 11:24:48,2.0,76.31
19554,POS消费,地点190,超市,2014/09/10 21:39:32,7.8,68.51
19554,POS消费,地点21,开水,2014/09/12 20:02:15,6.6,61.91
19554,POS消费,地点654,淋浴,2014/09/14 00:00:29,1.4,60.51
19554,POS消费,地点232,食堂,2014/09/14 12:06:41,3.0,57.51
19554,POS消费,地点21,开水,2014/09/14 12:41:55,4.5,53.01
19554,POS消费,地点168,食堂,2014/09/15 09:02:19,4.5,48.51
19554,POS消费,地点190,超市,2014/09/15 09:17:50,6.3,42.21
19554,POS消费,地点213,食堂,2014/09/15 18:37:45,0.6,41.61
19554,POS消费,地点200,淋浴,2014/09/15 23:22:47,1.4,40.21
19554,POS消费,地点91,校车,2014/09/16 10:59:37,6.9,33.31
19554,POS消费,地点91,校车,2014/09/16 10:59:56,2.3,31.01
19554,POS消费,地点91,校车,2014/09/16 11:00:19,0.5,30.51
19554,POS消费,地点21,开水,2014/09/16 11:01:33,1.5,29.01
19554,POS消费,地点258,食堂,2014/09/17 17:46:32,2.0,27.01
19554,POS消费,地点214,超市,2014/09/18 10:04:36,6.5,20.51
19554,POS消费,地点839,食堂,2014/09/18 17:27:48,3.6,16.91
19554,POS消费,地点21,开水,2014/09/18 17:27:49,1.2,9.71
19554,POS消费,地点273,食堂,2014/09/18 17:30:29,3.0,13.91
19554,POS消费,地点273,食堂,2014/09/18 17:30:47,2.2,11.71
19554,POS消费,地点167,食堂,2014/09/18 17:31:08,0.8,10.91
19554,POS消费,地点654,淋浴,2014/09/21 01:56:07,2.9,6.81
19554,POS消费,地点652,淋浴,2014/09/21 23:21:58,1.5,5.31
19554,POS消费,地点21,开水,2014/09/22 11:52:23,18.6,186.71
19554,圈存转账,,,2014/09/22 11:59:24,200.0,205.31
19554,POS消费,地点273,食堂,2014/09/22 17:25:49,8.1,178.61
19554,POS消费,地点273,食堂,2014/09/22 17:26:08,2.5,176.11
19554,POS消费,地点273,食堂,2014/09/22 17:26:27,2.5,173.61
19554,POS消费,地点144,食堂,2014/09/22 17:28:38,4.0,169.61
19554,POS消费,地点190,超市,2014/09/22 21:35:09,13.2,156.41
19554,POS消费,地点214,超市,2014/09/22 22:29:01,6.5,149.91
19554,POS消费,地点1036,食堂,2014/09/23 11:49:31,4.5,145.41
19554,POS消费,地点277,食堂,2014/09/23 11:50:49,3.7,141.71
19554,POS消费,地点190,超市,2014/09/23 20:36:56,6.3,135.41
19554,POS消费,地点37,淋浴,2014/09/24 00:48:06,1.1,134.31
19554,POS消费,地点1442,校车,2014/09/26 18:10:54,1.0,133.31
19554,POS消费,地点654,淋浴,2014/09/27 01:55:33,1.4,131.91
19554,POS消费,地点816,校车,2014/09/27 16:19:14,1.0,130.91
19554,POS消费,地点200,淋浴,2014/09/28 00:07:49,0.5,130.41
19554,POS消费,地点654,淋浴,2014/09/29 01:40:38,1.5,128.91
19554,POS消费,地点273,食堂,2014/09/29 11:42:50,5.6,123.31
19554,POS消费,地点273,食堂,2014/09/29 11:43:07,4.5,118.81
19554,POS消费,地点286,食堂,2014/09/29 11:43:13,3.0,115.81
19554,POS消费,地点654,淋浴,2014/09/30 00:12:41,1.5,114.31
19554,POS消费,地点68,开水,2014/09/30 10:08:11,0.01,114.3
19554,POS消费,地点1036,食堂,2014/09/30 11:49:58,8.8,105.5
19554,POS消费,地点1036,食堂,2014/09/30 11:50:47,1.0,104.5
19554,POS消费,地点654,淋浴,2014/09/30 18:59:23,0.9,103.6
19554,POS消费,地点190,超市,2014/09/30 21:59:53,17.8,85.8
19554,POS消费,地点190,超市,2014/09/30 21:59:57,0.3,85.5
19554,POS消费,地点190,超市,2014/10/01 16:48:26,15.6,69.9
19554,POS消费,地点190,超市,2014/10/01 16:49:43,0.3,69.6
19554,POS消费,地点190,超市,2014/10/01 16:51:00,2.0,67.6
19554,POS消费,地点190,超市,2014/10/01 16:51:37,6.0,61.6
19554,POS消费,地点654,淋浴,2014/10/02 00:13:58,1.2,60.4
19554,POS消费,地点654,淋浴,2014/10/05 02:24:51,1.6,58.8
19554,POS消费,地点188,超市,2014/10/06 20:19:27,9.5,49.3
19554,POS消费,地点190,超市,2014/10/06 20:27:14,14.4,34.9
19554,POS消费,地点190,超市,2014/10/06 20:27:17,0.3,34.6
19554,POS消费,地点292,超市,2014/10/08 12:00:54,12.4,22.2
19554,POS消费,地点190,超市,2014/10/08 17:34:30,7.5,14.7
19554,POS消费,地点654,淋浴,2014/10/09 01:00:59,2.0,12.7
19554,POS消费,地点273,食堂,2014/10/09 11:30:26,6.1,56.6
19554,POS消费,地点273,食堂,2014/10/09 11:30:36,5.5,51.1
19554,圈存转账,,,2014/10/09 11:31:01,50.0,62.7
19554,POS消费,地点258,食堂,2014/10/09 17:55:21,2.0,49.1
19554,POS消费,地点21,开水,2014/10/09 18:03:44,9.0,40.1
19554,POS消费,地点190,超市,2014/10/09 22:05:52,9.0,31.1
19554,POS消费,地点654,淋浴,2014/10/11 00:52:02,1.4,29.7
19554,POS消费,地点68,开水,2014/10/11 13:36:41,0.01,29.69
19554,POS消费,地点190,超市,2014/10/12 13:18:27,10.7,18.99
19554,POS消费,地点1036,食堂,2014/10/12 17:23:36,5.5,13.49
19554,POS消费,地点1036,食堂,2014/10/12 17:23:54,1.0,12.49
19554,POS消费,地点1036,食堂,2014/10/12 17:24:08,2.5,9.99
19554,POS消费,地点1036,食堂,2014/10/12 17:24:56,1.0,8.99
19554,POS消费,地点1036,食堂,2014/10/12 17:29:13,2.5,6.49
19554,POS消费,地点1036,食堂,2014/10/12 17:29:38,2.0,4.49
19554,POS消费,地点68,开水,2014/10/12 21:56:48,0.01,4.48
19554,POS消费,地点652,淋浴,2014/10/12 23:11:05,1.6,2.88
19554,圈存转账,,,2014/10/13 11:43:57,200.0,202.88
19554,POS消费,地点273,食堂,2014/10/13 18:06:11,7.8,195.08
19554,POS消费,地点273,食堂,2014/10/13 18:06:22,5.5,189.58
19554,POS消费,地点1686,食堂,2014/10/13 18:07:22,2.0,187.58
19554,POS消费,地点21,开水,2014/10/13 18:19:15,2.0,185.58
19554,POS消费,地点190,超市,2014/10/14 10:11:39,6.0,179.58
19554,POS消费,地点1155,食堂,2014/10/14 22:05:07,10.5,169.08
19554,POS消费,地点202,开水,2014/10/15 09:24:57,0.01,169.07
19554,POS消费,地点68,开水,2014/10/16 00:13:04,0.01,169.06
19554,POS消费,地点190,超市,2014/10/17 15:56:49,20.8,148.26
19554,POS消费,地点258,食堂,2014/10/17 19:37:34,4.2,144.06
19554,POS消费,地点21,开水,2014/10/17 19:37:45,10.0,134.06
19554,POS消费,地点190,超市,2014/10/17 20:04:27,11.8,122.26
19554,POS消费,地点214,超市,2014/10/17 22:20:39,12.0,96.76
19554,POS消费,地点190,超市,2014/10/17 22:21:50,13.5,108.76
19554,POS消费,地点654,淋浴,2014/10/19 02:01:30,2.5,94.26
19554,POS消费,地点190,超市,2014/10/19 21:04:24,14.4,79.86
19554,POS消费,地点652,淋浴,2014/10/19 23:03:35,1.6,78.26
19554,POS消费,地点68,开水,2014/10/20 11:37:11,0.01,78.25
19554,POS消费,地点190,超市,2014/10/20 19:52:54,13.4,64.85
19554,POS消费,地点190,超市,2014/10/21 21:01:34,16.5,48.35
19554,POS消费,地点654,淋浴,2014/10/22 00:26:49,1.3,47.05
19554,POS消费,地点190,超市,2014/10/22 19:11:19,4.5,42.55
19554,POS消费,地点190,超市,2014/10/22 19:12:05,7.0,35.55
19554,POS消费,地点654,淋浴,2014/10/23 00:33:00,0.4,35.15
19554,POS消费,地点68,开水,2014/10/23 10:51:54,0.01,35.14
19554,POS消费,地点190,超市,2014/10/23 11:25:02,11.9,23.24
19554,POS消费,地点190,超市,2014/10/23 11:25:14,7.5,15.74
19554,圈存转账,,,2014/10/23 11:34:09,100.0,115.74
19554,POS消费,地点21,开水,2014/10/23 18:02:22,5.0,110.14
19554,POS消费,地点1686,食堂,2014/10/23 18:03:18,0.6,115.14
19554,POS消费,地点841,食堂,2014/10/23 18:06:29,4.0,95.94
19554,POS消费,地点273,食堂,2014/10/23 18:06:56,7.7,102.44
19554,POS消费,地点273,食堂,2014/10/23 18:07:09,2.5,99.94
19554,POS消费,地点190,超市,2014/10/23 22:10:42,9.3,86.64
19554,POS消费,地点37,淋浴,2014/10/23 23:30:55,0.3,86.34
19554,,,,2014/10/24 16:41:13,10.0,76.34
19554,POS消费,地点654,淋浴,2014/10/25 01:10:33,0.2,76.14
19554,POS消费,地点190,超市,2014/10/25 17:54:39,11.5,64.64
19554,POS消费,地点654,淋浴,2014/10/26 01:52:03,1.5,63.14
19554,POS消费,地点190,超市,2014/10/26 09:07:25,7.8,55.34
19554,POS消费,地点190,超市,2014/10/26 21:17:36,6.8,48.54
19554,POS消费,地点190,超市,2014/10/26 21:18:38,4.0,44.54
19554,POS消费,地点654,淋浴,2014/10/27 00:28:53,0.3,44.24
19554,POS消费,地点190,超市,2014/10/27 20:55:41,11.6,32.64
19554,POS消费,地点214,超市,2014/10/27 21:08:58,2.0,30.64
19554,POS消费,地点200,淋浴,2014/10/27 22:40:21,0.2,30.44
19554,POS消费,地点658,淋浴,2014/10/27 22:41:00,0.1,30.34
19554,POS消费,地点21,开水,2014/10/28 19:16:18,5.6,22.14
19554,POS消费,地点214,超市,2014/10/28 22:13:01,12.0,10.14
19554,POS消费,地点654,淋浴,2014/10/29 00:37:25,0.3,9.84
19554,POS消费,地点654,淋浴,2014/10/29 00:40:41,0.1,9.74
19554,POS消费,地点91,校车,2014/10/30 12:12:09,8.0,1.74
19554,圈存转账,,,2014/11/01 11:09:49,100.0,1.74
19554,圈存转账,,,2014/11/01 11:09:50,100.0,101.74
19554,POS消费,地点190,超市,2014/11/01 15:05:50,5.0,96.74
19554,POS消费,地点190,超市,2014/11/01 21:30:21,6.8,89.94
19554,POS消费,地点654,淋浴,2014/11/02 01:44:08,0.4,89.54
19554,POS消费,地点190,超市,2014/11/02 12:29:19,9.0,80.54
19554,POS消费,地点190,超市,2014/11/02 21:22:09,6.8,73.74
19554,POS消费,地点654,淋浴,2014/11/02 23:34:14,1.5,72.24
19554,POS消费,地点190,超市,2014/11/03 21:15:56,8.6,63.64
19554,POS消费,地点214,超市,2014/11/03 21:34:16,8.0,55.64
19554,POS消费,地点190,超市,2014/11/04 12:26:24,16.5,39.14
19554,POS消费,地点190,超市,2014/11/04 21:11:50,11.9,27.24
19554,POS消费,地点214,超市,2014/11/04 21:26:24,6.3,20.94
19554,POS消费,地点68,开水,2014/11/05 00:30:30,0.01,20.93
19554,POS消费,地点190,超市,2014/11/05 17:00:37,8.3,12.63
19554,圈存转账,,,2014/11/05 17:18:14,100.0,112.63
19554,POS消费,地点37,淋浴,2014/11/06 00:33:01,0.7,111.93
19554,POS消费,地点68,开水,2014/11/06 08:40:25,0.01,111.92
19554,POS消费,地点292,超市,2014/11/06 11:59:53,4.0,107.92
19554,POS消费,地点1036,食堂,2014/11/06 18:08:30,4.03,103.89
19554,POS消费,地点652,淋浴,2014/11/06 23:04:48,1.3,102.59
19554,POS消费,地点68,开水,2014/11/07 09:30:03,0.01,102.58
19554,POS消费,地点292,超市,2014/11/07 21:02:31,3.2,99.38
19554,POS消费,地点214,超市,2014/11/07 21:14:55,4.0,95.38
19554,POS消费,地点214,超市,2014/11/07 21:15:01,8.0,87.38
19554,POS消费,地点214,超市,2014/11/07 21:16:03,5.0,82.38
19554,POS消费,地点1155,食堂,2014/11/09 18:30:19,2.5,79.88
19554,POS消费,地点118,食堂,2014/11/09 21:27:23,12.6,67.28
19554,POS消费,地点214,超市,2014/11/09 21:49:14,9.0,58.28
19554,POS消费,地点654,淋浴,2014/11/09 23:53:18,0.1,58.18
19554,POS消费,地点37,淋浴,2014/11/09 23:54:22,1.7,56.48
19554,POS消费,地点292,超市,2014/11/10 21:10:10,10.0,46.47
19554,POS消费,地点37,淋浴,2014/11/11 01:03:03,0.5,45.97
19554,POS消费,地点68,开水,2014/11/11 13:37:52,0.01,45.96
19554,POS消费,地点68,开水,2014/11/11 14:08:43,0.01,56.47
19554,POS消费,地点190,超市,2014/11/11 18:55:05,3.3,42.66
19554,POS消费,地点214,超市,2014/11/11 19:06:31,9.0,33.66
19554,POS消费,地点214,超市,2014/11/12 22:14:35,4.0,29.66
19554,POS消费,地点68,开水,2014/11/13 01:12:43,0.01,29.65
19554,POS消费,地点190,超市,2014/11/13 21:36:31,9.8,19.85
19554,POS消费,地点214,超市,2014/11/13 21:39:00,4.0,15.85
19554,POS消费,地点37,淋浴,2014/11/14 00:42:08,1.4,14.45
19554,POS消费,地点190,超市,2014/11/14 21:19:36,6.5,7.95
19554,POS消费,地点37,淋浴,2014/11/15 02:14:47,0.4,7.55
19554,POS消费,地点190,超市,2014/11/15 17:47:22,3.5,4.05
19554,POS消费,地点37,淋浴,2014/11/16 01:37:10,0.6,3.45
19554,POS消费,地点190,超市,2014/11/17 15:09:57,2.5,200.95
19554,圈存转账,,,2014/11/17 15:10:31,200.0,203.45
19554,POS消费,地点190,超市,2014/11/17 21:28:06,9.0,191.95
19554,POS消费,地点37,淋浴,2014/11/18 00:35:42,0.6,191.35
19554,POS消费,地点190,超市,2014/11/18 21:59:33,14.4,176.95
19554,POS消费,地点551,淋浴,2014/11/19 00:59:24,0.1,176.65
19554,POS消费,地点845,淋浴,2014/11/19 01:00:29,0.1,176.55
19554,POS消费,地点658,淋浴,2014/11/19 01:01:34,0.1,176.45
19554,POS消费,地点37,淋浴,2014/11/19 01:03:29,1.4,175.05
19554,POS消费,地点190,超市,2014/11/19 12:13:32,8.9,166.15
19554,POS消费,地点68,开水,2014/11/20 00:54:23,0.01,166.14
19554,POS消费,地点68,开水,2014/11/20 18:13:37,0.01,166.13
19554,POS消费,地点654,淋浴,2014/11/21 01:29:28,0.2,165.93
19554,POS消费,地点190,超市,2014/11/22 21:25:36,20.8,145.13
19554,POS消费,地点37,淋浴,2014/11/23 02:43:28,1.8,143.33
19554,POS消费,地点190,超市,2014/11/23 21:33:22,3.5,139.83
19554,POS消费,地点37,淋浴,2014/11/23 23:50:47,0.6,139.23
19554,POS消费,地点91,校车,2014/11/24 11:11:30,9.5,129.73
19554,POS消费,地点70,食堂,2014/11/24 17:58:14,2.5,127.23
19554,POS消费,地点190,超市,2014/11/24 18:03:14,5.5,121.73
19554,POS消费,地点37,淋浴,2014/11/25 00:28:21,1.7,120.03
19554,POS消费,地点190,超市,2014/11/25 17:36:58,11.0,109.03
19554,POS消费,地点68,开水,2014/11/25 21:18:23,0.01,109.02
19554,POS消费,地点275,食堂,2014/11/26 11:50:24,12.0,97.02
19554,POS消费,地点277,食堂,2014/11/26 12:00:52,2.0,95.02
19554,POS消费,地点190,超市,2014/11/26 17:58:09,28.5,66.52
19554,POS消费,地点37,淋浴,2014/11/27 00:40:04,0.5,66.02
19554,POS消费,地点213,食堂,2014/11/27 10:15:07,0.9,65.12
19554,POS消费,地点217,食堂,2014/11/27 21:10:33,4.0,52.12
19554,POS消费,地点21,开水,2014/11/27 21:12:40,9.0,56.12
19554,POS消费,地点238,食堂,2014/11/27 21:16:44,3.0,49.12
19554,POS消费,地点190,超市,2014/11/27 21:42:15,7.0,42.12
19554,POS消费,地点37,淋浴,2014/11/28 00:08:59,0.8,41.32
19554,圈存转账,,,2014/11/28 11:55:22,50.0,91.32
19554,POS消费,地点190,超市,2014/11/28 20:22:26,6.8,84.52
19554,POS消费,地点37,淋浴,2014/11/29 00:54:55,1.6,82.92
19554,POS消费,地点190,超市,2014/11/29 17:23:14,16.9,66.02
19554,POS消费,地点190,超市,2014/11/29 17:23:30,13.6,52.42
19554,POS消费,地点190,超市,2014/11/29 17:24:19,1.5,50.92
19554,POS消费,地点190,超市,2014/11/29 22:09:26,5.7,45.22
19554,POS消费,地点37,淋浴,2014/11/30 01:07:16,0.7,44.52
19554,POS消费,地点190,超市,2014/11/30 21:30:45,6.5,38.02
19554,POS消费,地点37,淋浴,2014/12/01 00:08:39,1.7,36.32
19554,POS消费,地点91,校车,2014/12/01 12:01:02,13.5,22.82
19554,POS消费,地点21,开水,2014/12/01 12:11:35,15.0,7.82
19554,POS消费,地点220,校车,2014/12/01 17:13:28,4.0,3.82
19554,POS消费,地点190,超市,2014/12/01 22:30:27,2.0,1.82
19554,POS消费,地点37,淋浴,2014/12/02 00:30:39,0.3,1.52
19554,圈存转账,,,2014/12/03 11:11:34,100.0,1.52
19554,圈存转账,,,2014/12/03 11:11:35,100.0,101.52
19554,POS消费,地点213,食堂,2014/12/03 14:23:17,4.0,97.52
19554,POS消费,地点232,食堂,2014/12/03 18:06:10,18.6,78.92
19554,POS消费,地点292,超市,2014/12/03 21:37:23,7.8,64.62
19554,POS消费,地点190,超市,2014/12/03 21:45:37,6.5,72.42
19554,POS消费,地点190,超市,2014/12/03 21:52:19,2.0,62.62
19554,POS消费,地点654,淋浴,2014/12/04 01:01:46,0.4,62.22
19554,POS消费,地点190,超市,2014/12/04 10:19:51,7.0,55.22
19554,POS消费,地点190,超市,2014/12/04 11:28:32,5.0,50.22
19554,POS消费,地点190,超市,2014/12/04 22:32:52,8.9,41.32
19554,POS消费,地点654,淋浴,2014/12/05 00:27:40,0.5,40.82
19554,POS消费,地点292,超市,2014/12/05 22:31:39,6.8,34.02
19554,POS消费,地点292,超市,2014/12/05 22:33:58,2.0,32.02
19554,POS消费,地点654,淋浴,2014/12/06 02:51:17,0.4,31.62
19554,POS消费,地点190,超市,2014/12/06 12:03:31,6.0,25.62
19554,POS消费,地点190,超市,2014/12/06 12:09:22,6.8,18.82
19554,POS消费,地点190,超市,2014/12/06 21:35:56,9.8,9.02
19554,POS消费,地点190,超市,2014/12/06 21:36:15,2.0,7.02
19554,POS消费,地点654,淋浴,2014/12/07 01:39:42,0.4,6.62
19554,圈存转账,,,2014/12/07 11:39:12,100.0,106.62
19554,POS消费,地点21,开水,2014/12/07 14:49:57,14.0,92.62
19554,POS消费,地点21,开水,2014/12/07 14:50:45,0.3,92.32
19554,POS消费,地点37,淋浴,2014/12/07 23:22:27,2.3,90.02
19554,POS消费,地点190,超市,2014/12/08 08:34:06,4.8,85.22
19554,POS消费,地点68,开水,2014/12/08 08:39:49,0.01,85.21
19554,POS消费,地点190,超市,2014/12/08 21:35:34,8.9,76.31
19554,POS消费,地点654,淋浴,2014/12/09 00:47:51,0.1,76.21
19554,POS消费,地点654,淋浴,2014/12/09 00:49:17,0.7,75.51
19554,POS消费,地点190,超市,2014/12/09 21:33:27,10.8,64.71
19554,POS消费,地点654,淋浴,2014/12/10 00:16:45,1.5,63.21
19554,POS消费,地点190,超市,2014/12/10 11:57:44,10.1,53.11
19554,POS消费,地点839,食堂,2014/12/10 17:25:51,2.75,50.36
19554,POS消费,地点1368,食堂,2014/12/10 17:38:11,6.4,43.96
19554,POS消费,地点1368,食堂,2014/12/10 17:38:24,1.2,42.76
19554,POS消费,地点286,食堂,2014/12/10 17:39:08,0.5,42.26
19554,POS消费,地点190,超市,2014/12/10 21:28:07,10.3,31.96
19554,POS消费,地点654,淋浴,2014/12/11 00:51:00,0.5,31.46
19554,POS消费,地点839,食堂,2014/12/11 17:50:23,2.5,28.96
19554,POS消费,地点1368,食堂,2014/12/11 18:02:40,2.4,26.56
19554,POS消费,地点286,食堂,2014/12/11 18:03:28,1.0,25.56
19554,POS消费,地点2043,食堂,2014/12/11 18:40:19,1.5,24.06
19554,POS消费,地点654,淋浴,2014/12/12 00:23:15,0.5,23.56
19554,POS消费,地点839,食堂,2014/12/13 17:07:40,3.1,20.46
19554,POS消费,地点1368,食堂,2014/12/13 17:20:35,2.1,18.36
19554,POS消费,地点1368,食堂,2014/12/13 17:20:54,3.5,14.86
19554,POS消费,地点841,食堂,2014/12/13 17:22:03,1.8,12.26
19554,POS消费,地点2031,食堂,2014/12/13 18:02:51,0.8,14.06
19554,POS消费,地点654,淋浴,2014/12/14 01:32:24,0.6,11.66
19554,POS消费,地点190,超市,2014/12/14 20:34:07,6.1,5.56
19554,圈存转账,,,2014/12/15 15:27:18,100.0,105.56
19554,POS消费,地点190,超市,2014/12/15 17:41:20,8.5,97.06
19554,POS消费,地点654,淋浴,2014/12/15 23:22:29,0.5,96.56
19554,POS消费,地点190,超市,2014/12/16 22:34:11,17.0,79.56
19554,POS消费,地点654,淋浴,2014/12/17 01:08:41,0.6,78.96
19554,POS消费,地点1456,校车,2014/12/17 16:22:46,2.0,76.96
19554,POS消费,地点91,校车,2014/12/18 07:14:25,3.0,73.96
19554,POS消费,地点91,校车,2014/12/18 07:17:51,1.0,72.96
19554,POS消费,地点1395,校车,2014/12/18 07:22:31,2.0,70.96
19554,POS消费,地点654,淋浴,2014/12/19 00:28:18,0.6,70.36
19554,POS消费,地点1368,食堂,2014/12/19 11:52:53,9.8,60.56
19554,POS消费,地点1368,食堂,2014/12/19 11:53:23,5.7,54.86
19554,POS消费,地点266,食堂,2014/12/19 11:55:15,1.5,53.36
19554,POS消费,地点654,淋浴,2014/12/20 03:19:16,0.5,52.86
19554,POS消费,地点37,淋浴,2014/12/20 22:32:40,2.3,50.56
19554,POS消费,地点2172,文印中心,2014/12/21 15:54:15,7.95,42.61
19554,POS消费,地点190,超市,2014/12/21 16:13:48,3.5,39.11
19554,POS消费,地点654,淋浴,2014/12/21 23:03:21,0.6,38.51
19554,POS消费,地点190,超市,2014/12/22 21:46:42,11.5,27.01
19554,POS消费,地点654,淋浴,2014/12/23 01:16:05,0.5,26.51
19554,POS消费,地点263,食堂,2014/12/23 11:51:09,4.0,17.01
19554,POS消费,地点306,食堂,2014/12/23 11:59:08,5.5,21.01
19554,POS消费,地点190,超市,2014/12/23 20:30:16,10.9,6.11
19554,POS消费,地点190,超市,2014/12/23 20:31:41,4.5,1.61
19554,POS消费,地点654,淋浴,2014/12/24 02:39:05,0.3,1.31
19554,POS消费,地点68,开水,2014/12/24 08:30:59,0.01,1.3
19554,圈存转账,,,2014/12/25 12:40:13,100.0,101.3
19554,POS消费,地点190,超市,2014/12/25 21:21:51,8.4,92.9
19554,POS消费,地点654,淋浴,2014/12/26 01:08:58,0.8,92.1
19554,POS消费,地点2172,文印中心,2014/12/26 11:01:13,0.15,91.95
19554,POS消费,地点256,食堂,2014/12/26 19:16:08,3.0,79.95
19554,POS消费,地点70,食堂,2014/12/26 19:23:32,9.0,82.95
19554,POS消费,地点190,超市,2014/12/26 21:39:29,3.5,76.45
19554,POS消费,地点654,淋浴,2014/12/27 01:36:32,0.6,75.85
19554,POS消费,地点190,超市,2014/12/27 20:09:37,3.5,72.35
19554,POS消费,地点654,淋浴,2014/12/28 02:16:26,0.5,71.85
19554,POS消费,地点190,超市,2014/12/28 12:28:23,5.3,66.55
19554,POS消费,地点190,超市,2014/12/28 21:03:05,9.5,57.05
19554,POS消费,地点654,淋浴,2014/12/29 00:43:11,0.6,56.45
19554,POS消费,地点105,食堂,2014/12/29 12:14:29,1.0,49.45
19554,POS消费,地点1368,食堂,2014/12/29 12:23:13,6.0,50.45
19554,POS消费,地点2043,食堂,2014/12/29 13:05:58,1.5,47.95
19554,POS消费,地点118,食堂,2014/12/29 22:14:13,6.5,41.45
19554,POS消费,地点1155,食堂,2014/12/29 22:17:06,12.0,29.45
19554,POS消费,地点190,超市,2014/12/29 22:38:13,20.9,8.55
19554,POS消费,地点654,淋浴,2014/12/30 03:42:40,1.9,6.65
19554,POS消费,地点654,淋浴,2014/12/31 02:53:17,0.7,5.95
19554,POS消费,地点306,食堂,2014/12/31 13:15:36,4.5,1.45
19554,圈存转账,,,2015/01/01 15:10:59,100.0,101.45
19554,POS消费,地点214,超市,2015/01/01 20:16:32,8.0,93.45
19554,POS消费,地点214,超市,2015/01/01 20:19:47,4.4,89.05
19554,POS消费,地点654,淋浴,2015/01/01 21:46:06,1.1,87.95
19554,POS消费,地点190,超市,2015/01/02 22:15:57,3.3,84.65
19554,POS消费,地点654,淋浴,2015/01/03 01:03:19,0.5,84.15
19554,POS消费,地点190,超市,2015/01/03 20:41:32,4.8,79.35
19554,POS消费,地点654,淋浴,2015/01/04 01:12:33,1.3,78.05
19554,POS消费,地点654,淋浴,2015/01/04 01:36:51,1.4,76.65
19554,POS消费,地点654,淋浴,2015/01/04 01:52:07,0.7,75.95
19554,POS消费,地点306,食堂,2015/01/04 13:54:13,6.5,69.45
19554,POS消费,地点195,超市,2015/01/04 14:24:37,5.0,64.45
19554,POS消费,地点190,超市,2015/01/04 21:40:10,8.0,56.45
19554,POS消费,地点190,超市,2015/01/04 21:44:48,9.9,46.55
19554,POS消费,地点654,淋浴,2015/01/05 00:10:20,2.1,44.45
19554,POS消费,地点190,超市,2015/01/05 21:45:37,6.5,37.95
19554,POS消费,地点190,超市,2015/01/05 21:51:37,4.0,33.95
19554,POS消费,地点37,淋浴,2015/01/05 22:59:17,0.4,33.55
19554,POS消费,地点232,食堂,2015/01/06 17:44:46,12.9,70.65
19554,圈存转账,,,2015/01/06 17:56:14,50.0,33.55
19554,圈存转账,,,2015/01/06 17:56:15,50.0,83.55
19554,POS消费,地点190,超市,2015/01/06 20:11:03,21.2,49.45
19554,POS消费,地点190,超市,2015/01/06 20:15:40,4.0,45.45
19554,POS消费,地点200,淋浴,2015/01/07 00:10:24,0.1,45.35
19554,POS消费,地点37,淋浴,2015/01/07 00:14:56,0.5,44.85
19554,POS消费,地点68,开水,2015/01/07 19:15:21,0.01,44.84
19554,POS消费,地点190,超市,2015/01/07 20:33:45,16.2,28.64
19554,POS消费,地点214,超市,2015/01/07 20:36:28,6.0,22.64
19554,POS消费,地点652,淋浴,2015/01/07 22:14:16,1.1,21.54
19554,POS消费,地点190,超市,2015/01/08 20:40:17,13.0,8.54
19554,POS消费,地点306,食堂,2015/01/09 12:01:50,5.5,3.04
19554,圈存转账,,,2015/01/09 12:28:39,50.0,3.04
19554,圈存转账,,,2015/01/09 12:28:39,50.0,53.04
19554,POS消费,地点68,开水,2015/01/09 18:55:04,0.01,53.03
19554,POS消费,地点840,食堂,2015/01/10 11:12:47,2.0,42.03
19554,POS消费,地点167,食堂,2015/01/10 11:17:47,3.1,49.93
19554,POS消费,地点1368,食堂,2015/01/10 11:18:26,2.4,47.53
19554,POS消费,地点1368,食堂,2015/01/10 11:18:43,3.5,44.03
19554,POS消费,地点654,淋浴,2015/01/11 02:31:48,2.4,39.63
19554,POS消费,地点654,淋浴,2015/01/12 00:21:24,0.8,38.83
19554,POS消费,地点654,淋浴,2015/01/12 23:52:37,0.7,38.13
19554,POS消费,地点816,校车,2015/01/13 17:41:23,1.0,37.13
19554,POS消费,地点190,超市,2015/01/13 22:33:28,6.5,30.63
19554,POS消费,地点658,淋浴,2015/01/13 23:54:18,1.1,29.53
19554,POS消费,地点845,淋浴,2015/01/14 00:04:56,1.5,28.03
19554,POS消费,地点2172,文印中心,2015/01/14 10:25:03,5.0,23.03
19554,POS消费,地点68,开水,2015/01/14 13:08:15,0.01,23.02
19554,POS消费,地点658,淋浴,2015/02/27 01:50:31,0.5,22.52
19554,POS消费,地点658,淋浴,2015/02/27 01:56:33,0.1,22.42
19554,POS消费,地点190,超市,2015/02/27 14:49:19,14.7,7.72
19554,POS消费,地点190,超市,2015/02/27 14:49:45,-14.7,22.42
19554,POS消费,地点190,超市,2015/02/27 14:49:49,4.8,17.62
19554,POS消费,地点68,开水,2015/02/27 14:55:46,0.01,17.61
19554,圈存转账,,,2015/02/27 16:04:55,200.0,217.61
19554,POS消费,地点21,开水,2015/02/27 20:55:07,2.2,215.41
19554,POS消费,地点654,淋浴,2015/02/28 00:29:29,0.9,214.51
19554,POS消费,地点306,食堂,2015/02/28 11:00:52,6.5,208.01
19554,POS消费,地点306,食堂,2015/02/28 11:01:16,1.0,207.01
19554,POS消费,地点118,食堂,2015/02/28 21:37:00,4.6,202.41
19554,POS消费,地点37,淋浴,2015/02/28 23:54:59,0.5,201.91
19554,POS消费,地点37,淋浴,2015/02/28 23:59:47,0.1,201.81
19554,POS消费,地点190,超市,2015/03/01 12:27:11,54.1,147.71
19554,POS消费,地点190,超市,2015/03/01 20:44:15,11.9,135.81
19554,POS消费,地点200,淋浴,2015/03/01 23:29:00,0.3,135.51
19554,POS消费,地点37,淋浴,2015/03/01 23:29:15,1.6,133.91
19554,POS消费,地点839,食堂,2015/03/02 11:04:39,2.5,126.01
19554,POS消费,地点1368,食堂,2015/03/02 11:17:14,3.5,128.51
19554,POS消费,地点267,食堂,2015/03/02 11:17:58,2.5,123.51
19554,POS消费,地点266,食堂,2015/03/02 11:18:01,1.9,132.01
19554,POS消费,地点314,食堂,2015/03/02 11:19:16,2.0,121.51
19554,POS消费,地点292,超市,2015/03/02 21:20:30,25.9,95.61
19554,POS消费,地点37,淋浴,2015/03/02 23:13:18,0.4,95.21
19554,POS消费,地点306,食堂,2015/03/03 12:55:27,7.5,87.71
19554,POS消费,地点190,超市,2015/03/03 21:23:04,8.5,79.21
19554,POS消费,地点654,淋浴,2015/03/03 23:21:50,1.8,77.41
19554,POS消费,地点232,食堂,2015/03/04 11:25:11,20.6,56.81
19554,POS消费,地点190,超市,2015/03/04 19:06:36,24.7,32.11
19554,POS消费,地点654,淋浴,2015/03/04 23:58:46,0.8,31.31
19554,圈存转账,,,2015/03/05 11:56:23,200.0,231.31
19554,POS消费,地点1961,超市,2015/03/05 14:07:26,13.9,217.41
19554,POS消费,地点654,淋浴,2015/03/05 20:50:20,0.8,216.61
19554,POS消费,地点21,开水,2015/03/06 12:56:14,20.0,196.61
19554,POS消费,地点21,开水,2015/03/06 12:56:59,3.0,193.61
19554,POS消费,地点190,超市,2015/03/06 21:55:01,16.0,177.61
19554,POS消费,地点190,超市,2015/03/06 21:59:39,4.0,173.61
19554,POS消费,地点654,淋浴,2015/03/07 03:33:22,1.6,172.01
19554,POS消费,地点190,超市,2015/03/07 21:32:32,14.6,157.41
19554,POS消费,地点68,开水,2015/03/08 02:07:57,0.01,157.4
19554,POS消费,地点277,食堂,2015/03/08 11:22:21,7.8,149.6
19554,POS消费,地点1036,食堂,2015/03/08 11:23:09,2.0,147.6
19554,POS消费,地点27,教务处,2015/03/08 11:25:10,5.5,142.1
19554,POS消费,地点654,淋浴,2015/03/08 23:07:28,1.7,140.4
19554,POS消费,地点190,超市,2015/03/09 12:24:20,5.6,134.8
19554,POS消费,地点247,食堂,2015/03/09 17:57:18,10.0,124.8
19554,POS消费,地点190,超市,2015/03/09 18:41:13,12.9,111.9
19554,POS消费,地点37,淋浴,2015/03/09 23:20:32,0.3,111.6
19554,POS消费,地点190,超市,2015/03/10 12:55:55,5.9,105.7
19554,POS消费,地点214,超市,2015/03/10 12:59:39,5.0,100.7
19554,POS消费,地点190,超市,2015/03/10 21:51:30,6.8,93.9
19554,POS消费,地点654,淋浴,2015/03/11 01:17:39,1.7,92.2
19554,POS消费,地点68,开水,2015/03/11 13:21:15,0.01,92.19
19554,POS消费,地点654,淋浴,2015/03/12 01:06:00,0.5,91.69
19554,POS消费,地点784,洗衣房,2015/03/12 09:52:26,3.6,88.09
19554,POS消费,地点6,淋浴,2015/03/12 09:54:17,2.6,85.49
19554,POS消费,地点190,超市,2015/03/12 22:19:49,10.3,75.19
19554,POS消费,地点654,淋浴,2015/03/12 23:43:12,0.6,74.59
19554,POS消费,地点306,食堂,2015/03/13 14:07:19,9.5,65.09
19554,POS消费,地点190,超市,2015/03/13 15:49:03,8.7,56.39
19554,POS消费,地点21,开水,2015/03/13 19:27:53,3.0,53.39
19554,POS消费,地点654,淋浴,2015/03/14 01:27:31,0.6,52.79
19554,POS消费,地点306,食堂,2015/03/14 12:47:02,6.5,39.79
19554,POS消费,地点190,超市,2015/03/14 13:18:20,9.2,30.59
19554,圈存转账,,,2015/03/14 13:53:31,200.0,230.59
19554,POS消费,地点190,超市,2015/03/14 17:47:57,3.5,227.09
19554,POS消费,地点195,超市,2015/03/14 22:01:16,13.7,213.39
19554,POS消费,地点654,淋浴,2015/03/15 00:48:11,1.6,211.79
19554,POS消费,地点306,食堂,2015/03/15 12:18:22,6.5,205.29
19554,POS消费,地点190,超市,2015/03/15 13:16:28,4.3,200.99
19554,POS消费,地点190,超市,2015/03/15 22:27:46,7.0,193.99
19554,POS消费,地点190,超市,2015/03/15 22:31:30,2.5,191.49
19554,POS消费,地点37,淋浴,2015/03/16 00:03:27,0.3,191.19
19554,POS消费,地点190,超市,2015/03/16 18:38:06,1.3,189.89
19554,POS消费,地点190,超市,2015/03/16 21:20:46,5.4,184.49
19554,POS消费,地点654,淋浴,2015/03/16 23:44:05,1.6,182.89
19554,POS消费,地点190,超市,2015/03/17 13:46:35,3.0,179.89
19554,POS消费,地点68,开水,2015/03/17 14:24:25,0.01,179.88
19554,POS消费,地点654,淋浴,2015/03/18 00:48:56,0.4,179.48
19554,POS消费,地点654,淋浴,2015/03/18 00:53:30,0.1,179.38
19554,POS消费,地点192,超市,2015/03/18 21:41:04,3.0,176.38
19554,POS消费,地点654,淋浴,2015/03/19 01:00:32,0.1,176.28
19554,POS消费,地点654,淋浴,2015/03/19 01:02:19,0.7,175.58
19554,POS消费,地点304,超市,2015/03/19 19:56:29,8.9,166.68
19554,POS消费,地点654,淋浴,2015/03/19 23:34:05,0.8,165.88
19554,POS消费,地点306,食堂,2015/03/20 11:27:42,6.5,159.38
19554,POS消费,地点190,超市,2015/03/20 11:50:21,7.5,151.88
19554,POS消费,地点190,超市,2015/03/20 21:38:32,3.3,148.58
19554,POS消费,地点214,超市,2015/03/20 21:40:29,4.0,144.58
19554,POS消费,地点654,淋浴,2015/03/21 01:54:36,0.6,143.98
19554,POS消费,地点192,超市,2015/03/21 21:57:30,11.7,132.28
19554,POS消费,地点200,淋浴,2015/03/22 00:01:36,0.1,132.18
19554,POS消费,地点652,淋浴,2015/03/22 00:12:44,1.1,131.08
19554,POS消费,地点654,淋浴,2015/03/22 19:46:01,0.4,130.68
19554,POS消费,地点190,超市,2015/03/22 20:34:58,21.2,109.48
19554,POS消费,地点839,食堂,2015/03/23 11:43:32,2.0,100.08
19554,POS消费,地点1368,食堂,2015/03/23 11:56:18,7.4,102.08
19554,POS消费,地点1686,食堂,2015/03/23 11:58:03,3.0,97.08
19554,POS消费,地点21,开水,2015/03/23 12:11:22,2.0,95.08
19554,POS消费,地点21,开水,2015/03/23 12:11:27,3.0,92.08
19554,POS消费,地点219,超市,2015/03/23 13:51:20,4.0,91.08
19554,POS消费,地点190,超市,2015/03/23 14:28:11,4.0,87.08
19554,POS消费,地点83,食堂,2015/03/23 18:31:44,3.0,84.08
19554,POS消费,地点654,淋浴,2015/03/23 23:49:16,1.8,82.28
19554,POS消费,地点1368,食堂,2015/03/24 11:40:14,8.8,73.48
19554,POS消费,地点314,食堂,2015/03/24 11:43:37,2.5,69.48
19554,POS消费,地点266,食堂,2015/03/24 11:45:07,1.5,71.98
19554,POS消费,地点21,开水,2015/03/24 11:54:59,1.8,67.68
19554,POS消费,地点21,开水,2015/03/24 22:15:09,2.9,64.78
19554,POS消费,地点654,淋浴,2015/03/25 01:16:27,0.4,64.38
19554,POS消费,地点306,食堂,2015/03/25 12:26:31,6.5,57.88
19554,POS消费,地点227,食堂,2015/03/25 17:16:17,5.6,52.28
19554,POS消费,地点654,淋浴,2015/03/26 00:11:31,0.4,51.88
19554,POS消费,地点190,超市,2015/03/26 19:00:14,6.9,44.98
19554,POS消费,地点190,超市,2015/03/26 19:04:40,2.5,42.48
19554,POS消费,地点304,超市,2015/03/26 21:40:29,3.0,39.48
19554,POS消费,地点37,淋浴,2015/03/26 22:58:25,1.7,37.78
19554,POS消费,地点654,淋浴,2015/03/27 20:30:56,1.1,36.68
19554,圈存转账,,,2015/03/28 13:37:34,200.0,236.68
19554,POS消费,地点21,开水,2015/03/28 22:26:10,6.5,230.18
19554,POS消费,地点37,淋浴,2015/03/29 02:09:48,0.1,230.08
19554,POS消费,地点652,淋浴,2015/03/29 02:11:11,1.4,228.68
19554,POS消费,地点654,淋浴,2015/03/29 23:40:49,0.4,228.28
19554,POS消费,地点68,开水,2015/03/30 10:17:25,0.01,228.27
19554,POS消费,地点190,超市,2015/03/30 21:37:09,10.8,217.47
19554,POS消费,地点654,淋浴,2015/03/30 23:04:54,1.4,216.07
19554,POS消费,地点190,超市,2015/03/31 18:05:41,3.5,212.57
19554,POS消费,地点190,超市,2015/03/31 20:26:24,3.0,209.57
19554,POS消费,地点37,淋浴,2015/03/31 22:22:47,0.4,209.17
19554,POS消费,地点250,食堂,2015/04/01 11:30:45,12.0,197.17
19554,POS消费,地点258,食堂,2015/04/01 11:31:36,5.0,192.17
19554,POS消费,地点190,超市,2015/04/01 18:01:47,3.5,188.67
19554,POS消费,地点658,淋浴,2015/04/01 23:53:22,0.6,188.07
19554,POS消费,地点306,食堂,2015/04/02 13:44:25,7.5,180.57
19554,POS消费,地点190,超市,2015/04/02 14:09:17,3.0,177.57
19554,POS消费,地点292,超市,2015/04/02 21:18:01,3.5,174.07
19554,POS消费,地点652,淋浴,2015/04/02 22:45:47,1.6,172.47
19554,POS消费,地点68,开水,2015/04/03 09:31:00,0.01,172.46
19554,POS消费,地点190,超市,2015/04/03 20:01:27,3.8,168.66
19554,POS消费,地点658,淋浴,2015/04/04 00:00:01,0.5,168.16
19554,POS消费,地点190,超市,2015/04/04 21:39:41,8.8,159.36
19554,POS消费,地点654,淋浴,2015/04/04 23:19:23,1.6,157.76
19554,POS消费,地点654,淋浴,2015/04/06 01:58:55,0.5,157.26
19554,POS消费,地点190,超市,2015/04/06 19:37:12,8.1,149.16
19554,POS消费,地点652,淋浴,2015/04/07 00:51:29,1.9,147.26
19554,POS消费,地点91,校车,2015/04/07 11:54:51,4.5,142.76
19554,POS消费,地点118,食堂,2015/04/07 22:31:25,7.5,135.26
19554,POS消费,地点654,淋浴,2015/04/08 00:07:02,0.4,134.86
19554,POS消费,地点118,食堂,2015/04/08 16:20:57,8.0,126.86
19554,POS消费,地点118,食堂,2015/04/08 18:14:24,8.0,118.86
19554,POS消费,地点1155,食堂,2015/04/08 21:42:17,7.2,111.66
19554,POS消费,地点652,淋浴,2015/04/08 23:21:03,0.1,111.56
19554,POS消费,地点654,淋浴,2015/04/08 23:42:48,2.2,109.36
19554,POS消费,地点2172,文印中心,2015/04/09 12:43:39,0.3,109.06
19554,POS消费,地点192,超市,2015/04/09 12:49:00,10.3,98.76
19554,POS消费,地点306,食堂,2015/04/09 12:54:57,6.5,92.26
19554,POS消费,地点654,淋浴,2015/04/10 01:43:42,0.4,91.86
19554,POS消费,地点70,食堂,2015/04/10 11:29:53,9.0,82.86
19554,POS消费,地点258,食堂,2015/04/10 11:41:37,4.2,78.66
19554,POS消费,地点258,食堂,2015/04/10 12:11:47,1.0,77.66
19554,POS消费,地点277,食堂,2015/04/10 18:09:14,8.8,68.86
19554,POS消费,地点1036,食堂,2015/04/10 18:09:55,2.0,66.86
19554,POS消费,地点238,食堂,2015/04/10 18:14:23,5.0,61.86
19554,POS消费,地点654,淋浴,2015/04/10 20:05:55,1.3,60.56
19554,POS消费,地点652,淋浴,2015/04/11 01:50:19,0.4,60.16
19554,POS消费,地点654,淋浴,2015/04/12 01:41:36,2.1,58.06
19554,POS消费,地点1387,校车,2015/04/12 12:42:02,2.0,56.06
19554,POS消费,地点654,淋浴,2015/04/13 00:10:03,0.8,55.26
19554,POS消费,地点1368,食堂,2015/04/13 11:13:00,9.0,46.26
19554,POS消费,地点1368,食堂,2015/04/13 11:13:38,1.2,45.06
19554,POS消费,地点219,超市,2015/04/13 14:25:04,4.0,41.06
19554,POS消费,地点188,超市,2015/04/13 21:03:23,12.3,28.76
19554,POS消费,地点654,淋浴,2015/04/14 00:36:00,1.8,26.96
19554,POS消费,地点247,食堂,2015/04/14 11:56:47,15.0,211.96
19554,圈存转账,,,2015/04/14 12:29:57,200.0,226.96
19554,POS消费,地点654,淋浴,2015/04/15 00:31:48,0.5,211.46
19554,POS消费,地点258,食堂,2015/04/15 12:09:55,4.2,207.26
19554,POS消费,地点68,开水,2015/04/15 15:19:00,0.01,207.25
19554,POS消费,地点219,超市,2015/04/15 16:29:42,4.0,203.25
19554,POS消费,地点304,超市,2015/04/15 22:43:46,4.5,198.75
19554,POS消费,地点304,超市,2015/04/15 22:43:56,20.0,178.75
19554,POS消费,地点654,淋浴,2015/04/16 02:01:00,2.9,175.85
19554,POS消费,地点118,食堂,2015/04/16 22:13:37,5.0,170.85
19554,POS消费,地点190,超市,2015/04/16 22:24:19,20.5,150.35
19554,POS消费,地点190,超市,2015/04/16 22:24:36,2.6,147.75
19554,POS消费,地点37,淋浴,2015/04/17 00:53:57,0.5,147.25
19554,POS消费,地点654,淋浴,2015/04/17 16:08:32,0.2,147.05
19554,POS消费,地点118,食堂,2015/04/17 20:10:07,8.0,139.05
19554,POS消费,地点21,开水,2015/04/17 20:50:00,9.0,130.05
19554,POS消费,地点654,淋浴,2015/04/18 01:44:46,0.3,129.75
19554,POS消费,地点146,校车,2015/04/18 08:34:00,1.0,114.75
19554,POS消费,地点21,开水,2015/04/18 08:43:46,14.0,115.75
19554,POS消费,地点1996,校车,2015/04/18 13:33:35,1.0,113.75
19554,POS消费,地点190,超市,2015/04/18 22:03:47,6.5,107.25
19554,POS消费,地点654,淋浴,2015/04/18 23:32:27,2.5,104.75
19554,POS消费,地点1996,校车,2015/04/19 14:25:07,1.0,102.75
19554,POS消费,地点654,淋浴,2015/04/20 01:38:40,0.6,102.15
19554,POS消费,地点118,食堂,2015/04/20 17:34:45,8.0,94.15
19554,POS消费,地点1155,食堂,2015/04/20 18:02:52,4.0,90.15
19554,POS消费,地点654,淋浴,2015/04/20 23:59:02,1.6,88.55
19554,POS消费,地点171,食堂,2015/04/21 13:38:49,4.5,84.05
19554,POS消费,地点190,超市,2015/04/21 15:51:11,2.9,81.15
19554,POS消费,地点146,校车,2015/04/21 18:07:14,1.0,80.15
19554,POS消费,地点146,校车,2015/04/21 18:07:37,1.0,79.15
19554,POS消费,地点190,超市,2015/04/21 22:21:30,10.7,68.45
19554,POS消费,地点37,淋浴,2015/04/21 22:58:07,0.4,68.05
19554,POS消费,地点654,淋浴,2015/04/23 00:23:19,0.9,67.15
19554,POS消费,地点190,超市,2015/04/23 12:29:20,6.5,60.65
19554,POS消费,地点219,超市,2015/04/23 15:28:11,4.0,56.65
19554,POS消费,地点1155,食堂,2015/04/23 18:33:04,8.0,48.65
19554,POS消费,地点118,食堂,2015/04/23 18:50:03,8.0,40.65
19554,POS消费,地点21,开水,2015/04/23 22:39:00,7.5,33.15
19554,POS消费,地点654,淋浴,2015/04/24 00:45:57,0.5,32.65
19554,POS消费,地点83,食堂,2015/04/24 14:17:10,5.0,27.65
19554,POS消费,地点654,淋浴,2015/04/25 01:59:52,1.9,25.75
19554,POS消费,地点654,淋浴,2015/04/26 02:10:08,0.5,25.25
19554,POS消费,地点306,食堂,2015/04/26 12:25:54,6.5,18.75
19554,POS消费,地点306,食堂,2015/04/26 12:30:15,1.0,17.75
19554,POS消费,地点83,食堂,2015/04/26 12:48:34,8.0,9.75
19554,POS消费,地点83,食堂,2015/04/26 13:04:35,8.0,1.75
19554,POS消费,地点654,淋浴,2015/04/26 22:33:03,1.5,0.25
19554,圈存转账,,,2015/04/27 11:01:17,200.0,200.25
19554,圈存转账,,,2015/04/27 11:01:54,200.0,400.25
19554,圈存转账,,,2015/04/27 11:02:06,200.0,600.25
19554,POS消费,地点258,食堂,2015/04/27 11:17:07,8.0,592.25
19554,POS消费,地点232,食堂,2015/04/27 11:52:53,20.5,571.75
19554,POS消费,地点654,淋浴,2015/04/27 23:06:18,0.3,571.45
19554,POS消费,地点68,开水,2015/04/28 08:51:08,0.01,571.44
19554,POS消费,地点652,淋浴,2015/04/29 01:11:05,1.1,570.34
19554,POS消费,地点654,淋浴,2015/04/30 01:18:47,0.6,569.74
19554,POS消费,地点243,食堂,2015/04/30 12:40:41,3.5,566.24
19554,POS消费,地点21,开水,2015/04/30 17:57:38,4.5,561.74
19554,POS消费,地点21,开水,2015/04/30 17:57:44,3.0,558.74
19554,POS消费,地点21,开水,2015/04/30 17:58:15,0.5,558.24
19554,POS消费,地点243,食堂,2015/04/30 18:14:28,10.0,548.24
19554,POS消费,地点654,淋浴,2015/05/01 01:35:24,1.8,546.44
19554,POS消费,地点190,超市,2015/05/01 13:55:39,20.5,525.94
19554,POS消费,地点1155,食堂,2015/05/01 22:18:42,8.0,517.94
19554,POS消费,地点654,淋浴,2015/05/01 23:38:08,0.7,517.24
19554,POS消费,地点880,洗衣房,2015/05/02 09:45:22,3.6,513.64
19554,POS消费,地点68,开水,2015/05/02 09:51:24,0.01,513.63
19554,POS消费,地点83,食堂,2015/05/02 11:16:03,13.0,500.63
19554,POS消费,地点306,食堂,2015/05/02 11:41:13,6.5,494.13
19554,POS消费,地点306,食堂,2015/05/02 11:41:18,1.0,493.13
19554,POS消费,地点1155,食堂,2015/05/02 21:16:20,11.0,482.13
19554,POS消费,地点118,食堂,2015/05/02 21:51:59,3.6,478.53
19554,POS消费,地点654,淋浴,2015/05/03 00:48:28,1.1,477.43
19554,POS消费,地点190,超市,2015/05/03 21:18:41,7.3,470.13
19554,POS消费,地点190,超市,2015/05/03 21:21:41,3.5,466.63
19554,POS消费,地点654,淋浴,2015/05/04 01:14:59,0.1,466.53
19554,POS消费,地点37,淋浴,2015/05/04 01:31:00,1.6,464.93
19554,POS消费,地点21,开水,2015/05/04 09:17:24,4.3,460.63
19554,POS消费,地点21,开水,2015/05/04 09:17:33,5.0,455.63
19554,POS消费,地点190,超市,2015/05/04 10:10:26,3.5,452.13
19554,POS消费,地点839,食堂,2015/05/04 11:42:15,2.7,449.43
19554,POS消费,地点1368,食堂,2015/05/04 11:56:59,1.5,447.93
19554,POS消费,地点1368,食堂,2015/05/04 11:57:08,3.0,444.93
19554,POS消费,地点1368,食堂,2015/05/04 11:57:32,2.2,442.73
19554,POS消费,地点841,食堂,2015/05/04 11:59:40,3.0,439.73
19554,POS消费,地点841,食堂,2015/05/04 11:59:47,1.8,437.93
19554,POS消费,地点190,超市,2015/05/04 21:20:29,14.1,423.83
19554,POS消费,地点190,超市,2015/05/04 21:20:42,0.3,423.53
19554,POS消费,地点21,开水,2015/05/04 21:25:55,4.5,419.03
19554,POS消费,地点304,超市,2015/05/05 18:26:20,7.5,411.53
19554,POS消费,地点68,开水,2015/05/05 23:08:46,0.01,411.52
19554,POS消费,地点654,淋浴,2015/05/06 01:39:46,1.7,409.82
19554,POS消费,地点839,食堂,2015/05/06 11:11:04,2.9,406.92
19554,POS消费,地点1368,食堂,2015/05/06 11:25:38,2.1,404.82
19554,POS消费,地点1368,食堂,2015/05/06 11:26:07,4.5,400.32
19554,POS消费,地点1368,食堂,2015/05/06 11:26:26,2.2,398.12
19554,POS消费,地点21,开水,2015/05/06 11:30:50,3.94,394.18
19554,POS消费,地点21,开水,2015/05/06 11:30:53,7.55,386.63
19554,POS消费,地点654,淋浴,2015/05/06 21:40:20,0.2,386.43
19554,POS消费,地点37,淋浴,2015/05/06 21:58:09,1.4,385.03
19554,POS消费,地点190,超市,2015/05/06 22:14:42,11.4,373.63
19554,POS消费,地点68,开水,2015/05/07 11:33:42,0.01,373.62
19554,POS消费,地点839,食堂,2015/05/07 11:46:34,2.5,362.22
19554,POS消费,地点1368,食堂,2015/05/07 11:59:07,7.1,366.52
19554,POS消费,地点1368,食堂,2015/05/07 11:59:16,1.8,364.72
19554,POS消费,地点72,食堂,2015/05/07 18:34:27,6.4,355.82
19554,POS消费,地点21,开水,2015/05/07 22:12:31,30.0,325.82
19554,POS消费,地点21,开水,2015/05/07 22:12:37,19.3,306.52
19554,POS消费,地点37,淋浴,2015/05/08 00:32:59,0.7,305.82
19554,POS消费,地点2172,文印中心,2015/05/08 15:27:21,9.0,296.82
19554,POS消费,地点2172,文印中心,2015/05/08 15:27:25,-9.0,305.82
19554,POS消费,地点2172,文印中心,2015/05/08 15:27:29,6.0,299.82
19554,POS消费,地点190,超市,2015/05/08 21:06:09,6.8,293.02
19554,POS消费,地点654,淋浴,2015/05/09 00:27:59,0.4,292.62
19554,POS消费,地点21,开水,2015/05/09 22:01:10,6.5,286.12
19554,POS消费,地点654,淋浴,2015/05/10 01:47:42,1.6,284.52
19554,POS消费,地点26,图书馆,2015/05/10 12:25:32,22.0,262.52
19554,POS消费,地点654,淋浴,2015/05/10 18:23:47,0.8,261.72
19554,POS消费,地点839,食堂,2015/05/11 11:39:31,2.5,241.82
19554,POS消费,地点1368,食堂,2015/05/11 11:52:04,6.9,254.82
19554,POS消费,地点1368,食堂,2015/05/11 11:52:11,0.4,254.42
19554,POS消费,地点1368,食堂,2015/05/11 11:52:27,5.0,249.42
19554,POS消费,地点1368,食堂,2015/05/11 11:52:43,1.5,247.92
19554,POS消费,地点1368,食堂,2015/05/11 11:52:55,3.6,244.32
19554,POS消费,地点21,开水,2015/05/11 11:56:13,4.51,237.31
19554,POS消费,地点192,超市,2015/05/11 22:13:45,3.3,234.01
19554,POS消费,地点654,淋浴,2015/05/12 01:14:02,1.7,232.31
19554,POS消费,地点236,食堂,2015/05/12 12:22:46,8.8,223.51
19554,POS消费,地点236,食堂,2015/05/12 12:23:01,3.5,220.01
19554,POS消费,地点1588,食堂,2015/05/12 12:23:10,1.0,219.01
19554,POS消费,地点243,食堂,2015/05/12 12:49:07,4.0,215.01
19554,POS消费,地点1387,校车,2015/05/12 17:34:41,2.0,213.01
19554,POS消费,地点83,食堂,2015/05/12 18:08:45,12.6,200.41
19554,POS消费,地点190,超市,2015/05/12 21:08:13,3.4,197.01
19554,POS消费,地点839,食堂,2015/05/13 11:04:20,2.0,186.01
19554,POS消费,地点1368,食堂,2015/05/13 11:17:43,6.5,190.51
19554,POS消费,地点1368,食堂,2015/05/13 11:17:53,2.5,188.01
19554,POS消费,地点257,食堂,2015/05/13 11:20:34,5.0,181.01
19554,POS消费,地点83,食堂,2015/05/14 10:26:26,8.0,170.81
19554,POS消费,地点21,开水,2015/05/14 10:56:02,6.02,164.79
19554,POS消费,地点1155,食堂,2015/05/14 22:05:27,5.5,159.29
19554,POS消费,地点306,食堂,2015/05/15 13:45:49,8.5,148.49
19554,POS消费,地点306,食堂,2015/05/15 13:45:58,1.0,147.49
19554,POS消费,地点222,校车,2015/05/16 12:16:08,1.0,145.99
19554,POS消费,地点190,超市,2015/05/16 20:22:17,10.0,135.99
19554,POS消费,地点167,食堂,2015/05/17 08:25:24,3.0,131.29
19554,POS消费,地点1456,校车,2015/05/17 19:53:43,2.0,129.29
19554,POS消费,地点1456,校车,2015/05/17 19:53:49,2.0,127.29
19554,POS消费,地点1456,校车,2015/05/17 19:53:58,2.0,125.29
19554,POS消费,地点190,超市,2015/05/17 20:45:28,6.9,118.39
19554,POS消费,地点654,淋浴,2015/05/17 22:19:32,2.2,178.81
19554,POS消费,地点37,淋浴,2015/05/18 11:13:59,1.7,134.29
19554,POS消费,地点306,食堂,2015/05/18 11:54:33,8.5,109.59
19554,POS消费,地点21,开水,2015/05/18 12:15:54,19.5,90.09
19554,POS消费,地点654,淋浴,2015/05/19 08:38:01,2.3,156.99
19554,POS消费,地点37,淋浴,2015/05/19 08:48:01,0.7,89.39
19554,POS消费,地点654,淋浴,2015/05/19 11:02:33,0.5,146.99
19554,POS消费,地点21,开水,2015/05/19 12:14:04,3.2,86.19
19554,POS消费,地点654,淋浴,2015/05/19 14:07:27,0.3,118.09
19554,POS消费,地点654,淋浴,2015/05/20 11:02:19,0.1,86.09
19554,POS消费,地点654,淋浴,2015/05/20 11:04:50,0.1,85.99
19554,POS消费,地点654,淋浴,2015/05/20 11:10:21,1.2,84.79
19554,POS消费,地点839,食堂,2015/05/20 11:34:40,2.9,81.89
19554,POS消费,地点1368,食堂,2015/05/20 11:50:57,9.0,72.89
19554,POS消费,地点1368,食堂,2015/05/20 11:51:10,1.5,71.39
19554,POS消费,地点21,开水,2015/05/20 11:54:04,3.29,68.1
19554,POS消费,地点190,超市,2015/05/20 22:20:45,11.1,57.0
19554,POS消费,地点190,超市,2015/05/21 18:03:27,4.3,52.7
19554,POS消费,地点190,超市,2015/05/22 14:16:34,8.1,42.4
19554,POS消费,地点1155,食堂,2015/05/22 16:24:37,8.0,34.4
19554,POS消费,地点654,淋浴,2015/05/22 18:48:31,2.2,50.5
19554,POS消费,地点654,淋浴,2015/05/23 04:12:00,2.2,50.5
19554,POS消费,地点306,食堂,2015/05/23 12:47:51,8.5,25.9
19554,POS消费,地点118,食堂,2015/05/23 22:11:30,4.0,21.9
19554,POS消费,地点654,淋浴,2015/05/24 07:16:00,2.2,50.5
19554,POS消费,地点654,淋浴,2015/05/24 11:45:01,1.6,20.3
19554,POS消费,地点1368,食堂,2015/05/24 12:06:10,8.6,11.7
19554,POS消费,地点841,食堂,2015/05/24 12:09:32,4.0,5.9
19554,POS消费,地点2031,食堂,2015/05/24 12:26:13,0.8,9.9
19554,POS消费,地点2273,食堂,2015/05/24 13:22:17,1.0,10.7
19554,POS消费,地点21,开水,2015/05/24 21:29:42,4.5,1.4
19554,卡充值,,,2015/05/25 12:02:25,100.0,101.4
19554,POS消费,地点190,超市,2015/05/25 16:02:10,1.4,100.0
19554,POS消费,地点190,超市,2015/05/25 20:52:05,6.8,93.2
19554,POS消费,地点118,食堂,2015/05/26 15:49:00,8.0,85.2
19554,POS消费,地点654,淋浴,2015/05/26 18:43:00,1.0,84.2
19554,POS消费,地点83,食堂,2015/05/27 11:12:07,3.8,80.4
19554,POS消费,地点304,超市,2015/05/27 11:34:19,3.5,76.9
19554,POS消费,地点26,图书馆,2015/05/27 21:29:51,5.0,71.9
19554,POS消费,地点654,淋浴,2015/05/28 00:30:05,2.3,69.6
19554,POS消费,地点190,超市,2015/05/28 11:59:42,2.8,66.8
19554,POS消费,地点203,食堂,2015/05/28 20:29:04,11.0,54.7
19554,POS消费,地点21,开水,2015/05/28 21:15:06,4.5,50.2
19554,POS消费,地点304,超市,2015/05/28 22:37:31,18.7,31.5
19554,POS消费,地点304,超市,2015/05/28 22:37:36,0.3,31.2
19554,POS消费,地点654,淋浴,2015/05/28 23:26:02,1.1,65.7
19554,POS消费,地点12,文印中心,2015/05/29 12:01:35,2.8,28.4
19554,POS消费,地点12,文印中心,2015/05/29 12:02:42,3.85,24.55
19554,POS消费,地点21,开水,2015/05/29 12:03:53,14.0,10.55
19554,POS消费,地点654,淋浴,2015/05/29 14:58:07,0.8,9.75
19554,卡充值,,,2015/05/29 16:54:48,100.0,109.75
19554,POS消费,地点218,食堂,2015/05/29 17:03:46,4.0,115.75
19554,POS消费,地点83,食堂,2015/05/29 17:29:57,4.0,111.75
19554,支付领取,,,2015/05/29 17:52:05,10.0,119.75
19554,POS消费,地点37,淋浴,2015/05/30 01:24:03,1.8,109.95
19554,POS消费,地点306,食堂,2015/05/30 12:51:46,7.5,102.45
19554,POS消费,地点118,食堂,2015/05/30 13:27:56,2.5,99.95
19554,POS消费,地点118,食堂,2015/05/30 13:33:02,4.0,95.95
19554,POS消费,地点21,开水,2015/05/30 21:33:28,4.5,91.45
19554,POS消费,地点304,超市,2015/05/31 19:59:24,6.8,84.65
19554,POS消费,地点37,淋浴,2015/06/01 03:38:26,1.7,82.95
19554,POS消费,地点839,食堂,2015/06/01 11:00:49,2.0,73.45
19554,POS消费,地点1368,食堂,2015/06/01 11:14:11,2.6,80.35
19554,POS消费,地点1368,食堂,2015/06/01 11:14:30,0.9,79.45
19554,POS消费,地点1368,食堂,2015/06/01 11:14:43,4.0,75.45
19554,POS消费,地点841,食堂,2015/06/01 11:17:30,4.0,67.45
19554,POS消费,地点2031,食堂,2015/06/01 11:36:33,2.0,71.45
19554,POS消费,地点118,食堂,2015/06/01 16:04:29,4.0,63.45
19554,POS消费,地点306,食堂,2015/06/01 17:02:32,7.5,55.95
19554,POS消费,地点190,超市,2015/06/01 17:25:21,7.9,48.05
19554,POS消费,地点26,图书馆,2015/06/01 21:12:41,4.5,43.55
19554,POS消费,地点304,超市,2015/06/02 10:03:59,3.5,39.55
19554,POS消费,地点37,淋浴,2015/06/02 19:52:02,0.5,43.05
19554,POS消费,地点654,淋浴,2015/06/03 08:55:33,0.5,39.05
19554,POS消费,地点1448,校车,2015/06/03 17:04:12,1.0,38.05
19554,POS消费,地点839,食堂,2015/06/04 11:45:15,3.6,32.55
19554,POS消费,地点1368,食堂,2015/06/04 12:02:49,2.8,29.75
19554,POS消费,地点1368,食堂,2015/06/04 12:03:15,4.0,25.75
19554,POS消费,地点21,开水,2015/06/04 12:17:24,2.5,23.25
19554,POS消费,地点654,淋浴,2015/06/05 15:30:11,0.7,22.55
19554,POS消费,地点37,淋浴,2015/06/05 19:11:11,1.9,36.15
19554,POS消费,地点190,超市,2015/06/05 20:11:43,3.5,19.05
19554,POS消费,地点21,开水,2015/06/06 12:43:32,3.39,13.36
19554,POS消费,地点21,开水,2015/06/06 22:26:46,3.92,9.44
19554,POS消费,地点654,淋浴,2015/06/07 18:29:14,2.3,16.75
19554,POS消费,地点654,淋浴,2015/06/08 02:12:16,1.9,7.54
19554,圈存转账,,,2015/06/08 13:28:52,200.0,207.54
19554,POS消费,地点190,超市,2015/06/08 17:34:07,37.8,169.74
19554,POS消费,地点306,食堂,2015/06/08 20:46:37,8.5,161.24
19554,POS消费,地点304,超市,2015/06/08 21:08:16,3.0,158.24
19554,POS消费,地点21,开水,2015/06/09 11:56:20,4.55,153.69
19554,POS消费,地点654,淋浴,2015/06/10 00:13:03,1.9,151.79
19554,POS消费,地点91,校车,2015/06/10 11:57:19,3.0,148.79
19554,POS消费,地点232,食堂,2015/06/10 12:00:32,12.9,135.89
19554,POS消费,地点190,超市,2015/06/11 14:10:41,4.0,131.89
19554,POS消费,地点784,洗衣房,2015/06/12 10:24:08,3.6,128.29
19554,POS消费,地点784,洗衣房,2015/06/12 11:43:07,3.6,124.69
19554,POS消费,地点784,洗衣房,2015/06/12 12:04:07,-2.22,126.91
19554,POS消费,地点654,淋浴,2015/06/14 02:05:12,2.5,124.41
19554,POS消费,地点87,食堂,2015/06/14 18:09:03,4.0,120.41
19554,POS消费,地点190,超市,2015/06/14 18:42:34,7.5,112.91
19554,POS消费,地点190,超市,2015/06/14 21:17:04,6.5,106.41
19554,POS消费,地点26,图书馆,2015/06/14 21:21:22,1.5,104.91
19554,POS消费,地点87,食堂,2015/06/15 12:11:32,4.0,100.91
19554,POS消费,地点21,开水,2015/06/15 12:23:11,15.7,85.21
19554,POS消费,地点654,淋浴,2015/06/16 01:27:00,2.0,83.21
19554,POS消费,地点211,校车,2015/06/16 17:21:53,1.0,82.21
19554,POS消费,地点306,食堂,2015/06/17 12:49:48,7.5,74.71
19554,POS消费,地点21,开水,2015/06/17 13:32:03,5.0,69.71
19554,POS消费,地点21,开水,2015/06/17 13:32:09,4.48,65.23
19554,POS消费,地点304,超市,2015/06/17 22:42:06,8.6,56.63
19554,POS消费,地点21,开水,2015/06/17 22:44:57,4.1,52.53
19554,POS消费,地点222,校车,2015/06/19 12:31:21,1.0,50.03
19554,POS消费,地点211,校车,2015/06/19 13:40:22,1.0,49.03
19554,POS消费,地点190,超市,2015/06/19 18:42:49,5.3,43.73
19554,POS消费,地点274,超市,2015/06/19 18:53:24,2.0,41.73
19554,POS消费,地点1215,校车,2015/06/19 19:29:43,2.0,39.73
19554,POS消费,地点1387,校车,2015/06/20 22:11:38,2.0,37.73
19554,POS消费,地点190,超市,2015/06/21 12:29:35,3.3,32.87
19554,POS消费,地点190,超市,2015/06/21 13:23:20,3.5,29.37
19554,POS消费,地点21,开水,2015/06/21 17:03:47,4.32,25.05
19554,POS消费,地点304,超市,2015/06/21 22:26:44,4.0,21.05
19554,POS消费,地点274,超市,2015/06/22 12:33:44,15.9,5.15
19554,POS消费,地点880,洗衣房,2015/06/23 11:00:08,3.6,34.13
19554,POS消费,地点880,洗衣房,2015/06/23 11:00:10,-3.54,37.67
19554,POS消费,地点654,淋浴,2015/06/23 11:09:08,1.5,51.03
19554,POS消费,地点654,淋浴,2015/06/23 11:19:03,0.5,4.65
19554,POS消费,地点654,淋浴,2015/06/23 11:19:03,0.9,3.75
19554,POS消费,地点654,淋浴,2015/06/23 11:19:03,0.4,3.35
19554,POS消费,地点839,食堂,2015/06/23 11:42:35,2.0,1.35
19554,POS消费,地点21,开水,2015/06/23 12:14:24,1.35,0.0
19554,卡充值,,,2015/06/23 16:01:00,200.0,200.0
19554,圈存转账,,,2015/06/23 16:55:39,200.0,0.0
19554,圈存转账,,,2015/06/23 16:55:52,200.0,0.0
19554,POS消费,地点306,食堂,2015/06/23 19:19:37,7.5,192.5
19554,POS消费,地点190,超市,2015/06/23 19:49:31,4.0,188.5
19554,POS消费,地点654,淋浴,2015/06/24 01:59:04,2.2,186.3
19554,POS消费,地点839,食堂,2015/06/24 11:22:29,2.0,176.7
19554,POS消费,地点1368,食堂,2015/06/24 11:35:59,2.1,184.2
19554,POS消费,地点1368,食堂,2015/06/24 11:36:12,4.2,180.0
19554,POS消费,地点1368,食堂,2015/06/24 11:36:26,1.3,178.7
19554,POS消费,地点266,食堂,2015/06/24 11:42:35,1.5,175.2
19554,POS消费,地点21,开水,2015/06/24 11:50:20,4.0,171.2
19554,POS消费,地点274,超市,2015/06/24 15:58:43,4.9,166.3
19554,POS消费,地点21,开水,2015/06/24 21:03:22,3.48,162.82
19554,POS消费,地点118,食堂,2015/06/25 12:48:51,8.0,154.82
19554,POS消费,地点2172,文印中心,2015/06/25 15:45:01,0.3,154.52
19554,POS消费,地点21,开水,2015/06/25 23:09:46,4.02,150.5
19554,POS消费,地点654,淋浴,2015/06/26 02:00:12,1.5,149.0
19554,POS消费,地点118,食堂,2015/06/26 13:02:57,8.0,141.0
19554,POS消费,地点21,开水,2015/06/27 13:59:01,2.14,138.86
19554,POS消费,地点87,食堂,2015/06/27 17:49:48,5.0,133.86
19554,POS消费,地点21,开水,2015/06/27 17:59:50,7.55,126.31
19554,POS消费,地点190,超市,2015/06/27 21:32:40,5.3,121.01
19554,POS消费,地点37,淋浴,2015/06/27 23:30:34,1.5,119.51
19554,POS消费,地点21,开水,2015/06/28 12:47:54,7.5,112.01
19554,POS消费,地点1155,食堂,2015/06/28 19:59:00,4.0,108.01
19554,POS消费,地点304,超市,2015/06/28 20:11:33,30.0,78.01
19554,POS消费,地点304,超市,2015/06/28 20:11:36,0.3,77.71
19554,POS消费,地点1368,食堂,2015/06/29 12:16:46,3.5,74.21
19554,POS消费,地点1368,食堂,2015/06/29 12:17:22,5.0,69.21
19554,POS消费,地点842,食堂,2015/06/29 12:17:47,1.5,67.71
19554,POS消费,地点21,开水,2015/06/29 12:27:12,1.88,65.83
19554,POS消费,地点1451,校车,2015/06/29 13:39:37,1.0,61.63
19554,POS消费,地点274,超市,2015/06/29 14:01:33,3.2,62.63
19554,POS消费,地点222,校车,2015/06/29 19:50:15,1.0,60.63
19554,POS消费,地点21,开水,2015/06/29 21:38:28,4.54,56.09
19554,POS消费,地点658,淋浴,2015/06/30 11:04:00,1.4,36.17
19554,POS消费,地点551,淋浴,2015/06/30 11:08:02,0.1,37.57
19554,POS消费,地点551,淋浴,2015/06/30 13:57:01,0.1,55.99
19554,POS消费,地点26,图书馆,2015/06/30 20:56:49,12.3,42.29
19554,POS消费,地点21,开水,2015/06/30 20:59:30,2.82,39.47
19554,POS消费,地点53,淋浴,2015/07/01 23:20:04,0.3,39.17
19554,POS消费,地点118,食堂,2015/07/03 22:11:24,4.0,35.17
19554,POS消费,地点658,淋浴,2015/07/03 23:05:07,1.8,33.37
19554,POS消费,地点190,超市,2015/07/04 20:12:09,6.9,26.47
19554,POS消费,地点654,淋浴,2015/07/04 21:23:46,0.7,25.77
19554,POS消费,地点192,超市,2015/07/05 21:37:32,7.3,18.47
19554,POS消费,地点654,淋浴,2015/07/06 01:20:12,1.3,17.17
19554,POS消费,地点21,开水,2015/07/06 13:43:39,3.44,13.73
19554,POS消费,地点2172,文印中心,2015/07/06 15:42:45,1.0,12.73
19554,POS消费,地点21,开水,2015/07/07 12:05:34,20.6,92.13
19554,圈存转账,,,2015/07/07 12:56:47,100.0,112.73
19554,POS消费,地点2172,文印中心,2015/07/08 14:14:25,0.2,91.93
19554,POS消费,地点83,食堂,2015/07/08 15:17:06,4.0,87.93
19554,POS消费,地点211,校车,2015/07/08 20:27:49,1.0,86.93
19554,POS消费,地点839,食堂,2015/07/09 11:55:23,2.0,79.63
19554,POS消费,地点1368,食堂,2015/07/09 12:09:05,1.8,85.13
19554,POS消费,地点1368,食堂,2015/07/09 12:09:20,2.5,82.63
19554,POS消费,地点1368,食堂,2015/07/09 12:09:30,1.0,81.63
19554,POS消费,地点841,食堂,2015/07/09 12:13:03,4.3,73.83
19554,POS消费,地点2043,食堂,2015/07/09 13:28:22,1.5,78.13
19554,POS消费,地点190,超市,2015/07/09 14:56:22,11.4,62.43
19554,POS消费,地点118,食堂,2015/07/09 19:44:29,8.0,54.43
19554,POS消费,地点1155,食堂,2015/07/09 19:55:47,8.0,46.43
19554,POS消费,地点37,淋浴,2015/07/10 00:56:10,1.5,44.93
19554,POS消费,地点306,食堂,2015/07/11 11:58:46,7.5,37.43
19554,POS消费,地点190,超市,2015/07/11 12:43:54,2.4,35.03
19554,POS消费,地点192,超市,2015/07/11 22:11:26,15.1,12.35
19554,POS消费,地点190,超市,2015/07/12 14:59:23,4.8,7.55
19554,POS消费,地点839,食堂,2015/07/12 17:23:12,2.6,54.95
19554,POS消费,地点105,食堂,2015/07/12 17:27:37,3.0,51.95
19554,POS消费,地点314,食堂,2015/07/12 17:42:00,4.0,45.45
19554,POS消费,地点167,食堂,2015/07/12 17:44:25,2.5,49.45
19554,圈存转账,,,2015/07/12 18:35:05,50.0,57.55
19554,POS消费,地点26,图书馆,2015/07/12 20:57:27,18.1,27.35
19554,POS消费,地点654,淋浴,2015/07/12 23:47:21,1.7,25.65
19554,POS消费,地点83,食堂,2015/07/13 16:17:29,4.0,21.65
19554,POS消费,地点1387,校车,2015/07/13 21:21:54,2.0,19.65
19554,POS消费,地点21,开水,2015/07/13 22:18:24,4.01,15.64
19554,POS消费,地点1368,食堂,2015/07/14 12:28:02,8.2,37.44
19554,POS消费,地点841,食堂,2015/07/14 12:31:32,1.8,31.64
19554,POS消费,地点2031,食堂,2015/07/14 12:59:03,4.0,33.44
19554,圈存转账,,,2015/07/14 13:25:23,30.0,45.64
19554,POS消费,地点118,食堂,2015/07/15 21:36:34,4.0,27.64
19554,POS消费,地点83,食堂,2015/07/16 07:52:57,4.0,23.64
19554,POS消费,地点654,淋浴,2015/07/17 02:14:09,2.6,21.04
19554,POS消费,地点211,校车,2015/08/30 20:31:15,1.0,20.04
19554,POS消费,地点53,淋浴,2015/08/31 09:48:23,1.9,18.14
19554,POS消费,地点274,超市,2015/08/31 14:59:01,5.0,13.14
19554,POS消费,地点292,超市,2015/08/31 15:17:39,0.1,13.04
