19618,POS消费,地点12,文印中心,2014/07/01 18:28:12,0.0,0.0
19618,POS消费,地点12,文印中心,2014/07/01 18:28:12,0.11,1.83
19618,卡片开户,,,2014/07/18 16:02:31,0.0,0.0
19618,卡充值,,,2014/08/28 15:07:05,300.0,300.0
19618,POS消费,地点12,文印中心,2014/08/28 21:24:10,0.1,299.69
19618,POS消费,地点12,文印中心,2014/08/28 21:28:08,0.1,299.89
19618,POS消费,地点12,文印中心,2014/08/28 21:28:26,0.1,299.79
19618,POS消费,地点12,文印中心,2014/08/28 21:28:49,0.1,299.59
19618,POS消费,地点195,超市,2014/08/29 16:04:17,0.2,299.39
19618,POS消费,地点195,超市,2014/08/29 16:04:33,0.3,299.09
19618,POS消费,地点222,校车,2014/08/29 17:43:41,1.0,298.09
19618,POS消费,地点248,超市,2014/08/29 18:26:59,5.6,292.49
19618,POS消费,地点1451,校车,2014/08/29 19:45:47,1.0,291.49
19618,POS消费,地点941,淋浴,2014/08/29 22:42:29,0.6,290.89
19618,POS消费,地点941,淋浴,2014/08/29 22:55:26,0.5,290.39
19618,POS消费,地点190,超市,2014/08/30 09:03:07,10.5,279.89
19618,POS消费,地点248,超市,2014/08/30 12:03:40,5.1,274.79
19618,POS消费,地点195,超市,2014/08/30 20:12:26,8.5,266.29
19618,POS消费,地点778,淋浴,2014/08/30 23:29:44,0.1,266.19
19618,POS消费,地点849,淋浴,2014/08/30 23:30:09,0.1,266.09
19618,POS消费,地点849,淋浴,2014/08/30 23:31:58,0.1,265.99
19618,POS消费,地点1572,淋浴,2014/08/30 23:35:33,0.1,265.89
19618,POS消费,地点1572,淋浴,2014/08/30 23:36:54,0.3,265.59
19618,POS消费,地点1572,淋浴,2014/08/30 23:41:20,0.2,265.39
19618,POS消费,地点21,开水,2014/08/31 06:30:34,1.4,263.99
19618,POS消费,地点21,开水,2014/08/31 17:42:38,3.0,260.99
19618,POS消费,地点21,开水,2014/08/31 17:47:52,4.6,256.39
19618,POS消费,地点21,开水,2014/08/31 18:06:22,2.8,253.59
