19619,卡片开户,,,2014/07/12 14:52:09,0.0,0.0
19619,卡充值,,,2014/08/27 11:25:37,500.0,500.0
19619,POS消费,地点1451,校车,2014/08/27 11:39:57,1.0,499.0
19619,POS消费,地点1451,校车,2014/08/27 11:40:24,1.0,498.0
19619,POS消费,地点1451,校车,2014/08/27 11:40:32,1.0,497.0
19619,POS消费,地点1442,校车,2014/08/27 13:48:11,1.0,496.0
19619,POS消费,地点1442,校车,2014/08/27 14:11:09,1.0,495.0
19619,POS消费,地点213,食堂,2014/08/29 10:47:13,1.5,493.5
19619,POS消费,地点234,食堂,2014/08/29 11:53:52,6.7,486.8
19619,POS消费,地点234,食堂,2014/08/29 11:54:01,7.1,479.7
19619,POS消费,地点134,食堂,2014/08/29 18:41:58,9.8,469.9
19619,POS消费,地点188,超市,2014/08/29 21:20:56,48.1,421.8
19619,POS消费,地点232,食堂,2014/08/29 21:53:31,1.4,420.4
19619,POS消费,地点192,超市,2014/08/30 11:14:53,30.0,390.4
19619,POS消费,地点192,超市,2014/08/30 11:14:56,30.0,360.4
19619,POS消费,地点192,超市,2014/08/30 11:14:59,17.8,342.6
19619,POS消费,地点232,食堂,2014/08/30 12:31:21,7.6,335.0
19619,POS消费,地点232,食堂,2014/08/30 12:32:21,7.1,327.9
19619,POS消费,地点1847,食堂,2014/08/30 17:45:44,1.0,318.1
19619,POS消费,地点1596,食堂,2014/08/30 17:53:56,8.8,319.1
19619,POS消费,地点1565,开水,2014/08/30 20:27:00,0.02,318.08
19619,POS消费,地点1565,开水,2014/08/30 20:28:52,0.08,318.0
19619,POS消费,地点184,食堂,2014/08/31 08:42:04,4.6,313.4
19619,POS消费,地点161,食堂,2014/08/31 11:39:56,11.8,301.6
19619,POS消费,地点262,食堂,2014/08/31 11:40:58,1.5,300.1
19619,POS消费,地点314,食堂,2014/08/31 19:50:03,12.3,287.8
