19785,卡片开户,,,2014/07/19 15:07:49,0.0,0.0
19785,卡充值,,,2014/08/29 16:53:28,1000.0,1000.0
19785,POS消费,地点1561,开水,2014/08/29 17:49:04,0.01,999.99
19785,POS消费,地点21,开水,2014/08/29 18:27:37,4.6,995.39
19785,POS消费,地点89,食堂,2014/08/30 08:26:39,3.0,992.39
19785,POS消费,地点1561,开水,2014/08/30 08:49:10,0.09,992.3
19785,POS消费,地点21,开水,2014/08/30 13:11:15,8.6,983.7
19785,POS消费,地点69,食堂,2014/08/30 18:02:26,5.6,978.1
19785,POS消费,地点21,开水,2014/08/31 08:03:47,4.2,973.9
19785,POS消费,地点1305,开水,2014/08/31 10:55:07,0.08,973.82
19785,POS消费,地点72,食堂,2014/08/31 12:04:17,4.6,969.22
19785,POS消费,地点21,开水,2014/08/31 17:32:20,1.5,964.12
19785,POS消费,地点103,食堂,2014/08/31 17:44:42,3.6,965.62
