19784,卡片开户,,,2014/07/16 13:21:39,0.0,0.0
19784,卡充值,,,2014/08/28 16:51:45,300.0,300.0
19784,POS消费,地点1892,洗衣房,2014/08/28 17:17:57,3.6,296.4
19784,POS消费,地点1657,淋浴,2014/08/28 22:41:05,0.8,295.6
19784,POS消费,地点1588,食堂,2014/08/29 11:51:53,4.1,291.5
19784,POS消费,地点157,食堂,2014/08/29 11:52:58,5.0,286.5
19784,POS消费,地点188,超市,2014/08/29 20:11:58,5.3,281.2
19784,POS消费,地点12,文印中心,2014/08/29 20:48:11,0.1,281.0
19784,POS消费,地点12,文印中心,2014/08/29 20:57:52,0.1,281.1
19784,POS消费,地点12,文印中心,2014/08/29 21:17:01,0.6,280.4
19784,POS消费,地点192,超市,2014/08/30 11:16:44,8.6,271.8
19784,POS消费,地点213,食堂,2014/08/30 11:21:16,0.15,271.65
19784,POS消费,地点1642,淋浴,2014/08/30 11:35:14,0.2,271.45
19784,POS消费,地点1657,淋浴,2014/08/30 11:38:35,0.5,270.65
19784,POS消费,地点1642,淋浴,2014/08/30 11:40:10,0.2,271.25
19784,POS消费,地点1642,淋浴,2014/08/30 11:42:54,0.1,271.15
19784,POS消费,地点89,食堂,2014/08/30 12:20:43,4.5,266.15
19784,POS消费,地点21,开水,2014/08/30 12:31:25,26.1,240.05
19784,POS消费,地点82,食堂,2014/08/30 18:03:49,4.6,235.45
19784,POS消费,地点21,开水,2014/08/30 18:03:58,5.0,230.45
19784,POS消费,地点1642,淋浴,2014/08/30 21:46:05,0.1,230.35
19784,POS消费,地点1642,淋浴,2014/08/30 21:52:36,0.2,230.15
19784,POS消费,地点1642,淋浴,2014/08/30 21:55:10,0.1,230.05
19784,POS消费,地点1657,淋浴,2014/08/30 21:56:27,0.5,229.55
19784,POS消费,地点21,开水,2014/08/31 09:01:44,9.5,220.05
19784,,,,2014/08/31 09:21:51,1.0,219.05
19784,,,,2014/08/31 09:22:44,5.0,214.05
19784,POS消费,地点69,食堂,2014/08/31 11:46:00,8.6,205.45
19784,POS消费,地点230,食堂,2014/08/31 17:01:20,5.0,200.45
19784,POS消费,地点1659,淋浴,2014/08/31 22:59:23,0.6,199.85
