19816,卡片开户,,,2014/08/19 11:42:47,50.0,50.0
19816,POS消费,地点21,开水,2014/08/20 17:31:53,1.8,48.2
19816,POS消费,地点242,食堂,2014/08/20 17:44:59,1.5,46.7
19816,POS消费,地点21,开水,2014/08/22 08:08:06,2.0,44.6
19816,POS消费,地点21,开水,2014/08/22 12:11:49,1.2,36.3
19816,POS消费,地点1588,食堂,2014/08/22 12:21:06,1.6,43.0
19816,POS消费,地点236,食堂,2014/08/22 12:24:08,5.5,37.5
19816,POS消费,地点945,淋浴,2014/08/22 21:28:01,0.1,46.6
19816,POS消费,地点21,开水,2014/08/23 08:40:14,2.6,33.7
19816,POS消费,地点65,食堂,2014/08/23 08:40:50,0.8,32.9
19816,POS消费,地点242,食堂,2014/08/23 12:12:29,3.4,29.5
19816,POS消费,地点61,食堂,2014/08/23 12:15:42,3.0,26.5
19816,POS消费,地点161,食堂,2014/08/23 17:28:32,4.6,21.9
19816,POS消费,地点184,食堂,2014/08/23 17:41:27,3.0,18.9
19816,POS消费,地点251,食堂,2014/08/23 17:43:27,1.0,17.9
19816,POS消费,地点884,淋浴,2014/08/23 22:51:36,0.1,17.8
19816,POS消费,地点884,淋浴,2014/08/23 22:51:47,0.1,17.7
19816,POS消费,地点884,淋浴,2014/08/23 23:03:36,1.2,16.5
19816,POS消费,地点89,食堂,2014/08/24 08:50:28,3.0,13.5
19816,POS消费,地点65,食堂,2014/08/25 08:30:50,0.6,12.6
19816,POS消费,地点60,食堂,2014/08/25 08:37:43,0.3,13.2
19816,POS消费,地点21,开水,2014/08/25 11:51:27,4.6,8.0
19816,POS消费,地点61,食堂,2014/08/25 12:07:14,1.8,6.2
19816,POS消费,地点21,开水,2014/08/25 13:26:16,1.5,4.7
19816,卡充值,,,2014/08/25 13:30:17,30.0,34.7
19816,POS消费,地点161,食堂,2014/08/25 17:25:56,6.8,27.9
19816,POS消费,地点61,食堂,2014/08/25 17:39:40,3.0,24.9
19816,POS消费,地点21,开水,2014/08/25 19:15:07,8.4,16.5
19816,POS消费,地点60,食堂,2014/08/26 08:48:11,0.5,16.0
19816,POS消费,地点21,开水,2014/08/26 11:59:29,4.2,11.8
19816,POS消费,地点253,食堂,2014/08/26 12:01:16,7.25,4.55
19816,POS消费,地点816,校车,2014/08/26 18:38:01,1.0,3.55
19816,POS消费,地点60,食堂,2014/08/27 08:40:10,1.0,2.55
19816,POS消费,地点1879,淋浴,2014/08/28 07:56:36,0.1,2.45
19816,POS消费,地点1879,淋浴,2014/08/28 07:59:35,0.1,2.35
19816,POS消费,地点1879,淋浴,2014/08/28 07:59:59,0.1,2.25
19816,POS消费,地点1881,淋浴,2014/08/28 08:16:51,1.5,0.75
19816,卡充值,,,2014/08/28 10:50:49,35.0,35.75
19816,POS消费,地点59,食堂,2014/08/28 10:55:40,1.5,25.65
19816,POS消费,地点239,食堂,2014/08/28 11:05:59,4.6,27.15
19816,POS消费,地点1448,校车,2014/08/29 10:25:32,1.0,24.65
19816,POS消费,地点218,食堂,2014/08/30 10:48:15,1.0,23.65
19816,POS消费,地点59,食堂,2014/08/30 10:55:22,1.5,19.85
19816,POS消费,地点239,食堂,2014/08/30 11:04:28,2.3,21.35
19816,POS消费,地点1881,淋浴,2014/08/30 11:59:18,1.3,18.55
19816,POS消费,地点118,食堂,2014/08/30 20:09:03,3.0,15.55
19816,POS消费,地点60,食堂,2014/08/31 08:13:34,0.7,14.85
