19859,卡片开户,,,2014/07/19 13:03:17,0.0,0.0
19859,卡充值,,,2014/08/28 16:40:11,500.0,500.0
19859,POS消费,地点26,图书馆,2014/08/28 17:31:28,23.0,477.0
19859,POS消费,地点26,图书馆,2014/08/28 17:32:39,5.0,472.0
19859,POS消费,地点124,食堂,2014/08/29 12:11:49,10.5,461.5
19859,POS消费,地点21,开水,2014/08/29 17:47:57,1.0,440.2
19859,POS消费,地点182,食堂,2014/08/29 17:48:32,7.1,454.4
19859,POS消费,地点182,食堂,2014/08/29 17:49:08,3.6,450.8
19859,POS消费,地点182,食堂,2014/08/29 17:49:56,9.6,441.2
19859,POS消费,地点21,开水,2014/08/30 17:06:23,3.3,436.9
19859,POS消费,地点388,淋浴,2014/08/30 22:13:03,0.5,436.4
19859,POS消费,地点134,食堂,2014/08/31 07:49:11,1.8,434.6
19859,POS消费,地点91,校车,2014/08/31 11:51:07,3.4,431.2
19859,POS消费,地点411,淋浴,2014/08/31 22:11:06,0.1,431.1
19859,POS消费,地点1126,淋浴,2014/08/31 22:23:56,0.5,430.5
