19939,POS消费,地点26,图书馆,2014/06/30 11:00:12,0.0,0.0
19939,POS消费,地点26,图书馆,2014/06/30 11:00:12,0.1,0.0
19939,卡片开户,,,2014/07/22 11:12:11,0.0,0.0
19939,卡充值,,,2014/08/30 09:25:55,500.0,500.0
19939,POS消费,地点211,校车,2014/08/30 09:46:41,1.0,499.0
19939,POS消费,地点6,淋浴,2014/08/30 11:01:40,4.0,495.0
19939,POS消费,地点1447,校车,2014/08/30 11:34:06,1.0,494.0
19939,POS消费,地点1447,校车,2014/08/30 11:34:14,1.0,493.0
19939,POS消费,地点21,开水,2014/08/30 12:30:42,17.2,475.8
19939,POS消费,地点59,食堂,2014/08/30 12:35:26,4.9,470.9
19939,POS消费,地点269,食堂,2014/08/30 18:13:28,7.6,462.9
19939,POS消费,地点314,食堂,2014/08/30 21:02:32,30.0,432.88
19939,POS消费,地点314,食堂,2014/08/30 21:02:35,6.1,426.78
19939,POS消费,地点630,淋浴,2014/08/31 00:22:43,0.4,470.5
19939,POS消费,地点6,淋浴,2014/08/31 07:11:02,2.35,424.43
19939,POS消费,地点91,校车,2014/08/31 12:25:43,6.9,417.53
19939,POS消费,地点314,食堂,2014/08/31 17:42:15,13.1,404.43
