19972,POS消费,地点248,超市,2014/09/01 12:11:38,4.6,164.06
19972,POS消费,地点6,淋浴,2014/09/01 12:13:03,7.0,157.06
19972,POS消费,地点190,超市,2014/09/01 12:32:17,3.7,153.36
19972,POS消费,地点69,食堂,2014/09/02 08:15:29,3.4,149.96
19972,POS消费,地点60,食堂,2014/09/02 08:26:57,0.5,149.46
19972,POS消费,地点60,食堂,2014/09/02 08:27:02,-0.5,149.96
19972,POS消费,地点60,食堂,2014/09/02 08:27:05,0.2,149.76
19972,POS消费,地点21,开水,2014/09/03 17:35:05,3.3,146.46
19972,POS消费,地点192,超市,2014/09/10 19:32:10,18.02,128.44
19972,POS消费,地点65,食堂,2014/09/12 06:55:26,0.4,126.64
19972,POS消费,地点65,食堂,2014/09/12 06:56:34,0.8,125.84
19972,POS消费,地点61,食堂,2014/09/12 07:08:01,1.8,126.64
19972,POS消费,地点61,食堂,2014/09/12 07:08:09,-1.8,128.44
19972,POS消费,地点61,食堂,2014/09/12 07:08:13,1.4,127.04
19972,POS消费,地点69,食堂,2014/09/14 07:28:21,1.2,124.64
19972,POS消费,地点87,食堂,2014/09/14 07:29:35,2.2,122.04
19972,POS消费,地点60,食堂,2014/09/14 07:40:43,0.4,124.24
19972,POS消费,地点21,开水,2014/09/15 11:10:17,1.0,116.54
19972,POS消费,地点251,食堂,2014/09/15 11:22:10,4.5,117.54
19972,POS消费,地点21,开水,2014/09/15 19:36:48,2.2,114.34
19972,POS消费,地点21,开水,2014/09/16 19:38:17,2.3,112.04
19972,POS消费,地点69,食堂,2014/09/18 07:01:33,0.7,111.34
19972,POS消费,地点87,食堂,2014/09/18 07:02:59,2.2,108.54
19972,POS消费,地点60,食堂,2014/09/18 07:14:45,0.6,110.74
19972,POS消费,地点192,超市,2014/09/18 08:35:41,17.0,91.54
19972,POS消费,地点192,超市,2014/09/18 12:00:15,4.5,87.04
19972,POS消费,地点114,食堂,2014/09/19 06:38:39,2.5,84.54
19972,POS消费,地点89,食堂,2014/09/20 07:35:28,3.0,81.54
19972,POS消费,地点89,食堂,2014/09/20 07:41:34,2.0,79.54
19972,POS消费,地点146,校车,2014/09/20 19:05:28,1.0,78.54
19972,POS消费,地点1451,校车,2014/09/20 19:52:32,1.0,77.54
19972,POS消费,地点192,超市,2014/09/20 19:54:18,10.0,67.54
19972,POS消费,地点89,食堂,2014/09/21 07:24:56,4.5,63.04
19972,POS消费,地点89,食堂,2014/09/21 07:26:20,2.5,60.54
19972,POS消费,地点59,食堂,2014/09/21 17:11:28,1.5,49.64
19972,POS消费,地点253,食堂,2014/09/21 17:21:24,3.0,57.54
19972,POS消费,地点253,食堂,2014/09/21 17:21:47,6.4,51.14
19972,POS消费,地点192,超市,2014/09/21 17:31:01,3.4,36.24
19972,,,,2014/09/21 17:33:49,10.0,39.64
19972,POS消费,地点21,开水,2014/09/22 11:37:28,5.5,30.74
19972,POS消费,地点118,食堂,2014/09/23 07:19:01,2.5,28.24
19972,POS消费,地点69,食堂,2014/09/24 08:59:01,3.43,24.81
19972,POS消费,地点69,食堂,2014/09/24 08:59:08,1.0,23.81
19972,POS消费,地点69,食堂,2014/09/24 08:59:34,2.95,20.86
19972,POS消费,地点65,食堂,2014/09/24 09:00:59,1.2,19.66
19972,POS消费,地点69,食堂,2014/09/25 07:37:57,2.23,12.43
19972,POS消费,地点89,食堂,2014/09/25 07:40:23,3.0,16.66
19972,POS消费,地点89,食堂,2014/09/25 07:42:22,2.0,14.66
19972,POS消费,地点21,开水,2014/09/27 11:02:50,5.5,6.93
19972,POS消费,地点21,开水,2014/09/27 11:19:06,1.1,5.83
19972,POS消费,地点1448,校车,2014/09/27 18:57:14,1.0,4.83
19972,POS消费,地点1155,食堂,2014/09/29 08:10:49,3.0,1.83
19972,卡充值,,,2014/09/29 11:01:02,50.0,51.83
19972,POS消费,地点60,食堂,2014/09/29 17:52:38,9.8,42.03
19972,POS消费,地点1596,食堂,2014/10/01 11:40:16,5.1,36.93
19972,POS消费,地点264,食堂,2014/10/01 17:58:52,5.8,31.13
19972,POS消费,地点1847,食堂,2014/10/01 18:10:41,2.9,26.73
19972,POS消费,地点1701,食堂,2014/10/01 18:31:35,1.5,29.63
19972,POS消费,地点264,食堂,2014/10/02 11:35:25,5.8,20.93
19972,,,,2014/10/03 09:49:13,10.0,10.93
19972,POS消费,地点1451,校车,2014/10/03 11:27:12,1.0,9.93
19972,POS消费,地点188,超市,2014/10/04 11:16:27,2.3,1.52
19972,POS消费,地点249,食堂,2014/10/04 11:27:58,6.11,3.82
19972,POS消费,地点188,超市,2014/10/11 12:59:50,15.5,86.02
19972,圈存转账,,,2014/10/11 13:00:12,100.0,101.52
19972,POS消费,地点192,超市,2014/10/13 18:00:05,5.6,80.42
19972,POS消费,地点26,图书馆,2014/10/14 13:55:33,10.4,70.02
19972,POS消费,地点26,图书馆,2014/10/17 21:32:59,13.4,56.62
19972,POS消费,地点1155,食堂,2014/10/20 14:52:10,7.0,49.62
19972,POS消费,地点91,校车,2014/10/23 08:03:59,7.0,42.62
19972,POS消费,地点26,图书馆,2014/10/25 16:13:04,10.0,32.62
19972,POS消费,地点1472,校车,2014/10/25 16:30:44,1.0,31.62
19972,POS消费,地点1472,校车,2014/10/25 16:30:54,1.0,30.62
19972,POS消费,地点1472,校车,2014/10/25 17:13:47,1.0,29.62
19972,POS消费,地点1472,校车,2014/10/25 17:13:57,1.0,28.62
19972,POS消费,地点192,超市,2014/10/25 19:51:39,27.2,1.42
19972,POS消费,地点192,超市,2014/10/25 19:51:43,0.3,1.12
19972,圈存转账,,,2014/11/04 16:33:30,100.0,101.12
19972,POS消费,地点188,超市,2014/11/04 16:36:33,22.6,78.52
19972,POS消费,地点192,超市,2014/11/06 21:37:25,13.0,65.52
19972,POS消费,地点91,校车,2014/11/11 17:24:00,11.0,54.52
19972,POS消费,地点91,校车,2014/11/11 17:28:13,1.5,53.02
19972,POS消费,地点192,超市,2014/11/11 17:36:45,5.0,48.02
19972,POS消费,地点1155,食堂,2014/11/12 18:46:39,11.0,37.02
19972,POS消费,地点816,校车,2014/11/12 18:52:02,1.0,36.02
19972,POS消费,地点26,图书馆,2014/11/14 17:30:05,11.8,24.22
19972,POS消费,地点188,超市,2014/11/16 17:29:11,20.4,3.82
19972,POS消费,地点26,图书馆,2014/11/26 22:15:17,3.5,0.32
19972,圈存转账,,,2014/11/30 16:43:40,100.0,100.32
19972,POS消费,地点306,食堂,2014/12/01 14:29:30,6.5,93.82
19972,POS消费,地点192,超市,2014/12/01 18:14:38,10.5,83.32
19972,POS消费,地点192,超市,2014/12/02 18:19:11,12.2,71.12
19972,POS消费,地点21,开水,2014/12/02 19:30:46,6.9,64.22
19972,POS消费,地点1155,食堂,2014/12/03 17:51:52,3.0,61.22
19972,POS消费,地点26,图书馆,2014/12/03 18:06:10,4.5,56.72
19972,POS消费,地点305,食堂,2014/12/05 11:58:22,6.6,50.12
19972,POS消费,地点103,食堂,2014/12/05 12:03:10,4.6,45.52
19972,POS消费,地点91,校车,2014/12/05 17:12:53,5.3,40.22
19972,POS消费,地点21,开水,2014/12/05 17:14:00,1.2,39.02
19972,POS消费,地点21,开水,2014/12/05 17:25:33,1.3,37.72
19972,POS消费,地点72,食堂,2014/12/06 12:42:00,5.1,32.62
19972,POS消费,地点996,图书馆,2014/12/06 12:58:30,1.9,30.72
19972,POS消费,地点212,图书馆,2014/12/06 17:30:29,2.4,28.32
19972,POS消费,地点21,开水,2014/12/06 17:53:31,1.2,21.52
19972,POS消费,地点179,食堂,2014/12/06 17:55:04,5.6,22.72
19972,POS消费,地点213,食堂,2014/12/07 13:00:48,1.35,20.17
19972,POS消费,地点232,食堂,2014/12/07 18:23:54,5.5,14.67
19972,POS消费,地点192,超市,2014/12/10 18:41:10,4.5,10.17
19972,POS消费,地点188,超市,2014/12/11 18:20:13,8.4,1.77
19972,圈存转账,,,2014/12/12 16:25:54,100.0,1.77
19972,卡充值,,,2014/12/16 10:04:56,100.0,101.77
19972,POS消费,地点118,食堂,2014/12/16 10:09:36,3.0,98.77
19972,POS消费,地点192,超市,2014/12/17 19:19:47,10.5,88.27
19972,POS消费,地点192,超市,2014/12/17 19:22:05,5.0,83.27
19972,POS消费,地点192,超市,2014/12/17 19:22:15,6.2,77.07
19972,POS消费,地点1155,食堂,2014/12/19 15:20:35,6.7,70.37
19972,POS消费,地点192,超市,2014/12/19 22:13:06,26.5,43.87
19972,POS消费,地点91,校车,2014/12/20 18:27:32,11.0,32.87
19972,POS消费,地点26,图书馆,2014/12/20 18:52:19,8.0,24.87
19972,POS消费,地点188,超市,2014/12/21 21:47:55,14.3,10.57
19972,POS消费,地点1447,校车,2014/12/22 18:25:57,1.0,9.57
19972,POS消费,地点26,图书馆,2014/12/23 18:51:13,4.5,5.07
19972,圈存转账,,,2014/12/24 17:38:36,200.0,5.07
19972,POS消费,地点118,食堂,2014/12/25 13:39:04,3.0,202.07
19972,圈存转账,,,2014/12/25 13:47:58,200.0,205.07
19972,POS消费,地点91,校车,2014/12/25 18:36:19,11.0,191.07
19972,POS消费,地点26,图书馆,2014/12/25 21:44:17,13.5,177.57
19972,POS消费,地点21,开水,2014/12/26 14:33:39,13.5,164.07
19972,POS消费,地点232,食堂,2014/12/26 18:15:13,10.0,154.07
19972,POS消费,地点146,校车,2014/12/27 14:47:32,1.0,153.07
19972,POS消费,地点146,校车,2014/12/27 14:48:04,1.0,152.07
19972,POS消费,地点21,开水,2014/12/27 20:59:02,26.4,125.67
19972,,,,2014/12/27 21:15:57,20.0,0.0
19972,POS消费,地点91,校车,2014/12/28 17:25:04,11.0,114.67
19972,POS消费,地点91,校车,2014/12/28 17:34:51,1.5,113.17
19972,POS消费,地点21,开水,2014/12/28 17:53:56,3.0,110.17
19972,,,,2014/12/28 18:16:04,20.0,90.17
19972,POS消费,地点21,开水,2014/12/28 20:01:20,7.6,82.57
19972,POS消费,地点232,食堂,2014/12/29 18:42:16,10.0,72.57
19972,POS消费,地点21,开水,2014/12/29 18:55:10,9.5,63.07
19972,POS消费,地点1155,食堂,2014/12/30 14:55:59,3.0,60.07
19972,POS消费,地点118,食堂,2015/01/01 07:29:47,2.5,57.57
19972,POS消费,地点192,超市,2015/01/01 17:19:58,9.5,48.07
19972,POS消费,地点89,食堂,2015/01/04 08:09:48,4.5,43.57
19972,POS消费,地点89,食堂,2015/01/04 08:16:08,2.5,41.07
19972,POS消费,地点87,食堂,2015/01/04 08:19:11,2.0,39.07
19972,POS消费,地点188,超市,2015/01/04 10:56:53,10.3,28.77
19972,POS消费,地点21,开水,2015/01/08 08:25:17,3.2,25.57
19972,POS消费,地点188,超市,2015/01/09 22:11:37,10.0,15.57
19972,POS消费,地点91,校车,2015/01/10 18:05:43,11.0,4.57
19972,POS消费,地点26,图书馆,2015/01/10 18:26:34,4.1,0.47
19972,POS消费,地点192,超市,2015/01/13 15:38:56,4.1,16.37
19972,圈存转账,,,2015/01/13 15:54:51,20.0,20.47
19972,POS消费,地点118,食堂,2015/01/14 11:24:36,2.5,13.87
19972,POS消费,地点192,超市,2015/01/14 11:30:32,7.5,6.37
19972,POS消费,地点21,开水,2015/01/15 17:45:18,4.5,1.87
19972,POS消费,地点21,开水,2015/03/04 18:35:24,30.0,171.87
19972,POS消费,地点21,开水,2015/03/04 18:35:27,19.9,151.97
19972,圈存转账,,,2015/03/04 18:43:32,200.0,201.87
19972,POS消费,地点21,开水,2015/03/05 18:20:45,7.5,144.47
19972,POS消费,地点70,食堂,2015/03/06 20:46:34,13.0,131.47
19972,POS消费,地点280,食堂,2015/03/06 20:47:36,6.0,125.47
19972,POS消费,地点256,食堂,2015/03/06 20:49:17,5.2,120.27
19972,POS消费,地点256,食堂,2015/03/06 21:00:24,1.2,119.07
19972,POS消费,地点21,开水,2015/03/06 21:10:05,21.2,97.87
19972,POS消费,地点1472,校车,2015/03/09 12:08:36,1.0,96.87
19972,,,,2015/03/09 13:07:12,60.0,36.87
19972,POS消费,地点1996,校车,2015/03/10 14:02:45,1.0,35.87
19972,POS消费,地点1996,校车,2015/03/10 14:02:51,1.0,34.87
19972,POS消费,地点222,校车,2015/03/11 18:00:01,1.0,33.87
19972,POS消费,地点6,淋浴,2015/03/12 08:15:54,3.0,30.87
19972,POS消费,地点21,开水,2015/03/12 08:21:18,7.1,23.77
19972,POS消费,地点21,开水,2015/03/12 08:22:02,1.7,22.07
19972,POS消费,地点26,图书馆,2015/03/12 22:17:43,14.5,7.57
19972,POS消费,地点72,食堂,2015/03/14 12:05:35,5.1,202.47
19972,POS消费,地点72,食堂,2015/03/14 12:05:54,5.1,197.37
19972,圈存转账,,,2015/03/14 12:37:19,200.0,207.57
19972,POS消费,地点21,开水,2015/03/14 13:07:18,3.0,194.37
19972,POS消费,地点1542,校车,2015/03/14 15:55:14,4.0,190.37
19972,POS消费,地点21,开水,2015/03/14 17:05:56,4.5,185.87
19972,POS消费,地点21,开水,2015/03/14 17:06:24,2.0,183.87
19972,POS消费,地点21,开水,2015/03/14 17:13:20,2.0,181.87
19972,POS消费,地点2119,食堂,2015/03/14 18:10:11,1.2,180.67
19972,POS消费,地点2119,食堂,2015/03/14 18:13:10,0.03,180.64
19972,POS消费,地点262,食堂,2015/03/15 11:32:06,8.5,172.14
19972,POS消费,地点262,食堂,2015/03/15 11:32:25,3.3,168.84
19972,POS消费,地点239,食堂,2015/03/15 11:34:41,3.5,165.34
19972,POS消费,地点21,开水,2015/03/16 08:00:36,1.0,164.34
19972,POS消费,地点91,校车,2015/03/16 08:03:07,3.1,161.24
19972,POS消费,地点262,食堂,2015/03/17 11:51:11,3.3,157.94
19972,POS消费,地点232,食堂,2015/03/19 08:28:12,3.0,154.94
19972,POS消费,地点146,校车,2015/03/19 17:58:33,1.0,153.94
19972,POS消费,地点21,开水,2015/03/20 09:17:25,3.4,150.54
19972,POS消费,地点89,食堂,2015/03/21 08:44:08,3.0,144.54
19972,POS消费,地点87,食堂,2015/03/21 08:46:09,3.0,147.54
19972,POS消费,地点61,食堂,2015/03/21 09:03:53,1.93,142.61
19972,POS消费,地点21,开水,2015/03/21 19:28:57,8.0,134.61
19972,POS消费,地点87,食堂,2015/03/22 08:13:51,5.5,129.11
19972,POS消费,地点87,食堂,2015/03/22 08:13:55,1.0,128.11
19972,POS消费,地点21,开水,2015/03/22 14:19:54,9.0,119.11
19972,POS消费,地点61,食堂,2015/03/24 07:43:15,1.8,117.31
19972,POS消费,地点87,食堂,2015/03/24 07:45:56,3.0,113.41
19972,POS消费,地点60,食堂,2015/03/24 08:09:01,0.9,116.41
19972,POS消费,地点21,开水,2015/03/25 09:07:07,9.3,104.11
19972,POS消费,地点21,开水,2015/03/26 08:37:47,5.85,98.26
19972,POS消费,地点21,开水,2015/03/26 08:37:53,1.0,97.26
19972,POS消费,地点21,开水,2015/03/26 08:38:24,0.2,97.06
19972,POS消费,地点21,开水,2015/03/27 08:26:53,12.35,84.71
19972,POS消费,地点21,开水,2015/03/27 08:27:06,2.0,82.71
19972,POS消费,地点192,超市,2015/03/27 22:22:08,18.5,64.21
19972,POS消费,地点1997,食堂,2015/03/28 13:14:47,5.1,59.11
19972,POS消费,地点1997,食堂,2015/03/28 13:15:05,5.1,54.01
19972,POS消费,地点1700,食堂,2015/03/29 08:16:44,3.5,50.51
19972,POS消费,地点87,食堂,2015/03/29 08:18:16,3.0,47.51
19972,POS消费,地点69,食堂,2015/03/29 08:26:00,3.03,44.48
19972,POS消费,地点26,图书馆,2015/03/29 19:58:55,5.0,39.48
19972,POS消费,地点192,超市,2015/03/30 10:02:18,11.1,28.38
19972,POS消费,地点72,食堂,2015/04/01 11:37:56,5.8,22.58
19972,POS消费,地点72,食堂,2015/04/04 18:00:34,5.1,17.48
19972,POS消费,地点72,食堂,2015/04/05 11:30:41,5.1,12.38
19972,POS消费,地点21,开水,2015/04/06 13:34:41,2.3,10.08
19972,POS消费,地点192,超市,2015/04/06 21:02:05,6.5,3.58
19972,卡充值,,,2015/05/07 18:00:00,100.0,103.58
19972,POS消费,地点262,食堂,2015/05/07 18:14:20,6.5,97.08
19972,POS消费,地点259,食堂,2015/05/08 11:48:16,5.1,91.98
19972,POS消费,地点21,开水,2015/05/09 13:42:17,10.5,81.48
19972,POS消费,地点157,食堂,2015/05/10 11:52:23,6.1,75.38
19972,POS消费,地点188,超市,2015/05/10 18:15:31,8.3,67.08
19972,POS消费,地点262,食堂,2015/05/11 11:51:39,3.7,63.38
19972,POS消费,地点192,超市,2015/05/12 20:25:23,2.8,60.58
19972,POS消费,地点1214,校车,2015/05/19 16:24:08,2.0,58.58
19972,POS消费,地点21,开水,2015/05/20 11:37:35,6.1,52.48
19972,POS消费,地点234,食堂,2015/05/20 16:50:21,8.6,43.88
19972,POS消费,地点264,食堂,2015/05/20 17:08:44,6.1,37.78
19972,POS消费,地点118,食堂,2015/05/21 21:27:01,3.0,34.78
19972,POS消费,地点188,超市,2015/05/21 21:31:42,4.0,30.78
19972,POS消费,地点262,食堂,2015/05/22 11:38:37,6.6,24.18
19972,POS消费,地点21,开水,2015/05/23 22:38:11,21.5,2.68
19972,卡充值,,,2015/05/27 18:02:45,100.0,102.68
19972,POS消费,地点134,食堂,2015/05/27 18:09:46,4.6,78.08
19972,POS消费,地点21,开水,2015/05/27 18:24:15,30.0,48.08
19972,POS消费,地点21,开水,2015/05/27 18:24:18,0.5,47.58
19972,,,,2015/05/27 18:54:29,20.0,0.0
19972,,,,2015/05/27 18:54:31,20.0,0.0
19972,,,,2015/05/27 18:54:32,20.0,0.0
19972,,,,2015/05/27 18:54:32,20.0,82.68
19972,POS消费,地点2172,文印中心,2015/05/28 09:19:39,6.0,41.58
19972,POS消费,地点192,超市,2015/05/31 13:55:26,10.0,31.58
19972,POS消费,地点192,超市,2015/05/31 13:57:19,24.2,7.38
19972,POS消费,地点157,食堂,2015/05/31 17:59:39,6.1,1.28
19972,POS消费,地点211,校车,2015/06/17 20:28:47,1.0,0.28
19972,卡充值,,,2015/06/28 14:20:39,50.0,50.28
19972,POS消费,地点211,校车,2015/06/29 20:01:30,1.0,49.28
19972,POS消费,地点227,食堂,2015/06/29 20:31:33,8.0,41.28
19972,POS消费,地点230,食堂,2015/06/29 20:35:34,1.2,40.08
19972,POS消费,地点188,超市,2015/06/29 20:53:56,2.2,37.88
19972,POS消费,地点1447,校车,2015/06/30 20:02:34,1.0,36.88
19972,POS消费,地点188,超市,2015/06/30 20:37:59,14.0,22.88
19972,POS消费,地点192,超市,2015/07/01 22:26:51,10.0,12.88
