20098,卡片开户,,,2014/07/19 09:47:45,0.0,0.0
20098,卡充值,,,2014/08/28 13:06:45,500.0,500.0
20098,POS消费,地点70,食堂,2014/08/28 13:10:51,12.0,488.0
20098,POS消费,地点72,食堂,2014/08/28 13:14:36,5.0,483.0
20098,POS消费,地点72,食堂,2014/08/28 13:15:53,4.6,478.4
20098,POS消费,地点1537,洗衣房,2014/08/28 14:35:49,3.6,474.8
20098,POS消费,地点1537,洗衣房,2014/08/28 14:36:18,3.6,471.2
20098,POS消费,地点1536,洗衣房,2014/08/28 14:37:06,3.6,467.6
20098,POS消费,地点1536,洗衣房,2014/08/28 15:56:56,3.6,464.0
20098,POS消费,地点1536,洗衣房,2014/08/28 15:56:56,-2.22,466.22
20098,POS消费,地点204,食堂,2014/08/29 18:52:48,16.5,449.72
20098,POS消费,地点1538,淋浴,2014/08/29 21:43:50,0.1,449.62
20098,POS消费,地点65,食堂,2014/08/30 07:42:56,0.6,449.02
20098,POS消费,地点65,食堂,2014/08/30 07:43:17,1.6,447.42
20098,POS消费,地点69,食堂,2014/08/30 07:48:45,8.2,437.32
20098,POS消费,地点60,食堂,2014/08/30 07:52:56,1.9,445.52
20098,POS消费,地点87,食堂,2014/08/30 08:00:00,2.0,435.32
20098,POS消费,地点1448,校车,2014/08/30 09:15:27,1.0,434.32
20098,POS消费,地点1961,超市,2014/08/30 11:04:24,65.9,368.42
20098,POS消费,地点21,开水,2014/08/30 12:08:32,4.3,364.12
20098,POS消费,地点1596,食堂,2014/08/30 18:46:09,5.4,358.72
20098,POS消费,地点1538,淋浴,2014/08/30 19:52:12,0.2,358.52
20098,POS消费,地点1538,淋浴,2014/08/30 19:54:30,0.1,358.42
20098,POS消费,地点567,开水,2014/08/30 20:38:11,0.01,358.41
20098,POS消费,地点1409,食堂,2014/08/31 08:09:01,3.0,355.41
20098,POS消费,地点157,食堂,2014/08/31 08:12:34,0.5,354.91
20098,POS消费,地点203,食堂,2014/08/31 11:24:34,7.5,347.41
20098,POS消费,地点1155,食堂,2014/08/31 16:29:55,2.9,344.51
20098,POS消费,地点232,食堂,2014/08/31 18:22:57,10.9,333.61
20098,POS消费,地点118,食堂,2014/08/31 21:01:51,6.0,327.61
20098,POS消费,地点91,校车,2014/08/31 21:19:04,0.1,327.51
