20143,卡片开户,,,2014/07/19 16:04:00,0.0,0.0
20143,卡充值,,,2014/08/28 15:19:12,1000.0,1000.0
20143,POS消费,地点1853,开水,2014/08/28 21:27:06,0.01,999.99
20143,POS消费,地点1853,开水,2014/08/28 21:29:59,0.01,999.98
20143,POS消费,地点89,食堂,2014/08/30 08:29:13,3.0,996.97
20143,POS消费,地点89,食堂,2014/08/30 08:37:02,2.0,994.97
20143,POS消费,地点89,食堂,2014/08/30 18:20:08,4.5,990.44
20143,POS消费,地点87,食堂,2014/08/31 08:00:12,3.0,987.44
20143,POS消费,地点91,校车,2014/08/31 11:12:06,3.6,983.84
20143,POS消费,地点91,校车,2014/08/31 11:18:17,3.6,980.24
20143,POS消费,地点91,校车,2014/08/31 11:18:36,3.2,977.04
20143,POS消费,地点157,食堂,2014/08/31 17:39:51,5.6,971.44
