2016,卡片开户,,,2014/07/17 09:39:48,0.0,0.0
2016,卡充值,,,2014/08/29 11:44:28,200.0,200.0
2016,POS消费,地点21,开水,2014/08/29 12:03:11,100.0,100.0
2016,POS消费,地点21,开水,2014/08/29 12:03:16,18.0,82.0
2016,POS消费,地点21,开水,2014/08/29 12:05:05,15.0,67.0
2016,POS消费,地点21,开水,2014/08/29 12:35:51,1.8,65.2
2016,POS消费,地点21,开水,2014/08/29 12:36:19,1.8,63.4
2016,POS消费,地点242,食堂,2014/08/29 12:49:54,3.0,60.4
2016,POS消费,地点21,开水,2014/08/29 12:53:14,10.0,50.4
2016,POS消费,地点27,教务处,2014/08/30 09:24:25,10.0,40.4
2016,POS消费,地点27,教务处,2014/08/30 09:50:36,20.0,20.4
2016,POS消费,地点168,食堂,2014/08/30 12:05:51,5.5,14.9
2016,POS消费,地点840,食堂,2014/08/30 16:58:28,3.0,11.9
2016,POS消费,地点840,食堂,2014/08/31 17:09:14,3.0,8.9
2016,POS消费,地点139,开水,2014/08/31 20:55:02,0.12,8.78
