20202,卡片开户,,,2014/07/17 16:00:05,0.0,0.0
20202,卡充值,,,2014/08/27 12:30:15,300.0,300.0
20202,POS消费,地点21,开水,2014/08/27 12:40:37,7.4,281.8
20202,POS消费,地点21,开水,2014/08/27 12:41:02,6.8,275.0
20202,POS消费,地点61,食堂,2014/08/27 12:53:27,10.8,289.2
20202,POS消费,地点21,开水,2014/08/27 13:00:29,6.0,269.0
20202,POS消费,地点21,开水,2014/08/27 13:22:31,30.0,239.0
20202,POS消费,地点21,开水,2014/08/27 13:22:34,30.0,209.0
20202,POS消费,地点21,开水,2014/08/27 13:22:46,30.0,179.0
20202,POS消费,地点21,开水,2014/08/27 13:23:03,30.0,149.0
20202,POS消费,地点21,开水,2014/08/27 13:23:11,30.0,119.0
20202,POS消费,地点21,开水,2014/08/27 13:23:19,30.0,89.0
20202,POS消费,地点21,开水,2014/08/27 13:23:27,5.4,83.6
20202,POS消费,地点192,超市,2014/08/27 13:46:14,9.7,73.9
20202,POS消费,地点21,开水,2014/08/28 13:43:00,3.0,70.9
20202,POS消费,地点192,超市,2014/08/28 13:49:42,3.0,67.9
20202,POS消费,地点1870,开水,2014/08/29 00:14:40,0.01,67.69
20202,POS消费,地点1155,食堂,2014/08/29 08:11:18,5.7,61.99
20202,POS消费,地点1472,校车,2014/08/30 16:34:16,1.0,60.99
20202,POS消费,地点1155,食堂,2014/08/31 08:32:20,9.7,51.29
20202,POS消费,地点314,食堂,2014/08/31 12:08:24,23.0,28.29
20202,POS消费,地点12,文印中心,2014/08/31 18:24:37,0.2,28.09
20202,POS消费,地点12,文印中心,2014/08/31 18:26:55,0.2,27.89
