20221,卡片开户,,,2014/07/18 11:05:01,0.0,0.0
20221,卡充值,,,2014/08/29 17:28:35,300.0,300.0
20221,POS消费,地点218,食堂,2014/08/29 17:29:23,3.0,297.0
20221,POS消费,地点157,食堂,2014/08/30 11:58:13,8.6,288.4
20221,POS消费,地点157,食堂,2014/08/30 11:58:32,10.4,278.0
20221,POS消费,地点157,食堂,2014/08/30 11:58:53,9.4,268.6
20221,POS消费,地点1567,开水,2014/08/30 15:49:40,0.04,268.56
20221,POS消费,地点228,食堂,2014/08/30 17:12:31,8.0,260.56
20221,POS消费,地点231,食堂,2014/08/30 17:26:34,0.4,260.16
20221,POS消费,地点1926,淋浴,2014/08/30 22:06:02,0.8,259.36
20221,POS消费,地点1926,淋浴,2014/08/31 06:56:31,0.2,259.16
20221,POS消费,地点1926,淋浴,2014/08/31 06:58:35,0.2,258.96
20221,POS消费,地点1926,淋浴,2014/08/31 07:01:07,0.1,258.86
20221,POS消费,地点1567,开水,2014/08/31 07:08:53,0.1,258.76
20221,POS消费,地点21,开水,2014/08/31 08:42:22,3.0,255.76
20221,POS消费,地点146,校车,2014/08/31 11:35:39,1.0,254.76
20221,POS消费,地点218,食堂,2014/08/31 12:34:14,3.5,251.26
20221,POS消费,地点89,食堂,2014/08/31 18:05:03,3.0,248.26
20221,POS消费,地点21,开水,2014/08/31 18:49:07,3.0,245.26
20221,POS消费,地点1907,淋浴,2014/08/31 19:07:00,0.3,244.96
20221,POS消费,地点1567,开水,2014/08/31 20:01:53,0.07,244.89
