20288,卡片开户,,,2014/08/19 11:45:05,50.0,50.0
20288,卡充值,,,2014/08/20 11:48:21,200.0,250.0
20288,POS消费,地点60,食堂,2014/08/20 12:09:48,1.0,249.0
20288,POS消费,地点60,食堂,2014/08/21 07:31:16,0.8,233.7
20288,POS消费,地点60,食堂,2014/08/21 07:31:21,0.8,232.9
20288,POS消费,地点61,食堂,2014/08/21 07:36:17,5.7,243.3
20288,POS消费,地点61,食堂,2014/08/21 07:36:42,5.8,237.5
20288,POS消费,地点61,食堂,2014/08/21 07:36:45,3.0,234.5
20288,POS消费,地点89,食堂,2014/08/21 12:18:44,4.5,228.4
20288,POS消费,地点60,食堂,2014/08/21 12:35:48,1.0,227.4
20288,POS消费,地点1700,食堂,2014/08/21 12:37:04,1.5,225.9
20288,POS消费,地点21,开水,2014/08/21 21:01:14,29.0,196.9
20288,POS消费,地点21,开水,2014/08/22 11:33:03,0.6,196.3
20288,POS消费,地点1847,食堂,2014/08/22 11:42:03,4.4,183.5
20288,POS消费,地点92,食堂,2014/08/22 11:49:13,3.5,192.8
20288,POS消费,地点92,食堂,2014/08/22 11:49:22,4.9,187.9
20288,POS消费,地点21,开水,2014/08/22 20:51:44,9.4,174.1
20288,POS消费,地点87,食堂,2014/08/23 07:46:53,2.0,172.1
20288,POS消费,地点87,食堂,2014/08/23 07:51:05,1.0,168.1
20288,POS消费,地点89,食堂,2014/08/23 08:02:58,3.0,169.1
20288,POS消费,地点192,超市,2014/08/23 11:38:46,6.8,161.3
20288,POS消费,地点87,食堂,2014/08/24 07:52:48,2.0,159.3
20288,POS消费,地点65,食堂,2014/08/24 07:53:47,0.8,158.5
20288,POS消费,地点21,开水,2014/08/24 11:58:32,6.6,151.9
20288,POS消费,地点192,超市,2014/08/24 12:00:17,5.5,146.4
20288,POS消费,地点21,开水,2014/08/24 18:44:13,9.0,137.4
20288,POS消费,地点21,开水,2014/08/25 08:57:27,7.5,129.9
20288,POS消费,地点21,开水,2014/08/26 18:39:47,30.0,99.9
20288,POS消费,地点21,开水,2014/08/26 18:39:52,7.5,92.4
20288,POS消费,地点188,超市,2014/08/26 19:02:05,30.0,62.4
20288,POS消费,地点188,超市,2014/08/26 19:02:09,30.0,32.4
20288,POS消费,地点188,超市,2014/08/26 19:02:27,27.6,4.8
20288,POS消费,地点219,超市,2014/08/27 18:02:35,3.5,1.3
20288,卡充值,,,2014/08/28 11:38:24,100.0,101.3
20288,POS消费,地点26,图书馆,2014/08/28 11:56:56,3.6,97.7
20288,POS消费,地点188,超市,2014/08/29 10:27:03,14.3,83.4
20288,POS消费,地点1155,食堂,2014/08/29 12:40:43,1.5,81.9
20288,POS消费,地点1518,洗衣房,2014/08/30 20:32:58,3.6,78.3
20288,POS消费,地点1037,洗衣房,2014/08/30 20:33:11,3.6,74.7
20288,POS消费,地点21,开水,2014/08/30 21:28:13,8.5,66.2
20288,POS消费,地点168,食堂,2014/08/31 12:25:47,6.5,59.7
20288,POS消费,地点219,超市,2014/08/31 17:42:28,5.0,54.7
20288,POS消费,地点219,超市,2014/08/31 17:42:41,5.0,49.7
20288,POS消费,地点219,超市,2014/08/31 18:24:02,1.0,48.7
