20307,卡片开户,,,2014/07/13 10:53:13,0.0,0.0
20307,卡充值,,,2014/08/29 13:23:23,500.0,500.0
20307,POS消费,地点65,食堂,2014/08/29 13:29:25,8.6,491.4
20307,POS消费,地点114,食堂,2014/08/29 13:41:26,3.0,488.4
20307,POS消费,地点243,食堂,2014/08/29 16:34:53,3.0,485.4
20307,POS消费,地点1021,淋浴,2014/08/29 23:17:41,0.4,485.0
20307,POS消费,地点1518,洗衣房,2014/08/29 23:24:12,3.6,481.4
20307,POS消费,地点1518,洗衣房,2014/08/29 23:24:12,-3.54,484.94
20307,POS消费,地点1518,洗衣房,2014/08/29 23:25:28,3.6,481.34
20307,POS消费,地点1518,洗衣房,2014/08/29 23:25:28,-1.74,483.08
20307,POS消费,地点264,食堂,2014/08/30 11:39:33,15.6,467.48
20307,POS消费,地点1847,食堂,2014/08/30 11:57:14,2.0,465.48
20307,POS消费,地点1186,淋浴,2014/08/30 12:28:06,0.01,465.47
20307,POS消费,地点975,开水,2014/08/30 12:31:25,0.01,465.46
20307,POS消费,地点213,食堂,2014/08/30 16:01:11,0.15,465.31
20307,POS消费,地点188,超市,2014/08/30 17:05:07,17.0,448.31
20307,POS消费,地点89,食堂,2014/08/30 18:37:30,4.5,443.81
20307,POS消费,地点21,开水,2014/08/31 12:07:23,1.2,438.01
20307,POS消费,地点179,食堂,2014/08/31 12:07:53,4.6,439.21
20307,POS消费,地点21,开水,2014/08/31 12:19:10,2.5,435.51
20307,POS消费,地点61,食堂,2014/08/31 18:36:31,8.6,426.91
