20311,卡片开户,,,2014/07/18 12:03:21,0.0,0.0
20311,卡充值,,,2014/08/29 12:45:36,500.0,500.0
20311,POS消费,地点228,食堂,2014/08/29 13:01:52,14.0,486.0
20311,POS消费,地点70,食堂,2014/08/29 13:12:04,5.5,479.3
20311,POS消费,地点231,食堂,2014/08/29 13:16:38,0.6,485.4
20311,POS消费,地点231,食堂,2014/08/29 13:16:48,6.0,479.4
20311,POS消费,地点231,食堂,2014/08/29 13:16:53,-6.0,485.4
20311,POS消费,地点231,食堂,2014/08/29 13:16:58,0.6,484.8
20311,POS消费,地点27,教务处,2014/08/29 15:29:51,15.0,464.3
20311,POS消费,地点21,开水,2014/08/29 16:04:48,30.0,434.3
20311,POS消费,地点21,开水,2014/08/29 16:04:51,0.5,433.8
20311,POS消费,地点21,开水,2014/08/29 16:05:13,100.0,333.8
20311,POS消费,地点21,开水,2014/08/29 16:05:23,100.0,233.8
20311,POS消费,地点222,校车,2014/08/29 17:57:32,1.0,232.8
20311,POS消费,地点1700,食堂,2014/08/29 18:17:29,4.6,228.2
20311,POS消费,地点1700,食堂,2014/08/29 18:18:03,8.4,219.8
20311,POS消费,地点1853,开水,2014/08/29 21:26:56,0.08,219.72
20311,POS消费,地点1914,淋浴,2014/08/29 21:50:57,1.0,218.72
20311,POS消费,地点188,超市,2014/08/30 10:52:24,28.0,190.72
20311,POS消费,地点264,食堂,2014/08/30 12:00:03,10.6,180.12
20311,POS消费,地点188,超市,2014/08/30 12:40:30,15.0,165.12
20311,POS消费,地点103,食堂,2014/08/30 18:28:49,5.3,159.82
20311,POS消费,地点1853,开水,2014/08/30 22:07:52,0.12,159.7
20311,POS消费,地点1409,食堂,2014/08/31 08:01:34,3.2,156.5
20311,POS消费,地点134,食堂,2014/08/31 08:03:36,0.8,155.7
20311,POS消费,地点279,食堂,2014/08/31 11:51:17,8.6,147.1
20311,POS消费,地点228,食堂,2014/08/31 17:51:06,8.0,139.1
20311,POS消费,地点231,食堂,2014/08/31 18:05:13,0.6,138.5
