20451,卡片开户,,,2014/07/21 10:38:22,0.0,0.0
20451,卡充值,,,2014/08/29 18:08:31,300.0,300.0
20451,POS消费,地点89,食堂,2014/08/30 08:21:17,3.0,297.0
20451,POS消费,地点192,超市,2014/08/30 09:33:46,30.0,267.0
20451,POS消费,地点192,超市,2014/08/30 09:33:49,24.8,242.2
20451,POS消费,地点61,食堂,2014/08/30 12:25:25,6.8,235.4
20451,POS消费,地点161,食堂,2014/08/30 17:58:03,5.6,229.8
20451,POS消费,地点161,食堂,2014/08/30 17:58:30,5.2,224.6
20451,POS消费,地点1572,淋浴,2014/08/31 21:16:16,0.5,224.1
