2046,卡片开户,,,2014/07/13 10:57:26,0.0,0.0
2046,卡充值,,,2014/08/29 11:36:41,300.0,300.0
2046,POS消费,地点272,食堂,2014/08/29 11:38:55,8.0,292.0
2046,POS消费,地点250,食堂,2014/08/29 11:39:28,12.0,280.0
2046,POS消费,地点272,食堂,2014/08/29 11:39:38,13.0,267.0
2046,POS消费,地点213,食堂,2014/08/29 14:30:10,1.0,266.0
2046,POS消费,地点1564,开水,2014/08/30 16:41:00,0.02,247.18
2046,POS消费,地点248,超市,2014/08/30 17:45:39,6.6,240.58
2046,POS消费,地点232,食堂,2014/08/30 23:48:29,0.1,240.48
2046,POS消费,地点232,食堂,2014/08/30 23:50:28,0.2,240.28
2046,POS消费,地点114,食堂,2014/08/31 09:23:24,2.5,237.78
2046,POS消费,地点168,食堂,2014/08/31 09:27:53,5.55,232.23
2046,POS消费,地点192,超市,2014/08/31 10:08:03,5.9,226.33
2046,POS消费,地点1565,开水,2014/08/31 11:13:33,0.02,226.31
2046,POS消费,地点203,食堂,2014/08/31 12:51:46,5.5,220.81
2046,POS消费,地点21,开水,2014/08/31 18:25:52,3.3,217.51
2046,POS消费,地点1564,开水,2014/08/31 19:33:37,0.02,217.49
2046,POS消费,地点1541,淋浴,2014/08/31 22:45:34,0.3,217.19
