20623,卡片开户,,,2014/07/19 09:12:38,0.0,0.0
20623,卡充值,,,2014/08/29 14:04:36,100.0,100.0
20623,POS消费,地点213,食堂,2014/08/29 14:07:10,1.0,99.0
20623,POS消费,地点1645,淋浴,2014/08/29 22:12:51,0.6,98.0
20623,POS消费,地点83,食堂,2014/08/30 10:36:39,7.8,90.2
20623,POS消费,地点83,食堂,2014/08/30 10:37:07,7.0,83.2
20623,POS消费,地点168,食堂,2014/08/30 13:03:15,13.0,70.2
20623,POS消费,地点192,超市,2014/08/30 21:57:41,23.2,47.0
20623,POS消费,地点21,开水,2014/08/31 09:13:51,3.4,43.6
20623,POS消费,地点21,开水,2014/08/31 09:13:59,0.8,42.8
20623,POS消费,地点65,食堂,2014/08/31 09:23:57,0.2,42.6
20623,POS消费,地点232,食堂,2014/08/31 12:11:19,22.0,20.6
20623,POS消费,地点91,校车,2014/08/31 17:56:57,10.9,9.7
20623,POS消费,地点21,开水,2014/08/31 21:25:17,2.0,7.7
