20744,卡片开户,,,2014/07/16 14:59:31,0.0,0.0
20744,卡充值,,,2014/08/28 12:19:02,500.0,500.0
20744,POS消费,地点161,食堂,2014/08/28 12:29:34,18.4,479.6
20744,POS消费,地点251,食堂,2014/08/28 12:36:23,2.0,498.0
20744,POS消费,地点568,开水,2014/08/28 17:21:15,0.01,479.59
20744,POS消费,地点1448,校车,2014/08/28 18:43:30,1.0,478.59
20744,POS消费,地点1448,校车,2014/08/28 18:44:01,1.0,477.59
20744,POS消费,地点1447,校车,2014/08/29 07:40:35,1.0,476.59
20744,POS消费,地点1447,校车,2014/08/29 10:40:02,1.0,475.59
20744,POS消费,地点1269,校车,2014/08/29 13:10:45,2.0,473.59
20744,POS消费,地点1269,校车,2014/08/29 13:10:51,2.0,471.59
20744,POS消费,地点568,开水,2014/08/30 08:49:45,0.01,471.58
20744,POS消费,地点146,校车,2014/08/30 10:34:36,1.0,470.58
20744,POS消费,地点146,校车,2014/08/30 10:34:43,1.0,469.58
20744,POS消费,地点21,开水,2014/08/30 13:01:58,8.66,460.92
20744,POS消费,地点26,图书馆,2014/08/30 15:50:28,28.0,432.92
20744,POS消费,地点192,超市,2014/08/30 16:07:57,1.5,431.42
20744,POS消费,地点72,食堂,2014/08/30 17:37:11,6.6,424.82
20744,POS消费,地点72,食堂,2014/08/30 17:40:32,6.6,418.22
20744,POS消费,地点87,食堂,2014/08/31 08:22:49,3.0,415.22
20744,POS消费,地点21,开水,2014/08/31 08:27:56,3.6,411.62
20744,POS消费,地点195,超市,2014/08/31 10:50:47,13.1,398.52
20744,POS消费,地点190,超市,2014/08/31 16:42:19,15.2,383.32
20744,POS消费,地点568,开水,2014/08/31 18:10:32,0.01,383.31
20744,POS消费,地点72,食堂,2014/08/31 18:20:40,4.6,378.71
20744,POS消费,地点190,超市,2014/08/31 21:08:13,7.2,371.51
