20781,卡片开户,,,2014/07/19 11:53:23,0.0,0.0
20781,卡充值,,,2014/08/29 11:20:30,100.0,100.0
20781,POS消费,地点218,食堂,2014/08/29 12:04:51,11.6,88.4
20781,POS消费,地点60,食堂,2014/08/30 08:38:53,0.5,87.9
20781,POS消费,地点69,食堂,2014/08/30 11:50:22,6.6,81.3
20781,POS消费,地点21,开水,2014/08/30 17:12:52,2.4,78.9
20781,POS消费,地点65,食堂,2014/08/31 08:25:26,0.6,78.3
20781,POS消费,地点59,食堂,2014/08/31 11:31:05,3.6,74.7
20781,POS消费,地点157,食堂,2014/08/31 18:23:16,5.6,69.1
