20894,卡充值,,,2013/09/06 10:55:51,100.0,103.43
20894,POS消费,地点27,教务处,2013/09/06 11:04:10,30.0,73.43
20894,POS消费,地点27,教务处,2013/09/06 11:04:13,30.0,43.43
20894,POS消费,地点27,教务处,2013/09/06 11:04:25,27.62,15.81
20894,POS消费,地点21,开水,2013/09/06 17:08:01,4.7,11.11
20894,POS消费,地点217,食堂,2013/09/10 17:59:55,4.7,6.41
20894,POS消费,地点526,食堂,2013/09/12 11:56:37,1.8,4.61
20894,卡充值,,,2013/09/16 16:56:36,50.0,54.61
20894,POS消费,地点226,食堂,2013/09/16 16:59:54,3.3,51.31
20894,POS消费,地点252,食堂,2013/09/16 17:00:19,3.0,48.31
20894,POS消费,地点217,食堂,2013/09/17 12:04:35,4.7,43.61
20894,POS消费,地点226,食堂,2013/09/17 17:37:17,3.1,40.51
20894,POS消费,地点21,开水,2013/09/17 17:40:53,3.8,36.71
20894,POS消费,地点21,开水,2013/09/22 18:02:37,1.8,34.91
20894,POS消费,地点226,食堂,2013/10/10 17:17:04,3.1,31.81
20894,POS消费,地点226,食堂,2013/10/11 11:27:37,3.1,28.71
20894,POS消费,地点252,食堂,2013/10/11 11:29:12,3.5,25.21
20894,POS消费,地点21,开水,2013/10/11 11:44:04,3.8,21.41
20894,POS消费,地点154,食堂,2013/10/11 17:52:47,9.1,12.31
20894,POS消费,地点226,食堂,2013/10/12 11:20:34,2.8,9.51
20894,POS消费,地点21,开水,2013/10/12 11:23:42,4.7,4.81
20894,POS消费,地点21,开水,2013/10/17 11:55:46,1.8,3.01
20894,卡充值,,,2013/11/01 11:02:28,100.0,103.01
20894,POS消费,地点21,开水,2013/11/01 11:05:55,5.1,97.91
20894,POS消费,地点21,开水,2013/11/01 11:08:12,1.5,96.41
20894,POS消费,地点217,食堂,2013/11/01 11:27:00,2.9,93.51
20894,POS消费,地点21,开水,2013/11/01 18:02:16,1.8,88.31
20894,POS消费,地点21,开水,2013/11/01 18:03:09,3.4,90.11
20894,POS消费,地点226,食堂,2013/11/05 18:07:37,3.4,84.91
20894,POS消费,地点6,淋浴,2013/11/05 18:09:54,1.3,83.61
20894,POS消费,地点217,食堂,2013/11/05 18:29:20,3.5,80.11
20894,POS消费,地点21,开水,2013/11/06 18:02:50,1.6,75.11
20894,POS消费,地点245,食堂,2013/11/06 18:06:49,3.4,76.71
20894,POS消费,地点21,开水,2013/11/07 11:59:12,3.1,72.01
20894,POS消费,地点21,开水,2013/11/07 12:00:35,5.8,66.21
20894,POS消费,地点252,食堂,2013/11/08 18:05:19,4.4,61.81
20894,POS消费,地点226,食堂,2013/11/08 18:06:17,3.0,58.81
20894,POS消费,地点21,开水,2013/11/12 12:07:02,1.6,54.11
20894,POS消费,地点245,食堂,2013/11/12 12:08:33,3.1,55.71
20894,POS消费,地点217,食堂,2013/11/12 12:24:04,3.8,50.31
20894,POS消费,地点226,食堂,2013/11/12 17:10:13,3.4,46.91
20894,POS消费,地点252,食堂,2013/11/12 17:14:03,4.4,42.51
20894,POS消费,地点226,食堂,2013/11/14 11:54:15,3.1,39.41
20894,POS消费,地点21,开水,2013/11/14 11:56:02,1.8,37.61
20894,POS消费,地点57,食堂,2013/11/21 11:55:04,4.1,33.51
20894,POS消费,地点217,食堂,2013/11/21 11:57:46,1.8,30.21
20894,POS消费,地点21,开水,2013/11/21 11:59:04,1.5,32.01
20894,POS消费,地点217,食堂,2013/11/21 12:15:32,2.9,27.31
20894,POS消费,地点217,食堂,2013/11/22 11:29:24,1.8,25.51
20894,POS消费,地点27,教务处,2013/11/26 11:13:12,10.5,15.01
20894,POS消费,地点21,开水,2013/11/26 17:58:57,3.1,11.91
20894,POS消费,地点226,食堂,2013/11/28 11:55:47,3.0,8.91
20894,POS消费,地点306,食堂,2013/11/28 11:56:46,2.0,6.91
20894,POS消费,地点21,开水,2013/11/29 10:14:48,3.0,3.91
20894,卡充值,,,2013/12/02 16:57:45,50.0,53.91
20894,POS消费,地点527,食堂,2013/12/03 12:11:07,4.4,49.51
20894,POS消费,地点306,食堂,2013/12/04 18:01:43,2.0,44.11
20894,POS消费,地点21,开水,2013/12/04 18:03:53,3.4,46.11
20894,POS消费,地点252,食堂,2013/12/05 11:11:11,3.5,37.21
20894,POS消费,地点21,开水,2013/12/05 11:12:06,3.4,40.71
20894,POS消费,地点226,食堂,2013/12/11 17:08:58,3.4,33.81
20894,POS消费,地点252,食堂,2013/12/11 17:10:49,3.0,30.81
20894,POS消费,地点252,食堂,2013/12/11 17:11:02,2.5,28.31
20894,POS消费,地点226,食堂,2013/12/13 11:02:32,3.9,24.41
20894,POS消费,地点252,食堂,2013/12/13 11:03:41,4.4,20.01
20894,POS消费,地点226,食堂,2013/12/17 17:31:06,3.4,16.61
20894,POS消费,地点12,文印中心,2013/12/24 17:23:23,2.8,13.81
20894,POS消费,地点21,开水,2013/12/24 17:24:30,1.8,12.01
20894,卡充值,,,2013/12/26 17:02:42,100.0,112.01
20894,POS消费,地点226,食堂,2013/12/26 17:07:38,1.5,101.71
20894,POS消费,地点21,开水,2013/12/26 17:07:49,5.1,106.91
20894,POS消费,地点21,开水,2013/12/26 17:08:09,3.7,103.21
20894,POS消费,地点306,食堂,2013/12/26 17:09:48,0.8,100.91
20894,POS消费,地点21,开水,2014/01/08 17:01:22,4.5,96.41
20894,POS消费,地点21,开水,2014/01/08 17:03:06,1.0,95.41
20894,POS消费,地点306,食堂,2014/01/08 17:03:43,2.0,93.41
20894,POS消费,地点217,食堂,2014/01/08 17:13:45,3.5,89.91
20894,POS消费,地点21,开水,2014/01/09 17:02:25,9.0,80.91
20894,POS消费,地点105,食堂,2014/01/09 17:04:18,1.0,79.91
20894,POS消费,地点306,食堂,2014/01/09 17:04:36,2.8,77.11
20894,POS消费,地点21,开水,2014/01/11 16:54:59,9.0,68.11
20894,POS消费,地点1471,食堂,2014/01/11 16:55:15,1.0,67.11
20894,POS消费,地点265,食堂,2014/01/11 16:58:04,1.5,65.61
20894,POS消费,地点21,开水,2014/01/12 17:33:34,4.5,61.11
20894,POS消费,地点21,开水,2014/01/12 17:44:06,4.7,56.41
20894,POS消费,地点214,超市,2014/01/14 17:19:01,12.5,43.91
20894,POS消费,地点21,开水,2014/01/15 16:17:23,4.7,39.21
20894,POS消费,地点214,超市,2014/01/15 16:17:27,11.0,3.31
20894,POS消费,地点190,超市,2014/01/15 16:24:01,24.9,14.31
20894,卡充值,,,2014/03/05 15:58:45,50.0,53.31
20894,POS消费,地点105,食堂,2014/03/05 16:49:02,4.8,48.51
20894,POS消费,地点217,食堂,2014/03/05 16:49:58,1.8,46.71
20894,POS消费,地点214,超市,2014/03/08 19:53:59,16.5,30.21
20894,POS消费,地点190,超市,2014/03/08 20:07:08,14.9,15.31
20894,POS消费,地点214,超市,2014/03/11 19:12:21,10.0,5.31
20894,POS消费,地点214,超市,2014/03/11 19:12:53,4.0,1.31
20894,卡充值,,,2014/03/12 17:15:05,50.0,51.31
20894,POS消费,地点105,食堂,2014/03/12 17:16:54,4.6,46.71
20894,POS消费,地点217,食堂,2014/03/12 17:31:32,2.9,43.81
20894,POS消费,地点105,食堂,2014/03/16 16:56:37,5.1,38.71
20894,POS消费,地点226,食堂,2014/03/16 16:57:15,1.5,37.21
20894,POS消费,地点21,开水,2014/03/17 11:09:38,6.0,31.21
20894,POS消费,地点217,食堂,2014/03/17 11:28:03,2.9,28.31
20894,POS消费,地点1471,食堂,2014/03/18 12:07:30,6.4,21.91
20894,POS消费,地点226,食堂,2014/03/18 12:08:34,1.8,20.11
20894,POS消费,地点21,开水,2014/03/18 12:15:22,2.9,17.21
20894,POS消费,地点1471,食堂,2014/03/26 08:20:57,3.2,14.01
20894,POS消费,地点1471,食堂,2014/03/26 08:21:36,2.9,11.11
20894,POS消费,地点21,开水,2014/03/27 10:56:16,4.4,6.71
20894,POS消费,地点21,开水,2014/03/27 16:58:48,4.4,2.31
20894,卡充值,,,2014/03/31 16:03:25,50.0,52.31
20894,POS消费,地点21,开水,2014/04/03 17:16:42,4.5,47.81
20894,POS消费,地点21,开水,2014/04/03 17:16:47,1.0,46.81
20894,POS消费,地点217,食堂,2014/04/03 17:25:53,1.8,45.01
20894,POS消费,地点214,超市,2014/04/04 17:31:24,15.7,12.61
20894,POS消费,地点190,超市,2014/04/04 17:39:56,16.7,28.31
20894,POS消费,地点217,食堂,2014/04/06 17:03:30,2.9,9.71
20894,POS消费,地点21,开水,2014/04/07 17:50:01,4.6,5.11
20894,卡充值,,,2014/04/08 16:59:26,50.0,55.11
20894,POS消费,地点105,食堂,2014/04/08 17:02:18,4.9,50.21
20894,POS消费,地点21,开水,2014/04/08 17:12:16,6.4,43.81
20894,POS消费,地点21,开水,2014/04/09 18:16:51,4.4,39.41
20894,POS消费,地点252,食堂,2014/04/09 18:18:02,5.6,33.81
20894,POS消费,地点246,食堂,2014/04/10 11:50:58,3.83,29.98
20894,POS消费,地点265,食堂,2014/04/10 17:25:51,1.7,28.28
20894,POS消费,地点1510,食堂,2014/04/10 17:26:10,1.2,27.08
20894,POS消费,地点21,开水,2014/04/10 17:33:05,5.9,21.18
20894,POS消费,地点105,食堂,2014/04/11 16:55:20,4.4,16.78
20894,POS消费,地点21,开水,2014/04/11 16:58:30,4.0,12.78
20894,POS消费,地点21,开水,2014/04/11 17:05:44,3.0,9.78
20894,POS消费,地点21,开水,2014/04/12 17:44:21,6.4,3.38
20894,卡充值,,,2014/04/14 16:04:38,100.0,103.38
20894,POS消费,地点217,食堂,2014/04/14 16:06:23,4.7,98.68
20894,POS消费,地点1510,食堂,2014/04/15 18:02:17,3.73,94.95
20894,POS消费,地点217,食堂,2014/04/16 16:03:57,2.9,92.05
20894,POS消费,地点21,开水,2014/04/16 17:11:43,3.0,89.05
20894,POS消费,地点1368,食堂,2014/04/16 17:12:06,1.0,88.05
20894,POS消费,地点21,开水,2014/04/16 17:19:03,4.8,83.25
20894,POS消费,地点105,食堂,2014/04/17 11:05:52,4.9,78.35
20894,POS消费,地点252,食堂,2014/04/17 11:08:43,2.8,75.55
20894,POS消费,地点217,食堂,2014/04/17 11:18:36,2.9,72.65
20894,POS消费,地点265,食堂,2014/04/17 17:40:32,1.7,70.95
20894,POS消费,地点265,食堂,2014/04/17 17:40:42,1.7,69.25
20894,POS消费,地点252,食堂,2014/04/17 17:41:21,4.9,64.35
20894,POS消费,地点252,食堂,2014/04/17 17:41:30,5.6,58.75
20894,POS消费,地点1471,食堂,2014/04/19 17:39:22,3.5,47.25
20894,POS消费,地点21,开水,2014/04/19 17:42:16,4.3,54.45
20894,POS消费,地点21,开水,2014/04/19 17:42:39,3.7,50.75
20894,POS消费,地点105,食堂,2014/04/20 17:44:26,4.9,42.35
20894,POS消费,地点21,开水,2014/04/21 10:06:49,3.5,38.85
20894,POS消费,地点252,食堂,2014/04/21 11:18:59,3.6,30.85
20894,POS消费,地点1466,食堂,2014/04/21 11:19:21,4.4,34.45
20894,POS消费,地点21,开水,2014/04/21 11:32:51,2.9,27.95
20894,POS消费,地点214,超市,2014/04/21 17:56:21,11.5,16.45
20894,POS消费,地点527,食堂,2014/04/22 17:28:21,5.1,11.35
20894,POS消费,地点21,开水,2014/04/23 12:13:25,5.6,5.75
20894,POS消费,地点21,开水,2014/04/23 12:13:50,3.5,2.25
20894,卡充值,,,2014/04/30 11:04:37,30.0,32.25
20894,POS消费,地点21,开水,2014/04/30 11:05:23,4.9,27.35
20894,POS消费,地点252,食堂,2014/04/30 11:07:05,3.9,23.45
20894,POS消费,地点527,食堂,2014/04/30 17:30:22,5.4,18.05
20894,POS消费,地点21,开水,2014/05/06 11:55:02,5.6,12.45
20894,POS消费,地点1510,食堂,2014/05/06 17:30:18,2.63,9.82
20894,POS消费,地点21,开水,2014/05/08 11:07:45,4.4,5.42
20894,POS消费,地点21,开水,2014/05/08 17:32:43,4.4,1.02
20894,卡充值,,,2014/05/15 11:09:46,30.0,31.02
20894,POS消费,地点265,食堂,2014/05/15 11:13:47,3.2,27.82
20894,POS消费,地点527,食堂,2014/05/15 17:39:03,4.9,22.92
20894,POS消费,地点241,食堂,2014/05/15 17:42:03,2.5,20.42
20894,POS消费,地点214,超市,2014/05/16 17:45:01,5.6,1.22
20894,POS消费,地点190,超市,2014/05/16 17:54:47,13.6,6.82
20894,卡充值,,,2014/05/19 11:12:58,50.0,51.22
20894,POS消费,地点21,开水,2014/05/19 11:14:16,1.8,49.42
20894,POS消费,地点21,开水,2014/05/19 17:28:42,4.6,44.82
20894,POS消费,地点21,开水,2014/05/20 12:09:47,4.9,39.92
20894,POS消费,地点217,食堂,2014/05/20 12:16:03,3.0,36.92
20894,POS消费,地点265,食堂,2014/05/20 17:37:23,1.7,35.22
20894,POS消费,地点21,开水,2014/05/20 17:37:36,5.2,30.02
20894,POS消费,地点240,食堂,2014/05/25 17:28:27,4.4,25.62
20894,POS消费,地点21,开水,2014/05/25 17:29:20,8.3,17.32
20894,POS消费,地点265,食堂,2014/05/26 11:13:49,1.7,15.62
20894,POS消费,地点252,食堂,2014/05/26 11:16:00,3.9,11.72
20894,POS消费,地点240,食堂,2014/05/26 17:25:12,4.4,7.32
20894,POS消费,地点21,开水,2014/05/26 17:25:21,5.2,2.12
20894,卡充值,,,2014/05/28 11:00:29,30.0,32.12
20894,POS消费,地点21,开水,2014/05/28 11:02:39,4.9,27.22
20894,POS消费,地点265,食堂,2014/05/28 17:06:38,3.2,24.02
20894,,,,2014/05/31 19:03:57,5.0,19.02
20894,卡充值,,,2014/06/01 17:02:52,50.0,69.02
20894,POS消费,地点21,开水,2014/06/01 17:05:08,4.9,64.12
20894,POS消费,地点21,开水,2014/06/01 17:06:18,5.2,58.92
20894,POS消费,地点214,超市,2014/06/04 17:23:32,20.9,38.02
20894,POS消费,地点21,开水,2014/06/05 11:41:53,4.5,33.52
20894,POS消费,地点217,食堂,2014/06/05 11:51:46,4.3,29.22
20894,POS消费,地点21,开水,2014/06/05 17:32:29,4.4,24.82
20894,POS消费,地点996,图书馆,2014/06/12 14:51:21,2.7,22.12
20894,POS消费,地点57,食堂,2014/06/16 08:15:12,5.3,16.82
20894,POS消费,地点21,开水,2014/06/16 11:19:34,4.4,12.42
20894,POS消费,地点240,食堂,2014/06/18 17:18:54,4.4,8.02
20894,POS消费,地点21,开水,2014/06/18 17:20:02,4.1,3.92
20894,卡充值,,,2014/06/20 10:48:24,50.0,53.92
20894,POS消费,地点21,开水,2014/06/20 10:52:52,5.0,44.52
20894,POS消费,地点240,食堂,2014/06/20 10:53:39,4.4,49.52
20894,POS消费,地点21,开水,2014/06/23 11:17:06,4.4,40.12
20894,POS消费,地点154,食堂,2014/06/23 11:18:31,4.0,36.12
20894,POS消费,地点214,超市,2014/06/26 16:59:38,12.5,23.62
20894,POS消费,地点214,超市,2014/06/26 16:59:48,3.4,20.22
20894,POS消费,地点21,开水,2014/06/27 11:20:07,4.4,15.82
20894,POS消费,地点252,食堂,2014/06/27 11:21:48,4.4,11.42
20894,POS消费,地点21,开水,2014/06/28 17:05:58,4.4,7.02
20894,POS消费,地点21,开水,2014/06/28 17:11:34,1.5,5.52
20894,POS消费,地点226,食堂,2014/07/01 16:56:23,1.2,4.32
20894,卡充值,,,2014/07/04 11:04:44,50.0,54.32
20894,POS消费,地点262,食堂,2014/07/04 11:06:34,5.0,49.32
20894,POS消费,地点21,开水,2014/07/04 11:15:31,2.9,46.42
20894,POS消费,地点21,开水,2014/07/04 17:28:27,4.4,42.02
20894,POS消费,地点21,开水,2014/07/04 17:31:33,4.6,37.42
20894,POS消费,地点214,超市,2014/07/07 19:36:40,20.9,16.52
20894,POS消费,地点1466,食堂,2014/07/08 08:46:51,2.0,14.52
20894,POS消费,地点1466,食堂,2014/07/08 08:46:54,0.2,14.32
20894,POS消费,地点21,开水,2014/07/08 11:10:56,4.4,9.92
20894,POS消费,地点240,食堂,2014/07/08 17:10:47,4.4,5.52
20894,POS消费,地点21,开水,2014/07/10 16:53:10,4.4,1.12
