21264,卡片开户,,,2014/07/16 10:49:16,0.0,0.0
21264,卡充值,,,2014/08/29 12:15:30,200.0,200.0
21264,POS消费,地点232,食堂,2014/08/29 12:19:23,30.0,170.0
21264,POS消费,地点232,食堂,2014/08/29 12:19:38,1.0,169.0
21264,POS消费,地点21,开水,2014/08/29 12:32:11,5.0,164.0
21264,POS消费,地点292,超市,2014/08/29 16:32:58,8.0,156.0
21264,POS消费,地点60,食堂,2014/08/30 08:34:54,1.6,154.4
21264,POS消费,地点1961,超市,2014/08/30 10:49:19,28.0,126.4
21264,POS消费,地点21,开水,2014/08/30 11:35:07,4.6,121.8
21264,POS消费,地点232,食堂,2014/08/30 11:36:12,4.0,117.8
21264,POS消费,地点91,校车,2014/08/30 11:39:57,4.5,113.3
21264,POS消费,地点190,超市,2014/08/30 12:08:54,3.5,109.8
21264,POS消费,地点182,食堂,2014/08/30 17:44:24,7.6,102.2
21264,POS消费,地点190,超市,2014/08/30 20:37:12,6.0,95.8
21264,POS消费,地点1588,食堂,2014/08/31 07:27:24,3.0,92.8
21264,POS消费,地点168,食堂,2014/08/31 12:23:13,5.5,87.3
21264,POS消费,地点91,校车,2014/08/31 17:21:28,5.4,81.9
21264,POS消费,地点91,校车,2014/08/31 17:22:45,1.5,80.4
21264,POS消费,地点190,超市,2014/08/31 21:24:56,5.0,75.4
