21344,卡片开户,,,2014/07/18 10:58:16,0.0,0.0
21344,卡充值,,,2014/08/29 10:33:49,500.0,500.0
21344,POS消费,地点91,校车,2014/08/29 12:04:55,16.95,483.05
21344,POS消费,地点91,校车,2014/08/29 12:11:13,10.0,457.65
21344,POS消费,地点21,开水,2014/08/29 12:15:22,15.4,467.65
21344,POS消费,地点114,食堂,2014/08/29 15:23:51,5.0,452.65
21344,POS消费,地点1472,校车,2014/08/29 17:03:03,1.0,451.65
21344,POS消费,地点1472,校车,2014/08/29 17:03:11,1.0,450.65
21344,POS消费,地点65,食堂,2014/08/29 17:54:20,7.8,442.85
21344,POS消费,地点1890,开水,2014/08/29 20:47:08,0.15,442.7
21344,POS消费,地点1890,开水,2014/08/29 20:50:19,0.35,442.35
21344,POS消费,地点65,食堂,2014/08/30 08:08:25,0.3,442.05
21344,POS消费,地点239,食堂,2014/08/30 11:23:28,9.9,432.15
21344,POS消费,地点114,食堂,2014/08/30 11:24:21,5.0,427.15
21344,POS消费,地点1447,校车,2014/08/30 18:18:35,1.0,426.15
21344,POS消费,地点1919,淋浴,2014/08/30 20:03:37,0.6,425.55
21344,POS消费,地点103,食堂,2014/08/31 08:05:58,0.35,425.2
21344,POS消费,地点1890,开水,2014/08/31 10:53:28,0.15,425.05
21344,POS消费,地点1588,食堂,2014/08/31 11:33:12,4.1,420.95
21344,POS消费,地点1242,淋浴,2014/08/31 22:01:13,0.3,420.65
