21407,卡片开户,,,2014/07/18 11:34:47,0.0,0.0
21407,卡充值,,,2014/08/29 11:19:40,200.0,200.0
21407,POS消费,地点83,食堂,2014/08/29 13:45:00,10.0,190.0
21407,POS消费,地点72,食堂,2014/08/29 18:03:33,9.2,180.77
21407,POS消费,地点21,开水,2014/08/29 18:45:58,4.8,175.97
21407,POS消费,地点118,食堂,2014/08/29 19:00:41,7.0,168.97
21407,POS消费,地点361,淋浴,2014/08/29 21:09:35,0.6,168.37
21407,POS消费,地点494,淋浴,2014/08/29 21:42:21,0.4,167.97
21407,POS消费,地点494,淋浴,2014/08/29 21:50:01,0.6,167.37
21407,POS消费,地点316,开水,2014/08/30 09:31:35,0.01,167.36
21407,POS消费,地点319,淋浴,2014/08/30 23:01:08,1.0,166.35
21407,POS消费,地点316,开水,2014/08/31 10:24:46,0.01,166.3
21407,POS消费,地点168,食堂,2014/08/31 12:56:26,5.5,160.8
