21464,卡片开户,,,2014/07/19 09:57:27,0.0,0.0
21464,卡充值,,,2014/08/28 16:43:55,300.0,300.0
21464,POS消费,地点192,超市,2014/08/28 18:14:22,30.0,270.0
21464,POS消费,地点192,超市,2014/08/28 18:14:26,30.0,240.0
21464,POS消费,地点192,超市,2014/08/28 18:14:30,22.0,218.0
21464,POS消费,地点168,食堂,2014/08/28 19:02:59,11.0,207.0
21464,POS消费,地点211,校车,2014/08/28 20:20:30,1.0,206.0
21464,POS消费,地点211,校车,2014/08/28 20:20:36,1.0,205.0
21464,POS消费,地点756,淋浴,2014/08/28 21:01:53,0.1,204.9
21464,POS消费,地点756,淋浴,2014/08/28 21:02:01,0.1,204.8
21464,POS消费,地点141,开水,2014/08/28 21:04:42,0.01,204.79
21464,POS消费,地点19,开水,2014/08/28 21:07:37,0.1,204.69
21464,POS消费,地点72,食堂,2014/08/29 09:11:52,9.8,194.89
21464,POS消费,地点237,食堂,2014/08/29 11:55:15,2.6,192.29
21464,POS消费,地点237,食堂,2014/08/29 11:55:49,3.8,188.49
21464,更新卡信息,,,2014/08/29 15:40:13,0.0,0.0
21464,POS消费,地点314,食堂,2014/08/29 15:48:39,28.0,160.49
21464,POS消费,地点180,开水,2014/08/29 17:49:26,0.03,160.46
21464,POS消费,地点166,淋浴,2014/08/29 17:55:37,0.3,160.16
21464,POS消费,地点35,淋浴,2014/08/29 17:59:41,0.9,159.26
21464,POS消费,地点72,食堂,2014/08/29 18:43:29,8.6,150.66
21464,POS消费,地点72,食堂,2014/08/29 18:43:51,8.6,142.06
21464,POS消费,地点72,食堂,2014/08/30 08:00:57,3.6,138.46
21464,POS消费,地点72,食堂,2014/08/30 08:01:07,3.0,135.46
21464,POS消费,地点72,食堂,2014/08/30 08:01:22,0.8,134.66
21464,POS消费,地点1387,校车,2014/08/30 08:41:14,2.0,132.66
21464,POS消费,地点232,食堂,2014/08/30 12:18:01,7.1,125.56
21464,POS消费,地点232,食堂,2014/08/30 17:45:43,5.0,120.56
21464,POS消费,地点232,食堂,2014/08/30 17:45:48,0.6,119.96
21464,POS消费,地点21,开水,2014/08/30 18:06:20,4.0,115.96
21464,POS消费,地点161,食堂,2014/08/31 07:55:02,4.8,111.16
21464,POS消费,地点27,教务处,2014/08/31 10:47:36,25.0,86.16
21464,POS消费,地点21,开水,2014/08/31 11:32:06,0.9,85.26
21464,POS消费,地点1847,食堂,2014/08/31 12:09:43,3.8,81.46
21464,POS消费,地点188,超市,2014/08/31 20:16:18,14.0,67.46
21464,POS消费,地点141,开水,2014/08/31 20:23:43,0.02,67.44
