2158,卡片开户,,,2014/07/14 10:07:25,0.0,0.0
2158,卡充值,,,2014/08/27 18:35:13,500.0,500.0
2158,POS消费,地点1442,校车,2014/08/27 18:46:31,1.0,499.0
2158,POS消费,地点1442,校车,2014/08/27 18:46:40,1.0,498.0
2158,POS消费,地点1442,校车,2014/08/27 18:46:48,1.0,497.0
2158,POS消费,地点314,食堂,2014/08/28 10:52:32,3.7,493.3
2158,POS消费,地点1447,校车,2014/08/28 12:19:18,1.0,492.3
2158,POS消费,地点1447,校车,2014/08/28 12:19:32,1.0,491.3
2158,POS消费,地点192,超市,2014/08/28 13:48:43,3.0,488.3
2158,POS消费,地点168,食堂,2014/08/28 15:23:54,25.0,463.3
2158,POS消费,地点828,洗衣房,2014/08/28 16:30:24,3.6,459.7
2158,POS消费,地点1472,校车,2014/08/28 17:17:25,1.0,458.7
2158,POS消费,地点1472,校车,2014/08/28 17:17:33,1.0,457.7
2158,POS消费,地点1472,校车,2014/08/28 17:17:42,1.0,456.7
2158,POS消费,地点6,淋浴,2014/08/28 22:41:05,0.9,455.8
2158,POS消费,地点36,开水,2014/08/28 23:09:16,0.01,455.79
2158,POS消费,地点36,开水,2014/08/28 23:15:33,0.01,455.78
2158,POS消费,地点21,开水,2014/08/29 09:10:49,2.2,453.58
2158,POS消费,地点1451,校车,2014/08/29 15:04:55,1.0,452.58
2158,POS消费,地点1451,校车,2014/08/29 15:05:02,1.0,451.58
2158,POS消费,地点1451,校车,2014/08/29 15:05:08,1.0,450.58
2158,POS消费,地点837,校车,2014/08/29 17:07:12,1.0,448.58
2158,POS消费,地点837,校车,2014/08/29 17:07:18,1.0,447.58
2158,POS消费,地点837,校车,2014/08/29 17:07:27,1.0,446.58
2158,POS消费,地点6,淋浴,2014/08/29 22:52:57,0.8,445.78
2158,POS消费,地点36,开水,2014/08/29 23:50:26,0.01,445.77
2158,POS消费,地点36,开水,2014/08/30 08:10:32,0.01,445.76
2158,POS消费,地点61,食堂,2014/08/30 09:31:53,3.0,442.76
2158,POS消费,地点1448,校车,2014/08/30 09:39:28,1.0,441.76
2158,POS消费,地点1447,校车,2014/08/30 12:27:41,1.0,440.76
2158,POS消费,地点837,校车,2014/08/30 17:28:34,1.0,439.76
2158,POS消费,地点232,食堂,2014/08/30 22:29:22,1.0,438.76
2158,POS消费,地点206,开水,2014/08/30 22:59:22,0.01,438.74
2158,POS消费,地点36,开水,2014/08/30 22:59:38,0.01,438.75
2158,POS消费,地点69,食堂,2014/08/31 08:55:12,3.0,435.74
2158,POS消费,地点21,开水,2014/08/31 10:07:53,30.0,405.74
2158,POS消费,地点21,开水,2014/08/31 10:08:02,23.7,382.04
2158,POS消费,地点36,开水,2014/08/31 10:14:01,0.01,382.03
2158,POS消费,地点21,开水,2014/08/31 11:57:56,1.5,371.93
2158,POS消费,地点1596,食堂,2014/08/31 12:06:08,8.6,373.43
2158,POS消费,地点36,开水,2014/08/31 16:45:32,0.01,371.92
2158,POS消费,地点91,校车,2014/08/31 17:19:27,7.0,364.92
2158,POS消费,地点188,超市,2014/08/31 20:35:34,1.5,363.42
2158,POS消费,地点6,淋浴,2014/08/31 20:51:58,0.7,362.72
2158,POS消费,地点36,开水,2014/08/31 22:01:53,0.01,362.71
