21605,卡片开户,,,2014/07/10 14:27:07,0.0,0.0
21605,卡充值,,,2014/08/18 16:08:56,500.0,500.0
21605,POS消费,地点21,开水,2014/08/18 17:51:57,14.9,485.1
21605,POS消费,地点21,开水,2014/08/18 19:42:38,14.4,470.7
21605,POS消费,地点65,食堂,2014/08/19 17:32:30,11.8,458.9
21605,POS消费,地点1700,食堂,2014/08/19 17:50:13,2.3,456.6
21605,POS消费,地点188,超市,2014/08/19 18:10:32,4.5,452.1
21605,POS消费,地点72,食堂,2014/08/20 12:36:31,7.0,445.1
21605,POS消费,地点72,食堂,2014/08/20 12:36:35,0.4,444.7
21605,POS消费,地点1700,食堂,2014/08/20 12:45:17,1.0,443.7
21605,POS消费,地点21,开水,2014/08/20 18:18:20,4.6,439.1
21605,POS消费,地点60,食堂,2014/08/20 18:25:55,1.8,437.3
21605,POS消费,地点69,食堂,2014/08/21 07:02:57,1.6,435.7
21605,POS消费,地点69,食堂,2014/08/21 07:03:04,1.0,434.7
21605,POS消费,地点161,食堂,2014/08/21 07:05:47,3.5,431.2
21605,POS消费,地点1700,食堂,2014/08/21 11:56:30,1.0,422.6
21605,POS消费,地点82,食堂,2014/08/21 12:03:18,7.6,423.6
21605,POS消费,地点65,食堂,2014/08/21 17:30:26,5.6,417.0
21605,POS消费,地点1700,食堂,2014/08/21 17:38:56,4.3,412.7
21605,POS消费,地点1700,食堂,2014/08/21 17:39:01,1.8,410.9
21605,POS消费,地点192,超市,2014/08/21 18:28:36,28.8,382.1
21605,POS消费,地点1669,淋浴,2014/08/22 20:49:48,0.6,381.5
