21664,卡充值,,,2014/09/02 09:41:21,50.0,50.26
21664,POS消费,地点192,超市,2014/09/02 09:41:21,5.5,44.76
21664,POS消费,地点146,校车,2014/09/02 17:45:19,1.0,43.76
21664,POS消费,地点21,开水,2014/09/03 09:43:05,6.3,37.46
21664,POS消费,地点211,校车,2014/09/03 19:18:33,1.0,36.46
21664,POS消费,地点118,食堂,2014/09/04 08:02:17,3.8,32.66
21664,POS消费,地点72,食堂,2014/09/04 12:04:44,5.1,27.56
21664,POS消费,地点118,食堂,2014/09/05 08:07:17,7.7,19.86
21664,POS消费,地点72,食堂,2014/09/05 12:01:28,4.9,14.96
21664,POS消费,地点188,超市,2014/09/05 20:15:17,6.8,8.16
21664,POS消费,地点1447,校车,2014/09/06 15:11:40,1.0,7.16
21664,POS消费,地点816,校车,2014/09/07 19:13:32,1.0,6.16
21664,POS消费,地点1448,校车,2014/09/07 20:49:47,1.0,5.16
21664,POS消费,地点146,校车,2014/09/08 17:31:15,1.0,4.16
21664,POS消费,地点146,校车,2014/09/08 17:31:23,1.0,3.16
21664,POS消费,地点211,校车,2014/09/09 19:05:01,1.0,2.16
21664,POS消费,地点1451,校车,2014/09/10 18:04:18,1.0,1.16
21664,POS消费,地点222,校车,2014/09/16 19:03:24,1.0,0.16
21664,卡充值,,,2014/09/22 13:29:24,50.0,50.16
21664,POS消费,地点213,食堂,2014/09/22 13:53:28,2.1,48.06
21664,POS消费,地点213,食堂,2014/09/22 13:53:32,30.0,18.06
21664,POS消费,地点21,开水,2014/09/23 09:45:25,5.9,12.16
21664,POS消费,地点222,校车,2014/09/24 19:14:36,1.0,11.16
21664,POS消费,地点72,食堂,2014/09/26 12:15:53,5.1,6.06
21664,POS消费,地点118,食堂,2014/09/28 08:10:43,2.5,3.56
21664,POS消费,地点816,校车,2014/09/29 09:40:40,1.0,2.56
21664,POS消费,地点816,校车,2014/09/29 09:40:50,1.0,1.56
21664,POS消费,地点816,校车,2014/09/29 13:04:01,1.0,0.56
21664,POS消费,地点188,超市,2014/10/08 09:47:20,5.4,45.16
21664,卡充值,,,2014/10/08 09:47:56,50.0,50.56
21664,POS消费,地点1155,食堂,2014/10/09 08:06:18,7.7,37.46
21664,POS消费,地点211,校车,2014/10/10 16:23:58,1.0,36.46
21664,POS消费,地点21,开水,2014/10/11 09:50:42,5.4,31.06
21664,POS消费,地点21,开水,2014/10/11 14:08:12,5.7,25.36
21664,POS消费,地点118,食堂,2014/10/13 08:16:22,5.2,20.16
21664,POS消费,地点26,图书馆,2014/10/14 11:45:45,8.0,12.16
21664,POS消费,地点26,图书馆,2014/10/14 22:00:40,3.5,8.66
21664,POS消费,地点188,超市,2014/10/14 22:11:49,3.0,5.66
21664,POS消费,地点188,超市,2014/10/21 11:48:34,8.0,97.66
21664,卡充值,,,2014/10/21 11:57:14,100.0,105.66
21664,POS消费,地点188,超市,2014/10/22 12:03:12,8.0,89.66
21664,POS消费,地点188,超市,2014/10/22 17:23:49,10.0,78.16
21664,POS消费,地点213,食堂,2014/10/22 17:31:47,1.5,88.16
21664,POS消费,地点1155,食堂,2014/10/23 08:15:32,6.0,72.16
21664,POS消费,地点213,食堂,2014/10/23 11:34:34,0.6,71.56
21664,POS消费,地点243,食堂,2014/10/23 12:01:58,2.53,69.03
21664,POS消费,地点218,食堂,2014/10/23 12:02:19,1.83,67.2
21664,POS消费,地点243,食堂,2014/10/23 12:03:06,4.0,63.2
21664,POS消费,地点83,食堂,2014/10/23 14:32:56,2.5,60.7
21664,POS消费,地点61,食堂,2014/10/25 06:47:39,3.0,57.7
21664,POS消费,地点21,开水,2014/10/27 10:00:45,3.0,54.7
21664,POS消费,地点21,开水,2014/10/27 12:20:03,3.0,51.7
21664,POS消费,地点21,开水,2014/10/29 11:51:03,8.0,43.7
21664,POS消费,地点61,食堂,2014/10/30 08:41:48,4.2,39.5
21664,POS消费,地点21,开水,2014/11/04 20:47:18,13.2,26.3
21664,POS消费,地点21,开水,2014/11/04 20:52:00,4.0,22.3
21664,POS消费,地点1542,校车,2014/11/07 17:05:06,4.0,18.3
21664,POS消费,地点1472,校车,2014/11/08 19:01:35,1.0,17.3
21664,POS消费,地点1448,校车,2014/11/08 20:28:23,1.0,16.3
21664,POS消费,地点21,开水,2014/11/08 20:43:16,3.0,13.3
21664,POS消费,地点213,食堂,2014/11/09 15:26:47,2.85,10.45
21664,POS消费,地点212,图书馆,2014/11/12 15:22:38,2.7,7.75
21664,POS消费,地点222,校车,2014/11/14 14:19:59,1.0,6.75
21664,POS消费,地点188,超市,2014/11/14 22:13:58,3.0,3.75
21664,POS消费,地点146,校车,2014/11/19 19:44:24,1.0,2.75
21664,POS消费,地点1451,校车,2014/11/20 13:48:23,1.0,1.75
21664,POS消费,地点192,超市,2014/11/21 11:59:12,3.5,98.25
21664,卡充值,,,2014/11/21 12:08:07,100.0,101.75
21664,POS消费,地点1447,校车,2014/11/21 16:46:02,1.0,97.25
21664,POS消费,地点26,图书馆,2014/11/21 21:45:59,6.6,90.65
21664,POS消费,地点26,图书馆,2014/11/21 21:49:00,6.0,84.65
21664,POS消费,地点188,超市,2014/11/22 22:43:38,13.1,71.55
21664,POS消费,地点213,食堂,2014/11/23 15:12:31,0.3,71.25
21664,POS消费,地点26,图书馆,2014/11/23 20:19:04,25.7,45.55
21664,POS消费,地点213,食堂,2014/11/24 14:13:43,1.65,43.9
21664,POS消费,地点26,图书馆,2014/11/26 21:32:54,5.7,38.2
21664,POS消费,地点1155,食堂,2014/11/27 14:16:01,3.2,35.0
21664,POS消费,地点21,开水,2014/11/27 22:28:59,9.1,25.9
21664,POS消费,地点146,校车,2014/11/28 20:07:08,1.0,24.9
21664,POS消费,地点222,校车,2014/11/30 18:49:27,1.0,23.9
21664,POS消费,地点222,校车,2014/11/30 19:56:36,1.0,22.9
21664,POS消费,地点188,超市,2014/12/02 11:57:15,8.0,14.9
21664,POS消费,地点816,校车,2014/12/02 17:48:28,1.0,13.9
21664,POS消费,地点816,校车,2014/12/02 17:48:37,1.0,12.9
21664,POS消费,地点192,超市,2014/12/02 21:45:25,3.5,9.4
21664,POS消费,地点21,开水,2014/12/03 21:46:00,3.0,6.4
21664,POS消费,地点188,超市,2014/12/06 21:50:29,3.0,3.4
21664,POS消费,地点192,超市,2014/12/07 12:59:50,30.0,73.4
21664,POS消费,地点192,超市,2014/12/07 12:59:53,0.7,72.7
21664,卡充值,,,2014/12/07 13:03:15,100.0,103.4
21664,POS消费,地点21,开水,2014/12/07 15:15:32,4.8,67.9
21664,POS消费,地点26,图书馆,2014/12/07 20:01:02,29.2,38.7
21664,POS消费,地点188,超市,2014/12/07 20:03:14,14.9,23.8
21664,POS消费,地点26,图书馆,2014/12/08 12:09:01,12.4,11.4
21664,POS消费,地点192,超市,2014/12/08 21:42:32,4.0,7.4
21664,POS消费,地点26,图书馆,2014/12/10 21:39:41,6.4,1.0
21664,POS消费,地点192,超市,2014/12/13 13:54:42,24.3,76.7
21664,卡充值,,,2014/12/13 13:55:13,100.0,101.0
21664,POS消费,地点26,图书馆,2014/12/16 15:30:21,12.0,64.7
21664,POS消费,地点61,食堂,2014/12/17 12:29:50,5.1,59.6
21664,POS消费,地点26,图书馆,2014/12/19 19:15:33,10.2,49.4
21664,POS消费,地点26,图书馆,2014/12/19 19:29:45,5.0,44.4
21664,POS消费,地点192,超市,2014/12/19 21:54:39,6.4,38.0
21664,POS消费,地点21,开水,2014/12/22 14:01:49,8.6,29.4
21664,POS消费,地点837,校车,2014/12/22 19:12:31,1.0,28.4
21664,POS消费,地点837,校车,2014/12/22 19:12:40,1.0,27.4
21664,POS消费,地点837,校车,2014/12/22 20:31:41,1.0,26.4
21664,POS消费,地点837,校车,2014/12/22 20:31:48,1.0,25.4
21664,POS消费,地点188,超市,2014/12/25 12:11:28,7.9,17.5
21664,POS消费,地点1997,食堂,2014/12/26 13:18:47,6.1,11.4
21664,POS消费,地点2172,文印中心,2014/12/28 13:18:59,8.1,3.3
21664,POS消费,地点211,校车,2014/12/28 14:06:13,1.0,2.3
21664,卡充值,,,2014/12/29 18:39:22,50.0,52.3
21664,POS消费,地点2172,文印中心,2014/12/29 19:10:34,12.0,40.3
21664,POS消费,地点21,开水,2014/12/31 08:31:36,6.9,33.4
21664,POS消费,地点21,开水,2014/12/31 13:53:07,1.4,32.0
21664,POS消费,地点188,超市,2014/12/31 22:35:22,14.2,17.8
21664,POS消费,地点188,超市,2014/12/31 22:35:27,0.3,17.5
21664,POS消费,地点26,图书馆,2014/12/31 22:40:20,5.3,12.2
21664,POS消费,地点21,开水,2015/01/04 08:34:32,6.9,5.3
21664,卡充值,,,2015/01/04 10:54:40,40.0,45.3
21664,POS消费,地点91,校车,2015/01/04 10:57:52,8.2,37.1
21664,POS消费,地点21,开水,2015/01/04 10:58:57,2.9,34.2
21664,POS消费,地点192,超市,2015/01/06 20:10:17,3.0,31.2
21664,POS消费,地点26,图书馆,2015/01/06 21:39:35,6.4,24.8
21664,POS消费,地点26,图书馆,2015/01/06 21:42:20,7.5,17.3
21664,POS消费,地点21,开水,2015/01/08 21:31:21,8.9,8.4
21664,POS消费,地点21,开水,2015/01/09 08:29:31,4.9,3.5
21664,POS消费,地点21,开水,2015/01/14 08:22:49,1.2,2.3
21664,卡充值,,,2015/01/14 12:53:10,20.0,22.3
21664,POS消费,地点212,图书馆,2015/01/14 13:04:42,14.2,8.1
21664,POS消费,地点1996,校车,2015/03/02 13:46:07,1.0,7.1
21664,POS消费,地点1996,校车,2015/03/02 13:46:50,1.0,6.1
21664,卡充值,,,2015/03/04 15:58:56,100.0,106.1
21664,POS消费,地点21,开水,2015/03/04 16:00:59,4.8,101.3
21664,POS消费,地点118,食堂,2015/03/05 08:22:17,4.1,97.2
21664,POS消费,地点118,食堂,2015/03/05 08:24:06,0.6,96.6
21664,POS消费,地点21,开水,2015/03/06 10:09:13,1.9,94.7
21664,POS消费,地点222,校车,2015/03/06 12:24:54,1.0,93.7
21664,POS消费,地点21,开水,2015/03/08 14:40:25,2.4,91.3
21664,POS消费,地点26,图书馆,2015/03/08 14:42:56,13.4,77.9
21664,POS消费,地点91,校车,2015/03/09 12:16:46,4.0,73.9
21664,POS消费,地点21,开水,2015/03/09 12:17:59,7.5,66.4
21664,POS消费,地点2172,文印中心,2015/03/09 16:16:11,2.1,64.3
21664,POS消费,地点212,图书馆,2015/03/09 16:29:05,1.4,62.9
21664,POS消费,地点222,校车,2015/03/09 20:42:57,1.0,61.9
21664,POS消费,地点118,食堂,2015/03/10 08:22:07,3.8,58.1
21664,POS消费,地点146,校车,2015/03/10 18:32:52,1.0,57.1
21664,POS消费,地点188,超市,2015/03/10 22:12:14,2.0,55.1
21664,POS消费,地点26,图书馆,2015/03/11 21:47:32,15.4,39.7
21664,POS消费,地点192,超市,2015/03/13 15:09:13,4.0,35.7
21664,POS消费,地点1447,校车,2015/03/15 13:35:57,1.0,34.7
21664,POS消费,地点118,食堂,2015/03/16 08:13:21,5.1,29.6
21664,POS消费,地点188,超市,2015/03/17 15:45:24,2.4,27.2
21664,POS消费,地点192,超市,2015/03/18 15:57:29,2.4,24.8
21664,POS消费,地点26,图书馆,2015/03/19 22:19:49,9.7,15.1
21664,POS消费,地点192,超市,2015/03/20 10:09:31,3.4,11.7
21664,POS消费,地点222,校车,2015/03/23 18:20:30,1.0,10.7
21664,POS消费,地点1451,校车,2015/03/24 11:54:56,1.0,9.7
21664,POS消费,地点222,校车,2015/03/27 20:15:14,1.0,8.7
21664,POS消费,地点211,校车,2015/03/28 20:45:49,1.0,7.7
21664,POS消费,地点816,校车,2015/03/29 19:19:56,1.0,6.7
21664,POS消费,地点2172,文印中心,2015/03/30 19:28:06,3.0,3.7
21664,POS消费,地点1214,校车,2015/03/31 17:57:09,2.0,1.7
21664,POS消费,地点146,校车,2015/04/02 15:59:13,1.0,0.7
21664,卡充值,,,2015/05/06 10:58:44,50.0,50.7
21664,POS消费,地点184,食堂,2015/05/06 11:03:09,9.6,41.1
21664,POS消费,地点21,开水,2015/05/06 18:07:03,5.0,36.1
21664,POS消费,地点212,图书馆,2015/05/06 19:13:04,7.2,28.9
21664,POS消费,地点526,食堂,2015/05/06 21:14:35,7.0,21.9
21664,POS消费,地点526,食堂,2015/05/06 21:14:52,7.0,14.9
21664,POS消费,地点59,食堂,2015/05/07 12:03:41,1.5,9.0
21664,POS消费,地点60,食堂,2015/05/07 12:04:03,4.4,10.5
21664,POS消费,地点26,图书馆,2015/05/07 16:16:37,4.8,4.2
21664,卡充值,,,2015/05/11 12:15:13,50.0,54.2
21664,POS消费,地点192,超市,2015/05/11 12:19:41,8.3,45.9
21664,POS消费,地点1472,校车,2015/05/11 13:22:21,1.0,44.9
21664,POS消费,地点192,超市,2015/05/11 15:09:38,4.8,40.1
21664,POS消费,地点21,开水,2015/05/12 12:36:30,9.3,30.8
21664,POS消费,地点188,超市,2015/05/12 16:05:04,2.4,28.4
21664,POS消费,地点146,校车,2015/05/12 18:31:35,1.0,27.4
21664,POS消费,地点192,超市,2015/05/12 21:21:06,5.9,21.5
21664,POS消费,地点192,超市,2015/05/13 16:35:49,4.8,16.7
21664,POS消费,地点1472,校车,2015/05/14 19:12:28,1.0,15.7
21664,POS消费,地点211,校车,2015/05/14 19:38:46,1.0,14.7
21664,POS消费,地点211,校车,2015/05/14 19:38:53,1.0,13.7
21664,POS消费,地点1451,校车,2015/05/16 18:39:55,1.0,11.4
21664,POS消费,地点188,超市,2015/05/16 20:23:33,5.9,5.5
21664,POS消费,地点1472,校车,2015/05/19 18:19:01,1.0,4.5
21664,POS消费,地点211,校车,2015/05/20 18:28:54,1.0,3.5
21664,POS消费,地点211,校车,2015/05/20 19:34:28,1.0,2.5
21664,卡充值,,,2015/05/21 18:26:25,50.0,52.5
21664,POS消费,地点2172,文印中心,2015/05/21 18:48:21,12.3,40.2
21664,POS消费,地点192,超市,2015/05/21 18:55:32,14.6,20.6
21664,,,,2015/05/21 19:39:38,5.0,35.2
21664,POS消费,地点61,食堂,2015/05/22 12:15:30,6.3,14.3
21664,POS消费,地点188,超市,2015/05/22 20:46:57,5.9,6.4
21664,POS消费,地点222,校车,2015/05/25 18:44:15,1.0,5.4
21664,POS消费,地点2310,教务处,2015/05/29 18:52:15,1.0,3.4
21664,POS消费,地点2310,教务处,2015/05/29 18:52:21,1.0,2.4
21664,POS消费,地点2310,教务处,2015/05/29 18:52:28,1.0,1.4
21664,POS消费,地点2310,教务处,2015/05/29 18:52:32,1.0,0.4
21664,卡充值,,,2015/05/30 13:40:43,50.0,50.4
21664,POS消费,地点2172,文印中心,2015/05/30 13:48:19,10.65,39.75
21664,POS消费,地点2172,文印中心,2015/06/01 12:59:35,5.25,34.5
21664,POS消费,地点27,教务处,2015/06/01 13:02:58,15.0,19.5
21664,POS消费,地点21,开水,2015/06/01 13:06:17,6.5,13.0
21664,POS消费,地点529,校车,2015/06/03 07:56:22,4.0,6.0
21664,POS消费,地点1997,食堂,2015/06/03 09:07:42,3.0,10.0
21664,POS消费,地点26,图书馆,2015/06/03 22:38:14,3.0,3.0
21664,POS消费,地点1996,校车,2015/06/05 19:12:16,1.0,2.0
21664,POS消费,地点146,校车,2015/06/05 20:20:10,1.0,1.0
21664,卡充值,,,2015/06/09 15:57:29,40.0,41.0
21664,POS消费,地点192,超市,2015/06/09 15:59:26,7.4,33.6
21664,POS消费,地点188,超市,2015/06/09 17:55:35,5.0,28.6
21664,POS消费,地点188,超市,2015/06/09 21:04:50,4.0,24.6
21664,POS消费,地点146,校车,2015/06/10 18:58:30,1.0,23.6
21664,POS消费,地点211,校车,2015/06/10 19:40:17,1.0,22.6
21664,POS消费,地点161,食堂,2015/06/11 12:02:22,4.8,17.8
21664,POS消费,地点242,食堂,2015/06/11 12:03:49,1.5,16.3
21664,POS消费,地点2107,食堂,2015/06/11 12:07:21,3.0,13.3
21664,POS消费,地点1996,校车,2015/06/11 18:53:55,1.0,12.3
21664,POS消费,地点1448,校车,2015/06/11 19:28:00,1.0,11.3
21664,POS消费,地点265,食堂,2015/06/12 12:12:58,6.2,5.1
21664,POS消费,地点21,开水,2015/06/13 11:21:43,3.0,2.1
21664,POS消费,地点218,食堂,2015/06/13 11:21:59,0.8,1.3
21664,卡充值,,,2015/06/15 12:10:35,50.0,51.3
21664,POS消费,地点192,超市,2015/06/15 12:16:38,24.4,26.9
21664,POS消费,地点192,超市,2015/06/15 12:16:42,0.3,26.6
21664,POS消费,地点1447,校车,2015/06/16 12:45:45,1.0,25.6
21664,POS消费,地点146,校车,2015/06/16 13:41:57,1.0,24.6
21664,POS消费,地点274,超市,2015/06/16 20:40:06,7.1,17.5
21664,POS消费,地点188,超市,2015/06/24 20:58:07,6.0,1.5
21664,,,,2015/06/24 21:53:07,10.0,7.5
21664,卡充值,,,2015/06/30 11:18:01,50.0,51.5
21664,POS消费,地点2172,文印中心,2015/06/30 11:28:45,1.05,50.45
21664,POS消费,地点274,超市,2015/07/01 14:06:00,3.0,47.45
21664,POS消费,地点274,超市,2015/07/01 14:06:15,1.9,45.55
21664,POS消费,地点1395,校车,2015/07/03 19:41:24,2.0,43.55
21664,POS消费,地点1395,校车,2015/07/03 19:48:57,2.0,41.55
21664,POS消费,地点222,校车,2015/07/04 19:30:02,1.0,40.55
21664,POS消费,地点222,校车,2015/07/04 19:31:41,1.0,39.55
21664,POS消费,地点1448,校车,2015/07/08 17:50:30,1.0,38.55
21664,POS消费,地点1448,校车,2015/07/08 17:50:58,1.0,37.55
21664,POS消费,地点192,超市,2015/07/12 14:13:28,5.0,32.55
21664,,,,2015/07/12 15:23:46,10.0,22.55
21664,POS消费,地点188,超市,2015/07/12 20:46:11,4.8,17.75
21664,POS消费,地点837,校车,2015/07/13 18:33:54,1.0,16.75
21664,POS消费,地点837,校车,2015/07/13 18:34:04,1.0,15.75
21664,POS消费,地点1448,校车,2015/07/14 18:39:57,1.0,14.75
21664,POS消费,地点1448,校车,2015/07/14 18:40:09,1.0,13.75
21664,POS消费,地点816,校车,2015/07/15 11:54:21,1.0,12.75
21664,POS消费,地点816,校车,2015/07/15 11:54:28,1.0,11.75
21664,POS消费,地点1472,校车,2015/07/15 13:36:52,1.0,10.75
21664,POS消费,地点1472,校车,2015/07/15 19:17:28,1.0,9.75
21664,POS消费,地点192,超市,2015/07/15 20:48:07,2.4,7.35
21664,POS消费,地点211,校车,2015/07/16 18:37:40,1.0,6.35
21664,POS消费,地点1472,校车,2015/07/19 11:56:29,1.0,5.35
21664,POS消费,地点1472,校车,2015/07/19 11:56:36,1.0,4.35
21664,,,,2015/07/30 23:23:41,4.0,0.35
