21691,卡片开户,,,2014/07/19 11:40:06,0.0,0.0
21691,卡充值,,,2014/08/29 14:35:17,400.0,400.0
21691,POS消费,地点114,食堂,2014/08/29 14:51:43,3.5,396.5
21691,POS消费,地点60,食堂,2014/08/30 09:00:12,0.7,395.8
21691,POS消费,地点60,食堂,2014/08/30 09:00:42,0.2,395.6
21691,POS消费,地点21,开水,2014/08/30 14:57:59,30.0,365.6
21691,POS消费,地点21,开水,2014/08/30 14:58:05,2.8,362.8
21691,POS消费,地点21,开水,2014/08/30 14:58:10,20.0,342.8
21691,POS消费,地点26,图书馆,2014/08/30 15:25:34,28.0,314.8
21691,POS消费,地点21,开水,2014/08/30 18:08:43,10.6,304.2
21691,POS消费,地点192,超市,2014/08/30 20:39:54,7.4,296.8
21691,POS消费,地点742,淋浴,2014/08/30 21:44:52,0.3,296.5
21691,POS消费,地点742,淋浴,2014/08/30 21:50:32,0.1,296.4
21691,POS消费,地点742,淋浴,2014/08/30 21:52:09,0.1,296.3
21691,POS消费,地点987,洗衣房,2014/08/30 22:06:50,1.2,295.1
21691,POS消费,地点192,超市,2014/08/31 10:49:39,18.8,276.3
21691,POS消费,地点65,食堂,2014/08/31 11:18:32,8.6,267.7
21691,POS消费,地点27,教务处,2014/08/31 11:32:27,15.0,252.7
21691,POS消费,地点59,食堂,2014/08/31 17:53:39,3.2,248.0
21691,POS消费,地点251,食堂,2014/08/31 18:03:40,1.5,251.2
21691,POS消费,地点938,洗衣房,2014/08/31 18:23:17,1.2,246.8
21691,POS消费,地点987,洗衣房,2014/08/31 18:23:41,1.2,245.6
21691,POS消费,地点188,超市,2014/08/31 21:41:33,19.8,225.8
21691,POS消费,地点938,洗衣房,2014/08/31 21:47:34,1.2,224.6
21691,POS消费,地点938,洗衣房,2014/08/31 21:47:34,-0.54,225.14
21691,POS消费,地点987,洗衣房,2014/08/31 22:00:35,-0.96,223.7
21691,POS消费,地点987,洗衣房,2014/08/31 22:00:35,1.2,222.74
21691,POS消费,地点938,洗衣房,2014/08/31 22:01:02,1.2,223.94
21691,POS消费,地点938,洗衣房,2014/08/31 22:04:31,1.2,223.34
21691,POS消费,地点938,洗衣房,2014/08/31 22:04:31,-0.18,223.52
21691,POS消费,地点938,洗衣房,2014/08/31 22:06:19,-0.84,224.54
