21768,卡片开户,,,2014/07/14 10:22:45,0.0,0.0
21768,卡充值,,,2014/08/28 17:13:23,200.0,200.0
21768,POS消费,地点1406,淋浴,2014/08/28 22:35:51,0.6,199.4
21768,POS消费,地点89,食堂,2014/08/29 08:19:26,3.0,196.4
21768,POS消费,地点232,食堂,2014/08/29 12:09:08,30.0,166.4
21768,POS消费,地点232,食堂,2014/08/29 12:10:14,10.9,155.5
21768,POS消费,地点21,开水,2014/08/29 18:08:49,4.6,150.9
21768,POS消费,地点975,开水,2014/08/29 21:46:06,0.01,150.89
21768,POS消费,地点975,开水,2014/08/29 21:47:40,0.01,150.88
21768,POS消费,地点1021,淋浴,2014/08/29 22:44:24,0.1,150.78
21768,POS消费,地点1021,淋浴,2014/08/29 22:44:37,0.1,150.68
21768,POS消费,地点1021,淋浴,2014/08/29 22:45:44,0.3,150.38
21768,POS消费,地点72,食堂,2014/08/30 11:56:13,8.6,141.78
21768,POS消费,地点72,食堂,2014/08/30 11:56:43,9.6,132.18
21768,POS消费,地点89,食堂,2014/08/30 17:55:56,4.5,127.68
21768,POS消费,地点1186,淋浴,2014/08/30 21:16:31,0.01,127.67
21768,POS消费,地点975,开水,2014/08/30 21:17:26,0.01,127.66
21768,POS消费,地点21,开水,2014/08/31 08:00:14,2.4,125.26
21768,POS消费,地点21,开水,2014/08/31 12:03:52,10.6,114.66
21768,POS消费,地点21,开水,2014/08/31 18:11:08,9.6,105.06
21768,POS消费,地点114,食堂,2014/08/31 18:36:09,3.5,101.56
21768,POS消费,地点975,开水,2014/08/31 18:46:06,0.01,101.55
