21776,卡片开户,,,2014/07/19 10:23:02,0.0,0.0
21776,卡充值,,,2014/08/29 12:16:28,600.0,600.0
21776,POS消费,地点87,食堂,2014/08/29 12:23:02,8.0,592.0
21776,POS消费,地点65,食堂,2014/08/29 12:29:06,8.6,583.4
21776,POS消费,地点65,食堂,2014/08/29 12:29:28,8.6,574.8
21776,POS消费,地点65,食堂,2014/08/29 12:29:52,8.6,566.2
21776,POS消费,地点70,食堂,2014/08/29 12:31:03,5.5,560.7
21776,POS消费,地点1852,开水,2014/08/30 09:52:22,0.01,560.69
21776,POS消费,地点203,食堂,2014/08/30 11:39:11,14.0,546.69
21776,POS消费,地点1547,食堂,2014/08/30 11:42:23,3.0,543.69
21776,POS消费,地点21,开水,2014/08/30 12:10:02,17.1,526.59
21776,POS消费,地点822,食堂,2014/08/30 17:40:55,10.6,515.99
21776,POS消费,地点203,食堂,2014/08/30 17:48:34,11.0,504.99
21776,POS消费,地点283,食堂,2014/08/30 17:48:45,3.0,501.99
21776,POS消费,地点822,食堂,2014/08/30 17:51:45,20.6,481.39
21776,POS消费,地点1911,淋浴,2014/08/30 22:37:24,0.4,480.99
21776,POS消费,地点1852,开水,2014/08/31 07:17:15,0.01,480.98
21776,POS消费,地点21,开水,2014/08/31 07:40:31,3.3,477.68
21776,POS消费,地点1852,开水,2014/08/31 22:51:56,0.01,477.07
21776,POS消费,地点1629,开水,2014/08/31 22:59:09,0.01,477.06
