22084,卡片开户,,,2014/07/19 11:49:20,0.0,0.0
22084,卡充值,,,2014/08/29 08:33:05,500.0,500.0
22084,POS消费,地点161,食堂,2014/08/29 12:19:22,9.2,490.8
22084,POS消费,地点161,食堂,2014/08/29 12:19:42,9.2,481.6
22084,POS消费,地点21,开水,2014/08/29 12:25:20,1.5,477.5
22084,POS消费,地点21,开水,2014/08/29 12:36:19,2.6,479.0
22084,POS消费,地点1303,开水,2014/08/29 15:28:02,0.01,477.49
22084,POS消费,地点21,开水,2014/08/29 19:03:31,8.6,468.89
22084,POS消费,地点21,开水,2014/08/29 19:03:44,8.6,460.29
22084,POS消费,地点21,开水,2014/08/29 19:03:56,8.6,451.69
22084,POS消费,地点21,开水,2014/08/29 19:04:17,8.6,434.49
22084,POS消费,地点61,食堂,2014/08/29 19:17:35,8.6,443.09
22084,POS消费,地点1617,淋浴,2014/08/30 22:17:04,0.1,434.39
22084,POS消费,地点1622,淋浴,2014/08/30 22:18:27,0.1,434.29
22084,POS消费,地点1622,淋浴,2014/08/30 22:19:39,0.1,434.19
22084,POS消费,地点1358,淋浴,2014/08/30 22:26:31,0.2,433.99
22084,POS消费,地点1358,淋浴,2014/08/30 22:31:12,0.7,433.29
22084,POS消费,地点60,食堂,2014/08/31 07:28:23,3.9,429.39
22084,POS消费,地点89,食堂,2014/08/31 07:47:16,2.0,427.39
22084,POS消费,地点232,食堂,2014/08/31 11:24:08,10.9,416.49
22084,POS消费,地点1304,开水,2014/08/31 12:19:23,0.01,416.48
22084,POS消费,地点1303,开水,2014/08/31 12:24:35,0.01,416.47
