22173,卡片开户,,,2014/07/16 15:16:06,0.0,0.0
22173,卡充值,,,2014/08/29 16:48:09,2000.0,2000.0
22173,POS消费,地点72,食堂,2014/08/30 09:10:53,6.9,1993.1
22173,POS消费,地点72,食堂,2014/08/30 09:11:05,5.3,1987.8
22173,POS消费,地点816,校车,2014/08/30 11:22:53,1.0,1986.8
22173,POS消费,地点816,校车,2014/08/30 11:22:59,1.0,1985.8
22173,POS消费,地点146,校车,2014/08/30 11:38:33,1.0,1984.8
22173,POS消费,地点146,校车,2014/08/30 11:38:47,1.0,1983.8
22173,POS消费,地点146,校车,2014/08/30 11:38:58,1.0,1982.8
22173,POS消费,地点146,校车,2014/08/30 17:10:29,1.0,1981.8
22173,POS消费,地点146,校车,2014/08/30 17:10:42,1.0,1980.8
22173,POS消费,地点83,食堂,2014/08/31 08:12:58,13.7,1967.0
22173,POS消费,地点1451,校车,2014/08/31 14:01:20,1.0,1966.0
22173,POS消费,地点21,开水,2014/08/31 18:05:42,6.0,1960.0
