222,卡片开户,,,2014/07/19 16:23:05,0.0,0.0
222,卡充值,,,2014/08/28 16:53:42,500.0,500.0
222,POS消费,地点21,开水,2014/08/28 17:01:16,4.6,495.4
222,POS消费,地点21,开水,2014/08/28 17:01:31,4.6,490.8
222,POS消费,地点21,开水,2014/08/28 17:01:51,9.6,481.2
222,POS消费,地点251,食堂,2014/08/28 17:28:41,0.5,480.7
222,POS消费,地点251,食堂,2014/08/28 17:28:56,0.5,480.2
222,POS消费,地点1899,淋浴,2014/08/28 18:39:39,0.3,479.9
222,POS消费,地点65,食堂,2014/08/29 08:21:11,1.0,478.9
222,POS消费,地点69,食堂,2014/08/29 08:26:04,2.4,476.5
222,POS消费,地点69,食堂,2014/08/29 11:31:13,8.6,467.9
222,POS消费,地点69,食堂,2014/08/29 11:31:44,8.6,459.3
222,POS消费,地点21,开水,2014/08/29 11:53:17,1.5,452.2
222,POS消费,地点21,开水,2014/08/29 11:53:57,1.5,450.7
222,POS消费,地点179,食堂,2014/08/29 12:05:36,5.6,453.7
222,POS消费,地点61,食堂,2014/08/29 18:02:16,9.6,441.1
222,POS消费,地点204,食堂,2014/08/29 19:21:35,11.0,430.1
222,POS消费,地点65,食堂,2014/08/30 07:57:23,1.0,428.4
222,POS消费,地点61,食堂,2014/08/30 08:16:50,1.2,427.2
222,POS消费,地点61,食堂,2014/08/30 08:17:10,1.8,425.4
222,POS消费,地点21,开水,2014/08/30 11:32:30,1.2,424.2
222,POS消费,地点251,食堂,2014/08/30 11:32:46,1.8,422.4
222,POS消费,地点260,食堂,2014/08/30 11:36:26,3.6,418.8
222,POS消费,地点61,食堂,2014/08/30 11:40:52,7.6,411.2
222,POS消费,地点26,图书馆,2014/08/30 13:49:59,3.0,408.2
222,POS消费,地点1895,开水,2014/08/30 16:31:49,0.01,408.18
222,POS消费,地点1895,开水,2014/08/30 16:31:55,0.01,408.19
222,POS消费,地点1902,开水,2014/08/30 16:33:37,0.01,408.17
222,POS消费,地点21,开水,2014/08/30 17:09:18,1.5,406.67
222,POS消费,地点21,开水,2014/08/30 17:11:59,4.1,402.57
222,POS消费,地点1913,淋浴,2014/08/30 22:25:45,0.4,402.17
222,POS消费,地点61,食堂,2014/08/31 08:08:46,4.6,397.57
222,POS消费,地点89,食堂,2014/08/31 11:24:05,4.5,393.07
222,POS消费,地点65,食堂,2014/08/31 17:44:05,4.6,388.47
222,POS消费,地点21,开水,2014/08/31 17:55:16,18.0,370.47
222,POS消费,地点1852,开水,2014/08/31 21:57:17,0.01,370.46
222,POS消费,地点1954,淋浴,2014/08/31 22:35:55,0.1,370.35
222,POS消费,地点1899,淋浴,2014/08/31 22:38:30,0.1,370.25
222,POS消费,地点1899,淋浴,2014/08/31 22:43:44,0.3,369.95
222,POS消费,地点1870,开水,2014/08/31 22:44:35,0.01,370.45
