22298,卡片开户,,,2014/07/17 09:41:32,0.0,0.0
22298,卡充值,,,2014/08/28 10:17:42,300.0,300.0
22298,POS消费,地点195,超市,2014/08/29 15:29:35,140.1,159.9
22298,POS消费,地点195,超市,2014/08/29 15:33:52,28.0,131.9
22298,卡充值,,,2014/08/29 15:48:09,300.0,431.9
22298,POS消费,地点305,食堂,2014/08/29 18:08:29,6.0,423.8
22298,POS消费,地点1847,食堂,2014/08/29 18:18:13,1.0,422.8
22298,POS消费,地点195,超市,2014/08/29 18:27:28,5.0,417.8
22298,POS消费,地点1701,食堂,2014/08/29 18:29:58,2.1,429.8
22298,POS消费,地点21,开水,2014/08/29 19:03:00,11.3,406.5
22298,POS消费,地点806,开水,2014/08/29 19:13:46,0.08,406.42
22298,POS消费,地点184,食堂,2014/08/30 09:20:36,3.4,401.42
22298,POS消费,地点184,食堂,2014/08/30 09:20:42,-3.4,404.82
22298,POS消费,地点184,食堂,2014/08/30 09:20:48,3.1,401.72
22298,POS消费,地点21,开水,2014/08/30 09:21:47,1.6,404.82
22298,POS消费,地点806,开水,2014/08/30 10:16:47,0.08,401.64
22298,POS消费,地点124,食堂,2014/08/30 17:42:45,4.5,397.14
22298,POS消费,地点806,开水,2014/08/30 18:02:25,0.07,397.07
22298,POS消费,地点884,淋浴,2014/08/30 20:36:26,0.2,396.87
22298,POS消费,地点884,淋浴,2014/08/30 20:38:15,0.1,396.77
22298,POS消费,地点884,淋浴,2014/08/30 20:39:53,0.4,396.37
22298,POS消费,地点184,食堂,2014/08/31 08:04:11,2.4,393.97
22298,POS消费,地点21,开水,2014/08/31 11:20:09,3.6,390.37
22298,POS消费,地点21,开水,2014/08/31 11:21:43,1.0,389.37
22298,POS消费,地点806,开水,2014/08/31 11:46:12,0.07,389.3
22298,POS消费,地点124,食堂,2014/08/31 17:04:52,7.0,382.3
