2258,卡片开户,,,2014/07/14 09:36:47,0.0,0.0
2258,POS消费,地点26,图书馆,2014/07/14 12:32:20,0.0,0.0
2258,POS消费,地点26,图书馆,2014/07/14 12:32:20,0.13,4.48
2258,卡充值,,,2014/08/28 20:28:33,1000.0,1000.0
2258,POS消费,地点1852,开水,2014/08/28 20:53:22,0.01,999.99
2258,POS消费,地点1852,开水,2014/08/28 20:56:13,0.01,999.98
2258,POS消费,地点1852,开水,2014/08/28 20:56:37,0.01,999.97
2258,POS消费,地点1852,开水,2014/08/28 21:08:08,0.01,999.96
2258,POS消费,地点1911,淋浴,2014/08/28 21:10:06,0.2,999.76
2258,POS消费,地点1913,淋浴,2014/08/28 21:18:17,0.6,999.16
2258,POS消费,地点1852,开水,2014/08/29 08:51:40,0.01,999.15
2258,POS消费,地点1547,食堂,2014/08/29 10:46:40,3.0,996.15
2258,POS消费,地点168,食堂,2014/08/29 10:50:28,6.5,989.65
2258,POS消费,地点168,食堂,2014/08/29 10:52:55,5.5,984.15
2258,POS消费,地点168,食堂,2014/08/29 10:54:56,6.5,977.65
2258,POS消费,地点822,食堂,2014/08/29 10:57:43,12.6,965.05
2258,POS消费,地点225,食堂,2014/08/29 10:58:55,4.0,961.05
2258,POS消费,地点1547,食堂,2014/08/29 11:08:37,2.0,959.05
2258,POS消费,地点1911,淋浴,2014/08/29 20:56:08,0.1,958.95
2258,POS消费,地点1911,淋浴,2014/08/29 21:01:28,0.3,958.65
2258,POS消费,地点1911,淋浴,2014/08/29 21:03:45,0.2,958.45
2258,POS消费,地点1911,淋浴,2014/08/29 21:05:56,0.3,958.15
2258,POS消费,地点1911,淋浴,2014/08/29 21:09:32,0.2,957.95
2258,POS消费,地点1911,淋浴,2014/08/29 21:10:49,0.5,957.45
2258,POS消费,地点1885,洗衣房,2014/08/29 21:19:40,1.2,956.25
2258,POS消费,地点1885,洗衣房,2014/08/29 21:21:49,1.2,955.05
2258,POS消费,地点1885,洗衣房,2014/08/29 22:24:24,1.2,953.85
2258,POS消费,地点21,开水,2014/08/30 09:22:05,2.6,951.25
2258,POS消费,地点1386,校车,2014/08/30 15:27:01,2.0,949.25
2258,POS消费,地点1386,校车,2014/08/30 15:27:09,2.0,947.25
2258,POS消费,地点1386,校车,2014/08/30 15:27:15,2.0,945.25
2258,POS消费,地点1852,开水,2014/08/30 17:29:20,0.01,945.24
2258,POS消费,地点1913,淋浴,2014/08/30 21:20:11,0.2,945.04
2258,POS消费,地点1913,淋浴,2014/08/30 21:22:59,0.2,944.84
2258,POS消费,地点1913,淋浴,2014/08/30 21:26:40,0.2,944.64
2258,POS消费,地点1913,淋浴,2014/08/30 21:33:54,0.5,944.14
2258,POS消费,地点1588,食堂,2014/08/31 08:38:38,4.3,939.84
2258,POS消费,地点1588,食堂,2014/08/31 08:38:53,0.8,939.04
2258,POS消费,地点232,食堂,2014/08/31 17:54:08,15.0,924.04
2258,POS消费,地点1948,淋浴,2014/08/31 23:12:58,0.2,923.84
2258,POS消费,地点1954,淋浴,2014/08/31 23:17:13,0.5,923.34
2258,POS消费,地点1954,淋浴,2014/08/31 23:18:16,0.3,923.04
