22694,卡片开户,,,2014/07/17 16:15:13,0.0,0.0
22694,卡充值,,,2014/08/29 14:11:31,300.0,300.0
22694,POS消费,地点203,食堂,2014/08/29 14:39:30,6.5,293.5
22694,POS消费,地点203,食堂,2014/08/29 14:39:55,6.5,287.0
22694,POS消费,地点168,食堂,2014/08/29 14:40:51,5.5,281.5
22694,POS消费,地点161,食堂,2014/08/30 07:55:28,2.4,279.1
22694,POS消费,地点139,开水,2014/08/30 08:26:57,0.04,279.06
22694,POS消费,地点139,开水,2014/08/30 08:29:00,0.12,278.94
22694,POS消费,地点65,食堂,2014/08/30 11:37:34,6.6,272.34
22694,POS消费,地点65,食堂,2014/08/30 11:37:52,5.6,266.74
22694,POS消费,地点65,食堂,2014/08/30 11:38:12,5.1,261.64
22694,POS消费,地点87,食堂,2014/08/30 11:40:12,4.6,257.04
22694,POS消费,地点87,食堂,2014/08/30 11:40:29,-4.6,261.64
22694,POS消费,地点87,食堂,2014/08/30 11:40:38,4.0,257.64
22694,POS消费,地点60,食堂,2014/08/31 07:45:59,0.5,257.14
22694,POS消费,地点21,开水,2014/08/31 11:36:37,8.6,248.54
22694,POS消费,地点21,开水,2014/08/31 16:43:56,7.0,241.54
22694,POS消费,地点139,开水,2014/08/31 23:05:39,0.14,241.4
