22728,POS消费,地点12,文印中心,2014/06/30 11:00:12,0.0,0.0
22728,POS消费,地点12,文印中心,2014/06/30 11:00:12,0.1,0.61
22728,卡片开户,,,2014/07/17 09:36:05,0.0,0.0
22728,卡充值,,,2014/08/30 17:22:00,200.0,200.0
22728,POS消费,地点264,食堂,2014/08/30 17:27:27,10.4,189.6
22728,POS消费,地点1847,食堂,2014/08/30 17:29:15,1.5,188.1
22728,POS消费,地点1655,淋浴,2014/08/31 00:04:58,1.1,187.0
22728,POS消费,地点21,开水,2014/08/31 08:26:24,2.4,184.6
22728,POS消费,地点1547,食堂,2014/08/31 08:37:00,1.0,183.6
22728,POS消费,地点237,食堂,2014/08/31 11:05:39,2.2,181.4
22728,POS消费,地点192,超市,2014/08/31 11:26:48,11.7,169.7
22728,POS消费,地点21,开水,2014/08/31 16:36:44,6.0,163.7
