22787,卡片开户,,,2014/07/14 10:18:17,0.0,0.0
22787,卡充值,,,2014/08/29 16:55:25,500.0,500.0
22787,POS消费,地点1888,开水,2014/08/29 20:45:36,0.01,499.99
22787,POS消费,地点1888,开水,2014/08/29 20:46:10,0.01,499.98
22787,POS消费,地点1888,开水,2014/08/29 20:50:11,0.01,499.97
22787,POS消费,地点1888,开水,2014/08/29 20:52:59,0.01,499.96
22787,POS消费,地点65,食堂,2014/08/30 09:02:38,1.4,498.56
22787,POS消费,地点65,食堂,2014/08/30 09:03:27,0.8,497.76
22787,POS消费,地点161,食堂,2014/08/30 09:06:16,1.6,496.16
22787,POS消费,地点1674,食堂,2014/08/30 11:39:00,1.4,494.76
22787,POS消费,地点21,开水,2014/08/30 11:56:46,11.2,483.56
22787,POS消费,地点192,超市,2014/08/30 12:10:50,30.0,453.56
22787,POS消费,地点192,超市,2014/08/30 12:10:53,27.1,426.46
22787,POS消费,地点1951,淋浴,2014/08/30 18:50:45,0.3,426.16
22787,POS消费,地点1951,淋浴,2014/08/30 18:54:51,0.3,425.86
22787,POS消费,地点1951,淋浴,2014/08/30 18:57:37,0.8,425.06
22787,POS消费,地点21,开水,2014/08/31 07:56:55,0.6,424.46
22787,POS消费,地点213,食堂,2014/08/31 11:13:50,0.3,424.16
22787,POS消费,地点1674,食堂,2014/08/31 11:35:21,1.44,422.72
22787,POS消费,地点27,教务处,2014/08/31 16:51:40,15.0,407.72
22787,POS消费,地点21,开水,2014/08/31 17:41:41,1.8,405.92
22787,POS消费,地点21,开水,2014/08/31 17:41:50,1.5,404.42
