22841,卡片开户,,,2014/07/19 16:33:20,0.0,0.0
22841,卡充值,,,2014/08/30 11:04:34,200.0,200.0
22841,POS消费,地点87,食堂,2014/08/30 12:24:03,4.6,195.4
22841,POS消费,地点65,食堂,2014/08/30 17:12:14,8.6,186.8
22841,POS消费,地点188,超市,2014/08/30 21:03:57,24.6,162.2
22841,POS消费,地点1844,淋浴,2014/08/30 22:22:07,0.3,161.9
22841,POS消费,地点192,超市,2014/08/31 09:59:11,17.8,144.1
22841,POS消费,地点124,食堂,2014/08/31 11:52:05,4.5,139.6
22841,POS消费,地点124,食堂,2014/08/31 11:52:44,4.5,135.1
22841,POS消费,地点1847,食堂,2014/08/31 12:11:24,1.5,133.6
22841,POS消费,地点314,食堂,2014/08/31 12:20:49,14.7,118.9
22841,POS消费,地点114,食堂,2014/08/31 13:51:45,5.0,113.9
22841,POS消费,地点1846,淋浴,2014/08/31 21:02:48,0.1,113.8
