22897,卡片开户,,,2014/07/16 13:23:16,0.0,0.0
22897,卡充值,,,2014/08/29 15:16:13,200.0,200.0
22897,POS消费,地点192,超市,2014/08/29 15:42:20,30.0,170.0
22897,POS消费,地点192,超市,2014/08/29 15:42:24,0.8,169.2
22897,POS消费,地点188,超市,2014/08/29 16:32:04,20.3,148.9
22897,POS消费,地点188,超市,2014/08/29 17:21:23,88.5,60.4
22897,POS消费,地点134,食堂,2014/08/29 18:51:37,9.6,50.8
22897,POS消费,地点103,食堂,2014/08/30 09:37:27,4.4,46.4
22897,POS消费,地点91,校车,2014/08/30 13:02:43,8.0,38.4
22897,POS消费,地点114,食堂,2014/08/30 13:25:29,10.0,28.4
22897,POS消费,地点157,食堂,2014/08/30 17:52:28,10.6,17.8
22897,POS消费,地点1533,淋浴,2014/08/31 00:40:20,0.1,7.4
22897,POS消费,地点1533,淋浴,2014/08/31 00:42:03,0.3,7.1
22897,POS消费,地点1533,淋浴,2014/08/31 11:51:36,0.2,6.9
22897,卡充值,,,2014/08/31 12:03:41,200.0,206.9
22897,POS消费,地点1961,超市,2014/08/31 12:18:48,3.5,203.4
22897,POS消费,地点203,食堂,2014/08/31 12:36:23,6.5,196.9
22897,POS消费,地点21,开水,2014/08/31 17:39:24,8.6,188.3
22897,POS消费,地点188,超市,2014/08/31 21:36:23,6.9,181.4
