22981,卡片开户,,,2014/07/20 10:12:59,0.0,0.0
22981,卡充值,,,2014/08/29 09:19:19,100.0,100.0
22981,POS消费,地点179,食堂,2014/08/29 18:23:46,4.4,95.6
22981,POS消费,地点1588,食堂,2014/08/30 08:08:11,1.6,94.0
22981,POS消费,地点1588,食堂,2014/08/30 08:08:54,2.0,92.0
22981,POS消费,地点1588,食堂,2014/08/30 08:09:03,1.6,90.4
22981,POS消费,地点21,开水,2014/08/30 11:48:16,7.2,83.2
22981,POS消费,地点157,食堂,2014/08/30 12:02:44,10.4,72.8
22981,POS消费,地点1322,淋浴,2014/08/30 12:45:44,0.2,72.6
22981,POS消费,地点1322,淋浴,2014/08/30 12:53:12,0.2,72.1
22981,POS消费,地点1322,淋浴,2014/08/30 12:55:53,0.1,72.0
22981,POS消费,地点1322,淋浴,2014/08/30 12:56:10,0.3,72.3
22981,POS消费,地点1322,淋浴,2014/08/30 12:58:06,0.3,71.7
22981,POS消费,地点21,开水,2014/08/31 12:31:14,3.0,68.7
