22998,卡片开户,,,2014/07/16 11:38:06,0.0,0.0
22998,卡充值,,,2014/08/29 13:30:53,300.0,300.0
22998,POS消费,地点61,食堂,2014/08/29 13:54:22,5.6,294.4
22998,POS消费,地点61,食堂,2014/08/29 13:54:33,4.6,289.8
22998,POS消费,地点222,校车,2014/08/29 15:52:10,1.0,288.8
22998,POS消费,地点222,校车,2014/08/29 15:57:57,1.0,287.8
22998,POS消费,地点192,超市,2014/08/29 20:58:34,30.0,257.8
22998,POS消费,地点192,超市,2014/08/29 20:58:39,17.3,240.5
22998,POS消费,地点356,开水,2014/08/29 21:45:34,0.01,240.49
22998,POS消费,地点465,淋浴,2014/08/29 21:59:09,0.5,239.59
22998,POS消费,地点314,食堂,2014/08/30 12:51:31,89.1,150.49
22998,POS消费,地点314,食堂,2014/08/30 12:52:00,0.3,150.19
22998,POS消费,地点124,食堂,2014/08/30 17:33:01,3.0,147.19
22998,POS消费,地点465,淋浴,2014/08/30 20:58:17,1.1,146.09
22998,POS消费,地点65,食堂,2014/08/31 08:15:59,0.8,145.29
22998,POS消费,地点161,食堂,2014/08/31 08:20:36,2.3,142.99
22998,POS消费,地点233,食堂,2014/08/31 11:06:40,3.4,139.59
22998,POS消费,地点382,开水,2014/08/31 12:24:40,0.02,139.57
22998,POS消费,地点168,食堂,2014/08/31 17:17:53,5.5,134.07
22998,POS消费,地点382,开水,2014/08/31 18:19:24,0.01,134.06
22998,POS消费,地点377,淋浴,2014/08/31 19:13:35,0.5,133.56
22998,POS消费,地点382,开水,2014/08/31 20:48:20,0.02,133.54
