23111,卡片开户,,,2014/07/19 16:12:02,0.0,0.0
23111,卡充值,,,2014/08/28 12:19:33,500.0,500.0
23111,POS消费,地点810,洗衣房,2014/08/28 16:25:29,3.6,496.4
23111,卡充值,,,2014/08/28 17:48:10,500.0,996.4
23111,POS消费,地点192,超市,2014/08/28 20:50:44,30.0,966.4
23111,POS消费,地点192,超市,2014/08/28 20:50:47,30.0,936.4
23111,POS消费,地点192,超市,2014/08/28 20:50:50,30.0,906.4
23111,POS消费,地点192,超市,2014/08/28 20:51:01,10.5,895.9
23111,POS消费,地点36,开水,2014/08/28 20:55:32,0.01,895.89
23111,POS消费,地点36,开水,2014/08/28 20:56:39,0.01,895.88
23111,POS消费,地点195,超市,2014/08/29 13:19:33,30.0,865.88
23111,POS消费,地点195,超市,2014/08/29 13:19:36,5.2,860.68
23111,POS消费,地点21,开水,2014/08/29 18:11:27,1.85,858.83
23111,POS消费,地点21,开水,2014/08/29 18:11:53,4.9,853.93
23111,POS消费,地点314,食堂,2014/08/29 22:18:49,30.0,823.93
23111,POS消费,地点314,食堂,2014/08/29 22:18:53,12.0,811.93
23111,POS消费,地点314,食堂,2014/08/29 22:20:44,51.4,760.53
23111,POS消费,地点755,淋浴,2014/08/29 22:38:21,0.8,759.73
23111,POS消费,地点755,淋浴,2014/08/29 23:55:28,0.4,759.33
23111,POS消费,地点36,开水,2014/08/30 21:25:35,0.01,759.32
23111,POS消费,地点232,食堂,2014/08/30 23:08:25,0.6,758.72
23111,POS消费,地点6,淋浴,2014/08/31 23:31:53,0.5,758.22
