23124,卡片开户,,,2014/07/19 15:04:33,0.0,0.0
23124,卡充值,,,2014/08/29 13:02:11,400.0,400.0
23124,POS消费,地点218,食堂,2014/08/29 13:04:07,1.0,399.0
23124,POS消费,地点195,超市,2014/08/29 14:37:36,30.0,369.0
23124,POS消费,地点195,超市,2014/08/29 14:37:41,30.0,339.0
23124,POS消费,地点195,超市,2014/08/29 14:37:45,8.6,330.4
23124,POS消费,地点1269,校车,2014/08/29 18:35:35,2.0,328.4
23124,POS消费,地点1269,校车,2014/08/29 18:35:41,2.0,326.4
23124,POS消费,地点1269,校车,2014/08/29 18:35:50,2.0,324.4
23124,POS消费,地点213,食堂,2014/08/30 16:28:56,0.5,323.9
23124,POS消费,地点314,食堂,2014/08/30 16:46:10,30.0,293.9
23124,POS消费,地点314,食堂,2014/08/30 16:46:15,13.4,280.5
23124,POS消费,地点195,超市,2014/08/30 19:25:35,10.4,270.1
23124,POS消费,地点184,食堂,2014/08/31 12:23:51,4.6,265.5
23124,POS消费,地点1905,淋浴,2014/08/31 23:03:32,0.9,264.6
