23148,卡片开户,,,2014/07/19 09:46:26,0.0,0.0
23148,卡充值,,,2014/08/28 17:56:35,200.0,200.0
23148,POS消费,地点69,食堂,2014/08/29 08:47:51,3.0,196.4
23148,POS消费,地点69,食堂,2014/08/29 08:48:07,3.2,193.2
23148,POS消费,地点60,食堂,2014/08/29 08:48:22,0.6,199.4
23148,POS消费,地点69,食堂,2014/08/29 12:33:02,9.6,183.6
23148,POS消费,地点69,食堂,2014/08/29 12:33:17,8.6,175.0
23148,POS消费,地点69,食堂,2014/08/29 12:33:38,8.6,166.4
23148,POS消费,地点218,食堂,2014/08/29 12:35:33,8.7,157.7
23148,POS消费,地点26,图书馆,2014/08/29 14:03:11,86.2,71.5
23148,POS消费,地点1843,淋浴,2014/08/29 20:25:37,1.0,70.5
23148,POS消费,地点1942,洗衣房,2014/08/29 21:27:57,-3.54,70.44
23148,POS消费,地点1942,洗衣房,2014/08/29 21:27:57,3.6,66.9
23148,POS消费,地点1937,洗衣房,2014/08/29 21:28:26,-3.54,70.38
23148,POS消费,地点1937,洗衣房,2014/08/29 21:28:26,3.6,66.84
23148,POS消费,地点1937,洗衣房,2014/08/30 09:49:08,3.6,66.78
23148,卡充值,,,2014/08/30 11:23:21,300.0,366.78
23148,POS消费,地点103,食堂,2014/08/30 11:42:43,7.0,359.78
23148,POS消费,地点103,食堂,2014/08/30 11:42:46,0.6,359.18
23148,POS消费,地点103,食堂,2014/08/30 11:43:03,7.6,351.58
23148,POS消费,地点103,食堂,2014/08/30 11:43:18,7.6,343.98
23148,POS消费,地点91,校车,2014/08/30 16:46:25,5.5,338.48
23148,POS消费,地点21,开水,2014/08/30 17:09:32,4.0,334.48
23148,POS消费,地点21,开水,2014/08/30 19:01:27,29.2,305.28
23148,POS消费,地点1843,淋浴,2014/08/30 20:21:42,1.2,304.08
23148,POS消费,地点21,开水,2014/08/31 08:02:06,3.8,300.28
23148,POS消费,地点21,开水,2014/08/31 08:02:40,0.8,299.48
23148,POS消费,地点21,开水,2014/08/31 11:29:31,8.6,290.88
23148,POS消费,地点21,开水,2014/08/31 11:32:05,1.5,289.38
23148,POS消费,地点21,开水,2014/08/31 18:07:19,10.6,278.78
23148,POS消费,地点21,开水,2014/08/31 18:11:35,4.0,274.78
23148,POS消费,地点21,开水,2014/08/31 21:52:44,7.06,267.72
23148,POS消费,地点1844,淋浴,2014/08/31 23:42:20,1.3,266.42
