23461,卡片开户,,,2014/07/17 09:06:05,0.0,0.0
23461,卡充值,,,2014/08/27 12:58:09,300.0,300.0
23461,POS消费,地点21,开水,2014/08/27 13:13:01,30.0,270.0
23461,POS消费,地点21,开水,2014/08/27 13:13:05,30.0,240.0
23461,POS消费,地点21,开水,2014/08/27 13:13:08,30.0,210.0
23461,POS消费,地点21,开水,2014/08/27 13:13:21,30.0,180.0
23461,POS消费,地点21,开水,2014/08/27 13:13:30,30.0,150.0
23461,POS消费,地点21,开水,2014/08/27 13:13:44,30.0,120.0
23461,POS消费,地点21,开水,2014/08/27 13:14:01,0.4,119.6
23461,POS消费,地点195,超市,2014/08/27 15:30:14,29.0,90.6
23461,卡充值,,,2014/08/27 15:49:16,500.0,590.6
23461,POS消费,地点1451,校车,2014/08/27 15:56:19,1.0,589.6
23461,POS消费,地点1451,校车,2014/08/27 15:56:42,1.0,588.6
23461,POS消费,地点146,校车,2014/08/27 16:49:51,1.0,587.6
23461,POS消费,地点146,校车,2014/08/27 16:49:59,1.0,586.6
23461,POS消费,地点1693,淋浴,2014/08/27 22:19:20,0.4,586.2
23461,POS消费,地点26,图书馆,2014/08/28 17:41:26,28.0,558.2
23461,POS消费,地点1694,淋浴,2014/08/28 22:32:25,0.4,557.8
23461,POS消费,地点1036,食堂,2014/08/29 12:35:06,5.5,552.3
23461,POS消费,地点1480,开水,2014/08/29 14:16:56,0.01,552.29
23461,POS消费,地点1472,校车,2014/08/29 19:11:00,1.0,551.29
23461,POS消费,地点114,食堂,2014/08/30 08:41:12,3.0,548.29
23461,POS消费,地点203,食堂,2014/08/30 18:46:44,6.5,541.79
23461,POS消费,地点203,食堂,2014/08/30 18:49:34,7.1,534.69
23461,POS消费,地点1873,淋浴,2014/08/30 19:19:05,0.4,534.29
23461,POS消费,地点1480,开水,2014/08/30 22:56:34,0.01,534.28
23461,POS消费,地点1480,开水,2014/08/31 07:23:06,0.01,534.27
23461,POS消费,地点82,食堂,2014/08/31 11:57:23,6.1,528.17
23461,POS消费,地点1480,开水,2014/08/31 12:12:28,0.01,528.16
23461,POS消费,地点91,校车,2014/08/31 17:44:33,3.0,525.16
23461,POS消费,地点1694,淋浴,2014/08/31 22:22:43,0.2,524.96
