23542,卡片开户,,,2014/07/16 12:41:54,0.0,0.0
23542,卡充值,,,2014/08/28 09:43:49,300.0,300.0
23542,POS消费,地点21,开水,2014/08/28 12:14:50,48.7,251.3
23542,POS消费,地点21,开水,2014/08/28 12:14:56,100.0,151.3
23542,POS消费,地点69,食堂,2014/08/28 17:37:32,5.6,145.7
23542,POS消费,地点69,食堂,2014/08/28 17:37:57,8.6,137.1
23542,卡充值,,,2014/08/28 18:00:45,200.0,337.1
23542,POS消费,地点72,食堂,2014/08/29 18:09:41,9.6,320.9
23542,POS消费,地点61,食堂,2014/08/29 18:21:23,6.6,330.5
23542,POS消费,地点1472,校车,2014/08/29 19:27:06,1.0,319.9
23542,POS消费,地点21,开水,2014/08/30 21:56:46,4.7,315.2
23542,POS消费,地点1894,淋浴,2014/08/30 22:41:24,0.1,315.1
23542,POS消费,地点242,食堂,2014/08/31 11:24:58,2.1,313.0
23542,POS消费,地点188,超市,2014/08/31 11:41:16,6.2,306.8
23542,POS消费,地点65,食堂,2014/08/31 17:39:53,5.6,301.2
23542,POS消费,地点218,食堂,2014/08/31 17:50:14,3.5,297.7
23542,POS消费,地点1893,淋浴,2014/08/31 18:31:32,0.1,297.6
23542,POS消费,地点1893,淋浴,2014/08/31 18:34:17,0.4,297.1
23542,POS消费,地点1893,淋浴,2014/08/31 18:39:47,0.1,297.5
