23555,卡片开户,,,2014/07/14 10:10:21,0.0,0.0
23555,卡充值,,,2014/07/23 11:23:49,100.0,100.0
23555,POS消费,地点1451,校车,2014/08/28 19:30:13,1.0,99.0
23555,POS消费,地点1900,洗衣房,2014/08/28 19:42:03,3.6,95.4
23555,POS消费,地点60,食堂,2014/08/29 09:08:16,0.5,94.9
23555,POS消费,地点60,食堂,2014/08/29 09:08:22,0.5,94.4
23555,POS消费,地点69,食堂,2014/08/29 13:57:59,8.6,77.2
23555,POS消费,地点61,食堂,2014/08/29 14:10:17,8.6,85.8
23555,POS消费,地点305,食堂,2014/08/29 18:27:18,12.0,55.6
23555,POS消费,地点134,食堂,2014/08/29 18:38:00,9.6,67.6
23555,POS消费,地点134,食堂,2014/08/29 18:43:00,4.6,51.0
23555,POS消费,地点305,食堂,2014/08/30 12:12:50,6.0,31.74
23555,POS消费,地点305,食堂,2014/08/30 12:13:02,6.0,25.74
23555,POS消费,地点134,食堂,2014/08/30 12:22:08,4.66,46.34
23555,POS消费,地点134,食堂,2014/08/30 12:22:28,8.6,37.74
23555,POS消费,地点219,超市,2014/08/30 14:13:25,1.0,24.74
23555,POS消费,地点1624,淋浴,2014/08/30 16:42:29,0.3,24.44
23555,POS消费,地点1624,淋浴,2014/08/30 16:45:26,0.3,24.14
23555,POS消费,地点21,开水,2014/08/30 17:12:52,7.6,16.54
23555,POS消费,地点243,食堂,2014/08/30 17:57:14,2.9,13.64
23555,POS消费,地点134,食堂,2014/08/31 07:46:17,0.8,12.84
23555,POS消费,地点103,食堂,2014/08/31 07:50:59,0.8,12.04
23555,POS消费,地点21,开水,2014/08/31 11:13:30,7.6,4.44
23555,POS消费,地点21,开水,2014/08/31 11:14:51,1.5,2.94
23555,卡充值,,,2014/08/31 11:49:25,200.0,202.94
23555,POS消费,地点188,超市,2014/08/31 11:54:39,2.5,200.44
23555,POS消费,地点103,食堂,2014/08/31 17:41:09,4.1,196.34
23555,POS消费,地点92,食堂,2014/08/31 17:42:27,3.9,192.44
23555,POS消费,地点1625,淋浴,2014/08/31 23:03:04,0.1,192.34
23555,POS消费,地点1625,淋浴,2014/08/31 23:05:19,0.1,192.24
23555,POS消费,地点1625,淋浴,2014/08/31 23:05:21,0.3,191.94
