23599,卡片开户,,,2014/07/16 10:52:03,0.0,0.0
23599,卡充值,,,2014/08/27 15:31:09,100.0,100.0
23599,POS消费,地点741,淋浴,2014/08/27 22:04:30,0.1,99.9
23599,POS消费,地点48,淋浴,2014/08/27 22:15:33,0.5,99.4
23599,POS消费,地点72,食堂,2014/08/28 08:14:19,0.4,98.18
23599,POS消费,地点72,食堂,2014/08/28 08:14:55,1.8,96.38
23599,POS消费,地点1700,食堂,2014/08/28 08:19:04,0.8,98.58
23599,POS消费,地点72,食堂,2014/08/28 09:02:44,6.4,88.48
23599,POS消费,地点60,食堂,2014/08/28 09:08:50,1.5,94.88
23599,POS消费,地点198,淋浴,2014/08/28 23:25:29,0.5,87.98
23599,POS消费,地点59,食堂,2014/08/29 10:55:03,3.4,84.58
23599,POS消费,地点72,食堂,2014/08/29 10:57:06,4.0,80.58
23599,POS消费,地点198,淋浴,2014/08/29 21:55:59,0.3,80.28
23599,POS消费,地点61,食堂,2014/08/30 08:42:30,2.0,78.28
23599,POS消费,地点184,食堂,2014/08/30 17:51:16,3.4,74.88
23599,POS消费,地点251,食堂,2014/08/30 17:56:30,1.5,73.38
23599,POS消费,地点48,淋浴,2014/08/30 22:06:00,0.5,72.88
23599,POS消费,地点69,食堂,2014/08/31 11:41:21,8.4,64.48
23599,POS消费,地点184,食堂,2014/08/31 18:06:52,4.1,60.38
23599,POS消费,地点184,食堂,2014/08/31 18:07:22,5.4,54.98
23599,POS消费,地点251,食堂,2014/08/31 18:08:44,2.5,52.48
23599,POS消费,地点911,淋浴,2014/08/31 21:55:35,0.5,51.98
