23887,卡片开户,,,2014/07/16 13:45:37,0.0,0.0
23887,卡充值,,,2014/08/28 14:38:32,800.0,800.0
23887,POS消费,地点65,食堂,2014/08/30 11:42:31,6.6,793.4
23887,POS消费,地点65,食堂,2014/08/30 11:43:25,5.6,787.8
23887,POS消费,地点65,食堂,2014/08/30 11:43:50,8.44,779.36
23887,POS消费,地点65,食堂,2014/08/30 11:43:55,-8.44,787.8
23887,POS消费,地点65,食堂,2014/08/30 11:44:02,8.4,779.4
23887,POS消费,地点21,开水,2014/08/30 12:02:45,3.0,776.4
23887,POS消费,地点21,开水,2014/08/31 09:16:23,1.8,774.2
23887,POS消费,地点232,食堂,2014/08/31 17:40:30,3.0,771.2
23887,POS消费,地点232,食堂,2014/08/31 17:40:34,6.0,765.2
23887,POS消费,地点21,开水,2014/08/31 21:31:03,7.2,758.0
23887,POS消费,地点1656,淋浴,2014/08/31 23:15:41,0.5,757.5
