23923,卡片开户,,,2014/07/18 16:43:07,0.0,0.0
23923,卡充值,,,2014/08/30 09:32:07,100.0,100.0
23923,POS消费,地点263,食堂,2014/08/30 11:37:38,9.6,90.4
23923,POS消费,地点263,食堂,2014/08/30 11:38:02,8.0,82.4
23923,POS消费,地点263,食堂,2014/08/30 11:38:06,0.6,81.8
23923,POS消费,地点263,食堂,2014/08/30 11:39:20,8.6,65.6
23923,POS消费,地点269,食堂,2014/08/30 11:40:10,7.6,74.2
23923,POS消费,地点263,食堂,2014/08/30 11:41:41,8.6,44.0
23923,POS消费,地点1547,食堂,2014/08/30 11:42:57,4.0,61.6
23923,POS消费,地点204,食堂,2014/08/30 11:42:59,9.0,52.6
23923,POS消费,地点283,食堂,2014/08/30 11:51:01,4.0,40.0
23923,POS消费,地点219,超市,2014/08/30 15:37:31,8.0,32.0
23923,POS消费,地点269,食堂,2014/08/30 17:47:05,8.6,23.4
23923,POS消费,地点1645,淋浴,2014/08/30 21:58:20,0.3,23.1
23923,POS消费,地点1645,淋浴,2014/08/30 22:02:07,0.3,22.8
23923,POS消费,地点184,食堂,2014/08/31 09:10:49,2.4,20.4
23923,POS消费,地点89,食堂,2014/08/31 11:44:53,4.5,15.9
23923,POS消费,地点192,超市,2014/08/31 12:06:47,6.0,9.9
23923,POS消费,地点1645,淋浴,2014/08/31 17:40:54,0.2,9.7
23923,POS消费,地点1645,淋浴,2014/08/31 17:44:39,0.3,9.4
