23972,卡片开户,,,2014/07/16 12:14:13,0.0,0.0
23972,卡充值,,,2014/08/29 11:40:28,300.0,300.0
23972,POS消费,地点230,食堂,2014/08/29 12:27:56,15.0,285.0
23972,POS消费,地点21,开水,2014/08/29 16:41:34,0.17,284.83
23972,POS消费,地点1919,淋浴,2014/08/29 23:31:35,0.9,283.93
23972,POS消费,地点1916,淋浴,2014/08/30 20:44:48,1.0,282.93
23972,POS消费,地点65,食堂,2014/08/31 08:03:58,0.5,282.43
23972,POS消费,地点65,食堂,2014/08/31 08:04:02,0.5,281.93
23972,POS消费,地点250,食堂,2014/08/31 11:23:21,12.0,269.93
23972,POS消费,地点1036,食堂,2014/08/31 11:25:44,1.5,268.43
23972,POS消费,地点91,校车,2014/08/31 17:17:43,8.2,260.23
