24069,卡片开户,,,2014/07/16 10:29:11,0.0,0.0
24069,卡充值,,,2014/08/29 12:55:06,200.0,200.0
24069,POS消费,地点60,食堂,2014/08/29 13:11:10,13.0,187.0
24069,POS消费,地点60,食堂,2014/08/29 13:11:21,0.6,186.4
24069,POS消费,地点60,食堂,2014/08/29 13:11:47,8.6,177.8
24069,POS消费,地点60,食堂,2014/08/29 13:12:03,5.6,172.2
24069,POS消费,地点218,食堂,2014/08/29 18:39:38,3.8,168.4
24069,POS消费,地点218,食堂,2014/08/29 18:39:45,1.0,167.4
24069,POS消费,地点227,食堂,2014/08/29 18:53:40,3.5,163.9
24069,POS消费,地点61,食堂,2014/08/29 18:58:59,4.6,159.3
24069,POS消费,地点61,食堂,2014/08/29 18:59:06,0.6,158.7
24069,POS消费,地点1919,淋浴,2014/08/29 19:43:57,0.1,158.6
24069,POS消费,地点1919,淋浴,2014/08/29 19:44:30,0.1,158.5
24069,POS消费,地点1919,淋浴,2014/08/29 19:44:37,0.5,158.0
24069,POS消费,地点65,食堂,2014/08/30 09:32:44,1.6,153.6
24069,POS消费,地点61,食堂,2014/08/30 09:44:51,2.8,155.2
24069,POS消费,地点182,食堂,2014/08/30 12:45:02,7.6,146.0
24069,POS消费,地点182,食堂,2014/08/30 12:46:26,8.6,137.4
24069,POS消费,地点269,食堂,2014/08/30 12:48:47,8.6,128.8
24069,POS消费,地点72,食堂,2014/08/30 17:06:52,7.8,121.0
24069,POS消费,地点230,食堂,2014/08/30 17:22:43,5.0,116.0
24069,POS消费,地点218,食堂,2014/08/30 17:31:59,8.2,107.8
24069,POS消费,地点1322,淋浴,2014/08/30 21:23:37,0.4,107.4
24069,POS消费,地点61,食堂,2014/08/31 08:23:19,1.6,105.8
24069,POS消费,地点232,食堂,2014/08/31 10:46:17,10.0,95.8
24069,POS消费,地点218,食堂,2014/08/31 11:05:36,1.0,94.8
24069,POS消费,地点21,开水,2014/08/31 11:09:47,9.0,85.8
24069,POS消费,地点1961,超市,2014/08/31 16:58:59,0.1,85.7
24069,POS消费,地点21,开水,2014/08/31 17:14:57,1.2,84.5
24069,POS消费,地点1926,淋浴,2014/08/31 21:53:17,0.6,83.9
