24161,卡片开户,,,2014/07/18 16:35:07,0.0,0.0
24161,卡充值,,,2014/08/27 16:06:52,500.0,500.0
24161,POS消费,地点188,超市,2014/08/27 18:17:49,98.3,401.7
24161,POS消费,地点21,开水,2014/08/27 20:00:33,6.8,394.9
24161,POS消费,地点188,超市,2014/08/27 21:26:54,27.4,367.5
24161,POS消费,地点91,校车,2014/08/28 07:40:09,1.85,365.65
24161,POS消费,地点91,校车,2014/08/28 07:40:37,0.5,365.15
24161,POS消费,地点61,食堂,2014/08/28 11:46:01,4.6,360.55
24161,POS消费,地点192,超市,2014/08/28 16:38:21,30.0,330.55
24161,POS消费,地点192,超市,2014/08/28 16:38:25,5.8,324.75
24161,POS消费,地点192,超市,2014/08/28 16:54:54,30.0,294.75
24161,POS消费,地点192,超市,2014/08/28 16:54:59,1.8,292.95
24161,POS消费,地点87,食堂,2014/08/28 18:05:47,0.6,288.15
24161,POS消费,地点21,开水,2014/08/28 18:19:48,4.2,288.75
24161,POS消费,地点1442,校车,2014/08/28 19:44:50,1.0,287.15
24161,POS消费,地点21,开水,2014/08/28 20:13:56,4.8,282.35
24161,POS消费,地点1602,淋浴,2014/08/28 22:32:45,0.2,282.15
24161,POS消费,地点1602,淋浴,2014/08/28 22:35:02,0.3,281.85
24161,POS消费,地点65,食堂,2014/08/29 07:59:23,0.2,281.35
24161,POS消费,地点69,食堂,2014/08/29 08:04:29,0.35,281.0
24161,POS消费,地点60,食堂,2014/08/29 08:07:03,0.3,281.55
24161,POS消费,地点222,校车,2014/08/29 08:20:35,1.0,280.0
24161,POS消费,地点222,校车,2014/08/29 08:22:52,1.0,279.0
24161,POS消费,地点188,超市,2014/08/29 10:14:53,3.5,275.5
24161,POS消费,地点21,开水,2014/08/29 13:53:39,8.6,266.9
24161,POS消费,地点21,开水,2014/08/29 13:55:31,12.6,254.3
24161,POS消费,地点21,开水,2014/08/29 13:55:54,12.6,241.7
24161,POS消费,地点59,食堂,2014/08/29 17:52:34,3.6,238.1
24161,POS消费,地点21,开水,2014/08/29 19:11:13,2.2,235.9
24161,POS消费,地点21,开水,2014/08/30 07:42:31,0.35,235.55
24161,POS消费,地点65,食堂,2014/08/30 07:46:01,0.2,234.55
24161,POS消费,地点60,食堂,2014/08/30 07:52:40,0.8,234.75
24161,POS消费,地点59,食堂,2014/08/30 12:09:33,3.6,230.95
24161,POS消费,地点218,食堂,2014/08/30 12:25:58,0.8,230.15
24161,POS消费,地点188,超市,2014/08/30 12:38:39,7.8,222.35
24161,POS消费,地点213,食堂,2014/08/30 15:44:55,1.0,221.35
24161,POS消费,地点192,超市,2014/08/30 16:01:04,6.8,214.55
24161,POS消费,地点184,食堂,2014/08/30 18:09:10,5.1,209.45
24161,POS消费,地点188,超市,2014/08/30 21:27:40,2.0,207.45
24161,POS消费,地点21,开水,2014/08/30 21:29:40,3.3,204.15
24161,POS消费,地点188,超市,2014/08/30 21:31:32,2.3,201.85
24161,POS消费,地点60,食堂,2014/08/31 08:35:08,0.5,201.35
24161,POS消费,地点61,食堂,2014/08/31 12:01:12,6.8,194.55
24161,POS消费,地点192,超市,2014/08/31 12:07:45,2.5,192.05
