24187,卡片开户,,,2014/07/19 09:19:38,0.0,0.0
24187,卡充值,,,2014/08/29 14:50:35,1500.0,1500.0
24187,POS消费,地点188,超市,2014/08/29 15:02:20,26.5,1473.5
24187,POS消费,地点188,超市,2014/08/29 15:02:51,100.0,1373.5
24187,POS消费,地点60,食堂,2014/08/30 08:33:30,0.8,1372.7
24187,POS消费,地点21,开水,2014/08/30 09:07:17,75.8,1296.9
24187,POS消费,地点21,开水,2014/08/30 11:47:08,2.0,1294.9
24187,POS消费,地点184,食堂,2014/08/30 12:04:03,3.0,1291.9
24187,POS消费,地点188,超市,2014/08/30 12:30:09,24.5,1267.4
24187,POS消费,地点61,食堂,2014/08/30 18:08:28,5.2,1262.2
24187,POS消费,地点192,超市,2014/08/30 18:27:57,16.0,1246.2
24187,POS消费,地点61,食堂,2014/08/31 08:42:44,5.8,1240.4
24187,POS消费,地点91,校车,2014/08/31 11:50:17,5.5,1234.9
24187,POS消费,地点192,超市,2014/08/31 16:56:01,12.4,1222.5
24187,POS消费,地点21,开水,2014/08/31 18:23:29,4.2,1218.3
