24266,卡片开户,,,2014/07/18 12:01:30,0.0,0.0
24266,卡充值,,,2014/08/28 18:41:34,300.0,300.0
24266,POS消费,地点1130,淋浴,2014/08/28 21:48:02,0.1,299.9
24266,POS消费,地点1130,淋浴,2014/08/28 21:49:33,0.7,299.2
24266,POS消费,地点1492,开水,2014/08/29 00:29:53,0.01,299.19
24266,POS消费,地点1492,开水,2014/08/29 00:30:15,0.01,299.18
24266,POS消费,地点21,开水,2014/08/29 17:26:55,2.0,297.18
24266,POS消费,地点1693,淋浴,2014/08/30 09:28:23,0.1,297.08
24266,POS消费,地点1693,淋浴,2014/08/30 09:29:56,0.5,296.58
24266,POS消费,地点251,食堂,2014/08/30 13:03:58,0.6,295.98
24266,POS消费,地点89,食堂,2014/08/30 13:08:49,3.0,292.98
24266,POS消费,地点65,食堂,2014/08/30 17:56:40,5.6,287.38
24266,POS消费,地点1873,淋浴,2014/08/30 23:30:37,0.5,286.88
24266,POS消费,地点114,食堂,2014/08/31 08:22:31,2.5,284.38
24266,POS消费,地点232,食堂,2014/08/31 11:42:43,4.4,279.98
24266,POS消费,地点21,开水,2014/08/31 12:24:30,0.9,279.08
24266,POS消费,地点1923,淋浴,2014/08/31 17:14:55,0.6,278.48
24266,POS消费,地点21,开水,2014/08/31 18:05:52,4.2,274.28
