24283,卡片开户,,,2014/07/14 09:40:10,0.0,0.0
24283,卡充值,,,2014/08/29 17:40:51,200.0,200.0
24283,POS消费,地点114,食堂,2014/08/29 17:41:28,2.0,198.0
24283,POS消费,地点91,校车,2014/08/29 17:44:26,4.8,173.2
24283,POS消费,地点232,食堂,2014/08/29 17:49:31,20.0,178.0
24283,POS消费,地点1847,食堂,2014/08/29 18:19:24,3.0,170.2
24283,POS消费,地点21,开水,2014/08/29 18:24:19,3.0,167.2
24283,POS消费,地点807,洗衣房,2014/08/29 19:22:53,-3.54,167.14
24283,POS消费,地点807,洗衣房,2014/08/29 19:22:53,3.6,163.6
24283,POS消费,地点807,洗衣房,2014/08/29 19:23:37,3.6,163.54
24283,POS消费,地点807,洗衣房,2014/08/29 19:23:37,-3.54,167.08
24283,POS消费,地点810,洗衣房,2014/08/29 19:24:26,3.6,163.48
24283,POS消费,地点21,开水,2014/08/29 19:53:42,30.0,133.48
24283,POS消费,地点21,开水,2014/08/29 19:53:45,2.8,130.68
24283,POS消费,地点840,食堂,2014/08/30 12:11:20,5.0,125.68
24283,POS消费,地点1686,食堂,2014/08/30 12:12:39,11.6,114.08
24283,POS消费,地点1686,食堂,2014/08/30 12:12:53,13.6,100.48
24283,POS消费,地点1961,超市,2014/08/30 19:39:39,5.0,95.48
24283,POS消费,地点1961,超市,2014/08/30 19:39:45,-5.0,100.48
24283,POS消费,地点1961,超市,2014/08/30 19:40:12,4.3,96.18
24283,POS消费,地点232,食堂,2014/08/30 20:35:10,0.6,95.58
24283,POS消费,地点103,食堂,2014/08/31 08:54:52,2.8,92.78
24283,POS消费,地点179,食堂,2014/08/31 08:57:57,3.1,89.68
24283,POS消费,地点26,图书馆,2014/08/31 11:23:27,19.0,70.68
24283,POS消费,地点192,超市,2014/08/31 13:55:33,5.0,65.68
24283,POS消费,地点526,食堂,2014/08/31 17:35:12,7.0,58.68
24283,POS消费,地点234,食堂,2014/08/31 18:11:07,17.3,41.38
24283,POS消费,地点755,淋浴,2014/08/31 21:00:40,0.8,40.58
24283,POS消费,地点36,开水,2014/08/31 21:29:19,0.01,40.57
