24500,卡片开户,,,2014/07/19 16:16:16,0.0,0.0
24500,卡充值,,,2014/08/29 16:43:40,300.0,300.0
24500,POS消费,地点1538,淋浴,2014/08/29 21:31:16,0.4,299.6
24500,POS消费,地点211,校车,2014/08/30 08:44:44,1.0,298.6
24500,POS消费,地点248,超市,2014/08/30 11:26:18,10.6,288.0
24500,POS消费,地点21,开水,2014/08/30 11:27:10,6.6,281.4
24500,POS消费,地点91,校车,2014/08/30 11:28:01,10.6,270.8
24500,POS消费,地点21,开水,2014/08/30 17:35:37,4.6,266.2
24500,POS消费,地点567,开水,2014/08/30 19:53:22,0.01,266.19
24500,POS消费,地点567,开水,2014/08/30 21:07:38,0.01,266.18
24500,POS消费,地点21,开水,2014/08/31 07:59:18,2.0,263.38
24500,POS消费,地点157,食堂,2014/08/31 08:07:49,0.8,265.38
24500,POS消费,地点526,食堂,2014/08/31 11:51:04,8.0,255.38
24500,POS消费,地点91,校车,2014/08/31 11:55:09,5.6,249.78
24500,POS消费,地点567,开水,2014/08/31 12:38:22,0.01,249.77
24500,POS消费,地点567,开水,2014/08/31 17:18:55,0.01,249.76
24500,POS消费,地点89,食堂,2014/08/31 18:12:48,4.5,245.26
24500,POS消费,地点21,开水,2014/08/31 18:29:29,3.9,241.36
