24678,卡片开户,,,2014/07/17 16:30:45,0.0,0.0
24678,更新卡信息,,,2014/07/17 16:44:56,0.0,0.0
24678,卡充值,,,2014/08/29 10:34:52,500.0,500.0
24678,POS消费,地点272,食堂,2014/08/29 12:00:44,10.0,490.0
24678,POS消费,地点232,食堂,2014/08/29 17:35:35,8.0,482.0
24678,POS消费,地点195,超市,2014/08/29 18:34:38,7.7,474.3
24678,POS消费,地点21,开水,2014/08/29 20:21:40,65.8,408.5
24678,POS消费,地点1655,淋浴,2014/08/29 20:58:16,1.3,407.2
24678,POS消费,地点1901,洗衣房,2014/08/29 21:05:36,3.6,403.6
24678,POS消费,地点72,食堂,2014/08/30 08:20:36,4.5,399.1
24678,POS消费,地点192,超市,2014/08/30 09:42:26,2.8,396.3
24678,POS消费,地点146,校车,2014/08/30 11:01:47,1.0,395.3
24678,POS消费,地点21,开水,2014/08/30 18:23:13,65.7,329.6
24678,POS消费,地点1655,淋浴,2014/08/30 22:16:19,0.7,328.9
24678,POS消费,地点60,食堂,2014/08/31 07:46:26,1.0,327.9
24678,POS消费,地点1614,开水,2014/08/31 08:00:12,0.03,327.87
24678,POS消费,地点91,校车,2014/08/31 11:05:20,5.5,322.37
24678,POS消费,地点91,校车,2014/08/31 11:06:23,1.5,320.87
24678,POS消费,地点21,开水,2014/08/31 11:15:18,9.8,311.07
24678,POS消费,地点230,食堂,2014/08/31 17:58:00,4.5,306.57
24678,POS消费,地点1655,淋浴,2014/08/31 20:07:38,0.7,305.87
24678,POS消费,地点21,开水,2014/08/31 20:26:15,4.5,301.37
24678,POS消费,地点192,超市,2014/08/31 21:14:45,17.0,284.37
24678,POS消费,地点1155,食堂,2014/08/31 21:19:30,1.8,282.57
