24807,卡片开户,,,2014/07/10 12:44:40,0.0,0.0
24807,卡充值,,,2014/08/30 14:54:29,100.0,100.0
24807,POS消费,地点25,开水,2014/08/30 15:04:15,0.02,99.98
24807,POS消费,地点804,洗衣房,2014/08/30 15:18:19,-1.14,99.92
24807,POS消费,地点804,洗衣房,2014/08/30 15:18:19,1.2,98.78
24807,POS消费,地点804,洗衣房,2014/08/30 15:18:45,1.2,98.72
24807,POS消费,地点804,洗衣房,2014/08/30 15:18:45,-0.9,99.62
24807,POS消费,地点804,洗衣房,2014/08/30 15:24:01,-1.02,99.44
24807,POS消费,地点804,洗衣房,2014/08/30 15:24:01,1.2,98.42
24807,POS消费,地点804,洗衣房,2014/08/30 15:28:44,1.2,98.24
24807,POS消费,地点804,洗衣房,2014/08/30 15:46:30,1.2,97.04
24807,POS消费,地点804,洗衣房,2014/08/30 16:11:32,1.2,95.84
24807,POS消费,地点48,淋浴,2014/08/30 21:31:31,1.1,94.74
24807,POS消费,地点25,开水,2014/08/30 21:54:49,0.02,94.72
24807,POS消费,地点25,开水,2014/08/30 21:56:22,0.01,94.71
24807,POS消费,地点2,淋浴,2014/08/31 07:13:57,0.4,94.31
24807,POS消费,地点21,开水,2014/08/31 07:57:14,1.6,92.71
24807,POS消费,地点134,食堂,2014/08/31 11:28:24,8.6,84.11
24807,POS消费,地点192,超市,2014/08/31 11:53:16,8.0,76.11
24807,POS消费,地点192,超市,2014/08/31 11:53:19,0.1,76.01
24807,POS消费,地点21,开水,2014/08/31 16:46:55,4.6,71.41
24807,POS消费,地点1669,淋浴,2014/08/31 22:31:01,1.3,70.11
