24801,卡片开户,,,2014/07/20 10:15:33,0.0,0.0
24801,卡充值,,,2014/08/28 13:42:40,200.0,200.0
24801,POS消费,地点21,开水,2014/08/28 18:19:27,3.0,197.0
24801,POS消费,地点1243,淋浴,2014/08/28 20:27:03,0.3,196.7
24801,POS消费,地点1243,淋浴,2014/08/28 20:39:59,0.4,196.3
24801,POS消费,地点21,开水,2014/08/29 10:45:24,11.4,184.9
24801,POS消费,地点1472,校车,2014/08/29 15:04:45,1.0,183.9
24801,POS消费,地点1451,校车,2014/08/29 17:55:25,1.0,182.9
24801,POS消费,地点1243,淋浴,2014/08/29 21:13:27,0.7,182.2
24801,POS消费,地点168,食堂,2014/08/30 09:01:23,4.5,177.7
24801,POS消费,地点314,食堂,2014/08/30 10:04:08,1.4,176.3
24801,POS消费,地点21,开水,2014/08/30 12:14:51,3.0,173.3
24801,POS消费,地点161,食堂,2014/08/30 17:34:38,5.4,167.9
24801,POS消费,地点1920,淋浴,2014/08/30 22:15:30,0.7,167.2
24801,POS消费,地点114,食堂,2014/08/31 08:10:42,2.0,165.2
24801,POS消费,地点118,食堂,2014/08/31 08:32:05,4.0,161.2
24801,POS消费,地点118,食堂,2014/08/31 08:34:37,2.0,159.2
24801,POS消费,地点161,食堂,2014/08/31 11:19:47,9.4,149.8
24801,POS消费,地点230,食堂,2014/08/31 17:40:48,4.5,145.3
24801,POS消费,地点1920,淋浴,2014/08/31 22:27:50,0.7,144.6
