24860,卡片开户,,,2014/07/18 11:45:54,0.0,0.0
24860,卡充值,,,2014/08/29 11:03:34,1000.0,1000.0
24860,POS消费,地点292,超市,2014/08/29 11:22:24,3.6,996.4
24860,POS消费,地点1588,食堂,2014/08/29 12:03:09,3.9,992.5
24860,POS消费,地点1588,食堂,2014/08/29 12:03:40,7.6,984.9
24860,POS消费,地点179,食堂,2014/08/29 12:04:50,4.4,980.5
24860,POS消费,地点314,食堂,2014/08/30 10:58:20,28.0,952.5
24860,POS消费,地点232,食堂,2014/08/30 11:34:25,10.9,941.6
24860,POS消费,地点243,食堂,2014/08/30 17:32:27,1.0,934.0
24860,POS消费,地点21,开水,2014/08/30 17:33:09,6.6,935.0
24860,POS消费,地点1072,淋浴,2014/08/30 21:16:02,0.2,933.8
24860,POS消费,地点1700,食堂,2014/08/31 08:37:41,2.0,931.8
24860,POS消费,地点91,校车,2014/08/31 11:13:23,5.98,925.82
24860,POS消费,地点21,开水,2014/08/31 11:19:03,13.4,912.42
24860,POS消费,地点91,校车,2014/08/31 18:11:43,8.1,904.32
24860,POS消费,地点188,超市,2014/08/31 20:45:35,3.3,901.02
