24901,卡片开户,,,2014/07/18 12:11:09,0.0,0.0
24901,卡充值,,,2014/08/29 11:57:23,100.0,100.0
24901,POS消费,地点103,食堂,2014/08/29 12:15:00,8.8,91.2
24901,POS消费,地点103,食堂,2014/08/29 12:15:18,7.6,83.6
24901,POS消费,地点1588,食堂,2014/08/29 17:02:39,4.1,79.5
24901,卡充值,,,2014/08/29 17:07:58,100.0,179.5
24901,POS消费,地点21,开水,2014/08/29 19:16:11,100.0,79.5
24901,POS消费,地点21,开水,2014/08/29 19:16:20,33.2,46.3
24901,POS消费,地点65,食堂,2014/08/30 08:45:24,0.5,45.69
24901,POS消费,地点264,食堂,2014/08/30 11:28:15,10.6,35.09
24901,POS消费,地点1588,食堂,2014/08/30 18:01:34,4.1,30.99
24901,POS消费,地点1847,食堂,2014/08/30 18:04:48,2.0,28.99
24901,POS消费,地点219,超市,2014/08/31 11:11:05,1.0,27.99
24901,POS消费,地点168,食堂,2014/08/31 12:49:55,5.5,22.49
24901,POS消费,地点237,食堂,2014/08/31 17:04:27,1.8,20.69
24901,POS消费,地点198,淋浴,2014/08/31 22:16:16,0.9,19.79
