2506,卡片开户,,,2014/07/19 09:39:32,0.0,0.0
2506,卡充值,,,2014/08/29 11:28:10,200.0,200.0
2506,POS消费,地点192,超市,2014/08/29 11:51:17,11.4,188.6
2506,POS消费,地点192,超市,2014/08/29 11:51:22,30.0,158.6
2506,POS消费,地点192,超市,2014/08/29 11:51:25,30.0,128.6
2506,POS消费,地点192,超市,2014/08/29 11:51:50,30.0,98.6
2506,POS消费,地点192,超市,2014/08/29 11:51:58,10.0,88.6
2506,POS消费,地点61,食堂,2014/08/29 18:48:23,9.6,75.4
2506,POS消费,地点61,食堂,2014/08/30 17:32:10,6.6,67.84
2506,卡充值,,,2014/08/30 17:37:05,100.0,167.84
2506,POS消费,地点192,超市,2014/08/30 21:04:23,2.8,165.04
2506,POS消费,地点184,食堂,2014/08/31 08:11:29,2.4,161.44
2506,POS消费,地点61,食堂,2014/08/31 12:12:51,6.6,154.84
2506,POS消费,地点65,食堂,2014/08/31 17:12:25,9.6,145.24
2506,POS消费,地点192,超市,2014/08/31 17:29:47,3.0,142.24
