25125,卡片开户,,,2014/07/19 16:25:13,0.0,0.0
25125,卡充值,,,2014/08/28 17:42:04,600.0,600.0
25125,POS消费,地点168,食堂,2014/08/29 13:43:32,10.0,590.0
25125,POS消费,地点168,食堂,2014/08/29 13:43:40,16.0,574.0
25125,POS消费,地点168,食堂,2014/08/29 13:43:45,5.55,568.45
25125,POS消费,地点168,食堂,2014/08/29 13:44:08,5.5,562.95
25125,POS消费,地点168,食堂,2014/08/29 13:45:17,5.5,557.45
25125,POS消费,地点91,校车,2014/08/30 11:53:15,10.0,525.45
25125,POS消费,地点232,食堂,2014/08/30 11:56:53,22.0,535.45
25125,POS消费,地点21,开水,2014/08/30 12:12:41,3.0,522.45
25125,POS消费,地点21,开水,2014/08/30 12:14:08,3.8,518.65
25125,POS消费,地点25,开水,2014/08/30 16:11:18,0.08,518.57
25125,POS消费,地点211,校车,2014/08/30 18:58:15,1.0,517.57
25125,POS消费,地点211,校车,2014/08/30 18:58:27,1.0,516.57
25125,POS消费,地点211,校车,2014/08/30 18:58:38,1.0,515.57
25125,POS消费,地点1588,食堂,2014/08/31 07:52:25,4.4,511.17
25125,POS消费,地点26,图书馆,2014/08/31 11:30:11,15.8,495.37
25125,POS消费,地点124,食堂,2014/08/31 17:41:20,4.5,490.87
25125,POS消费,地点192,超市,2014/08/31 21:21:37,5.2,485.67
