2514,卡片开户,,,2014/07/20 13:13:31,0.0,0.0
2514,卡充值,,,2014/08/28 16:24:05,300.0,300.0
2514,POS消费,地点184,食堂,2014/08/28 17:28:28,11.6,288.4
2514,POS消费,地点184,食堂,2014/08/28 17:29:03,4.6,283.8
2514,POS消费,地点21,开水,2014/08/28 17:31:05,5.0,278.8
2514,POS消费,地点188,超市,2014/08/28 18:23:18,14.7,264.1
2514,POS消费,地点65,食堂,2014/08/29 08:33:11,0.4,262.1
2514,POS消费,地点60,食堂,2014/08/29 08:41:07,1.6,262.5
2514,POS消费,地点264,食堂,2014/08/29 17:36:30,5.6,256.5
2514,POS消费,地点1847,食堂,2014/08/29 17:47:46,1.0,252.0
2514,POS消费,地点103,食堂,2014/08/29 17:51:16,3.5,253.0
2514,POS消费,地点213,食堂,2014/08/30 11:02:52,0.9,251.1
2514,POS消费,地点188,超市,2014/08/30 11:07:47,5.5,245.6
2514,POS消费,地点1961,超市,2014/08/30 11:40:01,21.3,224.3
2514,POS消费,地点69,食堂,2014/08/30 11:54:30,6.4,217.9
2514,POS消费,地点21,开水,2014/08/30 18:06:32,4.6,213.3
2514,POS消费,地点1585,淋浴,2014/08/30 18:33:45,0.01,213.29
2514,POS消费,地点1671,开水,2014/08/30 18:35:14,0.02,213.27
2514,POS消费,地点264,食堂,2014/08/31 12:00:35,5.4,207.87
2514,POS消费,地点314,食堂,2014/08/31 12:33:42,30.0,177.87
2514,POS消费,地点314,食堂,2014/08/31 12:33:46,12.3,165.57
2514,,,,2014/08/31 16:52:25,50.0,115.57
