25216,卡片开户,,,2014/07/17 08:55:24,0.0,0.0
25216,卡充值,,,2014/08/29 12:39:52,500.0,500.0
25216,POS消费,地点233,食堂,2014/08/29 12:50:16,5.6,494.4
25216,POS消费,地点822,食堂,2014/08/29 12:51:19,12.6,481.8
25216,POS消费,地点233,食堂,2014/08/29 12:52:18,4.1,477.7
25216,POS消费,地点263,食堂,2014/08/29 12:55:37,5.6,466.5
25216,POS消费,地点182,食堂,2014/08/29 12:56:01,5.6,472.1
25216,POS消费,地点218,食堂,2014/08/29 13:12:56,5.8,460.7
25216,POS消费,地点1447,校车,2014/08/29 14:01:30,1.0,459.7
25216,POS消费,地点1448,校车,2014/08/29 15:13:52,1.0,458.7
25216,POS消费,地点314,食堂,2014/08/29 16:46:48,1.4,457.3
25216,POS消费,地点1870,开水,2014/08/30 09:59:15,0.01,457.29
25216,POS消费,地点233,食堂,2014/08/30 10:32:02,8.6,443.09
25216,POS消费,地点182,食堂,2014/08/30 10:34:41,5.6,451.69
25216,POS消费,地点182,食堂,2014/08/30 10:35:11,7.6,435.49
25216,POS消费,地点182,食堂,2014/08/30 10:35:49,9.6,425.89
25216,POS消费,地点826,食堂,2014/08/30 10:47:27,1.0,424.89
25216,POS消费,地点837,校车,2014/08/30 10:59:58,1.0,423.89
25216,POS消费,地点837,校车,2014/08/30 11:00:26,1.0,422.89
25216,POS消费,地点837,校车,2014/08/30 11:00:40,1.0,421.89
25216,POS消费,地点837,校车,2014/08/30 11:01:01,1.0,420.89
25216,POS消费,地点837,校车,2014/08/30 11:01:10,1.0,419.89
25216,POS消费,地点837,校车,2014/08/30 11:01:18,1.0,418.89
25216,POS消费,地点1847,食堂,2014/08/30 11:44:34,2.9,415.99
25216,POS消费,地点1447,校车,2014/08/30 13:08:58,1.0,414.99
25216,POS消费,地点91,校车,2014/08/30 17:09:49,5.4,409.59
25216,POS消费,地点91,校车,2014/08/30 17:10:05,1.5,408.09
25216,POS消费,地点1884,开水,2014/08/30 23:39:24,0.01,408.08
25216,POS消费,地点1884,开水,2014/08/30 23:40:41,0.01,408.07
25216,POS消费,地点1641,淋浴,2014/08/31 09:52:17,0.1,407.97
25216,POS消费,地点1641,淋浴,2014/08/31 09:59:58,0.1,407.87
25216,POS消费,地点1641,淋浴,2014/08/31 10:00:28,0.1,407.77
25216,POS消费,地点1641,淋浴,2014/08/31 10:04:04,0.1,407.67
25216,POS消费,地点1870,开水,2014/08/31 10:56:45,0.01,407.66
25216,POS消费,地点91,校车,2014/08/31 11:02:48,2.1,405.56
25216,POS消费,地点91,校车,2014/08/31 11:06:23,3.1,402.46
25216,POS消费,地点21,开水,2014/08/31 17:45:24,1.4,401.06
25216,POS消费,地点91,校车,2014/08/31 17:50:25,5.4,395.66
25216,POS消费,地点832,开水,2014/08/31 21:24:42,0.02,395.64
