2534,卡片开户,,,2014/07/19 09:03:11,0.0,0.0
2534,卡充值,,,2014/08/30 11:47:38,200.0,200.0
2534,POS消费,地点314,食堂,2014/08/30 17:59:10,6.8,193.2
2534,POS消费,地点21,开水,2014/08/30 18:46:26,17.0,176.2
2534,POS消费,地点60,食堂,2014/08/31 08:55:39,0.7,175.5
2534,POS消费,地点314,食堂,2014/08/31 09:08:23,28.0,147.5
2534,POS消费,地点91,校车,2014/08/31 11:53:59,5.6,141.9
2534,POS消费,地点21,开水,2014/08/31 12:04:43,4.0,137.9
2534,POS消费,地点21,开水,2014/08/31 17:25:29,1.8,136.1
2534,POS消费,地点21,开水,2014/08/31 17:34:23,3.0,133.1
2534,POS消费,地点192,超市,2014/08/31 21:25:40,3.5,129.6
