25398,卡片开户,,,2014/07/19 16:28:09,0.0,0.0
25398,卡充值,,,2014/08/29 08:43:56,300.0,300.0
25398,POS消费,地点65,食堂,2014/08/29 08:48:03,1.4,298.0
25398,POS消费,地点65,食堂,2014/08/29 08:55:41,0.2,297.8
25398,POS消费,地点60,食堂,2014/08/29 08:56:04,0.6,299.4
25398,POS消费,地点1386,校车,2014/08/29 17:10:20,2.0,295.8
25398,POS消费,地点1387,校车,2014/08/30 10:29:32,2.0,293.8
25398,POS消费,地点21,开水,2014/08/30 18:14:37,15.4,278.4
25398,POS消费,地点1480,开水,2014/08/30 18:28:06,0.01,278.39
25398,POS消费,地点1480,开水,2014/08/30 18:28:23,0.01,278.38
25398,POS消费,地点1923,淋浴,2014/08/30 22:27:27,0.3,278.08
25398,POS消费,地点61,食堂,2014/08/31 07:37:13,5.5,272.58
25398,POS消费,地点91,校车,2014/08/31 11:45:35,2.7,269.88
25398,POS消费,地点21,开水,2014/08/31 12:21:12,10.9,258.98
25398,POS消费,地点59,食堂,2014/08/31 16:58:33,1.9,257.08
25398,POS消费,地点239,食堂,2014/08/31 17:10:39,6.0,251.08
25398,POS消费,地点21,开水,2014/08/31 17:19:48,11.8,239.28
25398,POS消费,地点21,开水,2014/08/31 20:40:47,3.0,236.28
25398,POS消费,地点21,开水,2014/08/31 20:52:20,0.3,235.98
25398,POS消费,地点1873,淋浴,2014/08/31 21:28:53,0.8,235.18
