25423,卡片开户,,,2014/07/16 11:55:07,0.0,0.0
25423,卡充值,,,2014/08/30 09:19:50,200.0,200.0
25423,POS消费,地点146,校车,2014/08/30 10:48:23,1.0,199.0
25423,POS消费,地点195,超市,2014/08/30 16:41:19,30.0,169.0
25423,POS消费,地点195,超市,2014/08/30 16:41:28,20.3,148.7
25423,POS消费,地点89,食堂,2014/08/30 17:55:44,4.5,144.2
25423,POS消费,地点1899,淋浴,2014/08/30 22:05:53,0.2,144.0
25423,POS消费,地点1913,淋浴,2014/08/30 22:14:55,0.8,143.2
25423,POS消费,地点1852,开水,2014/08/31 07:49:29,0.01,143.19
25423,POS消费,地点1852,开水,2014/08/31 07:52:54,0.01,143.18
25423,POS消费,地点1588,食堂,2014/08/31 08:27:56,6.4,136.78
25423,POS消费,地点21,开水,2014/08/31 08:31:42,3.9,132.88
25423,POS消费,地点21,开水,2014/08/31 08:32:10,30.0,102.88
25423,POS消费,地点21,开水,2014/08/31 08:32:15,4.6,98.28
25423,POS消费,地点1871,洗衣房,2014/08/31 10:32:31,1.2,97.08
25423,POS消费,地点1871,洗衣房,2014/08/31 11:15:31,-1.14,97.02
25423,POS消费,地点1871,洗衣房,2014/08/31 11:17:12,1.2,95.88
25423,POS消费,地点1871,洗衣房,2014/08/31 11:17:43,1.2,95.82
25423,POS消费,地点1871,洗衣房,2014/08/31 11:20:34,-0.9,96.72
25423,POS消费,地点21,开水,2014/08/31 12:08:43,6.6,90.12
25423,POS消费,地点21,开水,2014/08/31 12:36:48,9.5,80.62
25423,POS消费,地点21,开水,2014/08/31 17:30:29,4.0,76.62
25423,POS消费,地点21,开水,2014/08/31 17:32:54,1.0,75.62
25423,POS消费,地点1909,淋浴,2014/08/31 22:40:00,0.1,75.52
25423,POS消费,地点1918,淋浴,2014/08/31 22:47:08,0.6,74.92
