25507,卡片开户,,,2014/07/18 11:33:44,0.0,0.0
25507,卡充值,,,2014/08/28 16:53:08,300.0,300.0
25507,POS消费,地点72,食堂,2014/08/28 18:22:02,9.6,290.4
25507,POS消费,地点69,食堂,2014/08/29 09:18:38,1.6,288.8
25507,POS消费,地点60,食堂,2014/08/29 09:29:05,1.5,287.3
25507,POS消费,地点61,食堂,2014/08/29 12:52:34,8.6,278.7
25507,POS消费,地点219,超市,2014/08/29 17:34:12,3.0,275.7
25507,POS消费,地点1655,淋浴,2014/08/29 18:13:49,0.3,275.4
25507,POS消费,地点1655,淋浴,2014/08/29 18:16:39,0.4,275.0
25507,POS消费,地点69,食堂,2014/08/30 08:25:47,3.15,271.85
25507,POS消费,地点211,校车,2014/08/30 09:46:24,1.0,270.85
25507,POS消费,地点91,校车,2014/08/30 12:47:31,10.4,260.45
25507,POS消费,地点222,校车,2014/08/30 18:56:49,1.0,259.45
25507,POS消费,地点146,校车,2014/08/31 12:35:49,1.0,258.45
25507,POS消费,地点91,校车,2014/08/31 12:39:45,15.4,243.05
