25555,卡片开户,,,2014/07/19 15:34:15,0.0,0.0
25555,卡充值,,,2014/08/29 12:51:01,100.0,100.0
25555,POS消费,地点70,食堂,2014/08/29 12:51:17,5.0,95.0
25555,POS消费,地点65,食堂,2014/08/29 12:57:49,12.6,82.4
25555,POS消费,地点65,食堂,2014/08/29 12:58:28,-12.6,95.0
25555,POS消费,地点65,食堂,2014/08/29 12:58:36,12.6,82.4
25555,POS消费,地点65,食堂,2014/08/29 12:58:56,13.6,68.8
25555,POS消费,地点218,食堂,2014/08/29 13:07:53,2.9,65.9
25555,POS消费,地点91,校车,2014/08/29 17:51:58,3.0,62.9
25555,POS消费,地点232,食堂,2014/08/29 18:04:11,5.5,57.4
25555,POS消费,地点232,食堂,2014/08/29 18:04:47,2.5,54.9
25555,POS消费,地点204,食堂,2014/08/30 09:27:16,10.0,44.9
25555,POS消费,地点1588,食堂,2014/08/30 12:25:29,2.8,42.1
25555,POS消费,地点168,食堂,2014/08/30 21:04:05,5.5,36.6
25555,POS消费,地点203,食堂,2014/08/31 08:02:11,6.5,30.1
