25593,卡片开户,,,2014/07/19 16:01:04,0.0,0.0
25593,卡充值,,,2014/08/28 11:16:37,500.0,500.0
25593,POS消费,地点87,食堂,2014/08/28 11:32:05,4.6,476.7
25593,POS消费,地点82,食堂,2014/08/28 11:40:31,11.1,488.9
25593,POS消费,地点82,食堂,2014/08/28 11:40:53,7.6,481.3
25593,POS消费,地点195,超市,2014/08/28 15:10:51,30.0,446.68
25593,POS消费,地点195,超市,2014/08/28 15:10:57,1.5,445.18
25593,POS消费,地点192,超市,2014/08/28 16:14:03,5.5,439.68
25593,POS消费,地点168,食堂,2014/08/28 19:19:45,13.0,426.68
25593,POS消费,地点60,食堂,2014/08/29 07:46:50,1.0,423.08
25593,POS消费,地点61,食堂,2014/08/29 07:50:40,2.6,424.08
25593,POS消费,地点21,开水,2014/08/29 11:33:47,0.7,422.38
25593,POS消费,地点21,开水,2014/08/29 11:35:52,7.6,414.78
25593,POS消费,地点21,开水,2014/08/29 11:52:44,1.2,413.58
25593,POS消费,地点61,食堂,2014/08/29 17:51:25,7.6,405.98
25593,POS消费,地点314,食堂,2014/08/29 20:44:52,5.0,400.98
25593,POS消费,地点741,淋浴,2014/08/29 21:21:25,0.1,400.88
25593,POS消费,地点48,淋浴,2014/08/29 21:29:50,0.1,400.78
25593,POS消费,地点48,淋浴,2014/08/29 21:30:07,0.4,400.38
25593,POS消费,地点21,开水,2014/08/30 08:16:42,3.4,396.98
25593,POS消费,地点87,食堂,2014/08/30 11:39:03,4.6,392.38
25593,POS消费,地点188,超市,2014/08/30 12:05:10,27.8,364.58
25593,POS消费,地点61,食堂,2014/08/30 18:17:51,3.6,360.98
25593,POS消费,地点741,淋浴,2014/08/30 20:30:16,0.4,360.58
25593,POS消费,地点184,食堂,2014/08/31 08:17:50,3.4,357.18
25593,POS消费,地点89,食堂,2014/08/31 11:48:32,4.5,352.68
25593,POS消费,地点87,食堂,2014/08/31 17:39:21,4.6,348.01
25593,POS消费,地点192,超市,2014/08/31 21:13:35,4.6,343.41
25593,POS消费,地点911,淋浴,2014/08/31 21:37:56,0.1,343.31
25593,POS消费,地点911,淋浴,2014/08/31 21:40:41,0.3,343.01
