25626,卡片开户,,,2014/07/16 11:58:08,0.0,0.0
25626,卡充值,,,2014/08/28 10:50:45,500.0,500.0
25626,POS消费,地点228,食堂,2014/08/28 12:22:36,20.0,480.0
25626,POS消费,地点218,食堂,2014/08/28 12:26:35,3.9,474.3
25626,POS消费,地点231,食堂,2014/08/28 12:37:04,1.8,478.2
25626,POS消费,地点1472,校车,2014/08/28 14:37:42,1.0,473.3
25626,POS消费,地点1472,校车,2014/08/28 14:37:52,1.0,472.3
25626,POS消费,地点1472,校车,2014/08/28 14:37:59,1.0,471.3
25626,POS消费,地点72,食堂,2014/08/28 18:11:53,3.1,468.2
25626,POS消费,地点72,食堂,2014/08/28 18:12:21,6.6,461.6
25626,POS消费,地点72,食堂,2014/08/28 18:12:51,5.6,456.0
25626,POS消费,地点228,食堂,2014/08/29 12:00:56,16.5,439.5
25626,POS消费,地点243,食堂,2014/08/29 12:05:07,2.0,435.7
25626,POS消费,地点231,食堂,2014/08/29 12:15:15,0.6,438.9
25626,POS消费,地点231,食堂,2014/08/29 12:15:33,1.2,437.7
25626,POS消费,地点228,食堂,2014/08/29 17:57:09,7.0,428.7
25626,POS消费,地点231,食堂,2014/08/29 18:11:48,0.6,428.1
25626,POS消费,地点40,淋浴,2014/08/29 21:27:39,0.2,427.9
25626,POS消费,地点89,食堂,2014/08/30 07:40:03,3.0,424.9
25626,POS消费,地点314,食堂,2014/08/30 09:47:31,30.0,394.9
25626,POS消费,地点314,食堂,2014/08/30 09:47:35,5.6,389.3
25626,POS消费,地点21,开水,2014/08/30 12:05:48,5.3,384.0
25626,POS消费,地点228,食堂,2014/08/30 17:41:00,7.0,377.0
25626,POS消费,地点231,食堂,2014/08/30 17:55:18,0.6,376.4
25626,POS消费,地点26,图书馆,2014/08/30 18:46:00,0.4,376.0
25626,POS消费,地点157,食堂,2014/08/31 08:04:13,1.4,374.6
25626,POS消费,地点65,食堂,2014/08/31 11:45:00,6.4,368.2
25626,POS消费,地点243,食堂,2014/08/31 11:57:23,3.0,365.2
25626,POS消费,地点69,食堂,2014/08/31 17:36:18,9.6,355.6
25626,POS消费,地点6,淋浴,2014/08/31 20:33:29,0.4,355.2
25626,POS消费,地点188,超市,2014/08/31 20:42:57,45.6,309.6
