25688,卡片开户,,,2014/07/18 11:49:06,0.0,0.0
25688,卡充值,,,2014/08/29 12:21:03,200.0,200.0
25688,POS消费,地点218,食堂,2014/08/29 12:21:28,8.7,191.3
25688,POS消费,地点228,食堂,2014/08/29 12:36:34,6.0,185.3
25688,POS消费,地点228,食堂,2014/08/29 12:37:06,6.5,178.8
25688,POS消费,地点231,食堂,2014/08/29 12:51:16,0.6,178.2
25688,POS消费,地点231,食堂,2014/08/29 12:51:23,0.6,177.6
25688,POS消费,地点231,食堂,2014/08/29 12:51:28,0.6,177.0
25688,POS消费,地点1885,洗衣房,2014/08/29 15:15:05,1.2,175.8
25688,POS消费,地点1865,洗衣房,2014/08/29 15:16:09,-1.14,175.74
25688,POS消费,地点1865,洗衣房,2014/08/29 15:17:49,1.2,174.6
25688,POS消费,地点192,超市,2014/08/29 15:35:31,9.0,166.74
25688,POS消费,地点188,超市,2014/08/30 15:01:31,33.6,133.14
25688,POS消费,地点231,食堂,2014/08/30 17:39:45,0.6,132.54
25688,POS消费,地点314,食堂,2014/08/30 20:52:46,30.0,102.54
25688,POS消费,地点314,食堂,2014/08/30 20:52:51,4.0,98.54
25688,POS消费,地点1911,淋浴,2014/08/30 21:41:09,0.4,98.14
25688,POS消费,地点65,食堂,2014/08/31 08:07:05,1.3,96.84
25688,POS消费,地点192,超市,2014/08/31 09:38:37,30.0,66.84
25688,POS消费,地点192,超市,2014/08/31 09:38:41,30.0,36.84
25688,POS消费,地点192,超市,2014/08/31 09:38:45,18.3,18.54
25688,POS消费,地点1852,开水,2014/08/31 09:57:27,0.01,18.53
25688,POS消费,地点1852,开水,2014/08/31 09:58:17,0.01,18.52
25688,POS消费,地点1852,开水,2014/08/31 10:02:14,0.01,18.51
25688,POS消费,地点1596,食堂,2014/08/31 12:19:06,8.6,9.91
25688,卡充值,,,2014/08/31 12:26:49,300.0,309.91
25688,POS消费,地点190,超市,2014/08/31 16:45:41,64.6,245.31
25688,POS消费,地点157,食堂,2014/08/31 17:57:02,5.6,239.71
25688,POS消费,地点192,超市,2014/08/31 18:09:16,13.2,226.51
25688,POS消费,地点1884,开水,2014/08/31 18:48:41,0.01,226.5
