2569,POS消费,地点691,开水,2013/11/13 14:16:12,0.02,0.92
2569,卡充值,,,2014/08/18 11:19:20,500.0,500.92
2569,POS消费,地点65,食堂,2014/08/18 17:04:23,9.6,491.32
2569,POS消费,地点219,超市,2014/08/18 19:36:08,2.0,489.32
2569,POS消费,地点781,开水,2014/08/19 07:34:49,0.01,489.31
2569,POS消费,地点658,淋浴,2014/08/20 20:19:21,0.9,488.41
2569,POS消费,地点781,开水,2014/08/21 10:43:17,0.01,488.4
2569,POS消费,地点781,开水,2014/08/21 16:28:26,0.01,488.39
2569,POS消费,地点69,食堂,2014/08/22 12:01:38,8.6,479.79
2569,POS消费,地点124,食堂,2014/08/22 17:59:11,3.0,476.79
2569,POS消费,地点192,超市,2014/08/22 18:02:12,21.9,454.89
2569,POS消费,地点157,食堂,2014/08/23 12:08:50,5.6,449.29
2569,POS消费,地点658,淋浴,2014/08/23 20:19:54,0.7,448.59
2569,POS消费,地点236,食堂,2014/08/24 12:08:31,4.55,444.04
2569,POS消费,地点1701,食堂,2014/08/24 12:18:48,1.8,442.24
2569,POS消费,地点784,洗衣房,2014/08/24 21:35:04,1.2,441.04
2569,POS消费,地点249,食堂,2014/08/25 11:33:49,5.6,435.44
2569,POS消费,地点249,食堂,2014/08/25 11:34:05,5.6,429.84
2569,POS消费,地点553,淋浴,2014/08/26 10:45:50,1.8,428.04
2569,POS消费,地点21,开水,2014/08/26 10:58:25,4.6,423.44
2569,POS消费,地点91,校车,2014/08/26 10:59:19,5.0,418.44
2569,POS消费,地点21,开水,2014/08/26 11:26:08,17.8,400.64
2569,POS消费,地点781,开水,2014/08/26 12:57:17,0.01,400.63
2569,POS消费,地点91,校车,2014/08/26 16:57:27,6.0,394.63
2569,POS消费,地点21,开水,2014/08/26 17:17:24,1.8,392.83
2569,POS消费,地点781,开水,2014/08/26 18:22:11,0.01,392.82
2569,POS消费,地点781,开水,2014/08/27 07:39:58,0.01,392.81
2569,POS消费,地点232,食堂,2014/08/27 10:57:51,7.6,385.21
2569,POS消费,地点232,食堂,2014/08/27 10:58:06,5.6,379.61
2569,POS消费,地点21,开水,2014/08/28 17:15:33,5.4,374.21
2569,POS消费,地点190,超市,2014/08/28 21:36:17,11.3,362.91
2569,POS消费,地点781,开水,2014/08/28 22:00:37,0.01,362.9
2569,POS消费,地点781,开水,2014/08/28 22:00:49,0.01,362.89
2569,POS消费,地点21,开水,2014/08/29 10:41:35,2.9,359.99
2569,POS消费,地点91,校车,2014/08/29 10:42:38,6.6,353.39
2569,POS消费,地点248,超市,2014/08/29 17:00:12,7.6,345.79
2569,POS消费,地点551,淋浴,2014/08/30 00:38:54,0.8,344.99
2569,POS消费,地点190,超市,2014/08/30 20:45:01,6.3,338.69
2569,POS消费,地点781,开水,2014/08/30 22:09:12,0.01,338.68
2569,POS消费,地点781,开水,2014/08/31 08:36:33,0.01,338.67
2569,POS消费,地点21,开水,2014/08/31 10:51:22,2.9,335.77
2569,POS消费,地点91,校车,2014/08/31 10:52:23,3.6,332.17
2569,POS消费,地点91,校车,2014/08/31 17:18:01,6.6,325.57
2569,POS消费,地点190,超市,2014/08/31 19:02:45,4.0,321.57
