25708,卡片开户,,,2014/07/18 16:40:21,0.0,0.0
25708,卡充值,,,2014/08/30 11:41:35,200.0,200.0
25708,POS消费,地点263,食堂,2014/08/30 11:47:18,9.6,190.4
25708,POS消费,地点822,食堂,2014/08/30 11:49:33,10.6,179.8
25708,POS消费,地点822,食堂,2014/08/30 11:49:50,10.6,169.2
25708,POS消费,地点1961,超市,2014/08/30 14:00:03,81.5,87.7
25708,POS消费,地点1961,超市,2014/08/30 14:03:40,28.0,59.7
25708,POS消费,地点192,超市,2014/08/30 21:02:32,29.0,30.7
25708,POS消费,地点1304,开水,2014/08/30 21:59:05,0.01,30.69
25708,POS消费,地点1358,淋浴,2014/08/30 22:16:34,0.6,30.09
25708,POS消费,地点1304,开水,2014/08/31 08:18:12,0.01,30.08
25708,POS消费,地点134,食堂,2014/08/31 08:58:02,1.55,28.53
25708,卡充值,,,2014/08/31 08:58:27,100.0,128.53
25708,POS消费,地点21,开水,2014/08/31 09:07:42,17.0,111.53
25708,POS消费,地点213,食堂,2014/08/31 09:27:43,1.0,110.53
25708,POS消费,地点232,食堂,2014/08/31 12:07:18,5.5,105.03
25708,POS消费,地点232,食堂,2014/08/31 12:09:03,5.5,99.53
25708,POS消费,地点243,食堂,2014/08/31 12:29:35,3.0,96.53
25708,POS消费,地点21,开水,2014/08/31 12:40:05,3.5,93.03
25708,POS消费,地点1451,校车,2014/08/31 18:12:43,1.0,92.03
25708,POS消费,地点1155,食堂,2014/08/31 18:14:14,2.9,89.13
25708,POS消费,地点1304,开水,2014/08/31 20:58:58,0.01,89.12
25708,POS消费,地点1622,淋浴,2014/08/31 22:28:53,0.6,88.52
