25769,卡片开户,,,2014/07/19 10:13:57,0.0,0.0
25769,卡充值,,,2014/08/28 17:21:19,200.0,200.0
25769,POS消费,地点228,食堂,2014/08/28 17:28:16,15.5,184.5
25769,POS消费,地点231,食堂,2014/08/28 17:41:56,0.8,183.7
25769,POS消费,地点231,食堂,2014/08/28 17:42:00,0.8,182.9
25769,POS消费,地点1365,淋浴,2014/08/28 22:11:35,0.1,182.8
25769,POS消费,地点89,食堂,2014/08/29 08:45:11,3.0,179.8
25769,POS消费,地点89,食堂,2014/08/29 08:50:56,1.0,178.8
25769,POS消费,地点228,食堂,2014/08/29 11:47:52,11.5,167.3
25769,POS消费,地点231,食堂,2014/08/29 12:01:34,1.2,166.1
25769,POS消费,地点21,开水,2014/08/29 17:47:26,3.0,146.9
25769,POS消费,地点157,食堂,2014/08/29 17:58:18,10.6,155.5
25769,POS消费,地点157,食堂,2014/08/29 17:58:40,5.6,149.9
25769,POS消费,地点21,开水,2014/08/30 07:33:06,1.6,145.0
25769,POS消费,地点21,开水,2014/08/30 07:33:17,0.5,144.5
25769,POS消费,地点228,食堂,2014/08/30 12:06:12,9.5,135.0
25769,POS消费,地点231,食堂,2014/08/30 12:20:25,0.6,134.4
25769,POS消费,地点231,食堂,2014/08/30 12:20:31,0.6,133.8
25769,POS消费,地点232,食堂,2014/08/30 16:44:20,5.0,128.8
25769,POS消费,地点21,开水,2014/08/30 16:46:29,2.0,126.8
25769,POS消费,地点192,超市,2014/08/30 17:16:42,5.5,121.3
25769,POS消费,地点21,开水,2014/08/30 21:16:38,5.6,115.7
25769,POS消费,地点1021,淋浴,2014/08/30 22:58:08,0.3,115.4
25769,POS消费,地点975,开水,2014/08/31 08:44:06,0.01,115.39
25769,POS消费,地点975,开水,2014/08/31 10:36:34,0.01,115.38
25769,POS消费,地点228,食堂,2014/08/31 11:42:49,7.0,108.38
25769,POS消费,地点218,食堂,2014/08/31 11:49:29,5.8,101.98
25769,POS消费,地点231,食堂,2014/08/31 11:57:24,0.6,107.78
25769,POS消费,地点89,食堂,2014/08/31 17:54:11,4.5,97.48
