25973,卡片开户,,,2014/07/19 15:12:16,0.0,0.0
25973,卡充值,,,2014/08/29 11:06:46,500.0,500.0
25973,POS消费,地点21,开水,2014/08/29 13:58:56,8.6,491.29
25973,POS消费,地点1021,淋浴,2014/08/29 14:20:30,0.1,499.89
25973,POS消费,地点1186,淋浴,2014/08/29 14:21:26,0.01,499.99
25973,POS消费,地点975,开水,2014/08/29 22:46:10,0.01,491.28
25973,POS消费,地点1021,淋浴,2014/08/29 22:51:58,0.6,490.68
25973,POS消费,地点21,开水,2014/08/30 08:42:55,3.3,487.38
25973,POS消费,地点91,校车,2014/08/30 08:47:41,10.8,476.58
25973,POS消费,地点21,开水,2014/08/30 08:56:31,2.9,473.68
25973,POS消费,地点975,开水,2014/08/30 09:38:18,0.01,473.67
25973,POS消费,地点1021,淋浴,2014/08/30 10:35:29,0.6,473.07
25973,POS消费,地点1847,食堂,2014/08/30 11:39:58,3.5,461.97
25973,POS消费,地点103,食堂,2014/08/30 11:53:15,7.6,465.47
25973,POS消费,地点179,食堂,2014/08/30 11:57:12,4.6,457.37
25973,POS消费,地点179,食堂,2014/08/30 11:57:24,-4.6,461.97
25973,POS消费,地点179,食堂,2014/08/30 11:57:29,4.0,457.97
25973,POS消费,地点1847,食堂,2014/08/30 12:04:32,3.0,454.97
25973,POS消费,地点1472,校车,2014/08/30 16:17:43,1.0,453.97
25973,POS消费,地点195,超市,2014/08/30 17:42:25,29.2,424.77
25973,POS消费,地点1186,淋浴,2014/08/30 21:52:29,0.01,424.76
25973,POS消费,地点1186,淋浴,2014/08/30 21:52:56,0.01,424.75
25973,POS消费,地点1406,淋浴,2014/08/30 22:56:48,0.3,424.15
25973,POS消费,地点1406,淋浴,2014/08/30 23:00:03,0.2,423.95
25973,POS消费,地点188,超市,2014/08/31 13:31:20,0.9,423.05
25973,POS消费,地点219,超市,2014/08/31 17:12:55,11.0,412.05
25973,POS消费,地点21,开水,2014/08/31 18:02:09,3.2,408.85
25973,POS消费,地点21,开水,2014/08/31 18:04:39,1.2,407.65
25973,POS消费,地点21,开水,2014/08/31 18:06:05,10.6,397.05
25973,POS消费,地点21,开水,2014/08/31 18:25:29,1.0,396.05
25973,POS消费,地点1406,淋浴,2014/08/31 22:22:26,0.5,395.55
