26020,卡片开户,,,2014/07/20 10:21:51,0.0,0.0
26020,卡充值,,,2014/08/29 10:31:33,200.0,200.0
26020,POS消费,地点305,食堂,2014/08/29 11:53:47,6.0,185.3
26020,POS消费,地点179,食堂,2014/08/29 11:55:38,4.6,195.4
26020,POS消费,地点179,食堂,2014/08/29 11:55:52,0.6,194.8
26020,POS消费,地点1588,食堂,2014/08/29 11:58:00,3.5,191.3
26020,POS消费,地点21,开水,2014/08/29 12:19:58,0.6,184.7
26020,POS消费,地点1901,洗衣房,2014/08/29 14:56:40,3.6,181.1
26020,POS消费,地点1901,洗衣房,2014/08/29 14:58:32,-3.24,184.34
26020,POS消费,地点204,食堂,2014/08/29 16:26:25,8.5,175.84
26020,POS消费,地点203,食堂,2014/08/29 16:28:05,5.5,170.34
26020,POS消费,地点1592,开水,2014/08/29 16:55:40,0.08,170.26
26020,POS消费,地点21,开水,2014/08/30 16:08:11,13.0,157.26
26020,POS消费,地点65,食堂,2014/08/30 16:58:26,4.6,152.66
26020,POS消费,地点72,食堂,2014/08/30 16:59:22,1.2,151.46
26020,POS消费,地点26,图书馆,2014/08/30 20:59:33,28.0,123.46
26020,POS消费,地点1592,开水,2014/08/31 07:09:25,0.05,123.41
26020,POS消费,地点1592,开水,2014/08/31 07:11:24,0.01,123.4
26020,POS消费,地点69,食堂,2014/08/31 08:02:06,5.0,118.4
26020,POS消费,地点1588,食堂,2014/08/31 12:03:25,7.6,110.8
26020,POS消费,地点12,文印中心,2014/08/31 20:05:22,0.1,110.7
26020,POS消费,地点12,文印中心,2014/08/31 20:14:49,0.1,110.5
26020,POS消费,地点12,文印中心,2014/08/31 20:14:55,0.3,110.1
26020,POS消费,地点12,文印中心,2014/08/31 20:16:35,0.1,110.6
26020,POS消费,地点12,文印中心,2014/08/31 20:16:41,0.1,110.4
