26104,卡片开户,,,2014/07/14 10:13:29,0.0,0.0
26104,卡充值,,,2014/08/29 17:32:00,100.0,100.0
26104,POS消费,地点232,食堂,2014/08/29 17:41:44,24.0,76.0
26104,POS消费,地点134,食堂,2014/08/30 09:13:43,2.2,73.8
26104,POS消费,地点91,校车,2014/08/30 12:20:53,13.9,59.9
26104,POS消费,地点91,校车,2014/08/30 12:21:38,10.9,49.0
26104,POS消费,地点232,食堂,2014/08/30 12:35:58,10.0,39.0
26104,POS消费,地点219,超市,2014/08/30 13:45:34,2.0,37.0
26104,卡充值,,,2014/08/30 17:33:08,50.0,87.0
26104,POS消费,地点272,食堂,2014/08/30 17:34:23,10.0,77.0
26104,POS消费,地点134,食堂,2014/08/31 08:54:29,2.35,74.65
26104,POS消费,地点91,校车,2014/08/31 11:06:26,10.9,63.75
26104,POS消费,地点21,开水,2014/08/31 11:15:49,4.6,59.15
26104,POS消费,地点247,食堂,2014/08/31 17:48:19,10.0,49.15
