26173,卡片开户,,,2014/07/19 15:06:04,0.0,0.0
26173,卡充值,,,2014/08/27 16:03:23,200.0,200.0
26173,POS消费,地点192,超市,2014/08/27 16:05:09,24.5,175.5
26173,POS消费,地点1472,校车,2014/08/27 16:53:05,1.0,174.5
26173,POS消费,地点1472,校车,2014/08/27 16:53:12,1.0,173.5
26173,POS消费,地点21,开水,2014/08/27 20:07:28,1.8,171.7
26173,POS消费,地点1541,淋浴,2014/08/27 21:07:08,0.1,171.6
26173,POS消费,地点1541,淋浴,2014/08/27 21:07:23,0.1,171.5
26173,POS消费,地点1541,淋浴,2014/08/27 21:31:08,0.2,171.3
26173,POS消费,地点1565,开水,2014/08/27 22:46:33,0.04,171.26
26173,POS消费,地点72,食堂,2014/08/28 07:49:47,4.4,166.86
26173,POS消费,地点72,食堂,2014/08/28 07:50:35,3.2,163.66
26173,POS消费,地点60,食堂,2014/08/28 08:00:32,0.8,162.86
26173,POS消费,地点60,食堂,2014/08/28 08:05:40,0.2,162.66
26173,POS消费,地点1447,校车,2014/08/28 10:38:18,1.0,161.66
26173,POS消费,地点1447,校车,2014/08/28 10:38:24,1.0,160.66
26173,POS消费,地点1447,校车,2014/08/28 10:38:33,1.0,159.66
26173,POS消费,地点21,开水,2014/08/28 11:42:18,3.9,155.76
26173,POS消费,地点21,开水,2014/08/28 11:42:33,4.0,151.76
26173,POS消费,地点21,开水,2014/08/28 11:45:30,0.8,140.36
26173,POS消费,地点21,开水,2014/08/28 11:45:38,0.8,139.56
26173,POS消费,地点21,开水,2014/08/28 11:46:26,0.7,138.86
26173,POS消费,地点157,食堂,2014/08/28 11:56:52,10.6,141.16
26173,POS消费,地点21,开水,2014/08/28 21:25:33,25.5,113.36
26173,POS消费,地点1565,开水,2014/08/29 07:00:54,0.05,113.31
26173,POS消费,地点61,食堂,2014/08/29 07:28:07,5.4,107.91
26173,POS消费,地点1447,校车,2014/08/29 10:04:58,1.0,106.91
26173,POS消费,地点1447,校车,2014/08/29 10:05:06,1.0,105.91
26173,POS消费,地点103,食堂,2014/08/29 18:11:14,5.3,100.61
26173,POS消费,地点1602,淋浴,2014/08/29 22:00:55,0.5,100.11
26173,POS消费,地点65,食堂,2014/08/30 07:29:58,0.8,96.11
26173,POS消费,地点61,食堂,2014/08/30 07:42:08,3.2,96.91
26173,POS消费,地点61,食堂,2014/08/30 07:52:20,2.4,93.71
26173,POS消费,地点1472,校车,2014/08/30 07:56:16,1.0,92.71
26173,POS消费,地点21,开水,2014/08/30 17:25:11,5.6,87.11
26173,POS消费,地点118,食堂,2014/08/30 17:46:38,5.0,82.11
26173,POS消费,地点89,食堂,2014/08/31 08:01:50,3.0,79.11
26173,POS消费,地点89,食堂,2014/08/31 08:07:01,3.0,76.11
26173,POS消费,地点1541,淋浴,2014/08/31 08:45:36,0.4,75.71
26173,,,,2014/08/31 09:16:21,1.0,74.71
26173,POS消费,地点192,超市,2014/08/31 09:24:06,2.8,71.91
26173,POS消费,地点21,开水,2014/08/31 11:28:43,4.1,67.81
26173,POS消费,地点1638,淋浴,2014/08/31 21:36:55,0.5,67.31
