26202,卡充值,,,2014/09/01 18:13:37,50.0,50.86
26202,POS消费,地点91,校车,2014/09/01 18:16:32,8.0,42.86
26202,POS消费,地点21,开水,2014/09/01 19:55:51,7.7,35.16
26202,POS消费,地点21,开水,2014/09/04 22:10:05,7.0,28.16
26202,POS消费,地点21,开水,2014/09/06 17:40:15,1.08,27.08
26202,POS消费,地点21,开水,2014/09/06 17:40:26,9.0,18.08
26202,POS消费,地点26,图书馆,2014/09/06 17:58:10,4.7,13.38
26202,POS消费,地点21,开水,2014/09/18 20:42:08,12.6,0.78
26202,卡充值,,,2014/11/10 11:37:57,100.0,100.78
26202,POS消费,地点21,开水,2014/11/11 10:36:02,9.5,91.28
26202,POS消费,地点21,开水,2014/11/12 11:28:37,8.0,83.28
26202,POS消费,地点21,开水,2014/11/13 12:02:57,5.5,77.78
26202,POS消费,地点21,开水,2014/11/14 12:19:54,10.0,67.78
26202,POS消费,地点21,开水,2014/11/16 13:49:13,8.3,59.48
26202,POS消费,地点21,开水,2014/11/17 10:19:27,8.0,51.48
26202,POS消费,地点21,开水,2014/11/17 12:12:27,10.8,40.68
26202,POS消费,地点21,开水,2014/11/18 10:47:56,10.0,30.68
26202,POS消费,地点21,开水,2014/11/19 12:00:41,10.8,19.88
26202,POS消费,地点21,开水,2014/11/19 20:28:45,8.0,11.88
26202,POS消费,地点21,开水,2014/11/20 12:09:11,10.8,1.08
26202,卡充值,,,2014/11/22 12:17:00,100.0,101.08
26202,POS消费,地点232,食堂,2014/11/22 12:19:45,7.0,94.08
26202,POS消费,地点21,开水,2014/11/22 15:57:40,2.5,91.58
26202,POS消费,地点232,食堂,2014/11/22 17:33:51,7.0,84.58
26202,POS消费,地点232,食堂,2014/11/23 11:48:37,8.0,76.58
26202,POS消费,地点91,校车,2014/11/23 18:59:49,5.0,71.58
26202,POS消费,地点21,开水,2014/11/23 19:07:38,9.4,62.18
26202,POS消费,地点21,开水,2014/11/24 13:10:04,10.0,52.18
26202,POS消费,地点21,开水,2014/11/24 19:29:58,10.0,42.18
26202,POS消费,地点232,食堂,2014/11/26 17:14:04,7.0,35.18
26202,POS消费,地点21,开水,2014/11/26 17:27:17,3.0,32.18
26202,POS消费,地点232,食堂,2014/11/27 12:48:28,8.0,24.18
26202,POS消费,地点21,开水,2014/11/27 12:57:27,12.5,11.68
26202,POS消费,地点21,开水,2014/11/27 15:13:36,2.7,8.98
26202,POS消费,地点232,食堂,2014/11/27 17:55:49,7.0,1.98
26202,卡充值,,,2014/11/29 17:33:21,100.0,101.98
26202,POS消费,地点232,食堂,2014/11/29 17:34:34,7.0,94.98
26202,POS消费,地点21,开水,2014/11/29 17:45:31,4.8,90.18
26202,POS消费,地点232,食堂,2014/11/30 11:53:07,12.0,78.18
26202,POS消费,地点26,图书馆,2014/11/30 18:26:30,7.0,71.18
26202,POS消费,地点21,开水,2014/11/30 18:41:41,2.9,68.28
26202,POS消费,地点232,食堂,2014/12/01 12:06:25,9.0,59.28
26202,POS消费,地点21,开水,2014/12/01 12:16:22,10.0,49.28
26202,POS消费,地点232,食堂,2014/12/01 18:13:06,7.5,41.78
26202,POS消费,地点21,开水,2014/12/01 18:23:21,4.8,36.98
26202,POS消费,地点232,食堂,2014/12/02 12:03:15,7.5,29.48
26202,POS消费,地点21,开水,2014/12/02 12:14:44,1.8,27.68
26202,POS消费,地点232,食堂,2014/12/02 18:22:38,7.0,20.68
26202,POS消费,地点232,食堂,2014/12/03 07:48:12,5.0,15.68
26202,POS消费,地点21,开水,2014/12/03 08:05:12,2.53,13.15
26202,POS消费,地点232,食堂,2014/12/03 18:28:45,12.0,1.15
26202,卡充值,,,2014/12/05 10:19:42,100.0,101.15
26202,POS消费,地点21,开水,2014/12/05 10:23:10,10.9,90.25
26202,POS消费,地点232,食堂,2014/12/05 11:43:06,6.0,84.25
26202,POS消费,地点248,超市,2014/12/05 16:14:45,9.6,74.65
26202,POS消费,地点232,食堂,2014/12/05 17:33:34,7.5,67.15
26202,POS消费,地点21,开水,2014/12/05 17:34:27,2.0,65.15
26202,POS消费,地点21,开水,2014/12/05 17:45:01,1.8,63.35
26202,POS消费,地点21,开水,2014/12/05 20:33:54,30.0,33.35
26202,POS消费,地点21,开水,2014/12/05 20:34:06,1.2,32.15
26202,卡充值,,,2014/12/06 12:20:20,600.0,632.15
26202,POS消费,地点248,超市,2014/12/06 12:31:06,4.7,627.45
26202,POS消费,地点248,超市,2014/12/06 15:07:32,14.8,612.65
26202,POS消费,地点21,开水,2014/12/06 16:44:28,30.4,582.25
26202,POS消费,地点232,食堂,2014/12/07 08:23:52,5.0,577.25
26202,POS消费,地点232,食堂,2014/12/07 08:24:05,5.0,572.25
26202,POS消费,地点21,开水,2014/12/07 08:26:46,3.63,568.62
26202,POS消费,地点232,食堂,2014/12/07 17:17:03,7.5,561.12
26202,POS消费,地点21,开水,2014/12/07 17:18:02,2.0,559.12
26202,POS消费,地点232,食堂,2014/12/08 07:44:23,5.0,554.12
26202,POS消费,地点21,开水,2014/12/08 07:46:21,2.5,551.62
26202,POS消费,地点21,开水,2014/12/08 14:13:22,10.9,540.72
26202,POS消费,地点21,开水,2014/12/09 12:37:19,9.9,530.82
26202,POS消费,地点21,开水,2014/12/09 21:42:32,12.9,517.92
26202,POS消费,地点232,食堂,2014/12/10 12:35:38,7.0,510.92
26202,POS消费,地点21,开水,2014/12/10 12:47:10,4.6,506.32
26202,POS消费,地点21,开水,2014/12/10 22:07:09,10.9,495.42
26202,POS消费,地点232,食堂,2014/12/11 12:11:19,7.5,487.92
26202,POS消费,地点21,开水,2014/12/11 12:11:38,2.0,485.92
26202,POS消费,地点21,开水,2014/12/11 14:30:06,10.0,475.92
26202,POS消费,地点21,开水,2014/12/11 22:00:05,11.9,464.02
26202,POS消费,地点21,开水,2014/12/12 13:12:01,11.2,452.82
26202,POS消费,地点21,开水,2014/12/12 21:45:07,20.1,432.72
26202,POS消费,地点21,开水,2014/12/13 07:39:04,1.8,430.92
26202,POS消费,地点232,食堂,2014/12/13 07:39:55,5.0,425.92
26202,POS消费,地点21,开水,2014/12/13 13:11:49,3.4,422.52
26202,POS消费,地点21,开水,2014/12/13 22:07:21,17.4,405.12
26202,POS消费,地点21,开水,2014/12/14 08:27:22,4.53,400.59
26202,POS消费,地点232,食堂,2014/12/14 08:28:10,5.0,395.59
26202,POS消费,地点232,食堂,2014/12/14 18:01:21,7.5,388.09
26202,POS消费,地点21,开水,2014/12/14 18:02:29,2.0,386.09
26202,POS消费,地点21,开水,2014/12/14 18:21:14,10.0,376.09
26202,POS消费,地点248,超市,2014/12/14 18:38:52,4.2,371.89
26202,POS消费,地点21,开水,2014/12/14 22:24:10,13.2,358.69
26202,POS消费,地点21,开水,2014/12/15 16:38:07,14.9,343.79
26202,POS消费,地点21,开水,2014/12/16 22:18:07,24.3,319.49
26202,POS消费,地点21,开水,2014/12/17 07:57:39,3.8,315.69
26202,POS消费,地点21,开水,2014/12/17 07:57:49,0.4,315.29
26202,POS消费,地点232,食堂,2014/12/17 07:58:46,5.0,310.29
26202,POS消费,地点21,开水,2014/12/17 15:21:42,10.7,299.59
26202,POS消费,地点21,开水,2014/12/20 08:51:50,2.5,297.09
26202,POS消费,地点232,食堂,2014/12/20 08:52:35,5.0,292.09
26202,POS消费,地点21,开水,2014/12/20 17:38:18,2.5,289.59
26202,POS消费,地点232,食堂,2014/12/20 17:40:17,6.0,283.59
26202,POS消费,地点26,图书馆,2014/12/20 17:45:06,2.5,281.09
26202,POS消费,地点21,开水,2014/12/20 21:30:59,2.9,278.19
26202,POS消费,地点21,开水,2014/12/21 09:21:05,2.5,275.69
26202,POS消费,地点232,食堂,2014/12/21 09:21:45,5.0,270.69
26202,POS消费,地点21,开水,2014/12/22 07:18:15,2.5,268.19
26202,POS消费,地点232,食堂,2014/12/22 07:19:38,5.0,263.19
26202,POS消费,地点21,开水,2014/12/22 13:13:03,3.7,259.49
26202,POS消费,地点232,食堂,2014/12/22 17:19:13,9.5,249.99
26202,POS消费,地点21,开水,2014/12/22 17:19:52,2.0,247.99
26202,POS消费,地点21,开水,2014/12/22 21:12:37,17.4,230.59
26202,POS消费,地点21,开水,2014/12/23 12:10:13,4.5,226.09
26202,POS消费,地点232,食堂,2014/12/23 12:11:08,6.0,220.09
26202,POS消费,地点91,校车,2014/12/23 16:18:17,3.0,217.09
26202,POS消费,地点21,开水,2014/12/23 18:05:09,1.8,215.29
26202,POS消费,地点232,食堂,2014/12/23 18:05:59,6.0,209.29
26202,POS消费,地点21,开水,2014/12/23 19:21:01,10.5,198.79
26202,POS消费,地点21,开水,2014/12/25 07:42:37,2.0,196.79
26202,POS消费,地点232,食堂,2014/12/25 07:43:05,5.0,191.79
26202,POS消费,地点232,食堂,2014/12/25 18:16:18,8.0,183.79
26202,POS消费,地点21,开水,2014/12/25 18:26:48,1.8,181.99
26202,POS消费,地点232,食堂,2014/12/28 17:38:11,6.0,175.99
26202,POS消费,地点26,图书馆,2014/12/28 17:39:39,2.5,173.49
26202,POS消费,地点21,开水,2014/12/28 17:50:13,4.8,168.69
26202,POS消费,地点21,开水,2014/12/29 08:05:14,2.5,166.19
26202,POS消费,地点232,食堂,2014/12/29 08:05:52,3.0,163.19
26202,POS消费,地点21,开水,2014/12/29 16:51:16,22.9,140.29
26202,POS消费,地点21,开水,2014/12/29 20:45:47,10.5,129.79
26202,POS消费,地点21,开水,2014/12/30 22:06:05,10.8,118.99
26202,POS消费,地点21,开水,2014/12/31 10:44:24,16.5,102.49
26202,POS消费,地点21,开水,2014/12/31 10:54:26,6.9,95.59
26202,POS消费,地点21,开水,2015/01/01 15:59:43,11.0,84.59
26202,POS消费,地点91,校车,2015/01/01 18:42:33,6.0,78.59
26202,POS消费,地点21,开水,2015/01/02 10:46:57,13.2,65.39
26202,POS消费,地点91,校车,2015/01/02 11:39:49,8.0,57.39
26202,POS消费,地点21,开水,2015/01/02 11:55:24,1.8,55.59
26202,卡挂失,,,2015/02/27 13:40:44,0.0,0.0
26202,卡补办,,,2015/03/02 10:01:35,15.0,55.59
26202,更新卡信息,,,2015/03/02 10:01:49,0.0,0.0
26202,POS消费,地点232,食堂,2015/03/02 18:35:21,7.0,48.59
26202,POS消费,地点21,开水,2015/03/02 18:41:45,1.8,46.79
26202,POS消费,地点232,食堂,2015/03/03 07:54:58,5.0,41.79
26202,POS消费,地点21,开水,2015/03/03 22:26:56,8.8,32.99
26202,POS消费,地点232,食堂,2015/03/04 12:24:50,8.0,24.99
26202,POS消费,地点21,开水,2015/03/04 12:34:49,1.8,23.19
26202,POS消费,地点26,图书馆,2015/03/05 12:33:31,7.0,16.19
26202,POS消费,地点21,开水,2015/03/05 12:34:20,2.0,14.19
26202,POS消费,地点232,食堂,2015/03/06 11:32:27,7.0,7.19
26202,POS消费,地点232,食堂,2015/03/07 12:36:33,7.0,0.19
26202,卡充值,,,2015/03/13 10:28:08,100.0,100.19
26202,POS消费,地点232,食堂,2015/03/13 11:41:39,9.0,91.19
26202,POS消费,地点232,食堂,2015/03/13 11:41:59,9.0,82.19
26202,POS消费,地点21,开水,2015/03/13 11:42:56,2.0,80.19
26202,POS消费,地点21,开水,2015/03/13 17:07:36,4.5,75.69
26202,POS消费,地点232,食堂,2015/03/13 17:40:09,9.0,66.69
26202,POS消费,地点21,开水,2015/03/13 17:40:32,2.0,64.69
26202,POS消费,地点21,开水,2015/03/13 17:48:25,1.8,62.89
26202,POS消费,地点21,开水,2015/03/13 20:31:55,4.5,58.39
26202,POS消费,地点232,食堂,2015/03/15 07:35:29,12.0,46.39
26202,POS消费,地点21,开水,2015/03/15 20:43:14,15.2,31.19
26202,POS消费,地点21,开水,2015/03/16 09:32:01,6.6,24.59
26202,POS消费,地点232,食堂,2015/03/16 18:10:50,7.0,17.59
26202,POS消费,地点21,开水,2015/03/16 18:22:03,3.2,14.39
26202,POS消费,地点21,开水,2015/03/24 18:29:34,5.0,9.39
26202,POS消费,地点21,开水,2015/03/24 18:37:20,7.3,2.09
26202,卡充值,,,2015/05/03 09:11:55,400.0,402.09
26202,POS消费,地点21,开水,2015/05/03 09:13:10,4.0,398.09
26202,POS消费,地点21,开水,2015/05/03 09:14:44,1.5,396.59
26202,POS消费,地点21,开水,2015/05/03 09:15:13,1.5,395.09
26202,POS消费,地点21,开水,2015/05/03 09:17:28,1.5,393.59
26202,POS消费,地点21,开水,2015/05/10 11:38:08,4.2,389.39
26202,POS消费,地点21,开水,2015/05/11 16:21:27,20.7,368.69
26202,POS消费,地点21,开水,2015/05/12 11:28:57,4.9,363.79
26202,POS消费,地点1456,校车,2015/05/13 07:31:57,2.0,361.79
26202,POS消费,地点1456,校车,2015/05/13 07:32:08,2.0,359.79
26202,POS消费,地点1215,校车,2015/05/13 10:26:43,2.0,357.79
26202,POS消费,地点1215,校车,2015/05/13 10:26:53,2.0,355.79
26202,POS消费,地点232,食堂,2015/06/13 12:03:16,7.0,348.79
26202,POS消费,地点21,开水,2015/06/13 12:04:50,8.6,340.19
