26239,卡片开户,,,2014/07/18 11:06:09,0.0,0.0
26239,卡充值,,,2014/08/29 11:54:37,500.0,500.0
26239,POS消费,地点232,食堂,2014/08/29 11:59:09,30.0,470.0
26239,POS消费,地点232,食堂,2014/08/29 11:59:15,2.0,468.0
26239,POS消费,地点26,图书馆,2014/08/29 13:35:57,9.8,458.2
26239,POS消费,地点134,食堂,2014/08/30 12:04:27,8.2,450.0
26239,POS消费,地点249,食堂,2014/08/30 12:05:46,10.2,439.8
26239,POS消费,地点21,开水,2014/08/30 17:14:57,10.1,429.7
26239,POS消费,地点1567,开水,2014/08/30 21:17:43,0.03,429.67
26239,POS消费,地点232,食堂,2014/08/31 08:27:38,1.7,427.97
26239,POS消费,地点1567,开水,2014/08/31 17:16:40,0.05,427.92
26239,POS消费,地点69,食堂,2014/08/31 17:47:02,8.4,419.52
