26327,POS消费,地点12,文印中心,2013/09/02 08:30:46,0.9,4.5
26327,POS消费,地点217,食堂,2013/09/02 11:55:57,3.0,1.5
26327,POS消费,地点589,淋浴,2013/09/02 21:23:03,0.1,1.4
26327,POS消费,地点589,淋浴,2013/09/02 21:25:04,0.1,1.2
26327,POS消费,地点589,淋浴,2013/09/02 21:28:05,0.1,1.3
26327,POS消费,地点106,开水,2013/09/02 22:25:30,0.01,1.19
26327,POS消费,地点597,淋浴,2013/09/02 23:01:54,0.1,1.09
26327,POS消费,地点596,淋浴,2013/09/23 23:01:37,0.1,0.99
26327,POS消费,地点588,淋浴,2013/09/23 23:02:38,0.6,0.39
26327,卡充值,,,2013/09/25 11:11:15,100.0,100.39
26327,POS消费,地点91,校车,2013/09/25 11:14:45,10.6,89.79
26327,POS消费,地点21,开水,2013/09/25 11:16:10,4.3,85.49
26327,卡挂失,,,2013/09/25 17:55:47,0.0,0.0
26327,卡补办,,,2013/10/08 17:05:41,15.0,85.49
26327,更新卡信息,,,2013/10/08 17:05:55,0.0,0.0
26327,POS消费,地点21,开水,2013/10/08 17:14:46,5.6,79.89
26327,POS消费,地点21,开水,2013/10/08 17:15:08,5.4,74.49
26327,POS消费,地点21,开水,2013/10/08 17:15:10,2.9,68.89
26327,POS消费,地点21,开水,2013/10/08 17:15:33,1.5,72.99
26327,POS消费,地点21,开水,2013/10/08 17:15:47,1.2,71.79
26327,POS消费,地点588,淋浴,2013/10/08 17:43:53,0.1,68.79
26327,POS消费,地点589,淋浴,2013/10/08 17:44:06,0.1,68.69
26327,POS消费,地点586,淋浴,2013/10/08 17:44:34,0.1,68.59
26327,POS消费,地点596,淋浴,2013/10/08 17:45:58,0.1,68.49
26327,POS消费,地点589,淋浴,2013/10/08 17:52:53,0.2,68.29
26327,POS消费,地点118,食堂,2013/10/08 21:05:01,8.6,59.69
26327,POS消费,地点118,食堂,2013/10/09 07:11:49,10.3,49.39
26327,POS消费,地点118,食堂,2013/10/09 10:31:19,2.9,46.49
26327,POS消费,地点150,食堂,2013/10/09 12:24:39,4.5,41.99
26327,POS消费,地点21,开水,2013/10/09 12:25:13,2.9,39.09
26327,POS消费,地点219,超市,2013/10/09 13:39:52,4.0,35.09
26327,POS消费,地点1164,洗衣房,2013/10/09 14:03:57,3.6,31.49
26327,POS消费,地点272,食堂,2013/10/09 17:13:08,15.0,16.49
26327,POS消费,地点277,食堂,2013/10/09 17:14:03,7.0,9.49
26327,POS消费,地点280,食堂,2013/10/09 17:19:57,5.7,3.79
26327,POS消费,地点597,淋浴,2013/10/09 22:50:47,0.7,3.09
26327,POS消费,地点118,食堂,2013/10/10 07:15:40,1.5,1.59
26327,卡充值,,,2013/10/10 11:57:16,50.0,51.59
26327,POS消费,地点247,食堂,2013/10/10 12:03:47,10.0,41.59
26327,POS消费,地点1036,食堂,2013/10/10 12:04:51,5.4,36.19
26327,POS消费,地点258,食堂,2013/10/10 12:18:47,6.7,29.49
26327,POS消费,地点118,食堂,2013/10/10 14:12:03,7.9,21.59
26327,POS消费,地点118,食堂,2013/10/10 19:03:22,8.0,13.59
26327,POS消费,地点118,食堂,2013/10/11 07:14:05,6.0,7.59
26327,POS消费,地点21,开水,2013/10/11 11:16:08,4.5,3.09
26327,POS消费,地点596,淋浴,2013/10/11 23:01:57,0.2,2.79
26327,POS消费,地点12,文印中心,2013/10/11 23:03:35,0.7,2.09
26327,POS消费,地点597,淋浴,2013/10/11 23:06:16,0.1,2.99
26327,卡充值,,,2013/10/13 11:42:25,100.0,102.09
26327,POS消费,地点232,食堂,2013/10/13 11:50:05,15.0,81.39
26327,POS消费,地点280,食堂,2013/10/13 11:52:12,5.7,96.39
26327,POS消费,地点277,食堂,2013/10/13 11:55:40,4.2,70.19
26327,POS消费,地点1036,食堂,2013/10/13 11:57:24,3.0,67.19
26327,POS消费,地点21,开水,2013/10/13 12:04:04,7.0,74.39
26327,POS消费,地点118,食堂,2013/10/13 21:05:23,4.5,62.69
26327,POS消费,地点118,食堂,2013/10/14 08:08:22,11.4,51.29
26327,POS消费,地点526,食堂,2013/10/14 10:02:25,7.2,44.09
26327,POS消费,地点232,食堂,2013/10/14 13:19:06,18.3,25.79
26327,POS消费,地点118,食堂,2013/10/14 13:57:22,3.0,22.79
26327,POS消费,地点154,食堂,2013/10/14 18:06:15,8.1,14.69
26327,POS消费,地点217,食堂,2013/10/14 18:18:27,3.0,11.69
26327,POS消费,地点1165,洗衣房,2013/10/14 20:30:21,3.6,8.09
26327,POS消费,地点586,淋浴,2013/10/14 22:57:06,0.8,7.29
26327,POS消费,地点526,食堂,2013/10/15 07:10:24,3.7,3.59
26327,POS消费,地点586,淋浴,2013/10/15 11:08:38,0.1,3.49
26327,POS消费,地点586,淋浴,2013/10/15 11:09:29,0.1,3.39
26327,POS消费,地点6,淋浴,2013/10/15 11:10:08,0.1,3.29
26327,POS消费,地点597,淋浴,2013/10/15 11:10:46,0.1,3.19
26327,POS消费,地点589,淋浴,2013/10/15 11:11:25,0.1,3.09
26327,POS消费,地点586,淋浴,2013/10/15 17:46:52,0.9,2.19
26327,POS消费,地点586,淋浴,2013/10/16 19:02:56,0.9,1.29
26327,POS消费,地点586,淋浴,2013/10/21 22:58:54,0.3,0.99
26327,POS消费,地点586,淋浴,2013/10/21 23:02:05,0.4,0.59
