26446,卡片开户,,,2014/07/18 12:11:28,0.0,0.0
26446,卡充值,,,2014/08/29 12:12:56,300.0,300.0
26446,POS消费,地点21,开水,2014/08/29 12:15:42,7.5,292.5
26446,POS消费,地点21,开水,2014/08/29 12:16:01,24.5,268.0
26446,POS消费,地点305,食堂,2014/08/29 12:26:17,12.0,227.8
26446,POS消费,地点157,食堂,2014/08/29 12:31:39,10.6,257.4
26446,POS消费,地点134,食堂,2014/08/29 12:32:10,8.2,249.2
26446,POS消费,地点134,食堂,2014/08/29 12:32:39,9.4,239.8
26446,POS消费,地点1655,淋浴,2014/08/29 19:53:09,0.4,227.4
26446,POS消费,地点1614,开水,2014/08/29 20:09:38,0.08,227.32
26446,POS消费,地点21,开水,2014/08/30 07:40:15,0.8,225.72
26446,POS消费,地点134,食堂,2014/08/30 07:52:12,0.8,226.52
26446,POS消费,地点157,食堂,2014/08/30 11:55:11,9.6,216.12
26446,POS消费,地点247,食堂,2014/08/30 17:33:50,10.0,206.12
26446,POS消费,地点1614,开水,2014/08/30 21:25:17,0.05,206.07
26446,POS消费,地点1655,淋浴,2014/08/30 22:39:44,0.5,205.57
26446,POS消费,地点253,食堂,2014/08/31 11:23:30,11.1,194.47
26446,POS消费,地点192,超市,2014/08/31 11:36:55,17.5,176.97
26446,POS消费,地点192,超市,2014/08/31 13:45:47,5.1,171.87
26446,POS消费,地点21,开水,2014/08/31 18:19:37,6.6,165.27
26446,POS消费,地点1656,淋浴,2014/08/31 22:24:11,0.2,165.07
26446,POS消费,地点1656,淋浴,2014/08/31 22:32:25,0.4,164.67
26446,POS消费,地点1614,开水,2014/08/31 22:44:03,0.05,164.62
