26448,卡片开户,,,2014/07/17 09:38:02,0.0,0.0
26448,卡充值,,,2014/08/28 12:26:49,100.0,100.0
26448,POS消费,地点1472,校车,2014/08/28 16:48:44,1.0,99.0
26448,POS消费,地点1472,校车,2014/08/28 16:49:01,1.0,98.0
26448,POS消费,地点1472,校车,2014/08/28 16:49:08,1.0,97.0
26448,POS消费,地点192,超市,2014/08/29 12:06:14,10.7,86.3
26448,POS消费,地点157,食堂,2014/08/29 12:46:48,9.6,76.7
26448,POS消费,地点157,食堂,2014/08/29 13:06:07,11.1,65.6
26448,POS消费,地点157,食堂,2014/08/29 13:07:08,10.1,55.5
26448,POS消费,地点192,超市,2014/08/29 17:52:18,5.4,50.1
26448,POS消费,地点211,校车,2014/08/30 16:23:17,1.0,49.1
26448,POS消费,地点211,校车,2014/08/30 16:23:24,1.0,48.1
26448,POS消费,地点211,校车,2014/08/30 16:23:32,1.0,47.1
26448,POS消费,地点192,超市,2014/08/30 17:31:48,2.4,44.7
26448,POS消费,地点168,食堂,2014/08/30 18:26:44,5.5,39.2
26448,POS消费,地点188,超市,2014/08/30 19:46:24,2.4,36.8
26448,POS消费,地点12,文印中心,2014/08/30 20:41:42,1.0,35.8
26448,POS消费,地点69,食堂,2014/08/31 09:18:09,2.4,33.4
26448,POS消费,地点1884,开水,2014/08/31 10:09:44,0.01,33.39
26448,POS消费,地点1884,开水,2014/08/31 10:17:14,0.01,33.38
26448,POS消费,地点1884,开水,2014/08/31 10:18:14,0.01,33.37
26448,POS消费,地点1884,开水,2014/08/31 10:18:26,0.01,33.36
26448,POS消费,地点1870,开水,2014/08/31 10:19:00,0.01,33.3
26448,POS消费,地点1884,开水,2014/08/31 10:19:52,0.01,33.34
26448,POS消费,地点1884,开水,2014/08/31 10:20:40,0.01,33.35
26448,POS消费,地点1884,开水,2014/08/31 10:24:47,0.01,33.33
26448,POS消费,地点1884,开水,2014/08/31 10:27:04,0.01,33.32
26448,POS消费,地点1884,开水,2014/08/31 10:29:54,0.01,33.31
26448,POS消费,地点182,食堂,2014/08/31 12:14:51,4.6,28.7
26448,卡充值,,,2014/08/31 12:36:36,100.0,128.7
26448,POS消费,地点168,食堂,2014/08/31 18:05:12,5.5,123.2
