26481,卡片开户,,,2014/07/13 11:00:06,0.0,0.0
26481,POS消费,地点248,超市,2014/08/28 12:44:53,9.6,490.4
26481,POS消费,地点21,开水,2014/08/28 12:45:09,9.6,480.8
26481,POS消费,地点21,开水,2014/08/28 12:45:32,5.4,475.4
26481,卡充值,,,2014/08/28 12:47:38,500.0,500.0
26481,POS消费,地点21,开水,2014/08/28 17:16:51,3.0,472.4
26481,POS消费,地点21,开水,2014/08/28 18:51:11,6.0,466.4
26481,POS消费,地点12,文印中心,2014/08/28 20:55:59,0.1,466.3
26481,POS消费,地点12,文印中心,2014/08/28 20:56:03,0.1,466.2
26481,POS消费,地点12,文印中心,2014/08/28 20:56:07,0.1,466.1
26481,POS消费,地点941,淋浴,2014/08/28 21:00:27,0.1,466.0
26481,POS消费,地点941,淋浴,2014/08/28 21:04:55,1.2,464.8
26481,POS消费,地点1390,洗衣房,2014/08/28 22:10:52,3.6,461.2
26481,POS消费,地点1390,洗衣房,2014/08/28 22:10:52,-3.54,464.74
26481,POS消费,地点232,食堂,2014/08/29 12:17:23,30.0,434.74
26481,POS消费,地点232,食堂,2014/08/29 12:17:27,15.0,419.74
26481,POS消费,地点21,开水,2014/08/29 12:21:15,12.0,407.74
26481,POS消费,地点21,开水,2014/08/29 12:22:13,10.0,397.74
26481,POS消费,地点21,开水,2014/08/29 12:24:24,3.0,394.74
26481,POS消费,地点247,食堂,2014/08/29 12:25:01,10.0,384.74
26481,POS消费,地点26,图书馆,2014/08/29 20:44:34,0.2,384.52
26481,POS消费,地点1043,淋浴,2014/08/29 22:00:31,1.1,383.42
26481,POS消费,地点83,食堂,2014/08/30 10:10:47,3.0,380.42
26481,POS消费,地点241,食堂,2014/08/30 12:23:45,10.1,370.32
26481,POS消费,地点190,超市,2014/08/30 14:44:04,10.2,360.12
26481,POS消费,地点241,食堂,2014/08/30 17:37:28,5.6,354.52
26481,POS消费,地点21,开水,2014/08/30 17:38:38,1.2,353.32
26481,POS消费,地点849,淋浴,2014/08/30 21:06:37,0.1,353.02
26481,POS消费,地点778,淋浴,2014/08/30 21:06:43,0.1,353.22
26481,POS消费,地点778,淋浴,2014/08/30 21:06:49,0.1,353.12
26481,POS消费,地点1486,淋浴,2014/08/30 21:27:43,0.1,352.92
26481,POS消费,地点1486,淋浴,2014/08/30 21:58:25,0.1,352.82
26481,POS消费,地点1486,淋浴,2014/08/30 21:58:25,0.1,352.72
26481,POS消费,地点91,校车,2014/08/31 07:46:39,1.4,349.72
26481,POS消费,地点190,超市,2014/08/31 12:16:21,2.8,346.92
26481,POS消费,地点244,食堂,2014/08/31 12:27:16,8.6,338.32
26481,POS消费,地点232,食堂,2014/08/31 17:33:47,15.0,323.32
26481,POS消费,地点21,开水,2014/08/31 17:58:40,2.46,320.86
26481,POS消费,地点1155,食堂,2014/08/31 20:29:40,9.0,311.86
26481,POS消费,地点849,淋浴,2014/08/31 20:48:43,0.1,311.76
26481,POS消费,地点849,淋浴,2014/08/31 20:49:06,0.3,311.46
26481,POS消费,地点1485,淋浴,2014/08/31 20:57:42,0.1,311.36
26481,POS消费,地点1485,淋浴,2014/08/31 20:58:17,1.2,310.16
