26497,卡片开户,,,2014/07/19 09:42:52,0.0,0.0
26497,卡充值,,,2014/08/27 14:47:28,500.0,500.0
26497,POS消费,地点188,超市,2014/08/27 15:12:07,30.0,470.0
26497,POS消费,地点188,超市,2014/08/27 15:12:10,22.8,447.2
26497,POS消费,地点188,超市,2014/08/27 15:14:07,30.0,417.2
26497,POS消费,地点188,超市,2014/08/27 15:14:12,7.5,409.7
26497,卡充值,,,2014/08/27 15:48:23,500.0,909.7
26497,POS消费,地点188,超市,2014/08/27 15:50:30,11.0,898.7
26497,POS消费,地点188,超市,2014/08/27 16:22:48,7.8,890.9
26497,POS消费,地点213,食堂,2014/08/28 14:55:30,2.5,888.4
26497,POS消费,地点21,开水,2014/08/28 16:35:11,30.0,858.4
26497,POS消费,地点21,开水,2014/08/28 16:35:16,28.0,830.4
26497,POS消费,地点1565,开水,2014/08/28 16:38:15,0.02,830.38
26497,POS消费,地点1565,开水,2014/08/28 16:38:50,0.08,830.3
26497,POS消费,地点1588,食堂,2014/08/28 18:08:18,5.1,825.2
26497,POS消费,地点972,食堂,2014/08/28 18:13:35,7.0,818.2
26497,POS消费,地点232,食堂,2014/08/29 12:11:35,8.6,809.6
26497,POS消费,地点232,食堂,2014/08/29 12:24:38,22.0,787.6
26497,POS消费,地点314,食堂,2014/08/29 13:25:30,30.0,757.6
26497,POS消费,地点314,食堂,2014/08/29 13:25:34,1.0,756.6
26497,POS消费,地点232,食堂,2014/08/30 12:29:18,11.0,745.6
26497,POS消费,地点1938,洗衣房,2014/08/30 14:48:47,-3.48,745.48
26497,POS消费,地点1938,洗衣房,2014/08/30 14:48:47,3.6,742.0
26497,POS消费,地点1938,洗衣房,2014/08/30 14:50:17,3.6,741.88
26497,POS消费,地点1938,洗衣房,2014/08/30 14:50:17,-0.3,742.13
26497,POS消费,地点1565,开水,2014/08/30 15:16:22,0.05,741.83
26497,POS消费,地点264,食堂,2014/08/30 17:39:54,10.6,731.53
26497,POS消费,地点1564,开水,2014/08/30 19:16:35,0.01,731.52
26497,POS消费,地点1929,洗衣房,2014/08/30 19:36:28,3.6,727.92
26497,POS消费,地点1929,洗衣房,2014/08/30 20:24:48,-0.66,728.58
26497,POS消费,地点1564,开水,2014/08/30 21:42:15,0.01,728.57
26497,POS消费,地点1565,开水,2014/08/31 07:13:43,0.05,728.52
26497,POS消费,地点118,食堂,2014/08/31 07:38:07,1.8,726.72
26497,POS消费,地点232,食堂,2014/08/31 11:25:05,11.0,715.72
26497,POS消费,地点1565,开水,2014/08/31 12:26:08,0.01,715.71
26497,POS消费,地点1565,开水,2014/08/31 21:17:30,0.05,715.66
26497,POS消费,地点1638,淋浴,2014/08/31 22:05:57,0.5,715.16
