26586,卡片开户,,,2014/07/15 12:13:04,0.0,0.0
26586,卡充值,,,2014/08/28 11:47:24,500.0,500.0
26586,POS消费,地点91,校车,2014/08/29 11:37:38,5.5,452.5
26586,POS消费,地点232,食堂,2014/08/29 11:39:00,30.0,470.0
26586,POS消费,地点232,食堂,2014/08/29 11:39:14,4.0,466.0
26586,POS消费,地点232,食堂,2014/08/29 11:43:24,8.0,458.0
26586,POS消费,地点21,开水,2014/08/29 11:47:03,9.5,443.0
26586,POS消费,地点91,校车,2014/08/29 11:50:47,2.0,441.0
26586,POS消费,地点21,开水,2014/08/29 16:00:26,6.0,435.0
26586,POS消费,地点21,开水,2014/08/29 16:04:21,3.0,432.0
26586,POS消费,地点114,食堂,2014/08/31 08:06:16,4.0,428.0
26586,POS消费,地点250,食堂,2014/08/31 11:25:06,14.0,414.0
26586,POS消费,地点21,开水,2014/08/31 18:16:42,3.0,411.0
26586,POS消费,地点1923,淋浴,2014/08/31 22:37:31,0.7,410.3
