26655,卡片开户,,,2014/07/20 13:27:11,0.0,0.0
26655,卡充值,,,2014/08/29 09:31:26,400.0,400.0
26655,POS消费,地点204,食堂,2014/08/29 10:54:51,4.5,395.5
26655,POS消费,地点203,食堂,2014/08/29 15:57:17,6.5,389.0
26655,POS消费,地点1480,开水,2014/08/29 17:26:42,0.01,388.99
26655,POS消费,地点1480,开水,2014/08/29 17:29:03,0.01,388.98
26655,POS消费,地点1480,开水,2014/08/29 18:31:20,0.01,388.97
26655,POS消费,地点204,食堂,2014/08/29 21:01:52,4.5,384.47
26655,POS消费,地点314,食堂,2014/08/29 21:19:26,30.0,354.47
26655,POS消费,地点314,食堂,2014/08/29 21:19:30,3.1,351.37
26655,POS消费,地点1480,开水,2014/08/30 08:14:33,0.01,351.36
26655,POS消费,地点203,食堂,2014/08/30 12:15:16,7.5,343.86
26655,POS消费,地点1480,开水,2014/08/30 15:53:10,0.01,343.85
26655,POS消费,地点1480,开水,2014/08/30 17:34:16,0.01,343.84
26655,POS消费,地点1888,开水,2014/08/30 17:36:01,0.01,343.83
26655,POS消费,地点232,食堂,2014/08/30 17:56:53,3.0,340.83
26655,POS消费,地点232,食堂,2014/08/30 17:57:05,3.0,337.83
26655,POS消费,地点89,食堂,2014/08/31 08:03:16,3.0,334.83
26655,POS消费,地点114,食堂,2014/08/31 08:05:45,2.5,332.33
26655,POS消费,地点269,食堂,2014/08/31 11:16:13,8.4,323.93
26655,POS消费,地点1155,食堂,2014/08/31 17:35:49,10.5,313.43
26655,POS消费,地点168,食堂,2014/08/31 18:28:26,4.5,308.93
