26686,卡片开户,,,2014/07/19 15:33:35,0.0,0.0
26686,卡充值,,,2014/08/28 09:34:28,500.0,500.0
26686,POS消费,地点219,超市,2014/08/28 17:06:20,4.0,496.0
26686,POS消费,地点161,食堂,2014/08/28 18:12:30,7.8,488.2
26686,POS消费,地点884,淋浴,2014/08/28 21:49:04,0.5,487.7
26686,POS消费,地点806,开水,2014/08/29 22:13:12,0.01,487.69
26686,POS消费,地点161,食堂,2014/08/30 08:06:27,1.9,485.79
26686,POS消费,地点69,食堂,2014/08/30 11:39:52,10.6,475.19
26686,POS消费,地点1961,超市,2014/08/30 12:00:40,20.1,455.09
26686,POS消费,地点233,食堂,2014/08/30 17:28:28,6.6,448.49
26686,POS消费,地点1961,超市,2014/08/30 17:59:01,23.0,425.49
26686,POS消费,地点192,超市,2014/08/30 18:51:56,17.3,408.19
26686,POS消费,地点806,开水,2014/08/30 21:48:18,0.06,408.13
26686,POS消费,地点21,开水,2014/08/31 08:18:53,5.2,402.93
26686,POS消费,地点21,开水,2014/08/31 11:57:17,3.0,399.93
26686,POS消费,地点12,文印中心,2014/08/31 12:00:25,5.0,394.93
26686,POS消费,地点195,超市,2014/08/31 12:40:12,28.0,366.93
26686,POS消费,地点168,食堂,2014/08/31 18:15:20,5.5,361.43
