26694,卡片开户,,,2014/07/21 09:56:25,0.0,0.0
26694,卡充值,,,2014/08/29 13:20:55,1200.0,1200.0
26694,POS消费,地点1448,校车,2014/08/29 15:32:23,1.0,1199.0
26694,POS消费,地点1472,校车,2014/08/29 16:00:55,1.0,1198.0
26694,POS消费,地点1472,校车,2014/08/29 16:01:02,1.0,1197.0
26694,POS消费,地点213,食堂,2014/08/31 10:48:42,0.3,1196.7
26694,POS消费,地点195,超市,2014/08/31 11:05:38,30.0,1166.7
26694,POS消费,地点195,超市,2014/08/31 11:05:41,11.0,1155.7
26694,POS消费,地点1596,食堂,2014/08/31 11:35:50,8.6,1147.1
26694,POS消费,地点1451,校车,2014/08/31 18:31:08,1.0,1146.1
26694,POS消费,地点21,开水,2014/08/31 21:31:01,20.9,1125.2
26694,POS消费,地点21,开水,2014/08/31 21:33:41,12.0,1113.2
