26709,POS消费,地点232,食堂,2014/07/01 18:28:12,0.0,0.0
26709,POS消费,地点232,食堂,2014/07/01 18:28:12,0.11,0.13
26709,卡片开户,,,2014/07/18 12:11:56,0.0,0.0
26709,卡充值,,,2014/08/29 12:24:23,500.0,500.0
26709,POS消费,地点21,开水,2014/08/29 12:35:34,4.6,495.4
26709,POS消费,地点21,开水,2014/08/29 12:35:47,4.6,490.8
26709,POS消费,地点21,开水,2014/08/29 12:56:25,7.1,483.7
26709,POS消费,地点255,食堂,2014/08/30 12:33:29,7.1,476.6
26709,POS消费,地点21,开水,2014/08/30 17:30:28,20.0,456.6
26709,POS消费,地点35,淋浴,2014/08/30 17:41:45,0.1,456.5
26709,POS消费,地点35,淋浴,2014/08/30 17:51:36,0.5,456.0
26709,POS消费,地点72,食堂,2014/08/30 18:39:18,5.6,450.4
26709,POS消费,地点192,超市,2014/08/30 18:48:43,5.0,445.4
26709,POS消费,地点561,洗衣房,2014/08/30 19:50:25,3.6,441.8
26709,POS消费,地点561,洗衣房,2014/08/30 19:50:25,-3.54,445.34
26709,POS消费,地点561,洗衣房,2014/08/30 19:51:35,3.6,441.74
26709,POS消费,地点561,洗衣房,2014/08/30 19:51:35,-2.76,444.5
26709,POS消费,地点561,洗衣房,2014/08/30 20:05:42,-3.42,444.32
26709,POS消费,地点561,洗衣房,2014/08/30 20:05:42,3.6,440.9
26709,POS消费,地点87,食堂,2014/08/31 07:59:24,3.0,441.32
26709,POS消费,地点82,食堂,2014/08/31 12:11:51,6.8,434.52
26709,POS消费,地点756,淋浴,2014/08/31 23:10:53,0.3,434.22
