2671,卡片开户,,,2014/07/16 11:29:50,0.0,0.0
2671,卡充值,,,2014/08/28 12:08:33,100.0,100.0
2671,POS消费,地点61,食堂,2014/08/28 12:31:30,10.4,89.6
2671,POS消费,地点61,食堂,2014/08/28 12:32:00,8.6,81.0
2671,POS消费,地点61,食堂,2014/08/28 12:32:21,6.8,74.2
2671,POS消费,地点314,食堂,2014/08/28 15:59:00,30.0,44.2
2671,POS消费,地点314,食堂,2014/08/28 15:59:03,6.5,37.7
2671,卡充值,,,2014/08/28 16:31:58,300.0,337.7
2671,POS消费,地点89,食堂,2014/08/28 18:24:29,4.5,333.2
2671,POS消费,地点24,淋浴,2014/08/28 20:33:48,0.1,333.1
2671,POS消费,地点24,淋浴,2014/08/28 20:42:52,0.5,332.6
2671,POS消费,地点192,超市,2014/08/28 21:08:31,30.0,302.6
2671,POS消费,地点192,超市,2014/08/28 21:08:56,30.0,272.6
2671,POS消费,地点192,超市,2014/08/28 21:09:09,10.7,261.9
2671,POS消费,地点69,食堂,2014/08/29 07:17:41,2.4,259.5
2671,POS消费,地点65,食堂,2014/08/29 07:18:43,0.8,258.7
2671,POS消费,地点65,食堂,2014/08/29 11:54:14,9.6,249.08
2671,POS消费,地点206,开水,2014/08/29 14:22:31,0.02,258.68
2671,POS消费,地点24,淋浴,2014/08/31 12:16:00,0.5,248.58
2671,POS消费,地点269,食堂,2014/08/31 12:40:48,5.6,242.98
2671,POS消费,地点36,开水,2014/08/31 21:54:40,0.01,242.97
