26893,卡片开户,,,2014/07/16 11:12:41,0.0,0.0
26893,卡充值,,,2014/08/28 18:12:56,200.0,200.0
26893,POS消费,地点21,开水,2014/08/28 18:19:13,9.2,182.6
26893,POS消费,地点61,食堂,2014/08/28 18:32:22,8.2,191.8
26893,POS消费,地点251,食堂,2014/08/28 18:32:58,1.0,181.6
26893,POS消费,地点314,食堂,2014/08/28 19:21:55,1.9,179.7
26893,POS消费,地点1868,开水,2014/08/28 20:18:50,0.01,179.69
26893,POS消费,地点1868,开水,2014/08/28 20:19:44,0.01,179.68
26893,POS消费,地点866,淋浴,2014/08/28 20:35:44,0.5,179.18
26893,POS消费,地点866,淋浴,2014/08/28 20:51:02,0.5,178.68
26893,POS消费,地点305,食堂,2014/08/29 11:49:18,6.0,154.48
26893,POS消费,地点103,食堂,2014/08/29 11:50:23,7.6,171.08
26893,POS消费,地点157,食堂,2014/08/29 11:56:38,10.6,160.48
26893,POS消费,地点195,超市,2014/08/29 15:04:04,3.9,150.58
26893,POS消费,地点184,食堂,2014/08/29 18:42:46,3.6,146.98
26893,POS消费,地点184,食堂,2014/08/29 18:43:04,2.6,144.38
26893,POS消费,地点874,淋浴,2014/08/29 19:35:50,0.4,143.98
26893,POS消费,地点916,淋浴,2014/08/29 19:57:29,0.6,143.38
26893,POS消费,地点21,开水,2014/08/30 09:01:54,1.8,141.58
26893,POS消费,地点21,开水,2014/08/30 09:02:05,1.8,139.78
26893,POS消费,地点21,开水,2014/08/30 09:02:29,1.15,138.63
26893,POS消费,地点26,图书馆,2014/08/30 10:05:11,112.2,26.43
26893,POS消费,地点65,食堂,2014/08/30 11:37:40,6.9,19.53
26893,POS消费,地点21,开水,2014/08/30 11:39:01,1.5,18.03
26893,POS消费,地点114,食堂,2014/08/30 12:02:11,5.0,13.03
26893,POS消费,地点83,食堂,2014/08/30 16:20:50,4.5,8.53
26893,POS消费,地点114,食堂,2014/08/30 17:48:30,3.5,5.03
26893,POS消费,地点866,淋浴,2014/08/30 19:53:16,0.4,4.63
26893,卡充值,,,2014/08/31 09:27:30,200.0,204.63
26893,POS消费,地点1961,超市,2014/08/31 09:35:55,36.0,168.63
26893,POS消费,地点89,食堂,2014/08/31 17:51:25,3.0,165.63
26893,POS消费,地点89,食堂,2014/08/31 17:59:39,2.0,163.63
26893,POS消费,地点83,食堂,2014/08/31 18:06:39,1.8,161.83
26893,POS消费,地点866,淋浴,2014/08/31 19:38:25,0.4,161.43
