27085,卡片开户,,,2014/07/22 11:05:58,0.0,0.0
27085,卡充值,,,2014/08/29 11:16:34,200.0,200.0
27085,POS消费,地点21,开水,2014/08/29 11:29:11,4.4,195.6
27085,POS消费,地点21,开水,2014/08/29 11:29:31,4.6,191.0
27085,POS消费,地点21,开水,2014/08/29 11:29:44,4.8,186.2
27085,POS消费,地点161,食堂,2014/08/29 11:59:45,1.0,174.8
27085,POS消费,地点21,开水,2014/08/29 12:00:27,10.4,175.8
27085,POS消费,地点26,图书馆,2014/08/29 12:49:48,30.0,144.8
27085,POS消费,地点26,图书馆,2014/08/29 12:49:52,6.4,138.4
27085,POS消费,地点21,开水,2014/08/29 19:07:27,8.6,129.8
27085,POS消费,地点21,开水,2014/08/29 19:07:53,4.6,125.2
27085,POS消费,地点114,食堂,2014/08/29 19:20:19,3.0,122.2
27085,POS消费,地点1920,淋浴,2014/08/29 22:04:44,0.7,121.5
27085,POS消费,地点60,食堂,2014/08/30 08:47:57,2.0,119.5
27085,POS消费,地点60,食堂,2014/08/30 08:48:07,0.6,118.9
27085,POS消费,地点91,校车,2014/08/30 17:28:56,3.0,115.9
27085,POS消费,地点1567,开水,2014/08/30 21:04:28,0.08,115.82
27085,POS消费,地点26,图书馆,2014/08/30 21:40:44,2.8,113.02
27085,POS消费,地点1920,淋浴,2014/08/30 22:44:21,0.5,112.52
27085,POS消费,地点184,食堂,2014/08/31 08:44:11,3.8,108.72
27085,POS消费,地点26,图书馆,2014/08/31 10:48:18,3.0,105.72
27085,POS消费,地点204,食堂,2014/08/31 10:59:58,4.5,101.22
27085,POS消费,地点248,超市,2014/08/31 16:20:40,6.4,94.82
27085,POS消费,地点248,超市,2014/08/31 16:20:47,6.4,88.42
27085,POS消费,地点21,开水,2014/08/31 16:44:22,8.0,80.42
