27172,POS消费,地点26,图书馆,2014/06/30 11:00:12,0.0,0.0
27172,POS消费,地点26,图书馆,2014/06/30 11:00:12,0.1,0.83
27172,卡片开户,,,2014/07/16 13:51:12,0.0,0.0
27172,卡充值,,,2014/08/29 12:18:23,300.0,300.0
27172,POS消费,地点59,食堂,2014/08/29 12:25:15,3.6,296.4
27172,POS消费,地点59,食堂,2014/08/29 12:25:35,2.1,294.3
27172,POS消费,地点72,食堂,2014/08/29 12:29:25,8.0,286.3
27172,POS消费,地点72,食堂,2014/08/29 12:29:37,4.0,282.3
27172,POS消费,地点1869,淋浴,2014/08/29 22:58:02,0.1,282.2
27172,POS消费,地点1869,淋浴,2014/08/29 23:12:37,0.7,281.5
27172,POS消费,地点61,食堂,2014/08/30 08:30:26,3.3,278.2
27172,POS消费,地点1884,开水,2014/08/30 10:57:08,0.01,278.19
27172,POS消费,地点1884,开水,2014/08/30 10:59:36,0.01,278.18
27172,POS消费,地点1884,开水,2014/08/30 11:01:57,0.01,278.17
27172,POS消费,地点1884,开水,2014/08/30 11:03:44,0.01,278.16
27172,POS消费,地点1884,开水,2014/08/30 11:03:50,0.01,278.15
27172,POS消费,地点1884,开水,2014/08/30 11:04:01,0.01,278.14
27172,POS消费,地点1884,开水,2014/08/30 11:07:10,0.01,278.13
27172,POS消费,地点1884,开水,2014/08/30 11:08:48,0.01,278.12
27172,POS消费,地点1884,开水,2014/08/30 11:09:06,0.01,278.11
27172,POS消费,地点21,开水,2014/08/30 12:16:46,1.5,268.01
27172,POS消费,地点134,食堂,2014/08/30 12:30:17,8.6,269.51
27172,POS消费,地点124,食堂,2014/08/30 18:00:28,4.5,263.51
27172,POS消费,地点6,淋浴,2014/08/30 21:30:41,0.4,263.11
27172,POS消费,地点1881,淋浴,2014/08/30 21:33:31,0.2,262.81
27172,POS消费,地点1881,淋浴,2014/08/30 21:35:11,0.1,263.01
27172,POS消费,地点1881,淋浴,2014/08/30 21:38:02,0.3,262.51
27172,POS消费,地点1881,淋浴,2014/08/30 21:40:13,0.2,262.31
27172,POS消费,地点21,开水,2014/08/31 08:22:35,4.4,257.91
27172,POS消费,地点248,超市,2014/08/31 11:44:10,5.6,252.31
27172,POS消费,地点91,校车,2014/08/31 11:45:31,3.0,249.31
27172,POS消费,地点21,开水,2014/08/31 11:56:50,11.7,237.61
27172,POS消费,地点168,食堂,2014/08/31 18:00:26,6.5,231.11
27172,POS消费,地点1869,淋浴,2014/08/31 22:17:03,0.6,230.51
