27173,POS消费,地点21,开水,2014/09/01 11:54:22,7.7,22.22
27173,POS消费,地点307,食堂,2014/09/01 11:54:36,3.0,19.22
27173,卡充值,,,2014/09/01 16:18:46,300.0,319.22
27173,POS消费,地点21,开水,2014/09/01 18:00:00,3.3,315.92
27173,POS消费,地点21,开水,2014/09/01 18:00:06,0.4,315.52
27173,POS消费,地点250,食堂,2014/09/02 11:51:21,12.0,303.52
27173,POS消费,地点258,食堂,2014/09/02 12:05:20,3.2,300.32
27173,POS消费,地点91,校车,2014/09/02 17:17:38,4.8,295.52
27173,POS消费,地点91,校车,2014/09/02 17:19:51,5.5,290.02
27173,POS消费,地点157,食堂,2014/09/03 12:13:41,7.22,282.8
27173,POS消费,地点264,食堂,2014/09/03 17:50:08,7.4,275.4
27173,POS消费,地点232,食堂,2014/09/05 11:27:04,7.2,268.2
27173,POS消费,地点232,食堂,2014/09/05 11:27:09,13.2,255.0
27173,POS消费,地点26,图书馆,2014/09/05 11:27:57,4.0,251.0
27173,POS消费,地点226,食堂,2014/09/07 12:07:36,4.0,247.0
27173,POS消费,地点226,食堂,2014/09/07 12:08:07,4.0,243.0
27173,POS消费,地点226,食堂,2014/09/07 12:08:15,3.6,239.4
27173,POS消费,地点21,开水,2014/09/07 12:26:17,6.0,233.4
27173,POS消费,地点797,洗衣房,2014/09/07 20:55:54,3.6,229.8
27173,POS消费,地点797,洗衣房,2014/09/07 21:22:13,3.6,226.2
27173,POS消费,地点797,洗衣房,2014/09/07 22:09:51,-1.02,227.22
27173,POS消费,地点157,食堂,2014/09/09 12:16:28,7.2,220.02
27173,POS消费,地点61,食堂,2014/09/10 11:28:33,5.4,214.62
27173,POS消费,地点72,食堂,2014/09/11 12:20:28,4.4,210.22
27173,POS消费,地点21,开水,2014/09/11 12:29:57,6.0,204.22
27173,,,,2014/09/11 13:38:13,20.0,184.22
27173,POS消费,地点26,图书馆,2014/09/11 18:11:57,10.6,173.62
27173,POS消费,地点157,食堂,2014/09/13 12:18:24,7.4,166.22
27173,POS消费,地点243,食堂,2014/09/13 12:18:27,3.0,163.22
27173,POS消费,地点88,食堂,2014/09/13 18:18:58,2.2,161.02
27173,POS消费,地点269,食堂,2014/09/13 18:19:34,5.0,156.02
27173,POS消费,地点21,开水,2014/09/14 11:46:11,1.05,146.97
27173,POS消费,地点236,食堂,2014/09/14 12:01:49,6.2,148.02
27173,POS消费,地点1701,食堂,2014/09/14 12:15:15,1.8,154.22
27173,POS消费,地点188,超市,2014/09/14 20:29:30,13.1,133.87
27173,POS消费,地点26,图书馆,2014/09/15 12:18:32,15.4,118.47
27173,POS消费,地点146,校车,2014/09/16 14:29:26,1.0,117.47
27173,POS消费,地点6,淋浴,2014/09/16 18:07:54,8.0,109.47
27173,POS消费,地点203,食堂,2014/09/17 13:02:35,10.0,99.47
27173,POS消费,地点168,食堂,2014/09/17 18:46:03,6.5,92.97
27173,POS消费,地点192,超市,2014/09/17 20:53:38,8.3,84.67
27173,POS消费,地点264,食堂,2014/09/18 17:57:12,7.4,77.27
27173,POS消费,地点797,洗衣房,2014/09/18 22:49:49,-1.62,75.29
27173,POS消费,地点797,洗衣房,2014/09/18 22:49:49,3.6,73.67
27173,POS消费,地点203,食堂,2014/09/19 18:48:01,10.0,65.29
27173,POS消费,地点26,图书馆,2014/09/20 17:59:11,6.9,58.39
27173,POS消费,地点253,食堂,2014/09/21 12:29:26,4.9,53.49
27173,POS消费,地点242,食堂,2014/09/21 12:30:09,1.5,51.99
27173,POS消费,地点251,食堂,2014/09/21 12:30:09,0.6,50.69
27173,POS消费,地点21,开水,2014/09/21 12:31:31,0.7,51.29
27173,POS消费,地点26,图书馆,2014/09/22 11:39:38,14.3,36.39
27173,POS消费,地点26,图书馆,2014/09/22 18:02:44,16.7,19.69
27173,POS消费,地点232,食堂,2014/09/23 11:57:41,9.7,9.99
27173,POS消费,地点232,食堂,2014/09/23 18:05:55,9.8,200.19
27173,圈存转账,,,2014/09/23 18:13:42,200.0,209.99
27173,POS消费,地点232,食堂,2014/09/24 12:04:19,14.2,185.99
27173,POS消费,地点26,图书馆,2014/09/24 18:04:51,8.4,177.59
27173,POS消费,地点232,食堂,2014/09/24 18:08:25,3.6,173.99
27173,POS消费,地点26,图书馆,2014/09/25 12:07:22,13.2,160.79
27173,POS消费,地点26,图书馆,2014/09/25 17:45:16,11.0,149.79
27173,POS消费,地点797,洗衣房,2014/09/26 00:00:31,3.6,146.19
27173,POS消费,地点797,洗衣房,2014/09/26 00:00:49,-0.96,147.15
27173,POS消费,地点114,食堂,2014/09/26 07:56:01,5.0,142.15
27173,POS消费,地点26,图书馆,2014/09/26 11:47:21,13.3,128.85
27173,POS消费,地点26,图书馆,2014/09/26 18:01:01,7.2,121.65
27173,POS消费,地点232,食堂,2014/09/27 11:35:47,12.7,108.95
27173,POS消费,地点232,食堂,2014/09/27 11:35:53,11.2,97.75
27173,POS消费,地点26,图书馆,2014/09/27 17:25:44,13.3,84.45
27173,POS消费,地点26,图书馆,2014/09/28 12:00:52,16.4,68.05
27173,POS消费,地点26,图书馆,2014/09/28 17:59:50,13.2,54.85
27173,POS消费,地点21,开水,2014/09/29 11:23:46,7.52,47.33
27173,POS消费,地点232,食堂,2014/09/30 11:36:09,7.2,40.13
27173,POS消费,地点21,开水,2014/10/02 11:36:06,4.8,35.33
27173,POS消费,地点248,超市,2014/10/02 11:37:28,8.6,26.73
27173,POS消费,地点264,食堂,2014/10/03 11:42:34,7.4,19.33
27173,POS消费,地点232,食堂,2014/10/08 11:52:26,13.3,6.03
27173,POS消费,地点26,图书馆,2014/10/08 17:39:43,11.6,194.43
27173,圈存转账,,,2014/10/08 17:46:12,200.0,206.03
27173,POS消费,地点247,食堂,2014/10/09 12:01:57,10.0,184.43
27173,POS消费,地点91,校车,2014/10/10 12:01:18,8.4,176.03
27173,POS消费,地点21,开水,2014/10/10 12:02:01,11.6,164.43
27173,POS消费,地点232,食堂,2014/10/11 11:37:03,17.9,146.53
27173,POS消费,地点26,图书馆,2014/10/11 17:32:38,11.0,135.53
27173,POS消费,地点26,图书馆,2014/10/12 11:28:22,12.1,123.43
27173,POS消费,地点26,图书馆,2014/10/12 17:35:57,14.8,108.63
27173,POS消费,地点26,图书馆,2014/10/13 11:36:27,17.4,91.23
27173,POS消费,地点232,食堂,2014/10/13 17:37:31,14.4,76.83
27173,POS消费,地点12,文印中心,2014/10/14 11:44:09,10.2,66.63
27173,POS消费,地点12,文印中心,2014/10/14 11:44:14,6.0,60.63
27173,POS消费,地点797,洗衣房,2014/10/15 22:13:38,3.6,57.03
27173,POS消费,地点232,食堂,2014/10/16 17:38:26,9.4,47.63
27173,POS消费,地点232,食堂,2014/10/17 11:30:22,14.3,233.33
27173,圈存转账,,,2014/10/17 11:39:23,200.0,247.63
27173,POS消费,地点26,图书馆,2014/10/17 17:29:16,11.4,221.93
27173,POS消费,地点26,图书馆,2014/10/18 11:28:58,13.7,208.23
27173,POS消费,地点21,开水,2014/10/21 11:46:36,7.6,200.63
27173,POS消费,地点232,食堂,2014/10/21 17:37:55,15.4,185.23
27173,POS消费,地点26,图书馆,2014/10/22 17:49:38,15.5,169.73
27173,POS消费,地点26,图书馆,2014/10/23 17:46:04,15.5,154.23
27173,POS消费,地点91,校车,2014/10/24 11:41:35,4.6,149.63
27173,POS消费,地点21,开水,2014/10/24 11:41:50,0.8,148.83
27173,POS消费,地点21,开水,2014/10/24 11:47:16,4.0,144.83
27173,POS消费,地点26,图书馆,2014/10/24 17:44:28,14.8,130.03
27173,POS消费,地点91,校车,2014/10/26 11:47:22,10.6,119.43
27173,POS消费,地点797,洗衣房,2014/10/26 12:22:30,3.6,115.83
27173,POS消费,地点26,图书馆,2014/10/28 12:04:02,16.1,99.73
27173,POS消费,地点26,图书馆,2014/10/29 11:59:03,17.5,82.23
27173,POS消费,地点26,图书馆,2014/10/30 11:52:19,13.3,68.93
27173,POS消费,地点26,图书馆,2014/10/31 17:51:19,15.1,53.83
27173,POS消费,地点26,图书馆,2014/11/01 11:52:18,8.2,45.63
27173,POS消费,地点26,图书馆,2014/11/01 11:52:26,14.8,30.83
27173,圈存转账,,,2014/11/03 11:52:30,200.0,230.83
27173,POS消费,地点232,食堂,2014/11/03 11:55:22,14.2,216.63
27173,POS消费,地点232,食堂,2014/11/04 11:48:40,9.2,207.43
27173,POS消费,地点26,图书馆,2014/11/05 17:53:17,10.7,196.73
27173,POS消费,地点232,食堂,2014/11/06 11:45:26,11.3,185.43
27173,POS消费,地点26,图书馆,2014/11/08 11:50:03,11.3,174.13
27173,POS消费,地点91,校车,2014/11/08 18:07:33,11.1,163.03
27173,POS消费,地点21,开水,2014/11/08 18:08:56,1.2,161.83
27173,POS消费,地点26,图书馆,2014/11/11 17:49:24,10.2,151.63
27173,POS消费,地点26,图书馆,2014/11/12 11:50:39,14.3,137.33
27173,POS消费,地点26,图书馆,2014/11/14 11:48:45,11.2,126.13
27173,POS消费,地点232,食堂,2014/11/14 17:48:16,13.5,112.63
27173,POS消费,地点797,洗衣房,2014/11/16 15:54:46,3.6,109.03
27173,POS消费,地点797,洗衣房,2014/11/16 16:23:47,-1.38,110.41
27173,POS消费,地点26,图书馆,2014/11/21 11:46:30,12.6,97.81
27173,POS消费,地点797,洗衣房,2014/11/23 18:02:16,3.6,94.21
27173,POS消费,地点797,洗衣房,2014/11/23 18:02:34,-1.14,95.35
27173,POS消费,地点232,食堂,2014/12/04 12:05:59,6.0,89.35
27173,POS消费,地点232,食堂,2014/12/04 12:06:18,20.7,68.65
27173,POS消费,地点26,图书馆,2014/12/04 18:08:40,13.6,55.05
27173,POS消费,地点232,食堂,2014/12/05 17:49:36,17.5,37.55
27173,POS消费,地点232,食堂,2014/12/05 17:49:39,13.0,24.55
27173,POS消费,地点21,开水,2014/12/07 15:32:33,3.5,21.05
27173,POS消费,地点797,洗衣房,2014/12/07 15:58:47,-1.68,19.13
27173,POS消费,地点797,洗衣房,2014/12/07 15:58:47,3.6,17.45
27173,POS消费,地点213,食堂,2014/12/12 12:14:07,0.3,18.83
27173,POS消费,地点26,图书馆,2014/12/12 12:14:49,1.2,17.63
27173,POS消费,地点21,开水,2014/12/12 13:09:27,2.5,15.13
27173,POS消费,地点26,图书馆,2014/12/14 18:09:35,8.4,6.73
27173,POS消费,地点26,图书馆,2014/12/14 18:11:49,2.4,4.33
27173,POS消费,地点232,食堂,2014/12/16 12:01:54,17.4,86.93
27173,圈存转账,,,2014/12/16 12:08:30,100.0,104.33
27173,POS消费,地点232,食堂,2014/12/17 12:18:22,17.9,69.03
27173,POS消费,地点232,食堂,2014/12/17 12:18:36,13.7,55.33
27173,POS消费,地点232,食堂,2014/12/18 12:35:00,21.4,33.93
27173,POS消费,地点21,开水,2014/12/21 16:23:26,6.0,27.93
27173,圈存转账,,,2014/12/25 18:28:13,100.0,127.93
27173,POS消费,地点232,食堂,2014/12/29 11:59:12,28.4,99.53
27173,POS消费,地点996,图书馆,2014/12/29 18:48:39,2.9,96.63
27173,POS消费,地点232,食堂,2014/12/30 12:01:47,14.1,82.53
27173,POS消费,地点232,食堂,2014/12/31 12:25:55,17.7,64.83
27173,POS消费,地点996,图书馆,2015/01/03 14:06:49,4.0,60.83
27173,POS消费,地点26,图书馆,2015/01/08 18:11:04,28.5,32.33
27173,POS消费,地点26,图书馆,2015/01/08 18:11:09,13.3,19.03
27173,POS消费,地点26,图书馆,2015/01/12 18:11:08,12.3,106.73
27173,圈存转账,,,2015/01/12 18:25:07,100.0,119.03
27173,POS消费,地点157,食堂,2015/01/14 11:51:09,5.6,101.13
27173,POS消费,地点26,图书馆,2015/01/14 18:20:05,13.5,87.63
27173,POS消费,地点232,食堂,2015/01/15 12:12:06,20.6,67.03
27173,POS消费,地点232,食堂,2015/01/15 12:12:13,12.0,55.03
27173,POS消费,地点26,图书馆,2015/01/15 18:11:31,12.8,42.23
27173,POS消费,地点232,食堂,2015/01/16 12:14:25,12.2,30.03
27173,POS消费,地点232,食堂,2015/01/16 18:27:25,10.7,19.33
27173,POS消费,地点26,图书馆,2015/01/17 12:14:55,11.0,8.33
27173,POS消费,地点26,图书馆,2015/01/17 18:12:42,8.5,99.83
27173,圈存转账,,,2015/01/17 18:28:44,100.0,108.33
27173,POS消费,地点232,食堂,2015/01/19 12:24:35,11.0,88.83
27173,POS消费,地点232,食堂,2015/01/19 18:17:54,12.5,76.33
27173,POS消费,地点232,食堂,2015/01/20 18:03:11,21.3,55.03
27173,POS消费,地点232,食堂,2015/01/21 11:54:09,30.0,25.03
27173,POS消费,地点26,图书馆,2015/01/21 17:52:04,12.0,13.03
27173,POS消费,地点232,食堂,2015/01/22 12:08:39,13.7,99.33
27173,POS消费,地点26,图书馆,2015/01/22 12:22:28,4.8,94.53
27173,圈存转账,,,2015/01/22 12:24:35,100.0,113.03
27173,POS消费,地点26,图书馆,2015/01/22 12:31:57,6.0,88.53
27173,POS消费,地点26,图书馆,2015/01/23 12:12:20,15.2,73.33
27173,POS消费,地点26,图书馆,2015/01/23 18:08:34,13.3,60.03
27173,POS消费,地点26,图书馆,2015/01/24 18:13:00,12.4,47.63
27173,POS消费,地点232,食堂,2015/03/02 12:31:51,10.7,36.93
27173,POS消费,地点232,食堂,2015/03/02 18:05:23,10.7,26.23
27173,POS消费,地点232,食堂,2015/03/04 11:57:57,10.3,15.93
27173,POS消费,地点232,食堂,2015/03/05 12:08:51,10.5,5.43
27173,POS消费,地点232,食堂,2015/03/06 11:59:07,21.0,184.43
27173,圈存转账,,,2015/03/06 12:25:04,200.0,205.43
27173,POS消费,地点26,图书馆,2015/03/07 12:04:24,17.5,166.93
27173,POS消费,地点26,图书馆,2015/03/07 12:18:13,3.6,163.33
27173,POS消费,地点26,图书馆,2015/03/08 11:41:04,9.2,154.13
27173,POS消费,地点21,开水,2015/03/10 19:23:51,6.5,147.63
27173,POS消费,地点26,图书馆,2015/03/11 11:59:41,20.4,127.23
27173,POS消费,地点232,食堂,2015/03/11 18:00:17,10.6,116.63
27173,POS消费,地点232,食堂,2015/03/12 12:31:32,12.5,104.13
27173,POS消费,地点232,食堂,2015/03/13 12:01:12,13.4,90.73
27173,POS消费,地点26,图书馆,2015/03/14 12:07:51,26.4,64.33
27173,POS消费,地点232,食堂,2015/03/16 12:21:05,15.4,48.93
27173,POS消费,地点26,图书馆,2015/03/16 12:36:08,9.0,39.93
27173,POS消费,地点232,食堂,2015/03/17 18:07:39,23.6,16.33
27173,POS消费,地点232,食堂,2015/03/17 18:07:42,2.0,14.33
27173,POS消费,地点232,食堂,2015/03/19 18:23:15,19.0,195.33
27173,圈存转账,,,2015/03/19 18:54:04,200.0,214.33
27173,POS消费,地点232,食堂,2015/03/20 18:09:15,14.6,180.73
27173,POS消费,地点26,图书馆,2015/03/21 18:06:52,9.0,171.73
27173,POS消费,地点26,图书馆,2015/03/22 17:55:01,11.2,160.53
27173,卡挂失,,,2015/03/29 10:48:17,0.0,0.0
27173,卡片开户,,,2015/03/29 10:49:20,20.0,5.0
27173,更新卡信息,,,2015/03/29 10:49:49,0.0,0.0
27173,卡片销户,,,2015/04/04 13:24:40,5.0,0.0
27173,卡补办,,,2015/04/04 13:25:02,20.0,165.53
27173,更新卡信息,,,2015/04/04 13:25:20,0.0,0.0
27173,POS消费,地点26,图书馆,2015/04/04 18:29:06,1.0,164.53
27173,POS消费,地点26,图书馆,2015/04/04 18:29:09,0.5,164.03
27173,POS消费,地点26,图书馆,2015/04/05 11:47:15,4.0,160.03
27173,POS消费,地点1387,校车,2015/05/28 10:34:18,2.0,158.03
27173,POS消费,地点1472,校车,2015/06/07 12:17:43,1.0,157.03
27173,POS消费,地点1472,校车,2015/06/07 12:17:53,1.0,156.03
27173,POS消费,地点211,校车,2015/06/07 13:47:57,1.0,155.03
27173,POS消费,地点211,校车,2015/06/07 13:48:04,1.0,154.03
27173,POS消费,地点211,校车,2015/06/07 13:48:10,1.0,153.03
27173,POS消费,地点232,食堂,2015/07/06 12:37:04,17.3,135.73
27173,POS消费,地点232,食堂,2015/07/06 12:37:24,23.2,112.53
27173,POS消费,地点2309,教务处,2015/07/16 18:12:22,1.0,111.53
27173,POS消费,地点6,淋浴,2015/07/24 11:16:23,6.0,105.53
27173,POS消费,地点12,文印中心,2015/07/24 11:18:13,21.0,84.53
27173,POS消费,地点12,文印中心,2015/07/24 11:23:45,11.0,73.53
27173,POS消费,地点12,文印中心,2015/07/24 11:27:27,4.0,69.53
27173,POS消费,地点188,超市,2015/08/12 13:13:28,5.6,63.93
27173,POS消费,地点6,淋浴,2015/08/16 17:06:28,15.2,48.73
27173,POS消费,地点6,淋浴,2015/08/16 17:06:30,8.0,40.73
27173,POS消费,地点6,淋浴,2015/08/16 17:06:51,11.7,29.03
27173,POS消费,地点12,文印中心,2015/08/16 17:08:29,6.0,23.03
