27186,卡片开户,,,2014/07/17 09:41:32,0.0,0.0
27186,卡充值,,,2014/08/27 12:24:51,20.0,20.0
27186,卡充值,,,2014/08/27 12:30:30,50.0,70.0
27186,POS消费,地点188,超市,2014/08/27 12:31:14,30.0,40.0
27186,POS消费,地点188,超市,2014/08/27 12:31:18,25.5,14.5
27186,卡充值,,,2014/08/29 08:53:59,1000.0,1014.5
27186,POS消费,地点232,食堂,2014/08/29 12:28:10,7.1,1007.4
27186,POS消费,地点232,食堂,2014/08/29 12:28:46,7.6,999.8
27186,POS消费,地点232,食堂,2014/08/29 12:29:35,7.6,992.2
27186,POS消费,地点232,食堂,2014/08/29 12:30:17,5.4,986.8
27186,POS消费,地点188,超市,2014/08/29 17:06:48,33.3,953.5
27186,POS消费,地点21,开水,2014/08/29 21:50:28,11.7,941.8
27186,POS消费,地点21,开水,2014/08/30 08:10:44,0.09,941.71
27186,POS消费,地点192,超市,2014/08/30 14:40:18,14.5,927.21
27186,POS消费,地点134,食堂,2014/08/30 18:02:44,8.6,918.61
27186,POS消费,地点314,食堂,2014/08/30 20:47:33,30.0,888.61
27186,POS消费,地点314,食堂,2014/08/30 20:47:37,2.3,886.31
27186,POS消费,地点1514,淋浴,2014/08/30 21:10:37,0.6,885.71
27186,POS消费,地点21,开水,2014/08/30 21:20:04,0.03,885.68
27186,POS消费,地点118,食堂,2014/08/31 07:36:15,7.1,878.58
27186,POS消费,地点21,开水,2014/08/31 12:26:58,18.9,859.68
27186,POS消费,地点188,超市,2014/08/31 13:50:47,5.8,853.88
27186,POS消费,地点1961,超市,2014/08/31 17:00:30,8.6,845.28
27186,POS消费,地点21,开水,2014/08/31 21:15:51,3.1,842.18
27186,POS消费,地点47,淋浴,2014/08/31 22:06:56,0.5,841.68
