27208,卡片开户,,,2014/07/17 16:09:20,0.0,0.0
27208,卡充值,,,2014/08/30 13:48:04,500.0,500.0
27208,POS消费,地点188,超市,2014/08/30 16:52:55,53.7,446.3
27208,POS消费,地点188,超市,2014/08/30 16:53:03,100.0,346.3
27208,POS消费,地点1369,淋浴,2014/08/30 23:47:57,0.5,345.7
27208,POS消费,地点387,淋浴,2014/08/30 23:50:01,0.1,346.2
27208,POS消费,地点1369,淋浴,2014/08/30 23:54:20,0.1,345.6
27208,POS消费,地点195,超市,2014/08/31 10:25:33,30.0,315.58
27208,POS消费,地点195,超市,2014/08/31 10:25:36,1.0,314.58
27208,POS消费,地点87,食堂,2014/08/31 11:50:49,4.2,310.38
27208,POS消费,地点21,开水,2014/08/31 17:08:12,4.3,306.08
27208,POS消费,地点1369,淋浴,2014/08/31 21:54:55,0.6,305.48
