27219,卡片开户,,,2014/07/19 15:38:36,0.0,0.0
27219,卡充值,,,2014/08/28 16:01:41,200.0,200.0
27219,POS消费,地点72,食堂,2014/08/28 18:50:23,8.6,191.4
27219,POS消费,地点72,食堂,2014/08/28 18:50:43,8.6,182.8
27219,POS消费,地点70,食堂,2014/08/28 18:51:56,4.0,178.8
27219,POS消费,地点192,超市,2014/08/28 19:20:57,25.5,153.3
27219,POS消费,地点1913,淋浴,2014/08/29 07:43:54,0.8,152.5
27219,POS消费,地点161,食堂,2014/08/29 09:02:14,3.2,149.3
27219,POS消费,地点70,食堂,2014/08/29 09:04:02,4.0,145.3
27219,POS消费,地点195,超市,2014/08/29 17:46:59,6.0,139.3
27219,POS消费,地点21,开水,2014/08/29 18:05:39,4.6,134.7
27219,POS消费,地点21,开水,2014/08/29 18:06:02,4.6,130.1
27219,POS消费,地点21,开水,2014/08/29 18:06:17,4.6,125.5
27219,POS消费,地点114,食堂,2014/08/29 18:08:01,5.0,120.5
27219,POS消费,地点114,食堂,2014/08/29 18:09:19,5.0,115.5
27219,POS消费,地点114,食堂,2014/08/29 18:23:27,4.0,111.5
27219,POS消费,地点1852,开水,2014/08/29 19:57:46,0.01,111.49
27219,POS消费,地点61,食堂,2014/08/30 08:15:44,2.4,108.79
27219,POS消费,地点61,食堂,2014/08/30 09:08:06,5.8,102.99
27219,POS消费,地点114,食堂,2014/08/30 10:25:40,7.0,95.99
27219,POS消费,地点65,食堂,2014/08/30 11:02:01,8.6,79.29
27219,POS消费,地点69,食堂,2014/08/30 11:03:07,6.6,72.69
27219,POS消费,地点21,开水,2014/08/30 11:12:24,5.6,90.39
27219,POS消费,地点237,食堂,2014/08/30 11:12:34,2.6,70.09
27219,POS消费,地点21,开水,2014/08/30 11:12:55,2.5,87.89
27219,POS消费,地点21,开水,2014/08/30 11:34:07,3.2,66.89
27219,POS消费,地点21,开水,2014/08/30 17:33:41,4.6,62.29
27219,POS消费,地点1852,开水,2014/08/30 22:55:23,0.01,61.27
27219,POS消费,地点1852,开水,2014/08/30 22:55:25,0.01,61.28
27219,POS消费,地点1852,开水,2014/08/30 22:57:37,0.01,61.26
27219,POS消费,地点65,食堂,2014/08/31 08:14:09,0.8,60.46
27219,POS消费,地点72,食堂,2014/08/31 08:20:23,3.3,57.16
27219,POS消费,地点1596,食堂,2014/08/31 12:00:34,8.6,48.56
27219,POS消费,地点314,食堂,2014/08/31 12:06:52,1.0,47.56
27219,卡充值,,,2014/08/31 13:03:23,400.0,447.56
27219,POS消费,地点184,食堂,2014/08/31 18:23:21,5.6,441.96
27219,POS消费,地点218,食堂,2014/08/31 18:25:40,3.0,438.96
27219,POS消费,地点1913,淋浴,2014/08/31 22:15:03,0.2,438.76
27219,POS消费,地点1913,淋浴,2014/08/31 22:16:33,0.2,438.46
27219,POS消费,地点1913,淋浴,2014/08/31 22:17:44,0.1,438.66
27219,POS消费,地点1852,开水,2014/08/31 22:23:07,0.01,438.45
