27261,卡片开户,,,2014/07/19 16:29:27,0.0,0.0
27261,卡充值,,,2014/08/29 12:44:58,500.0,500.0
27261,POS消费,地点218,食堂,2014/08/29 12:45:14,4.3,495.7
27261,POS消费,地点72,食堂,2014/08/29 12:55:44,8.0,484.7
27261,POS消费,地点251,食堂,2014/08/29 13:00:29,3.0,492.7
27261,POS消费,地点59,食堂,2014/08/29 18:22:12,1.7,483.0
27261,POS消费,地点114,食堂,2014/08/29 18:22:49,3.0,480.0
27261,POS消费,地点26,图书馆,2014/08/29 19:12:54,9.4,470.6
27261,POS消费,地点1155,食堂,2014/08/29 20:50:42,2.9,467.7
27261,POS消费,地点426,淋浴,2014/08/29 21:32:20,0.1,467.6
27261,POS消费,地点6,淋浴,2014/08/29 21:59:11,0.4,467.2
27261,POS消费,地点134,食堂,2014/08/30 07:49:02,0.8,466.4
27261,POS消费,地点1588,食堂,2014/08/30 07:50:59,1.5,464.9
27261,POS消费,地点1961,超市,2014/08/30 11:23:55,44.5,420.4
27261,POS消费,地点157,食堂,2014/08/30 12:05:39,5.4,415.0
27261,POS消费,地点1961,超市,2014/08/30 20:03:06,9.2,405.8
27261,POS消费,地点314,食堂,2014/08/30 20:07:17,46.8,359.0
27261,POS消费,地点6,淋浴,2014/08/30 22:21:52,0.3,358.7
27261,POS消费,地点21,开水,2014/08/31 07:26:25,0.6,357.2
27261,POS消费,地点134,食堂,2014/08/31 07:38:34,0.9,357.8
27261,POS消费,地点26,图书馆,2014/08/31 11:31:20,23.5,333.7
27261,POS消费,地点192,超市,2014/08/31 13:44:58,15.0,318.7
27261,POS消费,地点305,食堂,2014/08/31 17:28:42,6.0,312.7
27261,POS消费,地点373,开水,2014/08/31 21:38:39,0.05,312.65
