27390,卡片开户,,,2014/07/19 10:28:27,0.0,0.0
27390,卡充值,,,2014/08/29 12:48:44,1000.0,1000.0
27390,POS消费,地点89,食堂,2014/08/29 13:13:57,9.0,991.0
27390,POS消费,地点1575,开水,2014/08/29 14:40:23,0.09,990.91
27390,POS消费,地点192,超市,2014/08/29 18:26:12,30.0,960.91
27390,POS消费,地点192,超市,2014/08/29 18:26:15,7.2,953.71
27390,POS消费,地点21,开水,2014/08/30 07:57:27,2.6,951.11
27390,POS消费,地点161,食堂,2014/08/30 08:06:04,2.0,949.11
27390,POS消费,地点146,校车,2014/08/30 08:26:27,1.0,948.11
27390,POS消费,地点1448,校车,2014/08/30 11:15:08,1.0,947.11
27390,POS消费,地点1575,开水,2014/08/30 12:31:27,0.08,947.03
27390,POS消费,地点21,开水,2014/08/30 12:43:16,8.6,938.43
27390,POS消费,地点222,校车,2014/08/30 16:45:06,1.0,937.43
27390,POS消费,地点211,校车,2014/08/30 18:51:43,1.0,936.43
27390,POS消费,地点1653,淋浴,2014/08/30 21:44:31,0.3,935.93
27390,POS消费,地点1653,淋浴,2014/08/30 21:57:43,0.3,935.63
27390,POS消费,地点72,食堂,2014/08/31 11:05:55,4.6,931.03
27390,POS消费,地点1961,超市,2014/08/31 11:37:02,7.4,923.63
27390,POS消费,地点118,食堂,2014/08/31 17:09:45,4.5,919.13
27390,POS消费,地点262,食堂,2014/08/31 18:00:54,1.6,917.53
27390,POS消费,地点251,食堂,2014/08/31 18:14:38,0.6,916.93
27390,POS消费,地点188,超市,2014/08/31 18:16:16,6.8,910.13
27390,POS消费,地点1575,开水,2014/08/31 23:02:03,0.09,910.04
