27450,卡片开户,,,2014/07/18 11:12:32,0.0,0.0
27450,卡充值,,,2014/08/30 10:03:50,300.0,300.0
27450,POS消费,地点157,食堂,2014/08/30 12:30:57,10.6,289.4
27450,POS消费,地点161,食堂,2014/08/30 17:35:07,5.6,283.8
27450,POS消费,地点1243,淋浴,2014/08/30 22:26:05,0.5,283.3
27450,POS消费,地点87,食堂,2014/08/31 08:03:16,3.0,280.3
27450,POS消费,地点161,食堂,2014/08/31 11:20:14,8.4,271.9
27450,POS消费,地点1961,超市,2014/08/31 12:13:02,32.8,239.1
27450,POS消费,地点21,开水,2014/08/31 17:20:31,3.0,236.1
27450,POS消费,地点1926,淋浴,2014/08/31 21:41:15,0.8,235.3
27450,POS消费,地点1567,开水,2014/08/31 22:16:47,0.01,235.29
27450,POS消费,地点1567,开水,2014/08/31 22:17:24,0.03,235.26
