27502,卡片开户,,,2014/07/14 09:38:54,0.0,0.0
27502,卡充值,,,2014/08/29 16:37:14,200.0,200.0
27502,POS消费,地点203,食堂,2014/08/29 19:11:18,5.5,194.5
27502,POS消费,地点407,淋浴,2014/08/29 21:36:29,0.1,194.4
27502,POS消费,地点407,淋浴,2014/08/29 21:40:42,0.1,194.3
27502,POS消费,地点408,淋浴,2014/08/29 21:45:52,0.4,193.9
27502,POS消费,地点1858,开水,2014/08/30 08:25:40,0.01,193.89
27502,POS消费,地点1315,洗衣房,2014/08/30 11:36:07,3.6,190.29
27502,POS消费,地点89,食堂,2014/08/30 12:11:13,3.0,187.29
27502,POS消费,地点1315,洗衣房,2014/08/30 12:59:15,3.6,183.69
27502,POS消费,地点1858,开水,2014/08/30 13:07:16,0.01,183.68
27502,POS消费,地点21,开水,2014/08/30 17:57:29,1.5,182.18
27502,POS消费,地点103,食堂,2014/08/30 18:14:16,5.3,176.88
27502,POS消费,地点1921,淋浴,2014/08/30 21:45:13,0.3,176.28
27502,POS消费,地点354,开水,2014/08/30 22:39:13,0.01,176.27
27502,POS消费,地点114,食堂,2014/08/31 08:37:28,4.0,172.27
27502,POS消费,地点91,校车,2014/08/31 11:14:34,10.6,161.67
27502,POS消费,地点1858,开水,2014/08/31 12:23:45,0.01,161.66
27502,POS消费,地点314,食堂,2014/08/31 17:19:25,80.0,81.66
27502,POS消费,地点377,淋浴,2014/08/31 22:42:20,0.3,81.36
