27606,卡片开户,,,2014/07/17 08:50:51,0.0,0.0
27606,卡充值,,,2014/08/28 17:52:55,300.0,300.0
27606,POS消费,地点21,开水,2014/08/28 17:56:07,3.0,297.0
27606,POS消费,地点21,开水,2014/08/28 18:06:43,4.0,293.0
27606,POS消费,地点264,食堂,2014/08/28 18:09:28,5.0,282.9
27606,POS消费,地点1847,食堂,2014/08/28 18:10:32,1.0,281.9
27606,POS消费,地点1847,食堂,2014/08/28 18:10:48,4.4,277.5
27606,POS消费,地点1588,食堂,2014/08/28 18:21:32,5.1,287.9
27606,POS消费,地点810,洗衣房,2014/08/28 19:19:28,3.6,273.9
27606,POS消费,地点810,洗衣房,2014/08/28 19:19:28,-1.74,275.64
27606,POS消费,地点816,校车,2014/08/29 16:16:33,1.0,274.64
27606,POS消费,地点21,开水,2014/08/29 17:56:02,9.0,265.64
27606,POS消费,地点65,食堂,2014/08/29 17:58:34,6.8,258.84
27606,POS消费,地点161,食堂,2014/08/29 18:00:04,10.6,248.24
27606,POS消费,地点21,开水,2014/08/29 18:05:22,7.4,239.34
27606,POS消费,地点242,食堂,2014/08/29 18:13:56,1.5,246.74
27606,POS消费,地点828,洗衣房,2014/08/29 19:41:35,3.6,235.74
27606,POS消费,地点828,洗衣房,2014/08/29 19:41:35,-3.54,239.28
27606,POS消费,地点828,洗衣房,2014/08/29 19:42:17,3.6,235.68
27606,POS消费,地点828,洗衣房,2014/08/29 19:42:17,-3.54,239.22
27606,POS消费,地点807,洗衣房,2014/08/29 19:42:40,3.6,235.62
27606,POS消费,地点807,洗衣房,2014/08/29 19:42:40,-3.54,239.16
27606,POS消费,地点828,洗衣房,2014/08/29 19:43:27,3.6,235.56
27606,POS消费,地点828,洗衣房,2014/08/29 19:43:27,-1.38,236.94
27606,POS消费,地点114,食堂,2014/08/31 08:38:44,2.0,234.94
27606,POS消费,地点69,食堂,2014/08/31 08:46:23,1.35,233.59
27606,POS消费,地点314,食堂,2014/08/31 11:58:51,2.3,231.29
27606,POS消费,地点192,超市,2014/08/31 14:00:05,2.8,228.49
27606,POS消费,地点1447,校车,2014/08/31 16:39:04,1.0,227.49
27606,POS消费,地点1451,校车,2014/08/31 18:36:13,1.0,226.49
27606,POS消费,地点21,开水,2014/08/31 20:48:10,3.5,222.99
