27753,卡片开户,,,2014/07/12 15:47:51,0.0,0.0
27753,卡充值,,,2014/08/30 11:07:51,100.0,100.0
27753,POS消费,地点1480,开水,2014/08/30 12:20:39,0.01,99.99
27753,POS消费,地点82,食堂,2014/08/30 17:27:59,7.7,92.29
27753,POS消费,地点21,开水,2014/08/30 17:31:27,14.4,77.89
27753,POS消费,地点60,食堂,2014/08/31 07:59:07,0.5,77.39
27753,POS消费,地点157,食堂,2014/08/31 11:45:43,10.2,67.19
27753,POS消费,地点195,超市,2014/08/31 12:42:02,5.5,61.69
27753,POS消费,地点87,食堂,2014/08/31 17:46:45,4.2,57.49
27753,POS消费,地点1693,淋浴,2014/08/31 18:40:06,0.3,57.19
