27773,卡片开户,,,2014/07/18 16:15:32,0.0,0.0
27773,卡充值,,,2014/08/28 12:07:44,500.0,500.0
27773,POS消费,地点72,食堂,2014/08/28 12:13:51,10.8,489.2
27773,POS消费,地点72,食堂,2014/08/28 12:14:18,10.6,478.6
27773,POS消费,地点213,食堂,2014/08/28 13:26:30,1.5,477.1
27773,POS消费,地点21,开水,2014/08/28 15:27:36,100.0,377.1
27773,POS消费,地点21,开水,2014/08/28 15:27:42,100.0,277.1
27773,POS消费,地点21,开水,2014/08/28 15:27:49,6.3,270.8
27773,POS消费,地点222,校车,2014/08/28 15:52:16,1.0,269.8
27773,POS消费,地点222,校车,2014/08/28 15:53:17,1.0,268.8
27773,POS消费,地点192,超市,2014/08/28 20:42:28,2.5,266.3
27773,POS消费,地点83,食堂,2014/08/29 13:36:33,14.0,252.3
27773,POS消费,地点83,食堂,2014/08/29 13:38:05,3.0,249.3
27773,POS消费,地点26,图书馆,2014/08/29 14:47:46,17.0,232.3
27773,POS消费,地点72,食堂,2014/08/29 18:03:11,6.8,225.5
27773,POS消费,地点118,食堂,2014/08/29 19:00:53,7.0,218.5
27773,POS消费,地点1917,淋浴,2014/08/29 22:27:37,0.1,218.4
27773,POS消费,地点1917,淋浴,2014/08/29 23:31:39,0.5,217.9
27773,POS消费,地点72,食堂,2014/08/30 12:11:07,9.6,208.3
27773,POS消费,地点61,食堂,2014/08/30 18:26:05,7.6,200.7
27773,POS消费,地点837,校车,2014/08/30 18:58:33,1.0,199.7
27773,POS消费,地点188,超市,2014/08/30 21:21:06,6.7,193.0
27773,POS消费,地点1875,淋浴,2014/08/30 21:47:12,0.2,192.8
27773,POS消费,地点1875,淋浴,2014/08/30 21:47:18,0.3,192.5
27773,POS消费,地点228,食堂,2014/08/31 12:14:45,6.0,186.5
27773,POS消费,地点231,食堂,2014/08/31 12:30:13,0.6,185.9
27773,POS消费,地点264,食堂,2014/08/31 16:58:43,10.6,175.3
27773,POS消费,地点1847,食堂,2014/08/31 17:14:00,2.9,172.4
27773,POS消费,地点1874,淋浴,2014/08/31 22:12:54,0.4,172.0
27773,POS消费,地点1930,洗衣房,2014/08/31 22:26:30,3.6,168.4
27773,POS消费,地点1930,洗衣房,2014/08/31 23:31:21,3.6,164.8
27773,POS消费,地点1930,洗衣房,2014/08/31 23:36:16,-3.54,168.34
