27835,卡片开户,,,2014/07/19 15:38:26,0.0,0.0
27835,卡充值,,,2014/08/28 10:16:38,500.0,500.0
27835,POS消费,地点314,食堂,2014/08/28 10:47:20,100.0,400.0
27835,POS消费,地点314,食堂,2014/08/28 10:47:33,3.8,396.2
27835,POS消费,地点61,食堂,2014/08/28 12:18:48,4.6,391.6
27835,POS消费,地点61,食堂,2014/08/28 12:19:01,4.6,387.0
27835,POS消费,地点61,食堂,2014/08/28 12:19:14,4.6,382.4
27835,POS消费,地点69,食堂,2014/08/29 07:16:45,1.6,380.8
27835,POS消费,地点65,食堂,2014/08/29 07:18:16,0.3,380.5
27835,POS消费,地点1870,开水,2014/08/29 08:35:26,0.01,380.49
27835,POS消费,地点314,食堂,2014/08/29 20:17:36,5.5,374.99
27835,POS消费,地点1948,淋浴,2014/08/29 21:00:09,0.2,374.79
27835,POS消费,地点1948,淋浴,2014/08/29 21:05:30,0.2,374.59
27835,POS消费,地点60,食堂,2014/08/30 07:26:25,1.0,373.59
27835,POS消费,地点61,食堂,2014/08/30 07:35:14,3.6,369.99
27835,POS消费,地点124,食堂,2014/08/31 08:04:54,6.0,363.99
27835,POS消费,地点91,校车,2014/08/31 11:51:08,0.6,363.39
27835,POS消费,地点21,开水,2014/08/31 11:51:37,1.2,362.19
27835,POS消费,地点91,校车,2014/08/31 11:59:08,5.0,357.19
27835,POS消费,地点21,开水,2014/08/31 11:59:55,1.68,355.51
27835,POS消费,地点190,超市,2014/08/31 12:33:56,7.3,348.21
27835,POS消费,地点1472,校车,2014/08/31 16:52:46,1.0,347.21
27835,POS消费,地点1451,校车,2014/08/31 18:36:23,1.0,346.21
27835,POS消费,地点21,开水,2014/08/31 19:21:21,1.5,344.71
