27830,卡片开户,,,2014/07/16 12:43:22,0.0,0.0
27830,卡充值,,,2014/08/29 14:53:11,1000.0,1000.0
27830,POS消费,地点188,超市,2014/08/29 15:08:39,72.6,927.4
27830,POS消费,地点188,超市,2014/08/29 16:07:56,6.0,921.4
27830,POS消费,地点263,食堂,2014/08/29 17:58:30,4.0,913.8
27830,POS消费,地点255,食堂,2014/08/29 17:59:38,3.6,917.8
27830,POS消费,地点188,超市,2014/08/29 19:38:28,54.6,859.2
27830,POS消费,地点283,食堂,2014/08/30 12:03:35,5.5,853.7
27830,POS消费,地点72,食堂,2014/08/30 17:37:28,5.1,848.6
27830,POS消费,地点21,开水,2014/08/30 18:36:47,8.1,840.5
27830,POS消费,地点21,开水,2014/08/30 18:37:08,8.1,832.4
27830,POS消费,地点184,食堂,2014/08/31 08:33:20,3.4,829.0
27830,POS消费,地点184,食堂,2014/08/31 08:33:30,3.4,825.6
27830,POS消费,地点1961,超市,2014/08/31 18:03:25,6.5,819.1
27830,POS消费,地点219,超市,2014/08/31 19:21:15,3.0,816.1
27830,POS消费,地点188,超市,2014/08/31 19:43:01,49.8,766.3
27830,POS消费,地点568,开水,2014/08/31 20:19:30,0.01,766.29
