28039,卡片开户,,,2014/07/18 11:37:06,0.0,0.0
28039,卡充值,,,2014/08/30 11:46:20,300.0,300.0
28039,POS消费,地点59,食堂,2014/08/30 12:36:22,4.9,277.7
28039,POS消费,地点253,食堂,2014/08/30 12:46:07,13.9,286.1
28039,POS消费,地点253,食堂,2014/08/30 12:46:19,3.5,282.6
28039,POS消费,地点21,开水,2014/08/30 12:50:31,0.4,277.3
28039,POS消费,地点61,食堂,2014/08/30 13:00:55,8.2,269.1
28039,卡充值,,,2014/08/30 13:07:14,200.0,469.1
28039,POS消费,地点219,超市,2014/08/30 17:53:47,7.5,461.6
28039,POS消费,地点6,淋浴,2014/08/30 18:29:25,0.5,461.1
28039,POS消费,地点6,淋浴,2014/08/30 18:34:51,0.1,461.0
28039,POS消费,地点203,食堂,2014/08/30 19:01:46,5.5,455.5
28039,POS消费,地点204,食堂,2014/08/31 09:08:09,5.5,450.0
28039,POS消费,地点192,超市,2014/08/31 09:28:21,12.8,437.2
28039,POS消费,地点206,开水,2014/08/31 09:50:24,0.05,437.15
28039,POS消费,地点82,食堂,2014/08/31 12:01:40,6.3,430.85
28039,POS消费,地点118,食堂,2014/08/31 20:36:54,8.7,422.15
28039,POS消费,地点755,淋浴,2014/08/31 21:31:15,0.5,421.65
