28108,卡片开户,,,2014/07/16 11:07:37,0.0,0.0
28108,卡充值,,,2014/08/28 12:19:39,300.0,300.0
28108,POS消费,地点1588,食堂,2014/08/28 12:39:47,5.3,289.4
28108,POS消费,地点103,食堂,2014/08/28 12:40:10,5.3,294.7
28108,POS消费,地点1588,食堂,2014/08/28 12:40:21,8.6,280.8
28108,POS消费,地点972,食堂,2014/08/28 12:44:00,7.0,273.8
28108,POS消费,地点972,食堂,2014/08/28 12:44:12,6.0,267.8
28108,POS消费,地点21,开水,2014/08/28 16:04:21,4.8,263.0
28108,POS消费,地点188,超市,2014/08/28 19:56:44,28.6,234.4
28108,POS消费,地点1303,开水,2014/08/28 20:05:22,0.01,234.39
28108,POS消费,地点1622,淋浴,2014/08/29 21:54:17,0.7,233.69
28108,POS消费,地点103,食堂,2014/08/30 08:18:51,3.8,229.89
28108,POS消费,地点1303,开水,2014/08/30 08:32:43,0.01,229.88
28108,POS消费,地点82,食堂,2014/08/30 11:41:01,6.3,223.58
28108,POS消费,地点82,食堂,2014/08/30 17:46:55,7.6,215.98
28108,POS消费,地点134,食堂,2014/08/31 07:51:51,1.1,214.88
28108,POS消费,地点168,食堂,2014/08/31 11:27:26,5.5,209.38
28108,POS消费,地点21,开水,2014/08/31 17:38:59,4.6,204.78
28108,POS消费,地点21,开水,2014/08/31 17:39:11,4.6,200.18
28108,POS消费,地点1303,开水,2014/08/31 17:57:37,0.01,200.17
