28186,POS消费,地点26,图书馆,2014/07/02 18:04:32,0.0,0.0
28186,POS消费,地点26,图书馆,2014/07/02 18:04:32,0.11,2.32
28186,卡片开户,,,2014/07/17 09:34:16,0.0,0.0
28186,卡充值,,,2014/08/28 15:45:48,300.0,300.0
28186,POS消费,地点195,超市,2014/08/29 16:10:37,30.0,270.0
28186,POS消费,地点195,超市,2014/08/29 16:10:40,2.5,267.5
28186,POS消费,地点21,开水,2014/08/29 17:50:52,0.12,267.38
28186,POS消费,地点1946,淋浴,2014/08/29 22:06:16,0.6,266.78
28186,POS消费,地点21,开水,2014/08/29 23:02:12,0.12,266.66
28186,POS消费,地点21,开水,2014/08/30 08:18:16,0.01,266.65
28186,POS消费,地点21,开水,2014/08/30 12:19:33,0.01,266.64
28186,POS消费,地点232,食堂,2014/08/30 17:47:00,8.0,258.64
28186,POS消费,地点283,食堂,2014/08/30 18:07:20,0.1,258.54
28186,POS消费,地点1961,超市,2014/08/30 18:24:47,7.1,251.44
28186,POS消费,地点314,食堂,2014/08/31 08:15:08,30.0,221.44
28186,POS消费,地点314,食堂,2014/08/31 08:15:11,10.0,211.44
28186,POS消费,地点184,食堂,2014/08/31 08:46:28,1.6,209.84
28186,POS消费,地点82,食堂,2014/08/31 12:22:22,5.2,204.64
28186,POS消费,地点1946,淋浴,2014/08/31 13:02:17,0.5,204.14
28186,POS消费,地点161,食堂,2014/08/31 17:50:59,5.4,198.74
28186,POS消费,地点161,食堂,2014/08/31 17:51:32,5.4,193.34
28186,POS消费,地点114,食堂,2014/08/31 17:53:55,2.0,191.34
28186,POS消费,地点21,开水,2014/08/31 21:55:34,0.13,191.21
