28192,POS消费,地点232,食堂,2014/07/02 18:04:32,0.0,0.0
28192,POS消费,地点232,食堂,2014/07/02 18:04:32,0.12,6.79
28192,卡片开户,,,2014/07/19 15:19:31,0.0,0.0
28192,POS消费,地点21,开水,2014/08/26 16:40:51,5.9,494.1
28192,POS消费,地点21,开水,2014/08/26 16:40:55,3.7,490.4
28192,POS消费,地点21,开水,2014/08/26 16:41:00,28.3,462.1
28192,卡充值,,,2014/08/26 16:45:31,500.0,500.0
28192,POS消费,地点192,超市,2014/08/26 17:32:28,6.2,455.9
28192,POS消费,地点192,超市,2014/08/27 19:34:58,5.4,450.5
28192,POS消费,地点188,超市,2014/08/27 19:55:21,21.7,428.8
28192,POS消费,地点1405,校车,2014/08/28 13:17:55,2.0,426.8
28192,POS消费,地点1405,校车,2014/08/28 13:18:15,2.0,424.8
28192,POS消费,地点1405,校车,2014/08/28 13:18:22,2.0,422.8
28192,POS消费,地点1405,校车,2014/08/28 13:25:02,2.0,420.8
28192,POS消费,地点1269,校车,2014/08/28 20:00:13,2.0,418.8
28192,POS消费,地点1269,校车,2014/08/28 20:00:20,2.0,416.8
28192,POS消费,地点1269,校车,2014/08/28 20:00:26,2.0,414.8
28192,POS消费,地点1269,校车,2014/08/28 20:41:40,2.0,412.8
28192,POS消费,地点314,食堂,2014/08/29 09:57:29,28.0,384.8
28192,POS消费,地点1447,校车,2014/08/29 12:35:54,1.0,383.8
28192,POS消费,地点1447,校车,2014/08/29 12:36:04,1.0,382.8
28192,POS消费,地点1447,校车,2014/08/29 12:36:14,1.0,381.8
28192,POS消费,地点1447,校车,2014/08/29 12:36:21,1.0,380.8
28192,POS消费,地点1447,校车,2014/08/29 12:36:34,1.0,379.8
28192,POS消费,地点1447,校车,2014/08/29 15:35:06,1.0,378.8
28192,POS消费,地点1447,校车,2014/08/29 15:35:50,1.0,377.8
28192,POS消费,地点21,开水,2014/08/30 08:02:54,1.8,376.0
28192,POS消费,地点247,食堂,2014/08/30 11:30:34,10.0,366.0
28192,POS消费,地点21,开水,2014/08/30 11:45:51,12.2,353.8
28192,POS消费,地点192,超市,2014/08/30 12:58:38,30.0,323.8
28192,POS消费,地点192,超市,2014/08/30 12:58:40,5.0,318.8
28192,POS消费,地点237,食堂,2014/08/30 17:24:43,1.6,317.2
28192,POS消费,地点192,超市,2014/08/30 17:42:50,10.5,306.7
28192,卡充值,,,2014/08/31 11:36:19,1000.0,1306.7
28192,POS消费,地点256,食堂,2014/08/31 11:43:24,18.0,1288.7
28192,POS消费,地点256,食堂,2014/08/31 11:43:44,9.8,1278.9
28192,POS消费,地点272,食堂,2014/08/31 11:45:12,10.0,1268.9
28192,POS消费,地点258,食堂,2014/08/31 11:48:59,16.0,1252.9
28192,POS消费,地点118,食堂,2014/08/31 21:59:41,14.0,1238.9
