28224,卡片开户,,,2014/07/23 15:49:16,0.0,0.0
28224,卡充值,,,2014/08/27 13:17:45,1000.0,1000.0
28224,POS消费,地点192,超市,2014/08/27 14:05:48,30.0,970.0
28224,POS消费,地点192,超市,2014/08/27 14:05:52,30.0,940.0
28224,POS消费,地点192,超市,2014/08/27 14:05:56,30.0,910.0
28224,POS消费,地点192,超市,2014/08/27 14:06:21,30.0,880.0
28224,POS消费,地点192,超市,2014/08/27 14:06:35,30.0,850.0
28224,POS消费,地点192,超市,2014/08/27 14:06:50,30.0,820.0
28224,POS消费,地点192,超市,2014/08/27 14:07:02,30.0,790.0
28224,POS消费,地点192,超市,2014/08/27 14:07:12,30.0,760.0
28224,POS消费,地点192,超市,2014/08/27 14:07:22,30.0,730.0
28224,POS消费,地点192,超市,2014/08/27 14:07:32,30.0,700.0
28224,POS消费,地点192,超市,2014/08/27 14:07:43,27.2,672.8
28224,POS消费,地点1629,开水,2014/08/27 14:56:18,0.02,672.78
28224,POS消费,地点1629,开水,2014/08/27 14:58:54,0.03,672.75
28224,POS消费,地点1629,开水,2014/08/27 16:24:36,0.04,672.71
28224,POS消费,地点1629,开水,2014/08/27 17:03:26,0.02,672.69
28224,POS消费,地点237,食堂,2014/08/27 17:25:21,3.4,669.29
28224,POS消费,地点1629,开水,2014/08/27 18:11:54,0.04,669.25
28224,POS消费,地点1629,开水,2014/08/27 18:12:51,0.06,669.19
28224,POS消费,地点1629,开水,2014/08/27 18:14:15,0.02,669.17
28224,POS消费,地点1869,淋浴,2014/08/27 19:09:18,0.1,669.07
28224,POS消费,地点1869,淋浴,2014/08/27 19:24:39,0.8,668.27
28224,POS消费,地点1869,淋浴,2014/08/27 19:24:45,0.1,668.17
28224,POS消费,地点1629,开水,2014/08/27 19:45:33,0.05,668.12
28224,POS消费,地点190,超市,2014/08/27 22:10:53,28.5,639.62
28224,POS消费,地点72,食堂,2014/08/28 07:55:01,3.0,636.62
28224,POS消费,地点60,食堂,2014/08/28 08:05:08,0.8,635.82
28224,POS消费,地点1629,开水,2014/08/28 08:40:50,0.01,635.81
28224,POS消费,地点1887,开水,2014/08/28 16:05:30,0.01,635.8
28224,POS消费,地点1629,开水,2014/08/28 16:08:38,0.03,635.77
28224,POS消费,地点260,食堂,2014/08/28 17:37:02,2.4,633.37
28224,POS消费,地点1869,淋浴,2014/08/28 19:25:01,0.5,632.87
28224,POS消费,地点1629,开水,2014/08/29 08:51:24,0.05,632.82
28224,POS消费,地点1629,开水,2014/08/29 08:54:18,0.06,632.76
28224,POS消费,地点69,食堂,2014/08/29 11:16:16,5.8,626.96
28224,POS消费,地点190,超市,2014/08/29 11:41:00,48.3,578.66
28224,POS消费,地点1629,开水,2014/08/29 16:32:53,0.05,578.61
28224,POS消费,地点1629,开水,2014/08/29 16:34:23,0.03,578.58
28224,POS消费,地点1943,洗衣房,2014/08/29 19:21:15,1.2,577.38
28224,POS消费,地点1943,洗衣房,2014/08/29 19:22:57,-1.08,578.46
28224,POS消费,地点1869,淋浴,2014/08/29 19:30:41,0.5,577.96
28224,POS消费,地点65,食堂,2014/08/30 11:17:49,5.6,572.36
28224,POS消费,地点192,超市,2014/08/30 11:38:15,6.7,565.66
28224,POS消费,地点1629,开水,2014/08/30 15:02:35,0.01,565.65
28224,POS消费,地点1629,开水,2014/08/30 15:03:21,0.01,565.63
28224,POS消费,地点1629,开水,2014/08/30 15:04:26,0.01,565.64
28224,POS消费,地点1629,开水,2014/08/30 15:05:57,0.11,565.52
28224,POS消费,地点237,食堂,2014/08/30 17:34:44,3.6,561.92
28224,POS消费,地点1879,淋浴,2014/08/30 20:44:16,0.1,561.82
28224,POS消费,地点12,文印中心,2014/08/30 20:52:26,0.4,561.42
28224,POS消费,地点69,食堂,2014/08/31 08:27:21,3.2,558.22
28224,POS消费,地点69,食堂,2014/08/31 17:05:27,6.6,551.62
28224,POS消费,地点1629,开水,2014/08/31 17:30:27,0.08,551.54
28224,POS消费,地点1629,开水,2014/08/31 17:33:18,0.07,551.47
