28234,卡片开户,,,2014/07/17 09:04:19,0.0,0.0
28234,卡充值,,,2014/08/29 13:55:24,100.0,100.0
28234,POS消费,地点21,开水,2014/08/29 18:36:44,5.0,82.2
28234,POS消费,地点21,开水,2014/08/29 18:36:49,-5.0,87.2
28234,POS消费,地点21,开水,2014/08/29 18:36:54,4.0,83.2
28234,POS消费,地点184,食堂,2014/08/29 18:40:58,2.6,97.4
28234,POS消费,地点21,开水,2014/08/29 18:43:10,7.6,89.8
28234,POS消费,地点21,开水,2014/08/29 18:43:34,2.6,87.2
28234,卡充值,,,2014/08/30 09:10:09,800.0,883.2
28234,POS消费,地点21,开水,2014/08/30 11:25:28,5.07,878.13
28234,POS消费,地点21,开水,2014/08/30 11:26:20,6.2,871.93
28234,POS消费,地点6,淋浴,2014/08/30 11:26:26,8.0,863.93
28234,POS消费,地点283,食堂,2014/08/30 11:35:00,9.6,854.33
28234,POS消费,地点1887,开水,2014/08/30 16:54:22,0.01,854.32
28234,POS消费,地点1588,食堂,2014/08/30 17:45:49,7.6,846.72
28234,POS消费,地点21,开水,2014/08/30 17:46:44,1.0,845.72
28234,POS消费,地点1869,淋浴,2014/08/30 22:21:29,0.3,845.42
28234,POS消费,地点134,食堂,2014/08/31 08:33:23,0.5,844.92
28234,POS消费,地点179,食堂,2014/08/31 08:39:41,3.15,841.77
28234,POS消费,地点21,开水,2014/08/31 11:21:15,4.6,837.17
28234,POS消费,地点21,开水,2014/08/31 11:22:01,2.0,835.17
28234,POS消费,地点1629,开水,2014/08/31 12:18:51,0.05,835.12
28234,POS消费,地点1881,淋浴,2014/08/31 17:41:46,0.1,835.02
28234,POS消费,地点1881,淋浴,2014/08/31 17:43:45,0.1,834.92
28234,POS消费,地点1881,淋浴,2014/08/31 17:44:19,0.2,834.72
28234,POS消费,地点1881,淋浴,2014/08/31 17:47:48,0.2,834.52
28234,POS消费,地点21,开水,2014/08/31 18:14:32,4.12,830.4
28234,POS消费,地点283,食堂,2014/08/31 18:15:12,4.6,825.8
28234,POS消费,地点21,开水,2014/08/31 18:27:24,1.0,824.8
28234,POS消费,地点1932,洗衣房,2014/08/31 21:56:03,1.2,823.6
28234,POS消费,地点1932,洗衣房,2014/08/31 22:02:54,-0.84,824.44
28234,POS消费,地点1887,开水,2014/08/31 22:28:22,0.01,824.43
