2843,卡片开户,,,2014/07/14 15:45:10,0.0,0.0
2843,卡充值,,,2014/08/28 17:50:10,500.0,500.0
2843,POS消费,地点21,开水,2014/08/28 19:05:01,17.5,482.5
2843,POS消费,地点21,开水,2014/08/28 19:05:27,0.5,482.0
2843,POS消费,地点256,食堂,2014/08/28 19:21:02,8.0,474.0
2843,POS消费,地点256,食堂,2014/08/28 19:21:16,9.8,464.2
2843,POS消费,地点256,食堂,2014/08/28 19:22:15,6.0,458.2
2843,POS消费,地点217,食堂,2014/08/28 19:23:52,12.0,446.2
2843,POS消费,地点1551,食堂,2014/08/28 19:25:41,12.6,433.6
2843,POS消费,地点1551,食堂,2014/08/28 19:30:34,10.0,423.6
2843,POS消费,地点21,开水,2014/08/28 19:58:07,10.3,409.3
2843,POS消费,地点256,食堂,2014/08/28 19:58:43,4.0,419.6
2843,POS消费,地点190,超市,2014/08/28 20:15:51,2.8,406.5
2843,POS消费,地点1067,淋浴,2014/08/28 21:05:42,0.1,406.4
2843,POS消费,地点1067,淋浴,2014/08/28 21:06:20,0.1,406.3
2843,POS消费,地点1043,淋浴,2014/08/28 21:07:04,0.1,406.2
2843,POS消费,地点1043,淋浴,2014/08/28 21:07:46,0.5,405.7
2843,POS消费,地点1027,开水,2014/08/28 21:47:22,0.01,405.68
2843,POS消费,地点1352,开水,2014/08/28 21:49:23,0.01,405.69
2843,POS消费,地点1043,淋浴,2014/08/29 07:31:52,0.3,405.38
2843,POS消费,地点91,校车,2014/08/29 07:58:45,2.4,402.98
2843,POS消费,地点21,开水,2014/08/29 08:03:15,10.6,392.38
2843,POS消费,地点21,开水,2014/08/29 08:03:25,5.0,387.38
2843,POS消费,地点21,开水,2014/08/29 08:03:41,1.6,385.78
2843,POS消费,地点21,开水,2014/08/29 08:16:09,0.8,384.98
2843,POS消费,地点21,开水,2014/08/29 19:29:22,28.5,356.48
2843,POS消费,地点217,食堂,2014/08/29 19:38:13,8.0,348.48
2843,POS消费,地点217,食堂,2014/08/29 19:39:36,9.0,339.48
2843,POS消费,地点256,食堂,2014/08/29 19:42:17,7.6,331.88
2843,POS消费,地点1551,食堂,2014/08/29 19:44:08,10.0,321.88
2843,POS消费,地点1551,食堂,2014/08/29 19:54:58,10.0,311.88
2843,POS消费,地点256,食堂,2014/08/29 19:56:01,2.4,309.48
2843,POS消费,地点21,开水,2014/08/29 20:19:04,18.9,290.58
2843,POS消费,地点21,开水,2014/08/29 20:19:15,9.7,280.88
2843,POS消费,地点1320,洗衣房,2014/08/29 21:01:52,3.6,277.28
2843,POS消费,地点1320,洗衣房,2014/08/29 21:04:32,3.6,277.1
2843,POS消费,地点1320,洗衣房,2014/08/29 21:06:06,-3.42,280.7
2843,POS消费,地点1320,洗衣房,2014/08/29 21:06:32,3.6,276.86
2843,POS消费,地点1320,洗衣房,2014/08/29 21:08:25,-3.36,280.46
2843,POS消费,地点1364,洗衣房,2014/08/29 21:08:57,3.6,273.26
2843,POS消费,地点1364,洗衣房,2014/08/29 21:08:57,-1.08,274.34
2843,POS消费,地点1067,淋浴,2014/08/29 23:40:21,0.1,274.24
2843,POS消费,地点1043,淋浴,2014/08/30 00:09:17,0.7,273.54
2843,POS消费,地点21,开水,2014/08/30 09:46:20,6.0,267.54
2843,POS消费,地点27,教务处,2014/08/30 10:02:20,10.0,257.54
2843,POS消费,地点1364,洗衣房,2014/08/30 14:03:41,3.6,253.94
2843,POS消费,地点254,食堂,2014/08/30 14:18:04,10.0,243.94
2843,POS消费,地点21,开水,2014/08/30 14:25:38,3.0,240.94
2843,POS消费,地点1364,洗衣房,2014/08/30 16:06:57,3.6,237.34
2843,POS消费,地点1364,洗衣房,2014/08/30 16:23:21,-3.54,240.88
2843,POS消费,地点1320,洗衣房,2014/08/30 17:13:41,3.6,237.28
2843,POS消费,地点250,食堂,2014/08/30 17:55:58,12.0,225.28
2843,POS消费,地点272,食堂,2014/08/30 17:57:45,12.0,213.28
2843,POS消费,地点1036,食堂,2014/08/30 18:18:11,2.4,210.88
2843,POS消费,地点238,食堂,2014/08/30 18:19:29,5.0,205.88
2843,POS消费,地点21,开水,2014/08/30 18:29:16,16.3,189.58
2843,POS消费,地点1572,淋浴,2014/08/30 21:57:09,0.5,189.08
2843,POS消费,地点21,开水,2014/08/31 07:36:13,2.6,186.48
2843,POS消费,地点21,开水,2014/08/31 07:37:36,0.5,185.98
2843,POS消费,地点1472,校车,2014/08/31 18:40:44,1.0,184.98
2843,POS消费,地点190,超市,2014/08/31 20:36:49,11.4,173.58
2843,POS消费,地点1572,淋浴,2014/08/31 23:10:16,0.9,172.68
