28460,卡片开户,,,2014/07/16 15:32:36,0.0,0.0
28460,卡充值,,,2014/08/29 09:00:23,1000.0,1000.0
28460,POS消费,地点1891,洗衣房,2014/08/29 09:35:45,3.6,996.4
28460,POS消费,地点1891,洗衣房,2014/08/29 09:37:27,3.6,992.8
28460,POS消费,地点263,食堂,2014/08/29 11:48:49,6.1,986.7
28460,POS消费,地点255,食堂,2014/08/29 11:50:41,2.5,984.2
28460,POS消费,地点21,开水,2014/08/29 11:52:02,1.4,976.7
28460,POS消费,地点182,食堂,2014/08/29 11:53:45,6.1,978.1
28460,POS消费,地点21,开水,2014/08/29 14:34:57,0.17,976.53
28460,POS消费,地点21,开水,2014/08/29 14:38:13,0.17,976.36
28460,POS消费,地点168,食堂,2014/08/29 18:05:33,5.5,970.86
28460,POS消费,地点263,食堂,2014/08/29 18:06:05,5.4,958.96
28460,POS消费,地点168,食堂,2014/08/29 18:06:09,6.5,964.36
28460,POS消费,地点225,食堂,2014/08/29 18:14:24,3.0,955.96
28460,POS消费,地点21,开水,2014/08/29 18:26:42,1.5,954.46
28460,POS消费,地点1908,淋浴,2014/08/29 20:02:48,0.1,954.36
28460,POS消费,地点1908,淋浴,2014/08/29 20:06:12,0.1,954.26
28460,POS消费,地点1908,淋浴,2014/08/29 20:07:06,0.7,953.56
28460,POS消费,地点21,开水,2014/08/29 22:14:29,0.16,953.4
28460,POS消费,地点1588,食堂,2014/08/30 08:07:02,1.8,951.6
28460,POS消费,地点1588,食堂,2014/08/30 08:07:24,0.8,950.8
28460,POS消费,地点134,食堂,2014/08/30 08:08:05,1.3,949.5
28460,POS消费,地点269,食堂,2014/08/30 12:32:42,6.6,936.3
28460,POS消费,地点182,食堂,2014/08/30 12:34:10,6.6,942.9
28460,POS消费,地点21,开水,2014/08/30 12:34:51,2.55,931.25
28460,POS消费,地点21,开水,2014/08/30 12:34:59,3.26,927.99
28460,POS消费,地点182,食堂,2014/08/30 12:35:34,2.5,933.8
28460,POS消费,地点21,开水,2014/08/30 16:27:27,0.17,927.82
28460,POS消费,地点182,食堂,2014/08/30 18:06:18,5.1,922.72
28460,POS消费,地点1946,淋浴,2014/08/30 18:29:32,0.2,922.52
28460,POS消费,地点1946,淋浴,2014/08/30 18:34:41,0.8,921.72
28460,POS消费,地点72,食堂,2014/08/31 07:39:31,2.2,919.52
28460,POS消费,地点72,食堂,2014/08/31 12:36:42,5.6,913.92
28460,POS消费,地点21,开水,2014/08/31 12:37:28,8.2,905.72
28460,POS消费,地点21,开水,2014/08/31 12:53:21,3.0,902.72
28460,POS消费,地点21,开水,2014/08/31 20:14:44,0.17,902.55
28460,POS消费,地点1953,淋浴,2014/08/31 20:27:44,0.1,902.45
28460,POS消费,地点1953,淋浴,2014/08/31 20:30:27,0.6,901.85
