28520,卡片开户,,,2014/07/10 12:38:54,0.0,0.0
28520,卡充值,,,2014/08/28 15:10:07,400.0,400.0
28520,POS消费,地点228,食堂,2014/08/28 17:56:56,5.0,395.0
28520,POS消费,地点228,食堂,2014/08/28 17:58:01,5.0,390.0
28520,POS消费,地点161,食堂,2014/08/28 18:08:16,5.0,383.8
28520,POS消费,地点231,食堂,2014/08/28 18:12:32,12.0,378.0
28520,POS消费,地点231,食堂,2014/08/28 18:12:38,-12.0,390.0
28520,POS消费,地点231,食堂,2014/08/28 18:12:43,1.2,388.8
28520,POS消费,地点65,食堂,2014/08/29 09:35:38,0.2,380.9
28520,POS消费,地点60,食堂,2014/08/29 09:42:51,1.0,382.8
28520,POS消费,地点61,食堂,2014/08/29 09:48:33,1.7,381.1
28520,POS消费,地点283,食堂,2014/08/29 12:01:44,4.0,376.9
28520,POS消费,地点263,食堂,2014/08/29 12:02:52,4.4,372.5
28520,POS消费,地点283,食堂,2014/08/29 12:05:41,4.2,368.3
28520,POS消费,地点227,食堂,2014/08/29 12:34:34,5.0,363.3
28520,POS消费,地点228,食堂,2014/08/29 12:43:41,5.0,357.9
28520,POS消费,地点231,食堂,2014/08/29 12:49:06,0.4,362.9
28520,POS消费,地点21,开水,2014/08/29 13:17:29,7.5,350.4
28520,POS消费,地点21,开水,2014/08/29 13:18:22,7.8,342.6
28520,POS消费,地点452,淋浴,2014/08/29 21:07:39,0.1,342.5
28520,POS消费,地点452,淋浴,2014/08/29 21:11:48,0.1,342.4
28520,POS消费,地点409,淋浴,2014/08/29 21:22:04,1.1,341.3
28520,POS消费,地点432,开水,2014/08/29 22:38:39,0.01,341.29
28520,POS消费,地点1961,超市,2014/08/30 17:45:38,3.0,338.29
28520,POS消费,地点452,淋浴,2014/08/30 21:46:14,0.1,338.19
28520,POS消费,地点452,淋浴,2014/08/30 21:46:20,0.1,338.09
28520,POS消费,地点409,淋浴,2014/08/30 21:59:06,1.1,336.99
28520,POS消费,地点1360,淋浴,2014/08/31 12:57:52,0.3,336.69
28520,POS消费,地点21,开水,2014/08/31 17:25:57,1.0,335.69
28520,POS消费,地点248,超市,2014/08/31 17:29:08,5.2,330.49
28520,POS消费,地点232,食堂,2014/08/31 17:29:38,1.5,328.99
28520,POS消费,地点337,淋浴,2014/08/31 21:49:43,0.1,328.89
28520,POS消费,地点1360,淋浴,2014/08/31 22:32:35,1.1,327.79
