28635,卡片开户,,,2014/07/18 12:10:13,0.0,0.0
28635,卡充值,,,2014/08/29 09:43:59,500.0,500.0
28635,POS消费,地点65,食堂,2014/08/29 17:57:38,8.0,491.5
28635,POS消费,地点251,食堂,2014/08/29 18:02:23,0.5,499.5
28635,POS消费,地点218,食堂,2014/08/29 18:13:10,2.9,488.6
28635,POS消费,地点35,淋浴,2014/08/29 21:12:25,0.5,488.1
28635,POS消费,地点65,食堂,2014/08/30 08:58:06,0.2,487.9
28635,POS消费,地点65,食堂,2014/08/30 08:58:20,0.5,487.4
28635,POS消费,地点1847,食堂,2014/08/30 12:42:37,3.0,478.0
28635,POS消费,地点134,食堂,2014/08/30 12:43:45,5.4,482.0
28635,POS消费,地点134,食堂,2014/08/30 12:43:50,1.0,481.0
28635,POS消费,地点253,食堂,2014/08/30 17:19:18,4.3,473.7
28635,POS消费,地点253,食堂,2014/08/30 17:19:33,-4.3,478.0
28635,POS消费,地点253,食堂,2014/08/30 17:19:42,4.15,473.85
28635,POS消费,地点242,食堂,2014/08/30 17:21:14,1.5,472.35
28635,POS消费,地点35,淋浴,2014/08/30 21:34:15,0.1,472.25
28635,POS消费,地点35,淋浴,2014/08/30 21:42:24,0.4,471.85
28635,POS消费,地点69,食堂,2014/08/31 07:45:32,2.3,469.55
28635,POS消费,地点192,超市,2014/08/31 10:58:46,5.7,463.85
28635,POS消费,地点21,开水,2014/08/31 12:40:08,6.6,457.25
28635,POS消费,地点65,食堂,2014/08/31 17:45:20,10.4,446.85
28635,POS消费,地点35,淋浴,2014/08/31 20:45:07,0.6,446.25
