28654,卡片开户,,,2014/07/20 11:34:04,0.0,0.0
28654,卡充值,,,2014/08/29 11:25:27,200.0,200.0
28654,POS消费,地点65,食堂,2014/08/29 11:33:36,8.6,191.4
28654,POS消费,地点65,食堂,2014/08/29 11:33:48,8.6,182.8
28654,POS消费,地点230,食堂,2014/08/29 11:49:43,5.0,177.8
28654,POS消费,地点218,食堂,2014/08/29 11:57:55,6.8,171.0
28654,POS消费,地点21,开水,2014/08/29 17:44:09,7.6,163.4
28654,POS消费,地点21,开水,2014/08/29 17:44:36,10.6,152.8
28654,POS消费,地点21,开水,2014/08/29 17:44:46,2.6,150.2
28654,POS消费,地点251,食堂,2014/08/29 17:45:43,1.5,148.7
28654,POS消费,地点916,淋浴,2014/08/29 21:13:49,0.4,148.3
28654,POS消费,地点1868,开水,2014/08/29 22:05:20,0.01,148.29
28654,POS消费,地点1868,开水,2014/08/29 22:05:30,0.01,148.28
28654,POS消费,地点1868,开水,2014/08/29 22:08:06,0.01,148.27
28654,POS消费,地点916,淋浴,2014/08/29 22:25:16,0.4,147.87
28654,POS消费,地点61,食堂,2014/08/30 08:39:25,1.2,146.67
28654,POS消费,地点26,图书馆,2014/08/30 09:13:51,8.8,137.87
28654,POS消费,地点1868,开水,2014/08/30 09:50:33,0.01,137.86
28654,POS消费,地点91,校车,2014/08/30 12:38:05,10.0,99.86
28654,POS消费,地点232,食堂,2014/08/30 12:40:32,8.0,129.86
28654,POS消费,地点232,食堂,2014/08/30 12:44:05,20.0,109.86
28654,POS消费,地点264,食堂,2014/08/30 16:50:00,10.4,89.46
28654,POS消费,地点916,淋浴,2014/08/30 19:55:42,0.8,88.66
28654,POS消费,地点1868,开水,2014/08/31 08:31:22,0.01,88.65
28654,卡充值,,,2014/08/31 12:24:42,200.0,288.65
28654,POS消费,地点218,食堂,2014/08/31 12:24:48,5.8,282.85
28654,POS消费,地点61,食堂,2014/08/31 12:41:23,5.8,277.05
28654,POS消费,地点251,食堂,2014/08/31 12:41:42,0.6,269.25
28654,POS消费,地点61,食堂,2014/08/31 12:41:44,7.2,269.85
28654,POS消费,地点232,食堂,2014/08/31 17:38:49,10.0,259.25
28654,POS消费,地点1868,开水,2014/08/31 18:14:58,0.01,259.24
28654,POS消费,地点916,淋浴,2014/08/31 19:18:01,0.5,258.74
