28795,卡片开户,,,2014/07/12 15:46:21,0.0,0.0
28795,卡充值,,,2014/08/29 11:49:36,500.0,500.0
28795,POS消费,地点228,食堂,2014/08/29 11:59:43,17.5,482.5
28795,POS消费,地点231,食堂,2014/08/29 12:13:47,1.8,480.7
28795,POS消费,地点21,开水,2014/08/29 12:19:06,9.0,471.7
28795,POS消费,地点1472,校车,2014/08/29 17:50:29,1.0,470.7
28795,POS消费,地点1451,校车,2014/08/29 18:43:12,1.0,469.7
28795,POS消费,地点1947,淋浴,2014/08/29 21:00:43,0.1,469.6
28795,POS消费,地点61,食堂,2014/08/30 11:30:20,6.6,463.0
28795,POS消费,地点1616,开水,2014/08/30 15:33:34,0.01,462.99
28795,POS消费,地点837,校车,2014/08/30 17:16:13,1.0,461.99
28795,POS消费,地点65,食堂,2014/08/31 07:51:31,0.8,461.19
28795,POS消费,地点69,食堂,2014/08/31 07:59:36,3.1,458.09
28795,POS消费,地点21,开水,2014/08/31 11:46:53,4.6,453.49
28795,POS消费,地点21,开水,2014/08/31 11:47:15,2.6,450.89
28795,POS消费,地点21,开水,2014/08/31 12:01:40,3.0,447.89
28795,POS消费,地点89,食堂,2014/08/31 18:04:40,4.5,443.39
