28821,卡片开户,,,2014/07/15 11:30:16,0.0,0.0
28821,卡充值,,,2014/08/27 16:15:38,500.0,500.0
28821,POS消费,地点243,食堂,2014/08/27 16:17:59,8.7,491.3
28821,POS消费,地点195,超市,2014/08/28 10:28:21,20.0,471.3
28821,POS消费,地点59,食堂,2014/08/28 12:10:04,7.0,464.3
28821,POS消费,地点21,开水,2014/08/28 12:14:42,1.5,462.8
28821,POS消费,地点27,教务处,2014/08/28 15:41:14,25.0,437.8
28821,POS消费,地点243,食堂,2014/08/28 17:34:21,3.0,434.8
28821,卡充值,,,2014/08/29 11:21:25,500.0,934.8
28821,POS消费,地点243,食堂,2014/08/29 11:21:32,4.0,930.8
28821,POS消费,地点243,食堂,2014/08/29 11:21:39,1.0,929.8
28821,POS消费,地点188,超市,2014/08/29 11:49:16,6.2,923.6
28821,POS消费,地点292,超市,2014/08/29 16:13:36,30.0,893.6
28821,POS消费,地点292,超市,2014/08/29 16:13:40,30.0,863.6
28821,POS消费,地点292,超市,2014/08/29 16:13:46,11.9,851.7
28821,POS消费,地点91,校车,2014/08/29 17:22:33,6.1,845.6
28821,POS消费,地点190,超市,2014/08/29 19:22:58,10.8,834.8
28821,POS消费,地点195,超市,2014/08/30 08:21:34,28.0,806.8
28821,POS消费,地点114,食堂,2014/08/30 08:38:45,2.5,804.3
28821,POS消费,地点21,开水,2014/08/30 11:19:13,7.1,797.2
28821,POS消费,地点91,校车,2014/08/30 11:37:53,4.6,792.6
28821,POS消费,地点91,校车,2014/08/30 11:38:04,4.4,788.2
28821,POS消费,地点91,校车,2014/08/30 17:20:57,10.6,777.6
28821,POS消费,地点114,食堂,2014/08/31 07:27:41,2.0,773.0
28821,POS消费,地点61,食堂,2014/08/31 07:38:47,1.8,775.0
28821,POS消费,地点72,食堂,2014/08/31 12:24:22,7.8,765.2
28821,POS消费,地点188,超市,2014/08/31 21:24:10,0.5,757.6
