28826,卡片开户,,,2014/07/14 09:41:49,0.0,0.0
28826,卡充值,,,2014/08/28 18:34:39,100.0,100.0
28826,POS消费,地点72,食堂,2014/08/28 18:40:46,8.6,91.4
28826,POS消费,地点188,超市,2014/08/28 19:04:07,40.5,50.9
28826,POS消费,地点1912,洗衣房,2014/08/28 21:11:22,-1.14,50.84
28826,POS消费,地点1912,洗衣房,2014/08/28 21:13:02,1.2,49.7
28826,POS消费,地点1912,洗衣房,2014/08/28 21:13:14,1.2,49.64
28826,POS消费,地点1862,淋浴,2014/08/29 23:15:08,0.6,49.04
28826,POS消费,地点1857,洗衣房,2014/08/29 23:28:05,1.2,47.84
28826,POS消费,地点65,食堂,2014/08/30 08:14:45,0.5,47.34
28826,POS消费,地点314,食堂,2014/08/30 09:32:38,1.3,46.04
28826,POS消费,地点161,食堂,2014/08/30 12:22:44,5.7,40.34
28826,POS消费,地点21,开水,2014/08/30 17:31:04,6.6,33.74
28826,POS消费,地点1862,淋浴,2014/08/30 22:25:00,0.5,33.24
28826,POS消费,地点21,开水,2014/08/31 08:01:06,3.4,29.84
28826,POS消费,地点82,食堂,2014/08/31 11:34:08,4.4,25.44
28826,POS消费,地点1924,淋浴,2014/08/31 20:21:55,0.2,25.24
28826,POS消费,地点1862,淋浴,2014/08/31 20:27:52,0.6,24.64
