28830,卡片开户,,,2014/07/19 09:52:29,0.0,0.0
28830,卡充值,,,2014/08/28 17:58:22,300.0,300.0
28830,POS消费,地点87,食堂,2014/08/28 17:59:16,4.6,295.4
28830,POS消费,地点21,开水,2014/08/28 18:03:48,4.6,290.8
28830,POS消费,地点21,开水,2014/08/28 18:03:59,4.6,286.2
28830,POS消费,地点630,淋浴,2014/08/28 20:15:31,0.3,285.9
28830,POS消费,地点69,食堂,2014/08/29 07:35:06,2.2,283.4
28830,POS消费,地点60,食堂,2014/08/29 07:42:12,0.3,285.6
28830,POS消费,地点1448,校车,2014/08/29 15:10:11,1.0,282.4
28830,POS消费,地点257,食堂,2014/08/29 18:09:34,3.0,279.4
28830,POS消费,地点1686,食堂,2014/08/29 18:13:11,5.3,274.1
28830,POS消费,地点1398,开水,2014/08/29 23:42:43,0.06,274.03
28830,POS消费,地点1499,开水,2014/08/29 23:43:26,0.01,274.09
28830,POS消费,地点69,食堂,2014/08/30 07:50:26,2.8,271.23
28830,POS消费,地点65,食堂,2014/08/30 07:53:37,0.3,270.93
28830,POS消费,地点69,食堂,2014/08/30 11:54:12,5.6,265.33
28830,POS消费,地点21,开水,2014/08/30 17:25:04,1.05,264.28
28830,POS消费,地点91,校车,2014/08/30 17:25:50,3.0,261.28
28830,POS消费,地点21,开水,2014/08/30 17:37:12,3.0,258.28
28830,POS消费,地点69,食堂,2014/08/31 07:14:13,2.8,255.08
28830,POS消费,地点69,食堂,2014/08/31 07:14:17,1.2,253.88
28830,POS消费,地点60,食堂,2014/08/31 07:27:15,0.6,253.28
28830,POS消费,地点21,开水,2014/08/31 12:30:45,5.6,247.68
28830,POS消费,地点91,校车,2014/08/31 17:45:44,4.0,243.67
28830,POS消费,地点21,开水,2014/08/31 17:48:02,1.6,242.07
