2890,卡片开户,,,2014/07/14 09:38:13,0.0,0.0
2890,卡充值,,,2014/08/29 14:59:32,500.0,500.0
2890,POS消费,地点211,校车,2014/08/29 17:32:41,1.0,499.0
2890,POS消费,地点211,校车,2014/08/29 18:04:31,1.0,498.0
2890,POS消费,地点203,食堂,2014/08/29 20:16:56,6.5,491.5
2890,POS消费,地点192,超市,2014/08/29 20:44:35,21.8,469.7
2890,POS消费,地点168,食堂,2014/08/30 08:46:59,4.5,465.2
2890,POS消费,地点283,食堂,2014/08/30 12:08:42,5.6,459.6
2890,POS消费,地点283,食堂,2014/08/30 12:09:04,5.5,454.1
2890,POS消费,地点21,开水,2014/08/30 17:33:11,8.1,446.0
2890,POS消费,地点1642,淋浴,2014/08/30 22:28:06,0.2,445.8
2890,POS消费,地点1642,淋浴,2014/08/30 22:28:12,0.1,445.7
2890,POS消费,地点12,文印中心,2014/08/30 22:35:56,0.1,445.4
2890,POS消费,地点12,文印中心,2014/08/30 22:37:42,0.2,445.5
2890,POS消费,地点1657,淋浴,2014/08/30 22:41:01,0.4,445.0
2890,POS消费,地点1657,淋浴,2014/08/31 08:41:03,0.4,444.6
2890,POS消费,地点69,食堂,2014/08/31 09:01:42,1.6,443.0
2890,POS消费,地点69,食堂,2014/08/31 09:01:54,0.8,442.2
2890,POS消费,地点1961,超市,2014/08/31 09:22:47,83.0,359.2
2890,POS消费,地点195,超市,2014/08/31 11:35:26,20.6,338.6
2890,POS消费,地点168,食堂,2014/08/31 11:46:58,5.5,333.1
2890,POS消费,地点21,开水,2014/08/31 19:53:44,3.9,329.2
2890,POS消费,地点12,文印中心,2014/08/31 22:04:47,0.7,328.5
