29054,卡片开户,,,2014/07/20 10:20:48,0.0,0.0
29054,卡充值,,,2014/08/29 13:13:48,200.0,200.0
29054,POS消费,地点21,开水,2014/08/29 18:39:46,8.66,191.34
29054,POS消费,地点1037,洗衣房,2014/08/30 06:39:42,3.6,187.74
29054,POS消费,地点1037,洗衣房,2014/08/30 06:39:42,-0.24,187.95
29054,POS消费,地点1186,淋浴,2014/08/30 06:44:11,0.01,187.73
29054,POS消费,地点1186,淋浴,2014/08/30 06:46:05,0.01,187.72
29054,POS消费,地点975,开水,2014/08/30 07:33:52,0.01,187.71
29054,POS消费,地点814,开水,2014/08/30 08:38:28,0.01,187.94
29054,POS消费,地点195,超市,2014/08/30 09:47:37,7.0,180.94
29054,POS消费,地点65,食堂,2014/08/30 12:23:08,5.6,175.34
29054,POS消费,地点184,食堂,2014/08/30 17:44:41,3.6,171.74
29054,POS消费,地点21,开水,2014/08/30 21:05:07,2.8,168.94
29054,POS消费,地点192,超市,2014/08/31 08:45:06,2.1,166.84
29054,POS消费,地点237,食堂,2014/08/31 11:45:54,2.6,164.24
29054,POS消费,地点673,开水,2014/08/31 13:52:53,0.01,164.23
29054,POS消费,地点6,淋浴,2014/08/31 17:58:42,4.5,159.73
29054,POS消费,地点21,开水,2014/08/31 18:11:03,3.0,156.73
29054,POS消费,地点188,超市,2014/08/31 19:38:04,12.0,144.73
29054,POS消费,地点1365,淋浴,2014/08/31 21:57:39,0.1,144.63
