29088,POS消费,地点232,食堂,2014/07/10 18:36:34,0.0,0.0
29088,POS消费,地点232,食堂,2014/07/10 18:36:34,0.13,1.16
29088,卡片开户,,,2014/07/15 12:10:21,0.0,0.0
29088,卡充值,,,2014/08/29 16:14:12,200.0,200.0
29088,POS消费,地点243,食堂,2014/08/29 16:14:20,1.8,198.2
29088,POS消费,地点222,校车,2014/08/30 17:17:17,1.0,197.2
29088,POS消费,地点188,超市,2014/08/30 20:31:52,11.0,186.2
29088,POS消费,地点188,超市,2014/08/30 20:31:56,5.0,181.2
29088,POS消费,地点21,开水,2014/08/31 07:49:53,4.0,177.2
29088,POS消费,地点1447,校车,2014/08/31 11:37:55,1.0,176.2
29088,POS消费,地点65,食堂,2014/08/31 17:34:07,9.6,166.6
