29207,POS消费,地点91,校车,2014/09/02 18:24:23,9.0,191.43
29207,POS消费,地点271,校医院,2014/09/03 12:16:57,14.0,177.43
29207,POS消费,地点91,校车,2014/09/03 17:12:01,10.5,166.93
29207,POS消费,地点518,淋浴,2014/09/03 21:08:42,0.8,166.13
29207,POS消费,地点518,淋浴,2014/09/06 00:01:40,0.4,165.73
29207,POS消费,地点271,校医院,2014/09/06 14:27:38,14.0,151.73
29207,POS消费,地点518,淋浴,2014/09/08 23:48:23,0.3,151.43
29207,POS消费,地点1475,淋浴,2014/09/10 20:38:05,0.1,151.33
29207,POS消费,地点969,淋浴,2014/09/10 20:40:44,0.7,150.63
29207,POS消费,地点271,校医院,2014/09/13 12:20:23,16.0,134.03
29207,POS消费,地点992,淋浴,2014/09/14 09:26:26,0.1,150.53
29207,POS消费,地点992,淋浴,2014/09/14 09:28:28,0.5,150.03
29207,POS消费,地点271,校医院,2014/09/15 15:29:46,14.0,120.03
29207,POS消费,地点992,淋浴,2014/09/15 23:36:25,0.4,119.63
29207,POS消费,地点91,校车,2014/09/17 13:45:52,9.0,110.63
29207,POS消费,地点992,淋浴,2014/09/19 21:37:46,0.4,110.23
29207,POS消费,地点91,校车,2014/09/20 12:30:12,6.6,103.63
29207,POS消费,地点964,淋浴,2014/09/20 14:43:45,0.6,103.03
29207,POS消费,地点91,校车,2014/09/21 14:39:26,6.0,97.03
29207,POS消费,地点26,图书馆,2014/09/22 11:49:23,8.0,89.03
29207,POS消费,地点21,开水,2014/09/22 12:18:14,10.7,78.33
29207,POS消费,地点91,校车,2014/09/22 17:40:59,8.0,70.33
29207,POS消费,地点21,开水,2014/09/22 17:42:41,1.5,68.83
29207,POS消费,地点964,淋浴,2014/09/22 19:41:19,0.3,68.53
29207,POS消费,地点21,开水,2014/09/23 08:53:16,0.8,67.73
29207,POS消费,地点21,开水,2014/09/23 08:53:43,0.3,67.43
29207,POS消费,地点21,开水,2014/09/23 09:09:56,4.6,62.83
29207,POS消费,地点21,开水,2014/09/24 09:08:39,1.53,61.3
29207,POS消费,地点21,开水,2014/09/24 09:09:01,2.5,58.8
29207,POS消费,地点271,校医院,2014/09/24 15:00:49,14.0,44.8
29207,POS消费,地点964,淋浴,2014/09/24 23:59:40,0.4,44.4
29207,POS消费,地点1475,淋浴,2014/09/27 00:09:44,0.4,44.0
29207,POS消费,地点91,校车,2014/09/29 11:43:53,9.5,34.5
29207,POS消费,地点518,淋浴,2014/10/01 20:55:48,1.0,33.5
29207,POS消费,地点21,开水,2014/10/02 17:21:43,9.5,24.0
29207,POS消费,地点91,校车,2014/10/04 12:06:51,10.5,13.5
29207,POS消费,地点1475,淋浴,2014/10/04 23:14:15,0.6,12.9
29207,POS消费,地点518,淋浴,2014/10/07 22:34:17,0.3,12.6
29207,POS消费,地点1475,淋浴,2014/10/10 23:10:27,0.3,12.3
29207,POS消费,地点1475,淋浴,2014/10/10 23:14:42,0.1,12.2
29207,卡充值,,,2014/10/12 17:58:14,100.0,112.2
29207,POS消费,地点21,开水,2014/10/12 18:03:25,10.4,101.8
29207,POS消费,地点992,淋浴,2014/10/12 22:36:58,0.5,101.3
29207,POS消费,地点271,校医院,2014/10/13 11:59:49,14.0,87.3
29207,POS消费,地点91,校车,2014/10/14 11:51:08,9.0,78.3
29207,POS消费,地点271,校医院,2014/10/15 15:55:59,12.0,66.3
29207,POS消费,地点271,校医院,2014/10/15 16:04:21,22.5,43.8
29207,POS消费,地点992,淋浴,2014/10/15 21:56:13,0.3,43.5
29207,POS消费,地点91,校车,2014/10/19 12:22:19,8.5,35.0
29207,POS消费,地点26,图书馆,2014/10/22 08:05:38,2.0,33.0
29207,POS消费,地点91,校车,2014/10/23 11:19:22,10.5,22.5
29207,POS消费,地点1064,淋浴,2014/10/24 23:54:44,0.5,22.0
29207,卡挂失,,,2014/11/03 17:09:37,0.0,0.0
29207,卡片开户,,,2014/11/03 17:10:47,100.0,85.0
29207,POS消费,地点91,校车,2014/11/03 17:12:00,3.8,81.2
29207,POS消费,地点232,食堂,2014/11/05 12:41:06,10.0,71.2
29207,POS消费,地点232,食堂,2014/11/05 12:41:44,10.0,61.2
29207,POS消费,地点91,校车,2014/11/06 12:31:26,15.5,45.7
29207,POS消费,地点518,淋浴,2014/11/08 22:36:46,1.1,44.6
29207,卡片销户,,,2014/11/10 10:43:15,44.6,0.0
29207,卡补办,,,2014/11/10 10:44:17,59.6,66.6
29207,更新卡信息,,,2014/11/10 10:44:44,0.0,0.0
29207,POS消费,地点91,校车,2014/11/10 11:13:37,9.5,57.1
29207,POS消费,地点91,校车,2014/11/11 11:48:49,10.5,46.6
29207,POS消费,地点271,校医院,2014/11/12 12:15:34,14.0,32.6
29207,POS消费,地点969,淋浴,2014/11/12 23:15:50,0.5,32.1
29207,POS消费,地点91,校车,2014/11/13 11:57:08,9.5,22.6
29207,POS消费,地点91,校车,2014/11/13 11:57:28,6.0,16.6
29207,POS消费,地点91,校车,2014/11/16 12:40:50,7.6,9.0
29207,POS消费,地点964,淋浴,2014/11/16 22:43:28,1.0,8.0
29207,POS消费,地点518,淋浴,2014/11/19 21:56:01,1.1,6.9
29207,POS消费,地点1064,淋浴,2014/11/25 23:20:02,0.2,6.7
29207,POS消费,地点518,淋浴,2014/11/29 20:33:11,2.2,4.5
29207,POS消费,地点518,淋浴,2014/12/04 22:27:39,1.1,3.4
29207,卡充值,,,2014/12/05 16:09:37,100.0,103.4
29207,POS消费,地点21,开水,2014/12/05 16:15:09,8.7,94.7
29207,POS消费,地点518,淋浴,2014/12/08 21:38:28,0.7,94.0
29207,POS消费,地点21,开水,2014/12/10 09:12:20,1.5,92.5
29207,POS消费,地点21,开水,2014/12/10 09:12:49,0.8,91.7
29207,POS消费,地点248,超市,2014/12/10 09:39:20,6.0,85.7
29207,POS消费,地点1687,淋浴,2014/12/10 22:53:03,0.4,85.3
29207,POS消费,地点91,校车,2014/12/11 16:55:01,6.0,79.3
29207,POS消费,地点518,淋浴,2014/12/14 17:02:06,0.3,79.0
29207,POS消费,地点91,校车,2014/12/15 11:56:57,10.5,68.5
29207,POS消费,地点1475,淋浴,2014/12/16 21:55:25,0.7,67.8
29207,POS消费,地点91,校车,2014/12/17 10:26:43,9.5,58.3
29207,POS消费,地点21,开水,2014/12/18 08:07:44,2.0,56.3
29207,POS消费,地点21,开水,2014/12/18 08:07:53,0.8,55.5
29207,POS消费,地点91,校车,2014/12/18 11:02:07,10.5,45.0
29207,POS消费,地点964,淋浴,2014/12/18 21:27:26,0.8,44.2
29207,POS消费,地点248,超市,2014/12/20 14:42:47,2.5,41.7
29207,POS消费,地点518,淋浴,2014/12/21 22:03:38,0.5,41.2
29207,POS消费,地点1475,淋浴,2014/12/24 22:14:46,0.5,40.7
29207,POS消费,地点91,校车,2014/12/31 18:52:45,9.5,31.2
29207,POS消费,地点26,图书馆,2014/12/31 19:00:26,5.2,26.0
29207,POS消费,地点518,淋浴,2015/01/01 23:14:18,0.6,25.4
29207,POS消费,地点26,图书馆,2015/01/04 12:54:26,4.95,20.45
29207,POS消费,地点91,校车,2015/01/05 16:19:29,9.0,11.45
29207,POS消费,地点518,淋浴,2015/01/05 18:07:09,0.6,10.85
29207,POS消费,地点91,校车,2015/01/06 12:25:35,10.5,0.35
29207,POS消费,地点1475,淋浴,2015/01/11 23:04:20,0.2,0.15
29207,卡充值,,,2015/03/03 16:35:45,100.0,100.15
29207,POS消费,地点964,淋浴,2015/03/03 21:24:24,0.3,99.85
29207,POS消费,地点91,校车,2015/03/07 12:24:20,9.5,90.35
29207,POS消费,地点1475,淋浴,2015/03/07 23:26:56,0.4,89.95
29207,卡挂失,,,2015/03/09 13:13:32,0.0,0.0
29207,卡片开户,,,2015/03/09 13:14:35,100.0,85.0
29207,POS消费,地点91,校车,2015/03/09 13:16:59,9.0,76.0
29207,POS消费,地点21,开水,2015/03/09 13:46:05,22.0,54.0
29207,POS消费,地点1687,淋浴,2015/03/09 22:42:25,0.5,53.5
29207,POS消费,地点248,超市,2015/03/12 17:48:36,10.6,42.9
29207,卡片销户,,,2015/03/13 16:30:52,42.9,0.0
29207,卡补办,,,2015/03/13 16:31:47,57.9,132.85
29207,更新卡信息,,,2015/03/13 16:32:33,0.0,0.0
29207,POS消费,地点91,校车,2015/03/14 11:47:42,10.5,122.35
29207,POS消费,地点21,开水,2015/03/14 11:49:32,3.3,119.05
29207,POS消费,地点91,校车,2015/03/15 11:57:39,9.5,109.55
29207,POS消费,地点91,校车,2015/03/17 12:16:10,9.0,100.55
29207,POS消费,地点91,校车,2015/03/17 12:16:14,0.5,100.05
29207,POS消费,地点91,校车,2015/03/19 11:44:34,10.5,89.55
29207,POS消费,地点518,淋浴,2015/03/20 23:34:02,0.5,89.05
29207,POS消费,地点21,开水,2015/03/21 12:28:04,6.5,82.55
29207,POS消费,地点232,食堂,2015/03/24 16:41:41,9.5,73.05
29207,POS消费,地点518,淋浴,2015/03/25 21:40:23,0.6,72.45
29207,POS消费,地点91,校车,2015/03/27 11:57:10,9.5,62.95
29207,POS消费,地点91,校车,2015/03/28 12:38:25,10.5,52.45
29207,POS消费,地点2254,洗衣房,2015/03/29 19:57:11,3.6,48.85
29207,POS消费,地点964,淋浴,2015/03/29 22:31:32,0.6,48.25
29207,POS消费,地点271,校医院,2015/03/30 11:51:39,18.0,30.25
29207,POS消费,地点964,淋浴,2015/04/01 20:06:10,0.5,29.75
29207,POS消费,地点1475,淋浴,2015/04/03 15:15:33,0.7,29.05
29207,POS消费,地点21,开水,2015/04/03 17:49:15,4.0,25.05
29207,POS消费,地点518,淋浴,2015/04/08 21:52:03,0.7,24.35
29207,POS消费,地点271,校医院,2015/04/10 17:04:06,12.0,12.35
29207,POS消费,地点271,校医院,2015/04/10 17:04:30,2.0,10.35
29207,POS消费,地点518,淋浴,2015/04/12 18:19:08,0.5,9.85
29207,POS消费,地点91,校车,2015/04/13 07:53:21,3.0,6.85
29207,卡充值,,,2015/04/18 12:42:12,100.0,106.85
29207,POS消费,地点271,校医院,2015/04/18 12:44:17,16.0,90.85
29207,POS消费,地点21,开水,2015/04/23 20:06:32,3.5,87.35
29207,POS消费,地点1405,校车,2015/04/27 11:31:43,2.0,83.35
29207,POS消费,地点271,校医院,2015/04/27 12:47:42,13.2,70.15
29207,POS消费,地点1387,校车,2015/04/28 08:33:17,2.0,68.15
29207,POS消费,地点1098,文印中心,2015/04/28 10:02:57,0.9,67.25
29207,POS消费,地点297,校车,2015/04/28 10:12:01,4.0,63.25
29207,POS消费,地点91,校车,2015/04/28 11:52:57,10.5,52.75
29207,POS消费,地点964,淋浴,2015/04/29 20:32:30,0.5,52.25
29207,POS消费,地点2254,洗衣房,2015/05/01 09:28:30,3.6,48.65
29207,POS消费,地点2254,洗衣房,2015/05/01 09:28:30,-0.48,45.53
29207,POS消费,地点2244,洗衣房,2015/05/01 10:18:30,3.6,45.05
29207,POS消费,地点2254,洗衣房,2015/05/01 10:20:30,3.6,41.93
29207,POS消费,地点248,超市,2015/05/04 12:22:13,15.2,26.73
29207,卡充值,,,2015/05/04 12:38:59,200.0,226.73
29207,POS消费,地点21,开水,2015/05/07 16:15:53,4.0,222.73
29207,POS消费,地点1687,淋浴,2015/05/09 22:55:01,0.5,222.23
29207,POS消费,地点2027,淋浴,2015/05/12 23:00:47,0.6,221.63
29207,POS消费,地点1687,淋浴,2015/05/15 22:49:40,0.6,221.03
29207,POS消费,地点271,校医院,2015/05/17 13:04:46,16.0,205.03
29207,POS消费,地点91,校车,2015/05/18 12:25:35,10.5,194.53
29207,POS消费,地点2036,淋浴,2015/05/18 22:21:16,3.3,191.23
29207,POS消费,地点964,淋浴,2015/05/20 00:09:29,1.5,189.73
29207,POS消费,地点1475,淋浴,2015/05/20 23:55:11,0.6,189.13
29207,POS消费,地点271,校医院,2015/05/22 11:39:51,16.0,173.13
29207,POS消费,地点91,校车,2015/05/24 13:47:27,9.0,164.13
29207,POS消费,地点21,开水,2015/05/24 14:15:44,12.2,151.93
29207,POS消费,地点91,校车,2015/05/27 12:15:53,10.5,141.43
29207,POS消费,地点1475,淋浴,2015/05/27 22:55:48,1.1,140.33
29207,POS消费,地点964,淋浴,2015/05/27 23:31:58,1.5,138.83
29207,POS消费,地点964,淋浴,2015/06/06 00:08:27,0.4,138.43
29207,POS消费,地点21,开水,2015/06/06 20:22:15,9.3,129.13
29207,POS消费,地点1064,淋浴,2015/06/06 23:01:55,1.4,127.73
29207,POS消费,地点964,淋浴,2015/06/10 00:03:58,0.5,127.23
29207,POS消费,地点91,校车,2015/06/15 13:03:09,9.5,117.73
29207,POS消费,地点21,开水,2015/06/15 13:08:59,20.6,97.13
29207,POS消费,地点91,校车,2015/06/15 18:46:37,9.5,87.63
29207,POS消费,地点2195,开水,2015/06/15 23:23:21,0.04,87.59
29207,POS消费,地点2036,淋浴,2015/06/16 00:04:39,0.3,87.29
29207,POS消费,地点964,淋浴,2015/06/19 23:39:46,0.5,86.79
29207,POS消费,地点21,开水,2015/06/22 22:12:43,6.6,80.19
29207,POS消费,地点91,校车,2015/06/28 11:55:00,30.0,50.19
29207,POS消费,地点91,校车,2015/06/28 11:55:04,30.0,20.19
29207,POS消费,地点2266,洗衣房,2015/06/28 16:51:58,3.6,16.59
29207,卡充值,,,2015/06/28 17:32:27,100.0,116.59
29207,POS消费,地点91,校车,2015/06/28 17:34:21,5.0,111.59
29207,POS消费,地点2266,洗衣房,2015/06/28 19:05:18,3.6,107.99
29207,POS消费,地点1064,淋浴,2015/06/29 00:14:09,0.4,107.59
29207,POS消费,地点91,校车,2015/06/29 12:23:16,9.0,98.59
29207,POS消费,地点21,开水,2015/06/29 13:10:08,3.3,95.29
29207,POS消费,地点2027,淋浴,2015/06/29 20:17:26,1.1,94.19
29207,POS消费,地点1718,淋浴,2015/06/30 23:09:07,0.1,94.09
29207,POS消费,地点1718,淋浴,2015/06/30 23:11:01,0.1,93.99
29207,POS消费,地点1824,淋浴,2015/06/30 23:11:37,0.5,93.49
29207,POS消费,地点1824,淋浴,2015/06/30 23:17:47,0.3,93.19
29207,更新卡信息,,,2015/07/01 14:49:29,0.0,0.0
29207,POS消费,地点6,淋浴,2015/07/01 17:34:52,6.1,87.09
29207,POS消费,地点21,开水,2015/07/01 17:36:31,1.5,85.59
29207,POS消费,地点2266,洗衣房,2015/07/01 20:31:27,3.6,81.99
29207,POS消费,地点2266,洗衣房,2015/07/01 22:02:21,3.6,78.39
29207,POS消费,地点1687,淋浴,2015/07/01 23:38:24,1.2,77.19
29207,POS消费,地点1713,淋浴,2015/07/02 22:59:51,1.1,76.09
29207,POS消费,地点91,校车,2015/07/03 11:40:41,14.0,62.09
29207,POS消费,地点21,开水,2015/07/03 21:30:08,11.0,51.09
29207,POS消费,地点1824,淋浴,2015/07/04 23:54:40,0.4,50.69
29207,POS消费,地点2017,淋浴,2015/07/07 23:15:14,0.9,49.79
29207,POS消费,地点91,校车,2015/07/09 14:09:29,9.0,40.79
29207,POS消费,地点21,开水,2015/07/09 20:46:46,7.3,33.49
29207,POS消费,地点91,校车,2015/07/11 14:09:29,6.0,27.49
29207,POS消费,地点1706,淋浴,2015/07/11 23:52:27,0.1,27.39
29207,POS消费,地点1722,淋浴,2015/07/11 23:52:39,0.5,26.89
29207,POS消费,地点1710,淋浴,2015/07/13 22:02:56,0.5,26.39
29207,POS消费,地点2252,洗衣房,2015/07/18 13:47:04,3.6,22.79
29207,POS消费,地点21,开水,2015/07/21 17:51:13,5.0,17.79
29207,POS消费,地点21,开水,2015/07/21 17:52:23,4.0,13.79
29207,POS消费,地点21,开水,2015/07/21 17:53:06,0.6,13.19
29207,卡充值,,,2015/07/21 18:09:31,100.0,113.19
29207,POS消费,地点2254,洗衣房,2015/07/30 10:13:39,3.6,109.59
29207,POS消费,地点2266,洗衣房,2015/07/30 10:17:30,3.6,105.99
29207,POS消费,地点1720,淋浴,2015/08/04 23:12:54,0.6,105.39
29207,POS消费,地点2113,淋浴,2015/08/12 19:33:33,0.8,104.59
29207,POS消费,地点1719,淋浴,2015/08/15 13:32:15,0.7,103.89
29207,POS消费,地点2113,淋浴,2015/08/20 21:55:53,0.4,103.49
29207,POS消费,地点1720,淋浴,2015/08/30 23:22:19,0.6,102.89
