29202,卡片开户,,,2014/07/18 16:41:03,0.0,0.0
29202,卡充值,,,2014/08/31 09:22:12,400.0,400.0
29202,POS消费,地点168,食堂,2014/08/31 09:27:47,5.5,394.5
29202,POS消费,地点195,超市,2014/08/31 09:56:42,28.0,366.5
29202,POS消费,地点192,超市,2014/08/31 10:07:46,30.0,336.5
29202,POS消费,地点192,超市,2014/08/31 10:07:50,22.8,313.7
29202,POS消费,地点203,食堂,2014/08/31 12:51:19,5.5,308.2
29202,POS消费,地点248,超市,2014/08/31 18:26:56,3.1,305.1
29202,POS消费,地点188,超市,2014/08/31 19:24:33,5.3,299.8
29202,POS消费,地点232,食堂,2014/08/31 22:44:12,0.7,299.1
