2951,卡片开户,,,2014/07/17 16:33:44,0.0,0.0
2951,卡充值,,,2014/08/29 09:46:00,200.0,200.0
2951,POS消费,地点168,食堂,2014/08/29 09:48:34,11.0,189.0
2951,POS消费,地点204,食堂,2014/08/29 09:50:00,1.0,188.0
2951,POS消费,地点204,食堂,2014/08/29 09:54:56,1.0,187.0
2951,POS消费,地点70,食堂,2014/08/29 10:02:47,2.0,185.0
2951,POS消费,地点1932,洗衣房,2014/08/29 14:21:07,1.2,183.8
2951,POS消费,地点1932,洗衣房,2014/08/29 14:21:07,-1.14,184.94
2951,POS消费,地点1932,洗衣房,2014/08/29 14:21:08,1.2,182.54
2951,POS消费,地点1932,洗衣房,2014/08/29 14:22:53,1.2,183.74
2951,POS消费,地点1932,洗衣房,2014/08/29 14:23:21,1.2,181.34
2951,POS消费,地点203,食堂,2014/08/29 14:41:35,15.0,166.34
2951,POS消费,地点1629,开水,2014/08/29 16:35:38,0.01,166.33
2951,POS消费,地点1629,开水,2014/08/29 16:37:08,0.01,166.32
2951,POS消费,地点1887,开水,2014/08/29 16:37:39,0.01,166.31
2951,POS消费,地点1884,开水,2014/08/29 20:05:10,0.01,166.3
2951,POS消费,地点1884,开水,2014/08/29 20:05:19,0.01,166.29
2951,POS消费,地点1884,开水,2014/08/29 20:10:34,0.01,166.28
2951,POS消费,地点1884,开水,2014/08/29 20:24:39,0.01,166.27
2951,POS消费,地点1884,开水,2014/08/29 20:31:57,0.01,166.25
2951,POS消费,地点1884,开水,2014/08/29 20:32:22,0.01,166.26
2951,POS消费,地点21,开水,2014/08/30 14:06:33,5.5,160.75
2951,POS消费,地点816,校车,2014/08/30 15:02:38,1.0,159.75
2951,POS消费,地点816,校车,2014/08/30 15:02:45,1.0,158.75
2951,POS消费,地点1629,开水,2014/08/30 17:16:07,0.08,158.67
2951,POS消费,地点204,食堂,2014/08/30 17:50:03,11.0,147.67
2951,POS消费,地点283,食堂,2014/08/30 17:51:18,2.4,145.27
2951,POS消费,地点822,食堂,2014/08/30 17:53:50,7.0,138.27
2951,POS消费,地点12,文印中心,2014/08/30 21:53:47,0.4,137.87
2951,POS消费,地点91,校车,2014/08/31 11:26:51,3.6,134.27
2951,POS消费,地点292,超市,2014/08/31 11:53:53,12.1,122.17
2951,POS消费,地点59,食堂,2014/08/31 17:14:39,3.6,118.57
2951,POS消费,地点12,文印中心,2014/08/31 19:17:47,0.1,118.47
2951,POS消费,地点1879,淋浴,2014/08/31 19:19:36,0.1,118.37
2951,POS消费,地点1879,淋浴,2014/08/31 19:20:02,0.1,118.27
2951,POS消费,地点1879,淋浴,2014/08/31 19:20:09,0.1,118.17
2951,POS消费,地点1879,淋浴,2014/08/31 19:20:29,0.1,118.07
2951,POS消费,地点1879,淋浴,2014/08/31 19:21:46,0.1,117.97
2951,POS消费,地点1879,淋浴,2014/08/31 19:21:57,0.1,117.77
2951,POS消费,地点1869,淋浴,2014/08/31 19:21:59,0.4,117.37
2951,POS消费,地点1879,淋浴,2014/08/31 19:23:37,0.1,117.87
