29583,卡片开户,,,2014/07/18 11:01:40,0.0,0.0
29583,POS消费,地点91,校车,2014/08/28 11:50:51,20.3,479.7
29583,POS消费,地点91,校车,2014/08/28 11:51:02,9.5,470.2
29583,POS消费,地点21,开水,2014/08/28 11:51:41,13.1,457.1
29583,POS消费,地点21,开水,2014/08/28 11:51:47,0.4,456.7
29583,卡充值,,,2014/08/28 11:52:48,500.0,500.0
29583,POS消费,地点89,食堂,2014/08/28 16:56:06,9.0,447.7
29583,POS消费,地点1903,洗衣房,2014/08/28 19:41:07,3.6,444.1
29583,POS消费,地点1903,洗衣房,2014/08/28 20:23:22,-1.14,445.24
29583,POS消费,地点1567,开水,2014/08/29 07:14:13,0.01,445.23
29583,POS消费,地点72,食堂,2014/08/29 07:33:13,0.35,444.88
29583,POS消费,地点195,超市,2014/08/29 10:35:46,30.0,414.88
29583,POS消费,地点195,超市,2014/08/29 10:35:50,12.7,402.18
29583,POS消费,地点1567,开水,2014/08/29 11:11:54,0.03,402.15
29583,POS消费,地点91,校车,2014/08/29 11:41:50,11.2,390.95
29583,POS消费,地点91,校车,2014/08/29 11:42:39,2.0,388.95
29583,POS消费,地点21,开水,2014/08/29 11:52:20,11.5,377.45
29583,POS消费,地点6,淋浴,2014/08/29 16:41:36,1.2,376.25
29583,POS消费,地点21,开水,2014/08/29 16:41:56,2.0,374.25
29583,POS消费,地点91,校车,2014/08/29 16:43:09,4.5,369.75
29583,POS消费,地点91,校车,2014/08/29 16:43:57,5.0,364.75
29583,POS消费,地点6,淋浴,2014/08/29 16:44:55,1.5,363.25
29583,POS消费,地点1567,开水,2014/08/29 17:19:02,0.03,363.22
29583,POS消费,地点1903,洗衣房,2014/08/29 21:35:33,3.6,359.62
29583,POS消费,地点1903,洗衣房,2014/08/29 21:43:50,-3.18,362.8
29583,POS消费,地点1567,开水,2014/08/29 22:33:31,0.02,362.78
29583,POS消费,地点1567,开水,2014/08/29 22:34:11,0.01,362.77
29583,POS消费,地点1243,淋浴,2014/08/29 22:44:59,1.0,361.77
29583,POS消费,地点1567,开水,2014/08/30 07:31:54,0.01,361.76
29583,POS消费,地点60,食堂,2014/08/30 08:29:59,1.0,360.76
29583,POS消费,地点1448,校车,2014/08/30 08:45:11,1.0,359.76
29583,POS消费,地点1447,校车,2014/08/30 09:20:11,1.0,358.76
29583,POS消费,地点134,食堂,2014/08/30 11:55:48,8.2,350.56
29583,POS消费,地点1907,淋浴,2014/08/30 22:50:00,0.3,350.26
29583,POS消费,地点1567,开水,2014/08/31 07:36:38,0.03,350.23
29583,POS消费,地点60,食堂,2014/08/31 08:04:56,0.5,349.73
29583,POS消费,地点60,食堂,2014/08/31 08:05:01,0.5,349.23
29583,POS消费,地点26,图书馆,2014/08/31 10:48:05,11.5,337.73
29583,POS消费,地点72,食堂,2014/08/31 11:02:40,5.2,332.53
29583,POS消费,地点21,开水,2014/08/31 16:30:55,0.8,331.73
29583,POS消费,地点21,开水,2014/08/31 16:32:50,1.5,330.23
29583,POS消费,地点1920,淋浴,2014/08/31 23:31:02,1.5,328.73
