29584,卡片开户,,,2014/07/18 16:21:00,0.0,0.0
29584,卡充值,,,2014/08/28 17:06:24,300.0,300.0
29584,POS消费,地点305,食堂,2014/08/28 18:26:24,6.0,284.4
29584,POS消费,地点157,食堂,2014/08/28 18:33:29,9.6,290.4
29584,POS消费,地点192,超市,2014/08/28 20:19:14,1.1,283.3
29584,POS消费,地点526,食堂,2014/08/28 21:21:50,8.0,275.3
29584,POS消费,地点1645,淋浴,2014/08/29 07:39:50,0.6,274.6
29584,POS消费,地点168,食堂,2014/08/29 09:09:19,4.5,270.1
29584,POS消费,地点168,食堂,2014/08/29 09:12:16,10.0,260.1
29584,POS消费,地点213,食堂,2014/08/29 11:25:48,1.0,259.1
29584,POS消费,地点232,食堂,2014/08/29 12:26:30,6.0,253.1
29584,POS消费,地点232,食堂,2014/08/29 12:26:49,6.0,247.1
29584,POS消费,地点230,食堂,2014/08/29 17:31:52,5.0,242.1
29584,POS消费,地点192,超市,2014/08/29 21:44:26,11.4,230.7
29584,POS消费,地点1645,淋浴,2014/08/29 23:24:25,0.5,230.2
29584,POS消费,地点61,食堂,2014/08/30 07:24:47,1.4,228.8
29584,POS消费,地点1875,淋浴,2014/08/30 23:35:12,0.5,228.3
29584,POS消费,地点61,食堂,2014/08/31 09:06:48,1.8,226.5
29584,POS消费,地点314,食堂,2014/08/31 09:22:29,30.0,196.5
29584,POS消费,地点314,食堂,2014/08/31 09:22:35,6.9,189.6
29584,POS消费,地点237,食堂,2014/08/31 11:30:24,1.6,188.0
29584,POS消费,地点114,食堂,2014/08/31 11:43:16,5.0,183.0
