2964,卡片开户,,,2014/08/19 11:47:02,50.0,50.0
2964,POS消费,地点1371,淋浴,2014/08/28 21:56:33,0.3,49.7
2964,POS消费,地点359,开水,2014/08/28 22:11:35,0.01,49.69
2964,POS消费,地点434,开水,2014/08/28 22:18:02,0.01,49.68
2964,POS消费,地点134,食堂,2014/08/29 18:39:11,9.66,40.02
2964,POS消费,地点434,开水,2014/08/29 18:55:10,0.01,40.01
2964,POS消费,地点378,淋浴,2014/08/29 21:54:53,0.5,39.51
2964,POS消费,地点434,开水,2014/08/29 22:14:33,0.01,39.5
2964,POS消费,地点1588,食堂,2014/08/30 17:53:40,7.4,32.1
2964,POS消费,地点378,淋浴,2014/08/30 21:33:15,0.2,31.9
2964,POS消费,地点434,开水,2014/08/30 21:46:03,0.01,31.89
2964,POS消费,地点213,食堂,2014/08/31 08:58:39,0.5,31.39
2964,POS消费,地点192,超市,2014/08/31 10:10:11,4.8,26.59
2964,POS消费,地点91,校车,2014/08/31 11:30:16,3.0,23.59
2964,POS消费,地点434,开水,2014/08/31 12:07:22,0.12,23.47
2964,POS消费,地点378,淋浴,2014/08/31 22:24:47,0.5,22.97
