29705,卡片开户,,,2014/07/30 16:33:19,0.0,0.0
29705,卡充值,,,2014/08/29 16:30:53,600.0,600.0
29705,POS消费,地点188,超市,2014/08/29 16:56:36,13.7,586.3
29705,POS消费,地点188,超市,2014/08/29 16:57:01,100.0,486.3
29705,POS消费,地点1155,食堂,2014/08/29 18:38:14,4.4,481.9
29705,POS消费,地点314,食堂,2014/08/30 11:35:40,56.0,425.9
29705,POS消费,地点188,超市,2014/08/30 18:03:25,34.0,391.9
29705,POS消费,地点21,开水,2014/08/31 07:37:39,3.4,388.5
29705,POS消费,地点21,开水,2014/08/31 07:37:43,0.1,388.4
29705,POS消费,地点21,开水,2014/08/31 07:38:22,1.8,386.6
29705,POS消费,地点1674,食堂,2014/08/31 11:18:31,2.5,379.5
29705,POS消费,地点134,食堂,2014/08/31 11:30:01,4.6,382.0
29705,POS消费,地点192,超市,2014/08/31 11:51:10,6.2,373.3
29705,POS消费,地点188,超市,2014/08/31 16:52:42,32.5,340.8
29705,POS消费,地点21,开水,2014/08/31 17:34:07,3.8,337.0
29705,POS消费,地点740,淋浴,2014/08/31 22:46:04,0.1,336.9
29705,POS消费,地点45,淋浴,2014/08/31 22:48:16,1.0,335.9
29705,POS消费,地点993,洗衣房,2014/08/31 23:21:54,1.2,334.7
29705,POS消费,地点993,洗衣房,2014/08/31 23:21:54,-0.84,335.54
