29723,卡片开户,,,2014/07/18 10:54:49,0.0,0.0
29723,卡充值,,,2014/08/29 16:08:34,500.0,500.0
29723,POS消费,地点1155,食堂,2014/08/29 19:38:12,6.7,493.3
29723,POS消费,地点1322,淋浴,2014/08/29 22:45:32,0.7,492.6
29723,POS消费,地点114,食堂,2014/08/30 07:01:40,2.5,490.1
29723,POS消费,地点83,食堂,2014/08/30 09:33:27,5.1,485.0
29723,POS消费,地点314,食堂,2014/08/30 12:08:17,70.5,414.5
29723,POS消费,地点1890,开水,2014/08/30 12:40:07,0.04,414.46
29723,POS消费,地点1964,洗衣房,2014/08/30 12:58:13,-2.64,413.5
29723,POS消费,地点1964,洗衣房,2014/08/30 12:58:13,3.6,410.86
29723,POS消费,地点1321,淋浴,2014/08/30 13:45:45,1.2,412.3
29723,POS消费,地点192,超市,2014/08/30 15:08:47,13.9,398.4
29723,POS消费,地点21,开水,2014/08/31 09:56:29,30.0,368.4
29723,POS消费,地点21,开水,2014/08/31 09:56:33,18.6,349.8
29723,POS消费,地点1890,开水,2014/08/31 12:02:24,0.02,349.78
29723,POS消费,地点1890,开水,2014/08/31 19:34:24,0.02,349.76
29723,POS消费,地点192,超市,2014/08/31 20:36:12,30.0,319.76
29723,POS消费,地点192,超市,2014/08/31 20:36:16,0.4,319.36
29723,POS消费,地点1919,淋浴,2014/08/31 22:31:09,0.9,318.46
