29886,卡片开户,,,2014/07/20 10:30:18,0.0,0.0
29886,卡充值,,,2014/08/30 10:38:40,200.0,200.0
29886,POS消费,地点65,食堂,2014/08/30 11:53:51,10.6,189.4
29886,POS消费,地点124,食堂,2014/08/30 17:07:19,4.5,184.9
29886,POS消费,地点1847,食堂,2014/08/30 17:25:14,1.5,183.4
29886,POS消费,地点180,开水,2014/08/30 18:23:11,0.01,183.39
29886,POS消费,地点19,开水,2014/08/30 18:24:06,0.04,183.35
29886,POS消费,地点19,开水,2014/08/30 18:51:52,0.13,183.22
29886,POS消费,地点89,食堂,2014/08/31 07:30:54,3.0,180.22
29886,POS消费,地点190,超市,2014/08/31 11:04:13,5.0,175.22
29886,POS消费,地点21,开水,2014/08/31 11:15:56,7.6,167.62
29886,POS消费,地点182,食堂,2014/08/31 17:33:29,5.6,162.02
29886,POS消费,地点1847,食堂,2014/08/31 17:45:27,1.5,160.52
