2989,卡片开户,,,2014/07/16 15:14:20,0.0,0.0
2989,卡充值,,,2014/08/29 17:55:29,700.0,700.0
2989,POS消费,地点61,食堂,2014/08/29 18:19:53,7.6,692.4
2989,POS消费,地点61,食堂,2014/08/29 18:20:10,8.6,683.8
2989,POS消费,地点61,食堂,2014/08/29 18:20:26,7.6,676.2
2989,POS消费,地点60,食堂,2014/08/30 08:16:11,3.0,673.2
2989,POS消费,地点21,开水,2014/08/30 08:32:20,7.8,665.4
2989,POS消费,地点1472,校车,2014/08/30 08:38:33,1.0,664.4
2989,POS消费,地点1944,洗衣房,2014/08/30 10:54:06,3.6,660.8
2989,POS消费,地点233,食堂,2014/08/30 12:21:18,5.6,642.5
2989,POS消费,地点182,食堂,2014/08/30 12:23:18,5.1,655.7
2989,POS消费,地点182,食堂,2014/08/30 12:23:43,7.6,648.1
2989,POS消费,地点182,食堂,2014/08/30 17:43:17,8.6,633.9
2989,POS消费,地点225,食堂,2014/08/31 11:09:42,8.6,625.3
2989,POS消费,地点168,食堂,2014/08/31 17:03:38,5.5,619.8
2989,POS消费,地点21,开水,2014/08/31 17:11:33,3.0,616.8
2989,POS消费,地点192,超市,2014/08/31 22:12:22,6.7,610.1
2989,POS消费,地点26,图书馆,2014/08/31 22:29:34,0.1,610.0
2989,POS消费,地点26,图书馆,2014/08/31 22:31:51,0.2,609.8
