29906,POS消费,地点797,洗衣房,2014/09/01 17:31:14,3.6,31.91
29906,POS消费,地点21,开水,2014/09/01 21:07:28,3.5,28.41
29906,POS消费,地点21,开水,2014/09/01 21:07:35,5.0,23.41
29906,POS消费,地点21,开水,2014/09/02 15:25:06,7.0,16.41
29906,POS消费,地点21,开水,2014/09/04 12:05:06,4.0,12.41
29906,POS消费,地点21,开水,2014/09/05 21:31:47,5.0,7.41
29906,POS消费,地点218,食堂,2014/09/09 11:55:11,0.8,6.61
29906,POS消费,地点21,开水,2014/09/09 12:06:25,3.0,3.61
29906,卡充值,,,2014/09/09 17:04:22,100.0,103.61
29906,POS消费,地点226,食堂,2014/09/09 17:04:59,1.5,96.51
29906,POS消费,地点157,食堂,2014/09/09 17:18:47,5.6,98.01
29906,POS消费,地点188,超市,2014/09/09 17:20:47,2.0,94.51
29906,POS消费,地点192,超市,2014/09/10 17:47:51,19.0,75.51
29906,POS消费,地点21,开水,2014/09/11 22:05:13,6.1,69.41
29906,POS消费,地点21,开水,2014/09/12 16:24:23,11.2,58.21
29906,POS消费,地点146,校车,2014/09/12 16:43:32,1.0,57.21
29906,POS消费,地点21,开水,2014/09/12 20:43:43,8.1,49.11
29906,POS消费,地点797,洗衣房,2014/09/12 23:08:52,3.6,45.51
29906,POS消费,地点797,洗衣房,2014/09/13 02:22:59,3.6,41.91
29906,POS消费,地点188,超市,2014/09/14 20:29:47,6.2,35.71
29906,POS消费,地点21,开水,2014/09/16 13:58:10,9.0,26.71
29906,POS消费,地点21,开水,2014/09/16 22:19:52,11.3,15.41
29906,POS消费,地点249,食堂,2014/09/18 18:10:20,5.6,9.81
29906,POS消费,地点188,超市,2014/09/18 22:05:41,8.0,1.81
29906,卡挂失,,,2014/09/24 12:15:10,0.0,0.0
29906,卡片开户,,,2014/09/24 12:16:33,100.0,85.0
29906,更新卡信息,,,2014/09/24 12:18:29,0.0,0.0
29906,POS消费,地点83,食堂,2014/09/24 13:01:33,4.0,81.0
29906,POS消费,地点26,图书馆,2014/09/24 18:04:55,5.2,75.8
29906,POS消费,地点232,食堂,2014/09/25 12:05:49,10.4,65.4
29906,POS消费,地点232,食堂,2014/09/25 17:44:46,12.4,53.0
29906,POS消费,地点232,食堂,2014/09/26 11:47:22,14.3,38.7
29906,POS消费,地点26,图书馆,2014/09/26 18:01:07,8.7,30.0
29906,POS消费,地点797,洗衣房,2014/09/26 23:15:05,3.6,26.4
29906,POS消费,地点26,图书馆,2014/09/27 17:26:47,11.3,15.1
29906,POS消费,地点192,超市,2014/09/27 22:09:30,6.5,8.6
29906,卡片销户,,,2014/09/29 09:16:03,8.6,0.0
29906,卡补办,,,2014/09/29 09:19:00,23.6,10.41
29906,卡充值,,,2014/09/29 09:19:53,200.0,210.41
29906,POS消费,地点996,图书馆,2014/09/29 09:29:58,4.5,205.91
29906,POS消费,地点816,校车,2014/09/29 09:52:15,1.0,204.91
29906,POS消费,地点816,校车,2014/09/29 10:01:35,1.0,203.91
29906,POS消费,地点26,图书馆,2014/09/29 17:42:19,11.6,192.31
29906,POS消费,地点188,超市,2014/10/02 19:28:09,19.4,172.91
29906,POS消费,地点188,超市,2014/10/02 19:29:23,1.0,171.91
29906,POS消费,地点168,食堂,2014/10/03 11:40:11,10.0,161.91
29906,POS消费,地点203,食堂,2014/10/05 12:19:18,20.0,141.91
29906,POS消费,地点203,食堂,2014/10/08 11:47:50,10.0,131.91
29906,POS消费,地点21,开水,2014/10/08 11:55:37,1.0,130.91
29906,POS消费,地点26,图书馆,2014/10/08 18:09:50,8.4,122.51
29906,POS消费,地点26,图书馆,2014/10/08 18:14:55,2.0,120.51
29906,POS消费,地点203,食堂,2014/10/09 11:36:56,10.0,110.51
29906,POS消费,地点307,食堂,2014/10/09 11:38:57,1.0,109.51
29906,POS消费,地点797,洗衣房,2014/10/09 12:04:06,3.6,105.91
29906,POS消费,地点797,洗衣房,2014/10/09 13:32:47,3.6,102.31
29906,POS消费,地点797,洗衣房,2014/10/09 13:40:38,-3.24,105.55
29906,POS消费,地点232,食堂,2014/10/09 17:54:56,13.4,92.15
29906,POS消费,地点168,食堂,2014/10/10 11:34:56,10.0,82.15
29906,POS消费,地点21,开水,2014/10/10 11:37:15,1.0,81.15
29906,POS消费,地点26,图书馆,2014/10/10 18:07:59,10.4,70.75
29906,POS消费,地点26,图书馆,2014/10/11 11:36:25,8.7,62.05
29906,POS消费,地点26,图书馆,2014/10/11 18:08:34,17.0,45.05
29906,POS消费,地点26,图书馆,2014/10/12 11:41:25,3.6,41.45
29906,POS消费,地点26,图书馆,2014/10/12 12:01:28,11.5,29.95
29906,POS消费,地点232,食堂,2014/10/13 17:56:57,4.0,25.95
29906,POS消费,地点6,淋浴,2014/10/14 11:43:54,6.4,19.55
29906,POS消费,地点232,食堂,2014/10/14 17:53:39,10.4,9.15
29906,POS消费,地点232,食堂,2014/10/16 17:39:33,10.6,148.55
29906,圈存转账,,,2014/10/16 17:48:33,150.0,159.15
29906,POS消费,地点26,图书馆,2014/10/17 18:03:40,12.0,136.55
29906,POS消费,地点203,食堂,2014/10/18 11:52:23,10.0,126.55
29906,POS消费,地点88,食堂,2014/10/18 11:59:45,1.0,125.55
29906,POS消费,地点797,洗衣房,2014/10/18 12:33:51,3.6,121.95
29906,POS消费,地点26,图书馆,2014/10/18 17:53:57,10.0,111.95
29906,POS消费,地点232,食堂,2014/10/20 17:23:32,3.0,108.95
29906,POS消费,地点232,食堂,2014/10/21 17:38:48,6.0,102.95
29906,POS消费,地点26,图书馆,2014/10/22 17:50:00,9.8,93.15
29906,POS消费,地点203,食堂,2014/10/23 11:33:55,10.0,83.15
29906,POS消费,地点21,开水,2014/10/23 11:46:41,1.0,82.15
29906,POS消费,地点232,食堂,2014/10/23 18:03:37,8.0,74.15
29906,POS消费,地点232,食堂,2014/10/23 18:03:42,10.0,64.15
29906,POS消费,地点203,食堂,2014/10/24 11:25:34,10.0,54.15
29906,POS消费,地点21,开水,2014/10/24 11:41:55,1.0,53.15
29906,POS消费,地点26,图书馆,2014/10/24 18:06:31,10.4,42.75
29906,POS消费,地点203,食堂,2014/10/25 11:35:38,10.0,32.75
29906,POS消费,地点91,校车,2014/10/26 11:48:54,5.6,27.15
29906,POS消费,地点26,图书馆,2014/10/27 18:15:49,11.8,15.35
29906,POS消费,地点26,图书馆,2014/10/29 18:26:30,12.4,2.95
29906,卡充值,,,2014/10/30 11:50:50,200.0,202.95
29906,POS消费,地点91,校车,2014/10/30 11:53:42,8.4,194.55
29906,POS消费,地点26,图书馆,2014/10/30 18:17:03,11.8,182.75
29906,POS消费,地点26,图书馆,2014/10/30 18:26:26,2.0,180.75
29906,POS消费,地点26,图书馆,2014/10/31 18:23:09,11.3,169.45
29906,POS消费,地点26,图书馆,2014/11/01 11:52:54,5.0,164.45
29906,POS消费,地点232,食堂,2014/11/03 11:55:16,10.0,154.45
29906,POS消费,地点91,校车,2014/11/04 11:51:52,8.6,145.85
29906,POS消费,地点21,开水,2014/11/04 12:00:31,1.8,144.05
29906,POS消费,地点232,食堂,2014/11/04 18:19:54,9.9,134.15
29906,POS消费,地点91,校车,2014/11/05 11:49:49,5.6,128.55
29906,POS消费,地点21,开水,2014/11/05 11:57:19,1.8,126.75
29906,POS消费,地点232,食堂,2014/11/05 18:10:24,2.0,124.75
29906,POS消费,地点232,食堂,2014/11/06 11:45:19,8.0,116.75
29906,POS消费,地点232,食堂,2014/11/06 17:48:52,6.0,110.75
29906,POS消费,地点91,校车,2014/11/08 18:06:30,6.6,104.15
29906,POS消费,地点91,校车,2014/11/08 18:08:06,4.2,99.95
29906,POS消费,地点232,食堂,2014/11/10 12:03:16,6.0,93.95
29906,POS消费,地点26,图书馆,2014/11/10 18:19:22,7.9,86.05
29906,POS消费,地点26,图书馆,2014/11/11 18:12:58,10.3,75.75
29906,POS消费,地点232,食堂,2014/11/12 11:43:59,5.0,70.75
29906,POS消费,地点307,食堂,2014/11/13 12:00:30,1.0,60.42
29906,POS消费,地点2107,食堂,2014/11/13 12:34:57,7.83,62.92
29906,POS消费,地点2107,食堂,2014/11/13 12:35:41,1.5,61.42
29906,POS消费,地点26,图书馆,2014/11/13 17:44:21,15.7,44.72
29906,POS消费,地点250,食堂,2014/11/15 11:40:09,14.0,30.72
29906,POS消费,地点1472,校车,2014/11/15 20:51:58,1.0,29.72
29906,POS消费,地点203,食堂,2014/11/17 11:36:15,10.0,19.72
29906,POS消费,地点2107,食堂,2014/11/17 12:29:28,1.0,18.72
29906,POS消费,地点91,校车,2014/11/19 11:41:34,5.6,13.12
29906,POS消费,地点21,开水,2014/11/19 11:42:18,1.8,11.32
29906,POS消费,地点21,开水,2014/11/19 11:58:30,1.8,9.52
29906,POS消费,地点91,校车,2014/11/20 11:41:37,5.6,3.92
29906,POS消费,地点26,图书馆,2014/11/21 18:17:34,12.1,191.82
29906,圈存转账,,,2014/11/21 18:18:22,200.0,203.92
29906,POS消费,地点232,食堂,2014/11/24 18:07:06,9.0,182.82
29906,POS消费,地点6,淋浴,2014/11/25 07:43:14,4.2,178.62
29906,POS消费,地点21,开水,2014/11/25 11:49:34,4.6,174.02
29906,POS消费,地点21,开水,2014/11/25 11:51:19,1.8,172.22
29906,POS消费,地点6,淋浴,2014/11/26 07:47:01,4.2,168.02
29906,POS消费,地点203,食堂,2014/11/28 11:41:35,10.0,158.02
29906,POS消费,地点307,食堂,2014/11/28 11:54:27,1.0,157.02
29906,POS消费,地点6,淋浴,2014/11/29 07:43:51,4.2,152.82
29906,POS消费,地点6,淋浴,2014/12/02 07:44:22,6.5,146.32
29906,POS消费,地点6,淋浴,2014/12/03 07:51:38,3.0,143.32
29906,POS消费,地点26,图书馆,2014/12/03 18:06:25,8.6,134.72
29906,POS消费,地点6,淋浴,2014/12/04 07:46:55,7.7,127.02
29906,POS消费,地点91,校车,2014/12/04 11:46:14,5.2,121.82
29906,POS消费,地点21,开水,2014/12/04 11:47:07,1.8,120.02
29906,POS消费,地点797,洗衣房,2014/12/04 12:25:28,3.6,116.42
29906,POS消费,地点232,食堂,2014/12/04 17:53:59,14.4,102.02
29906,POS消费,地点248,超市,2014/12/05 11:46:14,5.1,96.92
29906,POS消费,地点232,食堂,2014/12/16 11:59:32,9.8,87.12
29906,POS消费,地点232,食堂,2014/12/16 12:00:08,19.0,68.12
29906,POS消费,地点996,图书馆,2014/12/27 10:59:54,5.5,62.62
29906,POS消费,地点996,图书馆,2014/12/28 13:43:31,12.2,50.42
29906,POS消费,地点188,超市,2014/12/28 18:42:36,35.8,14.62
29906,POS消费,地点673,开水,2014/12/29 09:16:59,0.02,14.6
29906,POS消费,地点259,食堂,2014/12/30 17:40:58,5.1,9.5
29906,POS消费,地点232,食堂,2015/01/04 12:33:56,9.4,0.1
29906,POS消费,地点232,食堂,2015/01/22 12:08:07,4.0,46.1
29906,圈存转账,,,2015/01/22 12:25:09,50.0,50.1
29906,POS消费,地点232,食堂,2015/01/23 12:11:47,13.5,32.6
29906,POS消费,地点26,图书馆,2015/01/23 18:07:15,12.4,20.2
29906,POS消费,地点26,图书馆,2015/01/26 11:59:40,17.1,3.1
29906,卡充值,,,2015/03/02 12:29:58,100.0,103.1
29906,POS消费,地点232,食堂,2015/03/02 12:31:54,6.0,97.1
29906,POS消费,地点232,食堂,2015/03/02 18:06:05,17.6,79.5
29906,POS消费,地点26,图书馆,2015/03/02 18:06:21,11.2,68.3
29906,POS消费,地点26,图书馆,2015/03/04 11:57:49,18.4,49.9
29906,POS消费,地点26,图书馆,2015/03/11 11:59:08,4.1,45.8
29906,POS消费,地点232,食堂,2015/03/11 17:59:24,17.7,28.1
29906,POS消费,地点232,食堂,2015/03/12 12:30:56,9.0,19.1
29906,POS消费,地点232,食堂,2015/03/13 12:00:39,10.0,9.1
29906,POS消费,地点26,图书馆,2015/03/16 12:21:36,8.0,101.1
29906,圈存转账,,,2015/03/16 12:48:08,100.0,109.1
29906,POS消费,地点2031,食堂,2015/04/21 12:10:06,3.6,97.5
29906,POS消费,地点1447,校车,2015/04/21 13:13:30,1.0,96.5
29906,POS消费,地点21,开水,2015/04/22 12:13:27,1.8,94.7
29906,POS消费,地点21,开水,2015/05/01 15:43:53,30.0,64.7
29906,POS消费,地点21,开水,2015/05/01 15:43:58,14.7,50.0
29906,POS消费,地点1472,校车,2015/06/07 12:17:37,1.0,49.0
29906,POS消费,地点1472,校车,2015/06/07 12:17:51,1.0,48.0
29906,POS消费,地点211,校车,2015/06/07 13:47:54,1.0,47.0
29906,POS消费,地点211,校车,2015/06/07 13:48:00,1.0,46.0
29906,POS消费,地点211,校车,2015/06/07 13:48:07,1.0,45.0
29906,POS消费,地点192,超市,2015/06/10 10:33:06,2.8,42.2
29906,POS消费,地点1448,校车,2015/06/24 12:12:52,1.0,12.6
29906,POS消费,地点192,超市,2015/06/24 12:34:36,9.0,33.2
29906,POS消费,地点192,超市,2015/06/24 12:34:50,19.6,13.6
29906,POS消费,地点816,校车,2015/06/25 14:07:56,1.0,11.6
29906,POS消费,地点816,校车,2015/06/25 14:10:12,1.0,10.6
29906,POS消费,地点1472,校车,2015/06/25 15:04:33,1.0,4.0
29906,POS消费,地点1472,校车,2015/06/25 15:04:40,1.0,3.0
29906,POS消费,地点1472,校车,2015/06/25 15:04:53,1.0,2.0
29906,POS消费,地点192,超市,2015/06/25 15:23:32,5.6,5.0
29906,圈存转账,,,2015/06/30 15:40:37,50.0,52.0
29906,POS消费,地点1447,校车,2015/07/08 12:30:56,1.0,51.0
29906,POS消费,地点222,校车,2015/07/08 17:00:37,1.0,50.0
29906,POS消费,地点192,超市,2015/07/15 11:04:03,20.5,29.5
29906,POS消费,地点1472,校车,2015/07/15 12:59:49,1.0,28.5
29906,POS消费,地点2309,教务处,2015/07/17 14:22:08,1.0,27.5
29906,POS消费,地点192,超市,2015/08/20 15:03:35,16.6,10.9
29906,POS消费,地点192,超市,2015/08/20 15:04:12,8.5,2.4
29906,POS消费,地点816,校车,2015/08/30 14:16:29,1.0,1.4
29906,POS消费,地点1472,校车,2015/08/30 15:32:34,1.0,0.4
