29952,卡片开户,,,2014/07/12 12:29:46,0.0,0.0
29952,卡充值,,,2014/08/29 16:37:50,100.0,100.0
29952,POS消费,地点192,超市,2014/08/29 17:03:18,30.0,70.0
29952,POS消费,地点192,超市,2014/08/29 17:03:22,11.0,59.0
29952,POS消费,地点246,食堂,2014/08/29 18:52:27,7.0,50.8
29952,POS消费,地点72,食堂,2014/08/29 18:58:05,8.0,42.8
29952,POS消费,地点231,食堂,2014/08/29 19:03:28,0.6,58.4
29952,POS消费,地点231,食堂,2014/08/29 19:03:45,0.6,57.8
29952,POS消费,地点1547,食堂,2014/08/30 08:59:00,4.6,38.2
29952,卡充值,,,2014/08/30 16:11:07,100.0,138.2
29952,POS消费,地点6,淋浴,2014/08/30 17:01:07,0.2,138.0
29952,POS消费,地点36,开水,2014/08/30 17:59:49,0.01,137.99
29952,POS消费,地点26,图书馆,2014/08/30 18:45:45,10.5,127.49
29952,POS消费,地点168,食堂,2014/08/30 19:02:43,6.5,120.99
29952,POS消费,地点232,食堂,2014/08/31 07:45:44,2.05,118.94
29952,POS消费,地点203,食堂,2014/08/31 11:29:03,6.5,112.44
29952,POS消费,地点314,食堂,2014/08/31 11:51:53,0.3,112.14
29952,POS消费,地点91,校车,2014/08/31 16:25:26,8.6,103.54
29952,POS消费,地点192,超市,2014/08/31 17:05:33,2.3,101.24
29952,POS消费,地点36,开水,2014/08/31 22:06:19,0.01,101.23
