29984,卡片开户,,,2014/07/19 09:38:30,0.0,0.0
29984,卡充值,,,2014/08/29 14:21:44,300.0,300.0
29984,POS消费,地点82,食堂,2014/08/30 12:26:33,5.1,294.9
29984,POS消费,地点89,食堂,2014/08/30 17:46:36,4.5,290.4
29984,POS消费,地点134,食堂,2014/08/31 07:53:08,0.5,289.9
29984,POS消费,地点103,食堂,2014/08/31 07:59:52,2.8,287.1
29984,POS消费,地点21,开水,2014/08/31 10:50:06,30.0,257.1
29984,POS消费,地点21,开水,2014/08/31 10:50:12,24.3,232.8
29984,POS消费,地点1305,开水,2014/08/31 11:02:05,0.08,232.71
29984,POS消费,地点1305,开水,2014/08/31 11:03:48,0.01,232.79
29984,POS消费,地点1596,食堂,2014/08/31 12:07:51,4.6,228.11
29984,POS消费,地点69,食堂,2014/08/31 17:03:41,6.6,221.51
