30202,卡片开户,,,2014/07/19 15:57:00,0.0,0.0
30202,卡充值,,,2014/08/29 17:23:30,500.0,500.0
30202,POS消费,地点233,食堂,2014/08/29 17:54:56,5.6,494.4
30202,POS消费,地点233,食堂,2014/08/29 17:55:29,5.6,488.8
30202,POS消费,地点307,食堂,2014/08/29 17:58:37,1.0,479.2
30202,POS消费,地点182,食堂,2014/08/29 17:59:01,8.6,480.2
30202,POS消费,地点567,开水,2014/08/29 20:57:43,0.01,479.19
30202,POS消费,地点567,开水,2014/08/29 20:58:00,0.01,479.18
30202,POS消费,地点567,开水,2014/08/29 21:11:44,0.01,479.17
30202,POS消费,地点1843,淋浴,2014/08/29 22:45:14,0.5,478.67
30202,POS消费,地点1843,淋浴,2014/08/29 22:55:44,0.1,478.57
30202,POS消费,地点65,食堂,2014/08/30 08:56:45,0.7,477.87
30202,POS消费,地点69,食堂,2014/08/30 09:03:20,3.3,474.57
30202,POS消费,地点567,开水,2014/08/30 13:13:10,0.01,474.56
30202,POS消费,地点21,开水,2014/08/30 13:49:12,9.1,465.46
30202,POS消费,地点567,开水,2014/08/30 14:03:43,0.01,465.45
30202,POS消费,地点567,开水,2014/08/30 14:06:04,0.01,465.44
30202,POS消费,地点219,超市,2014/08/30 19:02:04,4.0,461.44
30202,POS消费,地点21,开水,2014/08/30 19:34:04,3.5,457.94
30202,POS消费,地点87,食堂,2014/08/31 07:48:23,3.0,454.94
30202,POS消费,地点21,开水,2014/08/31 08:08:06,1.2,453.74
30202,POS消费,地点91,校车,2014/08/31 11:35:34,8.0,445.74
30202,POS消费,地点1596,食堂,2014/08/31 17:52:40,8.6,437.14
30202,POS消费,地点118,食堂,2014/08/31 20:29:07,2.5,434.64
