30227,卡片开户,,,2014/07/12 16:41:13,0.0,0.0
30227,卡充值,,,2014/08/29 13:43:26,1000.0,1000.0
30227,POS消费,地点161,食堂,2014/08/29 18:49:30,8.6,991.4
30227,POS消费,地点161,食堂,2014/08/29 18:49:45,8.6,982.8
30227,POS消费,地点21,开水,2014/08/30 08:38:56,6.4,976.4
30227,POS消费,地点1588,食堂,2014/08/30 12:52:52,7.6,968.8
30227,POS消费,地点1588,食堂,2014/08/30 12:53:25,3.9,964.9
30227,POS消费,地点251,食堂,2014/08/30 17:59:57,0.6,964.3
30227,POS消费,地点21,开水,2014/08/31 07:57:24,1.6,962.7
30227,POS消费,地点314,食堂,2014/08/31 09:12:57,5.0,957.7
30227,POS消费,地点1588,食堂,2014/08/31 12:02:38,3.9,953.8
30227,POS消费,地点21,开水,2014/08/31 17:14:31,2.7,951.1
30227,POS消费,地点1451,校车,2014/08/31 18:59:37,1.0,950.1
30227,POS消费,地点854,淋浴,2014/08/31 19:30:04,0.1,949.9
30227,POS消费,地点854,淋浴,2014/08/31 19:33:39,0.1,950.0
30227,POS消费,地点854,淋浴,2014/08/31 19:35:18,0.1,949.6
30227,POS消费,地点854,淋浴,2014/08/31 19:35:37,0.1,949.8
30227,POS消费,地点854,淋浴,2014/08/31 19:37:46,0.1,949.7
30227,POS消费,地点1371,淋浴,2014/08/31 19:46:36,0.2,949.4
30227,POS消费,地点1371,淋浴,2014/08/31 19:48:47,0.2,949.2
