30233,卡片开户,,,2014/07/14 10:28:29,0.0,0.0
30233,卡充值,,,2014/08/29 09:17:42,200.0,200.0
30233,POS消费,地点168,食堂,2014/08/29 20:22:15,5.5,194.5
30233,POS消费,地点188,超市,2014/08/30 11:45:17,17.8,176.7
30233,POS消费,地点72,食堂,2014/08/30 12:45:53,8.6,168.1
30233,POS消费,地点184,食堂,2014/08/30 18:24:57,1.6,166.5
30233,POS消费,地点253,食堂,2014/08/30 18:26:34,2.86,163.64
30233,POS消费,地点188,超市,2014/08/31 08:24:22,7.6,156.04
30233,POS消费,地点237,食堂,2014/08/31 12:05:56,1.6,154.44
30233,POS消费,地点253,食堂,2014/08/31 12:17:50,4.75,149.69
30233,POS消费,地点168,食堂,2014/08/31 16:45:37,5.5,144.19
30233,POS消费,地点184,食堂,2014/08/31 17:11:42,2.6,141.59
30233,POS消费,地点239,食堂,2014/08/31 17:11:49,4.5,137.09
30233,POS消费,地点192,超市,2014/08/31 17:24:27,6.5,130.59
30233,POS消费,地点190,超市,2014/08/31 21:35:00,7.8,122.79
