30242,卡片开户,,,2014/07/16 11:42:53,0.0,0.0
30242,卡充值,,,2014/08/30 10:07:58,200.0,200.0
30242,POS消费,地点203,食堂,2014/08/30 12:39:36,6.5,193.5
30242,POS消费,地点21,开水,2014/08/30 21:08:33,4.8,188.7
30242,POS消费,地点1654,淋浴,2014/08/30 22:36:53,0.5,188.2
30242,POS消费,地点134,食堂,2014/08/31 08:41:33,1.5,186.7
30242,POS消费,地点1620,开水,2014/08/31 10:31:04,0.01,186.69
30242,POS消费,地点1588,食堂,2014/08/31 11:50:58,7.6,179.09
30242,POS消费,地点192,超市,2014/08/31 11:58:44,3.5,175.59
30242,POS消费,地点1588,食堂,2014/08/31 18:02:40,3.9,171.69
30242,POS消费,地点21,开水,2014/08/31 21:04:48,3.5,168.19
30242,POS消费,地点1618,淋浴,2014/08/31 22:15:18,0.1,168.09
30242,POS消费,地点1618,淋浴,2014/08/31 22:16:58,0.1,167.99
30242,POS消费,地点1618,淋浴,2014/08/31 22:17:45,0.8,167.19
