30283,POS消费,地点26,图书馆,2014/07/02 18:04:32,0.11,1.76
30283,POS消费,地点26,图书馆,2014/07/02 18:04:32,0.0,0.0
30283,卡片开户,,,2014/07/18 10:52:15,0.0,0.0
30283,卡充值,,,2014/08/29 11:07:49,500.0,500.0
30283,POS消费,地点1926,淋浴,2014/08/29 20:09:53,0.7,499.3
30283,POS消费,地点1907,淋浴,2014/08/30 07:51:51,0.2,499.1
30283,POS消费,地点1907,淋浴,2014/08/30 07:55:30,0.2,498.9
30283,POS消费,地点1907,淋浴,2014/08/30 07:59:18,0.2,498.7
30283,POS消费,地点87,食堂,2014/08/30 08:56:50,2.0,496.7
30283,POS消费,地点21,开水,2014/08/30 09:06:46,1.0,495.7
30283,POS消费,地点21,开水,2014/08/30 09:07:16,0.03,495.67
30283,POS消费,地点168,食堂,2014/08/30 12:04:58,13.0,482.67
30283,POS消费,地点168,食堂,2014/08/30 12:09:36,10.0,472.67
30283,POS消费,地点161,食堂,2014/08/31 08:51:45,3.8,468.17
30283,POS消费,地点60,食堂,2014/08/31 08:54:14,0.7,471.97
30283,POS消费,地点227,食堂,2014/08/31 11:54:46,5.0,463.17
30283,POS消费,地点243,食堂,2014/08/31 12:33:37,1.5,461.67
30283,POS消费,地点275,食堂,2014/08/31 17:26:13,10.0,451.67
30283,POS消费,地点258,食堂,2014/08/31 17:28:50,5.0,446.67
30283,POS消费,地点1907,淋浴,2014/08/31 19:47:56,0.2,446.47
30283,POS消费,地点1907,淋浴,2014/08/31 19:51:08,0.2,446.27
30283,POS消费,地点1907,淋浴,2014/08/31 19:54:32,0.8,445.47
