30319,卡片开户,,,2014/07/19 11:39:57,0.0,0.0
30319,卡充值,,,2014/08/28 12:00:28,200.0,200.0
30319,POS消费,地点65,食堂,2014/08/28 12:07:25,8.6,191.4
30319,POS消费,地点1480,开水,2014/08/30 14:35:12,0.01,191.39
30319,卡充值,,,2014/08/30 16:13:45,300.0,491.39
30319,POS消费,地点89,食堂,2014/08/30 16:55:17,3.0,488.39
30319,POS消费,地点161,食堂,2014/08/31 07:51:36,0.8,487.59
30319,POS消费,地点82,食堂,2014/08/31 11:56:35,8.4,479.19
30319,POS消费,地点184,食堂,2014/08/31 17:36:17,2.2,476.99
30319,POS消费,地点21,开水,2014/08/31 17:38:16,5.0,471.99
30319,POS消费,地点1693,淋浴,2014/08/31 17:48:03,0.7,471.29
30319,POS消费,地点1480,开水,2014/08/31 22:20:18,0.01,471.28
