30317,卡片开户,,,2014/07/20 11:13:22,0.0,0.0
30317,卡充值,,,2014/08/29 17:32:29,200.0,200.0
30317,POS消费,地点218,食堂,2014/08/29 17:34:25,3.0,197.0
30317,POS消费,地点65,食堂,2014/08/29 17:39:41,9.6,187.4
30317,POS消费,地点69,食堂,2014/08/30 07:07:40,1.6,185.5
30317,POS消费,地点65,食堂,2014/08/30 07:08:39,0.8,184.7
30317,POS消费,地点1620,开水,2014/08/30 07:29:42,0.01,184.69
30317,POS消费,地点1652,洗衣房,2014/08/30 10:55:19,3.6,181.09
30317,POS消费,地点1652,洗衣房,2014/08/30 10:55:19,-3.54,184.63
30317,POS消费,地点65,食堂,2014/08/30 11:29:26,8.6,176.03
30317,POS消费,地点218,食堂,2014/08/30 11:33:25,2.9,173.13
30317,POS消费,地点218,食堂,2014/08/30 15:32:56,1.0,172.13
30317,POS消费,地点21,开水,2014/08/30 15:34:32,3.0,169.13
30317,POS消费,地点157,食堂,2014/08/30 17:21:32,10.6,158.53
30317,POS消费,地点21,开水,2014/08/30 21:52:43,24.0,134.53
30317,POS消费,地点21,开水,2014/08/30 21:53:21,-24.0,158.53
30317,POS消费,地点69,食堂,2014/08/31 07:13:14,1.2,157.33
30317,POS消费,地点114,食堂,2014/08/31 07:21:53,2.0,153.73
30317,POS消费,地点60,食堂,2014/08/31 07:25:40,1.6,155.73
30317,POS消费,地点218,食堂,2014/08/31 11:04:53,1.0,152.73
30317,POS消费,地点213,食堂,2014/08/31 11:17:58,0.65,152.08
30317,POS消费,地点134,食堂,2014/08/31 11:58:25,4.6,147.48
30317,POS消费,地点1652,洗衣房,2014/08/31 16:50:04,3.6,143.88
30317,POS消费,地点1652,洗衣房,2014/08/31 16:51:20,3.6,140.28
30317,POS消费,地点1652,洗衣房,2014/08/31 16:51:20,-3.48,143.76
30317,POS消费,地点1630,洗衣房,2014/08/31 17:14:51,3.6,140.16
30317,POS消费,地点1630,洗衣房,2014/08/31 17:16:16,-3.48,143.64
30317,POS消费,地点1847,食堂,2014/08/31 17:43:26,2.0,136.04
30317,POS消费,地点157,食堂,2014/08/31 17:47:36,5.6,138.04
