30359,卡片开户,,,2014/07/18 11:36:29,0.0,0.0
30359,卡充值,,,2014/08/29 12:38:54,600.0,600.0
30359,POS消费,地点21,开水,2014/08/29 12:41:43,8.6,591.4
30359,POS消费,地点21,开水,2014/08/29 12:42:05,8.6,582.8
30359,POS消费,地点21,开水,2014/08/29 12:42:24,8.6,574.2
30359,POS消费,地点21,开水,2014/08/29 12:42:38,8.6,565.6
30359,POS消费,地点87,食堂,2014/08/29 12:45:03,4.0,561.6
30359,POS消费,地点1871,洗衣房,2014/08/29 16:37:01,1.2,560.34
30359,POS消费,地点1871,洗衣房,2014/08/29 16:37:36,-1.14,561.48
30359,POS消费,地点1871,洗衣房,2014/08/29 16:39:13,-1.14,561.42
30359,POS消费,地点1871,洗衣房,2014/08/29 16:40:53,1.2,560.28
30359,POS消费,地点1884,开水,2014/08/29 19:24:03,0.01,561.59
30359,POS消费,地点1884,开水,2014/08/29 19:24:40,0.01,561.58
30359,POS消费,地点1884,开水,2014/08/29 19:27:14,0.01,561.57
30359,POS消费,地点1884,开水,2014/08/29 19:50:02,0.01,561.56
30359,POS消费,地点1884,开水,2014/08/29 19:56:41,0.01,561.55
30359,POS消费,地点1884,开水,2014/08/29 20:00:14,0.01,561.54
30359,POS消费,地点12,文印中心,2014/08/30 00:20:46,0.1,560.42
30359,POS消费,地点12,文印中心,2014/08/30 00:21:06,0.7,560.52
30359,POS消费,地点61,食堂,2014/08/30 09:07:42,4.6,555.82
30359,POS消费,地点218,食堂,2014/08/30 10:47:51,1.0,554.82
30359,POS消费,地点69,食堂,2014/08/30 11:04:05,5.6,549.22
30359,POS消费,地点1884,开水,2014/08/30 13:20:57,0.01,549.21
30359,POS消费,地点1884,开水,2014/08/30 13:21:31,0.01,549.2
30359,POS消费,地点21,开水,2014/08/30 17:13:12,3.6,545.6
30359,POS消费,地点192,超市,2014/08/30 20:48:21,13.8,531.8
30359,POS消费,地点1641,淋浴,2014/08/30 23:40:29,0.7,531.1
30359,POS消费,地点124,食堂,2014/08/31 08:22:22,3.0,528.1
30359,POS消费,地点243,食堂,2014/08/31 11:34:07,4.5,523.6
30359,POS消费,地点69,食堂,2014/08/31 11:41:07,5.6,518.0
30359,POS消费,地点1884,开水,2014/08/31 12:42:23,0.01,517.99
30359,POS消费,地点1884,开水,2014/08/31 12:43:25,0.01,517.98
30359,POS消费,地点21,开水,2014/08/31 17:16:15,5.6,512.38
30359,POS消费,地点1641,淋浴,2014/08/31 23:40:05,0.6,511.78
30359,POS消费,地点1641,淋浴,2014/08/31 23:47:41,0.6,511.18
