3053,卡片开户,,,2014/07/19 13:11:11,0.0,0.0
3053,卡充值,,,2014/08/27 17:00:29,1000.0,1000.0
3053,POS消费,地点192,超市,2014/08/27 18:12:22,30.0,970.0
3053,POS消费,地点192,超市,2014/08/27 18:12:26,30.0,940.0
3053,POS消费,地点192,超市,2014/08/27 18:12:29,30.0,910.0
3053,POS消费,地点192,超市,2014/08/27 18:12:44,30.0,880.0
3053,POS消费,地点192,超市,2014/08/27 18:12:54,30.0,850.0
3053,POS消费,地点192,超市,2014/08/27 18:13:14,30.0,820.0
3053,POS消费,地点192,超市,2014/08/27 18:13:29,3.0,817.0
3053,POS消费,地点192,超市,2014/08/27 18:13:40,30.0,787.0
3053,POS消费,地点192,超市,2014/08/27 18:13:49,30.0,757.0
3053,POS消费,地点192,超市,2014/08/27 18:13:57,30.0,727.0
3053,POS消费,地点192,超市,2014/08/27 18:14:04,30.0,697.0
3053,POS消费,地点192,超市,2014/08/27 18:14:22,30.0,667.0
3053,POS消费,地点192,超市,2014/08/27 18:15:54,-30.0,697.0
3053,POS消费,地点192,超市,2014/08/27 18:17:11,21.5,675.5
3053,POS消费,地点21,开水,2014/08/27 19:31:59,8.4,667.1
3053,POS消费,地点192,超市,2014/08/28 18:29:59,30.0,637.1
3053,POS消费,地点192,超市,2014/08/28 18:30:03,1.5,635.6
3053,POS消费,地点213,食堂,2014/08/29 12:30:49,1.0,634.6
3053,POS消费,地点837,校车,2014/08/29 15:53:48,1.0,633.6
3053,POS消费,地点222,校车,2014/08/29 17:42:26,1.0,632.6
3053,POS消费,地点60,食堂,2014/08/30 08:34:04,0.9,631.7
3053,POS消费,地点237,食堂,2014/08/30 12:13:36,2.6,629.1
3053,POS消费,地点25,开水,2014/08/30 12:36:45,0.07,629.03
3053,POS消费,地点25,开水,2014/08/30 13:09:44,0.01,629.02
3053,POS消费,地点25,开水,2014/08/30 13:18:52,0.04,628.98
3053,卡挂失,,,2014/08/30 13:52:09,0.0,0.0
3053,卡片开户,,,2014/08/30 13:55:16,65.0,50.0
3053,POS消费,地点25,开水,2014/08/30 14:00:00,0.01,628.97
3053,卡片销户,,,2014/08/30 14:25:34,50.0,0.0
3053,卡充值,,,2014/08/30 14:31:49,65.0,693.97
3053,卡解挂,,,2014/08/30 14:32:51,0.0,0.0
3053,POS消费,地点184,食堂,2014/08/30 17:59:24,5.1,688.87
3053,POS消费,地点192,超市,2014/08/30 20:30:13,15.1,673.77
3053,POS消费,地点25,开水,2014/08/30 21:09:30,0.05,673.72
3053,POS消费,地点45,淋浴,2014/08/30 21:25:00,0.6,673.12
3053,POS消费,地点1588,食堂,2014/08/31 08:23:03,3.6,669.52
3053,POS消费,地点219,超市,2014/08/31 11:13:12,4.0,665.52
3053,POS消费,地点232,食堂,2014/08/31 12:48:34,10.6,654.92
3053,POS消费,地点192,超市,2014/08/31 13:15:10,12.0,642.92
3053,POS消费,地点213,食堂,2014/08/31 16:52:57,0.3,642.62
3053,POS消费,地点21,开水,2014/08/31 17:42:59,6.0,636.62
3053,POS消费,地点739,淋浴,2014/08/31 21:49:58,1.3,635.32
3053,POS消费,地点192,超市,2014/08/31 22:13:39,13.5,621.82
3053,POS消费,地点25,开水,2014/08/31 22:58:11,0.07,621.75
