30618,卡片开户,,,2014/07/16 11:56:28,0.0,0.0
30618,卡充值,,,2014/08/29 08:55:53,500.0,500.0
30618,POS消费,地点21,开水,2014/08/29 12:19:40,4.6,495.4
30618,POS消费,地点1614,开水,2014/08/29 14:21:27,0.02,495.38
30618,POS消费,地点91,校车,2014/08/29 17:35:45,5.6,489.78
30618,POS消费,地点91,校车,2014/08/29 17:36:27,0.8,488.98
30618,POS消费,地点6,淋浴,2014/08/29 22:28:11,0.1,488.88
30618,POS消费,地点6,淋浴,2014/08/29 22:29:17,0.1,488.78
30618,POS消费,地点6,淋浴,2014/08/29 22:30:50,0.2,488.58
30618,POS消费,地点6,淋浴,2014/08/29 22:35:15,0.2,488.38
30618,POS消费,地点21,开水,2014/08/30 09:08:22,2.9,485.48
30618,POS消费,地点91,校车,2014/08/30 11:27:44,5.6,479.88
30618,POS消费,地点21,开水,2014/08/30 11:29:56,1.5,478.38
30618,POS消费,地点1614,开水,2014/08/30 12:14:02,0.01,478.37
30618,POS消费,地点1634,开水,2014/08/30 12:14:52,0.01,478.36
30618,POS消费,地点256,食堂,2014/08/30 17:59:52,13.0,465.36
30618,POS消费,地点217,食堂,2014/08/30 18:05:01,0.2,465.16
30618,POS消费,地点1655,淋浴,2014/08/31 08:04:52,0.3,464.86
30618,POS消费,地点89,食堂,2014/08/31 08:59:55,3.0,461.86
30618,POS消费,地点184,食堂,2014/08/31 09:08:20,2.4,459.46
30618,POS消费,地点1961,超市,2014/08/31 09:11:31,28.0,431.46
30618,POS消费,地点21,开水,2014/08/31 11:25:57,3.0,428.46
30618,POS消费,地点192,超市,2014/08/31 11:53:30,2.7,425.76
30618,POS消费,地点217,食堂,2014/08/31 18:50:43,7.0,418.76
30618,POS消费,地点217,食堂,2014/08/31 18:56:15,2.0,416.76
30618,POS消费,地点1656,淋浴,2014/08/31 20:57:24,0.4,416.36
