30647,卡片开户,,,2014/07/16 12:35:18,0.0,0.0
30647,卡充值,,,2014/08/29 11:16:41,200.0,200.0
30647,POS消费,地点21,开水,2014/08/29 11:23:04,1.5,198.5
30647,POS消费,地点21,开水,2014/08/29 11:23:28,1.2,197.3
30647,POS消费,地点195,超市,2014/08/29 11:51:50,28.0,169.3
30647,POS消费,地点806,开水,2014/08/30 14:54:32,0.05,169.25
30647,POS消费,地点806,开水,2014/08/30 14:56:51,0.07,169.18
30647,POS消费,地点14,淋浴,2014/08/30 22:56:35,1.6,167.58
30647,POS消费,地点60,食堂,2014/08/31 08:27:13,0.8,166.78
30647,POS消费,地点61,食堂,2014/08/31 08:39:29,1.4,165.38
30647,POS消费,地点188,超市,2014/08/31 11:36:26,1.5,163.88
30647,POS消费,地点21,开水,2014/08/31 17:19:21,1.5,155.78
30647,POS消费,地点61,食堂,2014/08/31 17:30:51,6.0,157.88
30647,POS消费,地点61,食堂,2014/08/31 17:30:55,0.6,157.28
30647,POS消费,地点14,淋浴,2014/08/31 22:18:00,0.1,155.68
30647,POS消费,地点11,淋浴,2014/08/31 22:19:20,0.5,155.18
30647,POS消费,地点11,淋浴,2014/08/31 22:25:28,0.2,154.98
