30653,卡片开户,,,2014/07/21 09:36:17,0.0,0.0
30653,卡充值,,,2014/08/20 11:25:07,200.0,200.0
30653,POS消费,地点184,食堂,2014/08/20 17:46:38,3.7,196.3
30653,POS消费,地点21,开水,2014/08/20 18:16:53,4.7,191.6
30653,POS消费,地点1369,淋浴,2014/08/20 21:10:44,0.6,191.0
30653,POS消费,地点72,食堂,2014/08/21 08:30:26,2.4,188.6
30653,POS消费,地点134,食堂,2014/08/21 12:22:31,9.4,179.2
30653,POS消费,地点21,开水,2014/08/21 12:35:18,14.8,164.4
30653,POS消费,地点65,食堂,2014/08/21 17:02:40,4.9,159.5
30653,POS消费,地点60,食堂,2014/08/21 17:12:06,1.0,158.5
30653,POS消费,地点21,开水,2014/08/21 17:23:18,5.3,153.2
30653,POS消费,地点361,淋浴,2014/08/21 20:03:19,0.3,152.9
30653,POS消费,地点72,食堂,2014/08/22 08:44:58,1.8,151.1
30653,POS消费,地点179,食堂,2014/08/22 11:58:57,5.3,145.8
30653,POS消费,地点192,超市,2014/08/22 18:59:03,5.4,140.4
30653,POS消费,地点1369,淋浴,2014/08/22 20:25:50,0.9,139.5
30653,POS消费,地点65,食堂,2014/08/23 08:43:50,1.4,138.1
30653,POS消费,地点69,食堂,2014/08/23 08:45:29,0.6,137.5
30653,POS消费,地点361,淋浴,2014/08/24 20:57:09,0.5,137.0
30653,POS消费,地点65,食堂,2014/08/25 08:34:14,0.8,133.2
30653,POS消费,地点89,食堂,2014/08/25 08:43:03,3.0,134.0
30653,POS消费,地点82,食堂,2014/08/25 11:48:01,4.0,129.2
30653,POS消费,地点72,食堂,2014/08/25 17:32:13,4.9,124.3
30653,POS消费,地点21,开水,2014/08/25 18:03:59,16.6,107.7
30653,POS消费,地点363,淋浴,2014/08/25 21:06:16,1.1,106.6
30653,POS消费,地点65,食堂,2014/08/26 08:58:13,0.2,104.2
30653,POS消费,地点60,食堂,2014/08/26 09:01:59,0.8,105.8
30653,POS消费,地点61,食堂,2014/08/26 09:09:45,1.4,104.4
30653,POS消费,地点21,开水,2014/08/26 12:34:38,1.5,102.7
30653,POS消费,地点230,食堂,2014/08/26 12:36:24,5.0,97.7
30653,POS消费,地点21,开水,2014/08/26 12:52:12,3.0,94.7
30653,POS消费,地点361,淋浴,2014/08/26 22:36:17,0.5,94.2
30653,POS消费,地点61,食堂,2014/08/27 08:32:41,2.0,92.2
30653,POS消费,地点21,开水,2014/08/27 20:03:50,19.0,73.2
30653,POS消费,地点335,开水,2014/08/27 20:33:29,0.01,73.19
30653,POS消费,地点335,开水,2014/08/27 20:34:31,0.01,73.18
30653,POS消费,地点451,淋浴,2014/08/27 21:19:54,0.03,73.15
30653,POS消费,地点460,淋浴,2014/08/27 22:52:17,0.8,72.35
30653,POS消费,地点335,开水,2014/08/27 23:18:19,0.02,72.33
30653,POS消费,地点335,开水,2014/08/28 08:13:41,0.02,72.31
30653,POS消费,地点69,食堂,2014/08/28 08:45:15,1.8,70.51
30653,POS消费,地点69,食堂,2014/08/28 08:45:26,2.0,68.51
30653,POS消费,地点1448,校车,2014/08/28 17:30:36,1.0,67.51
30653,POS消费,地点21,开水,2014/08/28 17:35:40,12.8,54.71
30653,POS消费,地点371,淋浴,2014/08/28 22:08:35,0.4,54.31
30653,POS消费,地点146,校车,2014/08/30 10:55:12,1.0,53.31
30653,POS消费,地点82,食堂,2014/08/30 12:33:47,7.9,45.41
30653,POS消费,地点1284,洗衣房,2014/08/30 13:26:34,3.6,41.81
30653,POS消费,地点400,洗衣房,2014/08/30 13:27:30,3.6,38.21
30653,POS消费,地点26,图书馆,2014/08/30 19:46:56,4.5,33.71
30653,POS消费,地点451,淋浴,2014/08/30 20:59:28,0.07,33.64
30653,POS消费,地点401,开水,2014/08/31 07:15:24,0.02,33.62
30653,POS消费,地点61,食堂,2014/08/31 08:12:43,2.0,31.62
30653,POS消费,地点454,淋浴,2014/08/31 21:24:00,0.1,31.02
30653,POS消费,地点454,淋浴,2014/08/31 21:24:36,0.5,31.12
