30758,卡片开户,,,2014/07/16 12:19:18,0.0,0.0
30758,卡充值,,,2014/08/29 12:07:48,300.0,300.0
30758,POS消费,地点203,食堂,2014/08/29 12:11:21,7.5,292.5
30758,POS消费,地点1567,开水,2014/08/29 17:54:15,0.14,292.36
30758,POS消费,地点168,食堂,2014/08/30 12:22:02,5.5,286.86
30758,POS消费,地点118,食堂,2014/08/30 15:32:44,2.0,284.86
30758,POS消费,地点21,开水,2014/08/30 17:12:04,4.4,280.46
30758,POS消费,地点232,食堂,2014/08/31 12:10:03,20.0,260.46
30758,POS消费,地点232,食堂,2014/08/31 12:10:54,20.0,240.46
