30928,卡片开户,,,2014/07/19 15:31:14,0.0,0.0
30928,卡充值,,,2014/08/29 12:01:32,600.0,600.0
30928,POS消费,地点161,食堂,2014/08/29 13:15:18,9.6,590.4
30928,POS消费,地点161,食堂,2014/08/29 13:15:59,8.6,581.8
30928,POS消费,地点161,食堂,2014/08/29 13:16:22,4.6,577.2
30928,POS消费,地点114,食堂,2014/08/29 13:17:27,2.0,575.2
30928,POS消费,地点188,超市,2014/08/29 14:11:28,5.1,570.1
30928,POS消费,地点195,超市,2014/08/29 16:49:22,28.0,542.1
30928,POS消费,地点1884,开水,2014/08/30 19:27:43,0.01,542.09
30928,POS消费,地点1884,开水,2014/08/30 19:36:16,0.01,542.08
30928,POS消费,地点1884,开水,2014/08/30 19:39:45,0.01,542.07
30928,POS消费,地点168,食堂,2014/08/30 20:29:16,5.5,536.57
30928,POS消费,地点188,超市,2014/08/30 20:58:09,2.8,533.77
30928,POS消费,地点1641,淋浴,2014/08/30 21:31:40,0.4,533.37
30928,POS消费,地点1867,洗衣房,2014/08/30 22:47:37,1.2,532.17
30928,POS消费,地点1867,洗衣房,2014/08/30 22:53:01,1.2,530.97
30928,POS消费,地点1867,洗衣房,2014/08/30 23:01:23,1.2,529.77
30928,POS消费,地点1867,洗衣房,2014/08/30 23:19:12,-0.72,530.49
30928,POS消费,地点114,食堂,2014/08/31 09:09:34,2.0,528.49
30928,POS消费,地点21,开水,2014/08/31 09:14:54,1.8,526.69
30928,POS消费,地点21,开水,2014/08/31 17:51:06,3.9,522.79
30928,POS消费,地点91,校车,2014/08/31 17:54:01,4.5,518.29
30928,POS消费,地点21,开水,2014/08/31 18:12:00,1.0,517.29
30928,POS消费,地点1884,开水,2014/08/31 23:47:27,0.01,517.25
30928,POS消费,地点1884,开水,2014/08/31 23:47:33,0.01,517.24
30928,POS消费,地点1884,开水,2014/08/31 23:48:55,0.01,517.28
30928,POS消费,地点1884,开水,2014/08/31 23:49:01,0.01,517.27
30928,POS消费,地点1884,开水,2014/08/31 23:49:07,0.01,517.26
