30944,卡片开户,,,2014/07/20 13:15:53,0.0,0.0
30944,卡充值,,,2014/08/30 09:17:26,200.0,200.0
30944,POS消费,地点263,食堂,2014/08/30 11:38:51,9.6,190.4
30944,POS消费,地点182,食堂,2014/08/30 17:39:28,8.6,181.8
30944,POS消费,地点6,淋浴,2014/08/31 08:09:55,3.0,178.8
30944,POS消费,地点232,食堂,2014/08/31 08:14:31,1.0,177.8
30944,POS消费,地点233,食堂,2014/08/31 11:24:21,7.6,170.2
30944,POS消费,地点190,超市,2014/08/31 12:39:48,7.1,163.1
30944,POS消费,地点283,食堂,2014/08/31 17:28:51,5.5,157.6
