30951,卡片开户,,,2014/07/30 16:32:48,0.0,0.0
30951,卡充值,,,2014/08/30 17:31:53,2000.0,2000.0
30951,POS消费,地点1961,超市,2014/08/30 20:34:56,7.3,1992.7
30951,POS消费,地点1961,超市,2014/08/30 20:37:45,23.4,1969.3
30951,POS消费,地点168,食堂,2014/08/31 12:53:07,4.5,1964.8
30951,POS消费,地点21,开水,2014/08/31 16:48:55,30.0,1934.8
30951,POS消费,地点21,开水,2014/08/31 16:49:00,27.9,1906.9
30951,POS消费,地点61,食堂,2014/08/31 17:13:29,6.4,1900.5
30951,POS消费,地点192,超市,2014/08/31 21:21:45,2.0,1898.5
