31003,卡片开户,,,2014/07/20 11:13:05,0.0,0.0
31003,卡充值,,,2014/08/27 10:24:30,500.0,500.0
31003,POS消费,地点21,开水,2014/08/27 15:33:23,94.1,405.9
31003,POS消费,地点1472,校车,2014/08/27 18:37:44,1.0,404.9
31003,POS消费,地点1472,校车,2014/08/27 18:37:50,1.0,403.9
31003,POS消费,地点1472,校车,2014/08/27 18:37:57,1.0,402.9
31003,POS消费,地点26,图书馆,2014/08/28 11:00:58,14.9,388.0
31003,POS消费,地点1451,校车,2014/08/28 12:35:21,1.0,387.0
31003,POS消费,地点1451,校车,2014/08/28 12:50:38,1.0,386.0
31003,POS消费,地点1451,校车,2014/08/28 12:50:48,1.0,385.0
31003,POS消费,地点1448,校车,2014/08/28 16:39:11,1.0,384.0
31003,POS消费,地点1442,校车,2014/08/28 19:32:26,1.0,383.0
31003,POS消费,地点1472,校车,2014/08/29 10:31:28,1.0,382.0
31003,POS消费,地点21,开水,2014/08/29 11:24:44,8.1,373.9
31003,POS消费,地点21,开水,2014/08/29 17:45:08,4.1,369.8
31003,POS消费,地点1847,食堂,2014/08/29 17:48:20,9.0,360.8
31003,POS消费,地点1847,食堂,2014/08/29 17:49:37,4.5,356.3
31003,POS消费,地点292,超市,2014/08/29 21:02:07,2.5,353.8
31003,POS消费,地点884,淋浴,2014/08/29 21:44:47,0.1,353.7
31003,POS消费,地点744,开水,2014/08/29 21:51:26,0.01,353.68
31003,POS消费,地点211,校车,2014/08/30 09:01:23,1.0,352.68
31003,POS消费,地点1447,校车,2014/08/30 15:43:47,1.0,351.68
31003,POS消费,地点219,超市,2014/08/30 19:33:42,16.0,335.68
31003,POS消费,地点190,超市,2014/08/30 20:48:58,15.5,320.18
31003,POS消费,地点11,淋浴,2014/08/30 22:42:28,0.6,319.58
31003,POS消费,地点157,食堂,2014/08/31 08:32:35,0.9,318.68
31003,POS消费,地点1596,食堂,2014/08/31 08:32:47,0.4,318.28
31003,POS消费,地点21,开水,2014/08/31 08:33:20,30.0,288.28
31003,POS消费,地点21,开水,2014/08/31 08:33:25,3.9,284.38
31003,POS消费,地点1847,食堂,2014/08/31 17:21:10,7.0,269.78
31003,POS消费,地点234,食堂,2014/08/31 17:28:21,7.6,276.78
31003,POS消费,地点21,开水,2014/08/31 21:18:39,24.0,245.78
