31098,卡片开户,,,2014/07/11 13:08:38,0.0,0.0
31098,卡充值,,,2014/08/18 09:37:13,200.0,200.0
31098,POS消费,地点140,开水,2014/08/18 11:49:01,0.01,199.99
31098,POS消费,地点140,开水,2014/08/18 11:50:36,0.01,199.98
31098,POS消费,地点188,超市,2014/08/18 12:16:52,24.7,175.28
31098,POS消费,地点188,超市,2014/08/18 12:17:07,0.3,174.98
31098,POS消费,地点234,食堂,2014/08/18 12:38:03,16.8,158.18
31098,POS消费,地点21,开水,2014/08/18 12:50:15,3.0,155.18
31098,POS消费,地点72,食堂,2014/08/18 17:51:41,4.6,150.58
31098,POS消费,地点188,超市,2014/08/18 18:07:11,3.0,147.58
31098,POS消费,地点188,超市,2014/08/18 19:41:57,26.0,121.58
31098,POS消费,地点69,食堂,2014/08/19 06:35:18,1.6,119.98
31098,POS消费,地点65,食堂,2014/08/19 06:37:11,0.8,119.18
31098,POS消费,地点89,食堂,2014/08/19 11:42:04,4.5,114.68
31098,POS消费,地点251,食堂,2014/08/19 17:52:05,1.5,113.18
31098,POS消费,地点21,开水,2014/08/19 17:55:15,0.35,112.83
31098,POS消费,地点21,开水,2014/08/19 18:01:55,4.5,108.33
31098,POS消费,地点884,淋浴,2014/08/19 22:00:02,0.5,107.83
31098,POS消费,地点21,开水,2014/08/20 18:15:40,1.8,106.03
31098,POS消费,地点65,食堂,2014/08/21 07:01:24,0.3,105.23
31098,POS消费,地点69,食堂,2014/08/21 07:06:24,2.8,102.43
31098,POS消费,地点161,食堂,2014/08/21 07:10:45,3.0,99.43
31098,POS消费,地点69,食堂,2014/08/21 11:46:06,9.6,89.83
31098,POS消费,地点60,食堂,2014/08/21 12:07:47,3.0,86.83
31098,POS消费,地点884,淋浴,2014/08/22 21:04:39,0.5,105.53
