31142,POS消费,地点26,图书馆,2014/07/01 18:28:12,0.0,0.0
31142,POS消费,地点26,图书馆,2014/07/01 18:28:12,0.1,6.75
31142,卡片开户,,,2014/07/17 16:25:23,0.0,0.0
31142,更新卡信息,,,2014/07/17 16:44:09,0.0,0.0
31142,卡充值,,,2014/08/29 10:15:02,1000.0,1000.0
31142,POS消费,地点61,食堂,2014/08/29 13:49:36,8.6,991.4
31142,POS消费,地点61,食堂,2014/08/29 13:49:54,13.6,977.8
31142,POS消费,地点61,食堂,2014/08/29 13:50:07,8.6,969.2
31142,POS消费,地点21,开水,2014/08/29 13:58:01,3.0,966.2
31142,POS消费,地点314,食堂,2014/08/29 15:02:41,2.3,963.9
31142,POS消费,地点61,食堂,2014/08/29 18:19:13,7.6,956.3
31142,POS消费,地点89,食堂,2014/08/30 07:34:19,3.0,953.3
31142,POS消费,地点1588,食堂,2014/08/30 11:56:00,4.1,949.2
31142,POS消费,地点213,食堂,2014/08/30 13:13:42,1.5,947.7
31142,POS消费,地点89,食堂,2014/08/30 18:35:51,4.5,943.2
31142,POS消费,地点1619,淋浴,2014/08/30 18:58:24,0.4,942.8
31142,POS消费,地点72,食堂,2014/08/31 07:37:18,2.8,940.0
31142,POS消费,地点161,食堂,2014/08/31 07:39:32,3.5,936.5
31142,POS消费,地点1585,淋浴,2014/08/31 08:31:19,0.01,936.49
31142,POS消费,地点1671,开水,2014/08/31 08:33:32,0.01,936.48
31142,POS消费,地点192,超市,2014/08/31 09:10:50,12.0,924.48
31142,POS消费,地点184,食堂,2014/08/31 11:23:58,4.6,919.88
31142,POS消费,地点192,超市,2014/08/31 11:35:56,0.9,918.98
31142,POS消费,地点264,食堂,2014/08/31 17:58:12,10.6,908.38
31142,POS消费,地点1955,淋浴,2014/08/31 20:20:37,0.4,907.98
