31268,卡挂失,,,2015/03/09 12:49:43,0.0,0.0
31268,卡片开户,,,2015/03/09 12:50:46,100.0,85.0
31268,更新卡信息,,,2015/03/09 12:50:54,0.0,0.0
31268,POS消费,地点118,食堂,2015/03/09 14:07:20,1.5,83.5
31268,POS消费,地点134,食堂,2015/03/09 18:24:35,4.6,78.9
31268,POS消费,地点192,超市,2015/03/09 18:27:51,23.0,55.9
31268,POS消费,地点91,校车,2015/03/10 06:48:11,1.0,54.9
31268,POS消费,地点21,开水,2015/03/10 06:48:22,0.7,54.2
31268,POS消费,地点192,超市,2015/03/10 10:49:22,10.9,43.3
31268,POS消费,地点89,食堂,2015/03/10 11:09:25,4.5,38.8
31268,POS消费,地点996,图书馆,2015/03/10 13:03:12,12.0,26.8
31268,POS消费,地点248,超市,2015/03/11 12:17:03,4.4,22.4
31268,POS消费,地点21,开水,2015/03/11 12:18:34,2.5,19.9
31268,POS消费,地点21,开水,2015/03/11 17:21:45,4.6,15.3
31268,POS消费,地点306,食堂,2015/03/12 19:05:44,6.5,8.8
31268,POS消费,地点21,开水,2015/03/13 07:13:17,2.0,6.8
31268,POS消费,地点21,开水,2015/03/13 07:13:19,2.0,4.8
31268,卡挂失,,,2015/03/16 12:44:50,0.0,0.0
31268,卡片开户,,,2015/03/16 12:46:07,100.0,85.0
31268,POS消费,地点1623,图书馆,2015/03/16 12:57:06,20.2,64.8
31268,POS消费,地点314,食堂,2015/03/16 18:17:08,2.5,56.2
31268,POS消费,地点2031,食堂,2015/03/16 18:19:54,6.1,58.7
31268,POS消费,地点248,超市,2015/03/18 06:52:26,1.0,55.19
31268,POS消费,地点21,开水,2015/03/18 06:53:17,4.0,51.19
31268,POS消费,地点792,开水,2015/03/18 07:14:57,0.01,51.18
31268,POS消费,地点100,开水,2015/03/18 07:53:20,0.01,56.19
31268,POS消费,地点673,开水,2015/03/18 08:21:58,0.01,51.17
31268,POS消费,地点21,开水,2015/03/19 07:11:59,2.5,48.67
31268,POS消费,地点91,校车,2015/03/19 07:13:48,2.0,46.67
31268,POS消费,地点248,超市,2015/03/19 07:14:27,0.5,46.17
31268,POS消费,地点794,开水,2015/03/19 08:26:21,0.01,46.16
31268,POS消费,地点794,开水,2015/03/19 09:28:12,0.01,46.15
31268,POS消费,地点821,食堂,2015/03/19 12:04:29,10.6,30.55
31268,POS消费,地点314,食堂,2015/03/19 12:06:22,2.5,43.65
31268,POS消费,地点314,食堂,2015/03/19 12:06:26,2.5,41.15
31268,卡片销户,,,2015/03/19 12:40:26,30.55,0.0
31268,卡片销户,,,2015/03/19 12:42:25,4.8,0.0
31268,卡片销户,,,2015/03/19 12:42:36,11.1,0.0
31268,卡补办,,,2015/03/19 12:43:14,61.45,49.91
31268,更新卡信息,,,2015/03/19 12:43:57,0.0,0.0
31268,POS消费,地点1985,食堂,2015/03/19 19:03:37,11.0,38.91
31268,POS消费,地点100,开水,2015/03/20 00:32:17,0.01,38.9
31268,POS消费,地点21,开水,2015/03/20 07:55:24,0.5,38.4
31268,POS消费,地点21,开水,2015/03/20 10:17:08,2.5,35.9
31268,POS消费,地点2031,食堂,2015/03/20 12:12:12,6.1,29.8
31268,POS消费,地点841,食堂,2015/03/20 12:13:47,1.8,28.0
31268,POS消费,地点841,食堂,2015/03/20 12:13:50,1.8,26.2
31268,POS消费,地点192,超市,2015/03/20 12:35:41,19.8,6.4
31268,POS消费,地点118,食堂,2015/03/22 16:09:31,5.0,1.4
31268,POS消费,地点673,开水,2015/03/23 14:09:38,0.01,1.39
31268,POS消费,地点787,开水,2015/03/23 17:09:41,0.01,1.38
31268,卡充值,,,2015/03/23 18:03:12,50.0,51.38
31268,POS消费,地点266,食堂,2015/03/23 18:13:44,6.1,45.28
31268,POS消费,地点192,超市,2015/03/23 22:25:20,27.1,18.18
31268,POS消费,地点794,开水,2015/03/24 07:27:05,0.01,18.17
31268,POS消费,地点527,食堂,2015/03/24 11:58:10,4.6,13.57
31268,POS消费,地点1686,食堂,2015/03/24 12:14:22,3.0,10.57
31268,POS消费,地点232,食堂,2015/03/24 18:03:02,8.6,1.97
31268,POS消费,地点787,开水,2015/03/25 10:14:16,0.01,1.96
31268,POS消费,地点544,淋浴,2015/03/25 23:14:26,0.8,1.16
31268,POS消费,地点21,开水,2015/03/26 06:52:58,0.7,0.46
31268,POS消费,地点794,开水,2015/03/26 07:12:42,0.01,0.45
