31269,卡片开户,,,2014/07/12 16:38:26,0.0,0.0
31269,卡充值,,,2014/08/29 10:50:21,200.0,200.0
31269,POS消费,地点89,食堂,2014/08/29 12:19:57,4.5,195.5
31269,POS消费,地点21,开水,2014/08/29 14:36:33,0.01,195.49
31269,POS消费,地点251,食堂,2014/08/29 18:07:24,0.5,194.99
31269,POS消费,地点21,开水,2014/08/29 18:10:19,3.2,191.79
31269,POS消费,地点21,开水,2014/08/29 21:26:19,23.8,167.99
31269,POS消费,地点21,开水,2014/08/29 21:26:32,100.0,67.99
31269,POS消费,地点188,超市,2014/08/30 12:18:12,0.1,67.89
31269,POS消费,地点161,食堂,2014/08/30 12:42:42,10.6,57.29
31269,POS消费,地点21,开水,2014/08/30 13:14:29,0.01,57.28
31269,POS消费,地点21,开水,2014/08/30 17:31:34,2.6,54.68
31269,POS消费,地点21,开水,2014/08/30 17:57:06,0.01,54.67
31269,POS消费,地点562,淋浴,2014/08/30 21:33:18,0.2,54.47
31269,POS消费,地点562,淋浴,2014/08/30 21:41:21,0.2,54.27
31269,POS消费,地点21,开水,2014/08/30 21:44:33,0.01,54.26
31269,POS消费,地点1700,食堂,2014/08/31 08:27:25,0.8,53.46
31269,POS消费,地点21,开水,2014/08/31 10:54:57,0.01,53.45
31269,POS消费,地点89,食堂,2014/08/31 12:04:05,4.5,48.95
31269,POS消费,地点21,开水,2014/08/31 16:49:09,0.01,48.94
31269,POS消费,地点251,食堂,2014/08/31 18:21:48,1.5,45.84
31269,POS消费,地点21,开水,2014/08/31 18:22:16,1.6,47.34
31269,POS消费,地点188,超市,2014/08/31 18:25:06,5.0,40.04
31269,POS消费,地点21,开水,2014/08/31 18:29:59,0.8,45.04
31269,POS消费,地点21,开水,2014/08/31 22:26:10,0.01,40.03
31269,POS消费,地点562,淋浴,2014/08/31 23:20:33,0.1,39.93
31269,POS消费,地点562,淋浴,2014/08/31 23:22:33,0.3,39.63
