31301,POS消费,地点134,食堂,2014/09/01 08:00:23,0.5,170.98
31301,POS消费,地点232,食堂,2014/09/01 11:35:46,7.1,163.88
31301,POS消费,地点844,食堂,2014/09/01 18:17:38,0.38,163.5
31301,POS消费,地点257,食堂,2014/09/01 18:20:42,2.5,161.0
31301,POS消费,地点292,超市,2014/09/01 20:42:22,7.5,153.5
31301,POS消费,地点21,开水,2014/09/02 07:47:40,3.83,149.67
31301,POS消费,地点1911,淋浴,2014/09/02 12:18:05,0.2,149.47
31301,POS消费,地点1911,淋浴,2014/09/02 12:18:52,0.1,149.37
31301,POS消费,地点1911,淋浴,2014/09/02 12:24:33,0.2,149.17
31301,POS消费,地点842,食堂,2014/09/02 18:05:51,5.0,144.17
31301,POS消费,地点190,超市,2014/09/02 20:35:54,14.1,130.07
31301,POS消费,地点154,食堂,2014/09/03 07:28:50,2.03,128.04
31301,POS消费,地点144,食堂,2014/09/03 11:47:26,4.6,123.44
31301,POS消费,地点525,食堂,2014/09/03 17:45:21,5.6,117.84
31301,POS消费,地点525,食堂,2014/09/03 17:45:36,4.6,113.24
31301,POS消费,地点820,食堂,2014/09/04 07:40:23,2.03,111.21
31301,POS消费,地点279,食堂,2014/09/04 11:35:31,5.6,105.61
31301,POS消费,地点842,食堂,2014/09/04 17:34:26,5.0,100.61
31301,POS消费,地点241,食堂,2014/09/05 07:14:25,3.83,96.78
31301,POS消费,地点525,食堂,2014/09/05 11:20:41,1.6,95.18
31301,POS消费,地点842,食堂,2014/09/05 17:10:38,5.0,90.18
31301,POS消费,地点525,食堂,2014/09/06 07:10:48,2.23,87.95
31301,POS消费,地点279,食堂,2014/09/06 11:31:08,4.6,83.35
31301,POS消费,地点190,超市,2014/09/06 11:52:27,3.4,79.95
31301,POS消费,地点842,食堂,2014/09/06 17:23:16,5.0,74.95
31301,POS消费,地点190,超市,2014/09/06 20:23:43,5.6,69.35
31301,POS消费,地点268,食堂,2014/09/07 07:37:43,3.83,65.52
31301,POS消费,地点21,开水,2014/09/07 11:46:33,5.0,60.52
31301,POS消费,地点1911,淋浴,2014/09/07 12:05:26,0.2,60.32
31301,POS消费,地点1911,淋浴,2014/09/07 12:09:29,0.1,60.22
31301,POS消费,地点1911,淋浴,2014/09/07 12:10:08,0.2,60.02
31301,POS消费,地点842,食堂,2014/09/07 17:54:33,5.0,55.02
31301,POS消费,地点525,食堂,2014/09/08 07:44:23,4.63,50.39
31301,POS消费,地点190,超市,2014/09/08 12:03:36,2.4,47.99
31301,POS消费,地点842,食堂,2014/09/08 17:54:33,5.0,42.99
31301,POS消费,地点214,超市,2014/09/08 20:42:58,8.9,34.09
31301,POS消费,地点525,食堂,2014/09/09 07:22:07,2.23,31.86
31301,POS消费,地点167,食堂,2014/09/09 11:36:19,3.6,28.26
31301,POS消费,地点842,食堂,2014/09/09 17:40:48,5.0,23.26
31301,POS消费,地点525,食堂,2014/09/10 07:26:51,2.23,21.03
31301,POS消费,地点91,校车,2014/09/10 11:33:55,4.6,16.43
31301,卡充值,,,2014/09/10 12:43:53,500.0,516.03
31301,POS消费,地点188,超市,2014/09/10 12:46:47,10.1,505.93
31301,POS消费,地点842,食堂,2014/09/10 17:37:09,5.0,500.93
31301,POS消费,地点525,食堂,2014/09/11 07:09:11,3.0,497.93
31301,POS消费,地点70,食堂,2014/09/11 11:23:47,3.0,494.93
31301,POS消费,地点841,食堂,2014/09/11 17:43:45,2.9,492.03
31301,POS消费,地点190,超市,2014/09/11 17:51:42,4.8,487.23
31301,POS消费,地点21,开水,2014/09/11 22:18:04,3.0,484.23
31301,POS消费,地点279,食堂,2014/09/12 07:10:18,22.0,462.23
31301,POS消费,地点279,食堂,2014/09/12 07:10:25,-22.0,484.23
31301,POS消费,地点279,食堂,2014/09/12 07:10:30,2.2,482.03
31301,POS消费,地点841,食堂,2014/09/12 11:15:05,3.0,479.03
31301,POS消费,地点214,超市,2014/09/12 11:19:43,5.5,473.53
31301,POS消费,地点21,开水,2014/09/12 19:59:07,3.0,470.13
31301,POS消费,地点279,食堂,2014/09/13 07:28:21,2.43,467.7
31301,POS消费,地点59,食堂,2014/09/13 11:30:54,3.6,464.1
31301,POS消费,地点1911,淋浴,2014/09/13 12:17:49,0.2,463.9
31301,POS消费,地点1911,淋浴,2014/09/13 12:22:04,0.1,463.8
31301,POS消费,地点1911,淋浴,2014/09/13 12:25:35,0.1,463.7
31301,POS消费,地点1545,食堂,2014/09/14 11:40:45,3.6,460.1
31301,POS消费,地点192,超市,2014/09/14 12:00:44,4.8,455.3
31301,POS消费,地点21,开水,2014/09/14 17:30:36,14.6,440.7
31301,POS消费,地点248,超市,2014/09/15 08:06:32,3.8,436.9
31301,POS消费,地点59,食堂,2014/09/15 12:03:12,3.6,433.3
31301,POS消费,地点59,食堂,2014/09/15 18:02:03,3.6,429.7
31301,POS消费,地点21,开水,2014/09/15 20:16:57,3.0,426.7
31301,POS消费,地点244,食堂,2014/09/16 08:04:26,3.6,423.1
31301,POS消费,地点190,超市,2014/09/16 16:15:36,19.6,403.5
31301,POS消费,地点1155,食堂,2014/09/16 20:58:45,7.5,396.0
31301,POS消费,地点91,校车,2014/09/17 08:07:21,2.2,393.2
31301,POS消费,地点118,食堂,2014/09/17 11:59:46,5.2,388.0
31301,POS消费,地点6,淋浴,2014/09/18 10:57:21,2.1,382.3
31301,POS消费,地点118,食堂,2014/09/18 11:17:37,11.0,371.3
31301,POS消费,地点244,食堂,2014/09/19 06:46:53,3.2,367.6
31301,POS消费,地点1545,食堂,2014/09/19 11:19:56,3.66,363.94
31301,POS消费,地点1545,食堂,2014/09/19 11:20:05,-3.66,367.6
31301,POS消费,地点1545,食堂,2014/09/19 11:20:10,3.6,364.0
31301,POS消费,地点59,食堂,2014/09/19 18:00:29,3.6,360.4
31301,POS消费,地点21,开水,2014/09/19 18:12:24,3.0,357.4
31301,POS消费,地点214,超市,2014/09/20 09:45:53,3.5,343.5
31301,POS消费,地点190,超市,2014/09/20 09:47:31,10.4,347.0
31301,POS消费,地点59,食堂,2014/09/20 11:17:06,3.6,339.9
31301,POS消费,地点242,食堂,2014/09/20 17:12:47,3.6,336.3
31301,POS消费,地点59,食堂,2014/09/21 11:02:14,3.4,332.1
31301,POS消费,地点59,食堂,2014/09/21 16:56:44,3.6,328.5
31301,POS消费,地点279,食堂,2014/09/22 06:52:33,3.2,325.3
31301,POS消费,地点59,食堂,2014/09/22 12:01:13,3.6,321.7
31301,POS消费,地点59,食堂,2014/09/22 17:58:56,3.6,318.1
31301,POS消费,地点525,食堂,2014/09/23 06:52:58,3.2,314.1
31301,POS消费,地点1545,食堂,2014/09/23 11:55:14,3.6,310.5
31301,POS消费,地点1913,淋浴,2014/09/23 21:57:51,0.2,310.3
31301,POS消费,地点1913,淋浴,2014/09/23 22:00:10,0.1,310.2
31301,POS消费,地点1913,淋浴,2014/09/23 22:07:03,0.3,309.9
31301,POS消费,地点525,食堂,2014/09/24 06:51:01,2.4,307.5
31301,POS消费,地点242,食堂,2014/09/24 12:15:07,3.6,303.9
31301,POS消费,地点21,开水,2014/09/24 12:25:51,27.5,276.4
31301,POS消费,地点59,食堂,2014/09/24 17:57:10,3.6,272.8
31301,POS消费,地点21,开水,2014/09/24 21:05:14,3.0,269.8
31301,POS消费,地点190,超市,2014/09/24 21:15:25,5.5,264.3
31301,POS消费,地点279,食堂,2014/09/25 06:51:22,3.2,261.1
31301,POS消费,地点59,食堂,2014/09/25 11:42:13,3.6,257.5
31301,POS消费,地点214,超市,2014/09/25 18:46:04,8.0,248.9
31301,POS消费,地点2031,食堂,2014/09/26 08:32:17,2.4,246.5
31301,POS消费,地点59,食堂,2014/09/26 11:11:24,3.6,242.9
31301,POS消费,地点1913,淋浴,2014/09/26 22:26:20,0.2,242.7
31301,POS消费,地点1913,淋浴,2014/09/26 22:32:41,0.1,242.6
31301,POS消费,地点1913,淋浴,2014/09/26 22:35:44,0.2,242.4
31301,POS消费,地点1913,淋浴,2014/09/26 22:36:52,0.2,242.2
31301,POS消费,地点1545,食堂,2014/09/27 11:33:00,3.6,238.6
31301,POS消费,地点188,超市,2014/09/27 21:10:10,9.0,229.6
31301,POS消费,地点1913,淋浴,2014/09/27 21:26:53,0.2,229.4
31301,POS消费,地点1913,淋浴,2014/09/27 21:31:06,0.1,229.1
31301,POS消费,地点1913,淋浴,2014/09/27 21:31:37,0.2,229.2
31301,POS消费,地点241,食堂,2014/09/28 08:03:09,2.4,226.7
31301,POS消费,地点242,食堂,2014/09/28 12:18:27,3.6,223.1
31301,POS消费,地点59,食堂,2014/09/28 17:52:50,3.6,219.5
31301,POS消费,地点279,食堂,2014/09/29 08:03:57,2.4,216.6
31301,POS消费,地点242,食堂,2014/09/29 12:11:15,3.6,213.0
31301,POS消费,地点59,食堂,2014/09/29 17:52:02,3.4,209.6
31301,POS消费,地点26,图书馆,2014/09/29 21:23:36,1.9,207.7
31301,POS消费,地点167,食堂,2014/09/30 08:01:52,2.4,204.9
31301,POS消费,地点26,图书馆,2014/09/30 16:42:10,13.5,191.4
31301,POS消费,地点242,食堂,2014/09/30 17:33:05,3.6,187.8
31301,POS消费,地点1911,淋浴,2014/10/01 18:39:41,0.3,187.5
31301,POS消费,地点1911,淋浴,2014/10/01 18:40:40,0.4,187.1
31301,POS消费,地点203,食堂,2014/10/02 11:27:08,5.5,181.6
31301,POS消费,地点188,超市,2014/10/02 11:55:38,10.2,171.4
31301,POS消费,地点21,开水,2014/10/02 17:44:29,1.15,170.25
31301,POS消费,地点21,开水,2014/10/02 17:45:40,1.2,169.05
31301,POS消费,地点21,开水,2014/10/02 17:56:59,1.8,167.25
31301,POS消费,地点118,食堂,2014/10/03 15:07:08,7.8,159.45
31301,POS消费,地点118,食堂,2014/10/03 15:07:14,8.5,150.95
31301,POS消费,地点226,食堂,2014/10/04 11:31:54,1.0,147.25
31301,POS消费,地点1847,食堂,2014/10/04 11:48:14,1.8,145.45
31301,POS消费,地点21,开水,2014/10/04 11:57:38,22.5,122.95
31301,POS消费,地点1701,食堂,2014/10/04 12:04:42,2.1,148.25
31301,POS消费,地点190,超市,2014/10/04 17:52:46,16.0,106.95
31301,POS消费,地点190,超市,2014/10/05 21:12:08,14.1,92.35
31301,POS消费,地点190,超市,2014/10/06 16:53:12,13.6,78.75
31301,POS消费,地点118,食堂,2014/10/06 17:43:08,5.5,73.25
31301,POS消费,地点190,超市,2014/10/07 16:58:34,4.8,67.85
31301,POS消费,地点292,超市,2014/10/07 21:09:37,4.1,63.75
31301,POS消费,地点1911,淋浴,2014/10/07 21:16:31,0.3,63.45
31301,POS消费,地点1911,淋浴,2014/10/07 21:20:12,0.4,63.05
31301,POS消费,地点244,食堂,2014/10/08 06:51:10,3.2,59.85
31301,POS消费,地点242,食堂,2014/10/08 12:11:11,3.6,56.25
31301,POS消费,地点59,食堂,2014/10/08 17:53:36,3.6,52.65
31301,POS消费,地点1954,淋浴,2014/10/08 21:20:53,0.1,52.55
31301,POS消费,地点167,食堂,2014/10/09 06:46:48,2.9,49.65
31301,POS消费,地点1155,食堂,2014/10/09 15:32:23,1.8,47.85
31301,POS消费,地点190,超市,2014/10/09 16:20:09,3.6,44.25
31301,POS消费,地点192,超市,2014/10/09 22:19:35,15.8,28.45
31301,POS消费,地点1899,淋浴,2014/10/09 22:34:46,0.1,28.35
31301,POS消费,地点1899,淋浴,2014/10/09 22:36:14,0.8,27.55
31301,POS消费,地点279,食堂,2014/10/10 06:53:54,2.2,25.35
31301,POS消费,地点59,食堂,2014/10/10 11:40:21,3.6,21.75
31301,POS消费,地点59,食堂,2014/10/10 17:57:03,3.6,18.15
31301,POS消费,地点21,开水,2014/10/10 20:07:47,3.0,15.15
31301,POS消费,地点241,食堂,2014/10/11 08:03:25,2.2,12.15
31301,POS消费,地点21,开水,2014/10/11 17:58:58,9.0,3.15
31301,卡充值,,,2014/10/12 10:08:41,500.0,503.15
31301,POS消费,地点188,超市,2014/10/12 11:42:41,10.6,492.55
31301,POS消费,地点242,食堂,2014/10/12 17:31:13,3.6,488.95
31301,POS消费,地点241,食堂,2014/10/13 08:04:48,1.8,487.15
31301,POS消费,地点242,食堂,2014/10/13 11:16:31,3.6,483.55
31301,POS消费,地点118,食堂,2014/10/13 17:53:07,7.3,476.25
31301,POS消费,地点213,食堂,2014/10/13 18:00:16,1.2,475.05
31301,POS消费,地点118,食堂,2014/10/13 20:16:31,3.0,472.05
31301,POS消费,地点188,超市,2014/10/13 20:24:04,2.4,469.65
31301,POS消费,地点190,超市,2014/10/13 20:33:05,12.2,457.45
31301,POS消费,地点91,校车,2014/10/14 08:02:11,2.4,454.35
31301,POS消费,地点1456,校车,2014/10/14 09:38:06,2.0,452.35
31301,POS消费,地点1456,校车,2014/10/14 11:58:38,2.0,450.35
31301,POS消费,地点190,超市,2014/10/14 14:01:04,2.4,447.95
31301,POS消费,地点242,食堂,2014/10/14 17:33:49,3.6,444.35
31301,POS消费,地点243,食堂,2014/10/14 17:35:31,3.0,441.35
31301,POS消费,地点241,食堂,2014/10/15 08:05:46,2.4,438.95
31301,POS消费,地点242,食堂,2014/10/15 12:10:53,3.6,435.35
31301,POS消费,地点190,超市,2014/10/15 18:32:06,6.2,429.15
31301,POS消费,地点279,食堂,2014/10/16 06:55:46,3.2,425.15
31301,POS消费,地点118,食堂,2014/10/16 12:18:54,4.0,421.15
31301,POS消费,地点21,开水,2014/10/16 15:57:03,1.8,419.35
31301,POS消费,地点242,食堂,2014/10/16 17:33:39,3.6,415.75
31301,POS消费,地点190,超市,2014/10/16 21:28:23,11.3,404.45
31301,POS消费,地点1913,淋浴,2014/10/16 21:36:17,0.1,404.35
31301,POS消费,地点1913,淋浴,2014/10/16 21:36:38,0.3,404.05
31301,POS消费,地点1913,淋浴,2014/10/16 21:40:46,0.5,403.55
31301,POS消费,地点525,食堂,2014/10/17 06:56:17,3.2,400.35
31301,POS消费,地点59,食堂,2014/10/17 11:21:11,3.6,396.75
31301,POS消费,地点59,食堂,2014/10/17 17:55:56,3.6,393.15
31301,POS消费,地点59,食堂,2014/10/18 11:22:30,3.6,388.75
31301,POS消费,地点21,开水,2014/10/18 17:45:42,1.8,386.95
31301,POS消费,地点242,食堂,2014/10/18 18:00:11,1.5,385.45
31301,POS消费,地点1911,淋浴,2014/10/18 19:22:53,0.2,385.25
31301,POS消费,地点1913,淋浴,2014/10/18 19:25:03,0.3,384.95
31301,POS消费,地点1913,淋浴,2014/10/18 19:36:22,0.5,384.45
31301,POS消费,地点190,超市,2014/10/19 14:37:50,14.7,369.75
31301,POS消费,地点1885,洗衣房,2014/10/19 21:52:04,3.6,366.15
31301,POS消费,地点244,食堂,2014/10/20 06:49:04,2.4,363.05
31301,POS消费,地点242,食堂,2014/10/20 12:13:09,3.6,359.45
31301,POS消费,地点1911,淋浴,2014/10/20 22:11:37,0.5,358.75
31301,POS消费,地点1911,淋浴,2014/10/20 22:22:02,0.2,359.25
31301,POS消费,地点279,食堂,2014/10/21 06:54:19,3.0,355.75
31301,POS消费,地点242,食堂,2014/10/21 12:08:55,3.6,352.15
31301,POS消费,地点59,食堂,2014/10/21 17:41:53,2.1,350.05
31301,POS消费,地点1899,淋浴,2014/10/21 22:03:04,0.2,349.85
31301,POS消费,地点1899,淋浴,2014/10/21 22:04:07,0.4,349.45
31301,POS消费,地点525,食堂,2014/10/22 08:04:53,2.4,347.05
31301,POS消费,地点59,食堂,2014/10/22 12:01:34,3.6,343.45
31301,POS消费,地点242,食堂,2014/10/22 18:06:38,3.6,339.85
31301,POS消费,地点525,食堂,2014/10/23 06:54:45,3.2,336.65
31301,POS消费,地点242,食堂,2014/10/23 11:50:23,3.6,333.05
31301,POS消费,地点59,食堂,2014/10/23 17:35:03,3.6,329.45
31301,POS消费,地点1911,淋浴,2014/10/23 21:35:17,0.3,329.15
31301,POS消费,地点1911,淋浴,2014/10/23 21:36:25,0.4,328.75
31301,POS消费,地点190,超市,2014/10/24 12:31:16,1.0,327.75
31301,POS消费,地点214,超市,2014/10/24 16:19:23,10.5,317.25
31301,POS消费,地点1865,洗衣房,2014/10/24 16:23:28,3.6,313.65
31301,POS消费,地点242,食堂,2014/10/24 17:30:41,3.6,310.05
31301,POS消费,地点1865,洗衣房,2014/10/24 17:52:49,-3.12,309.57
31301,POS消费,地点1865,洗衣房,2014/10/24 17:52:49,3.6,306.45
31301,POS消费,地点242,食堂,2014/10/25 17:17:52,3.6,305.97
31301,POS消费,地点21,开水,2014/10/25 17:20:30,8.9,297.07
31301,POS消费,地点1911,淋浴,2014/10/26 09:00:29,0.4,296.67
31301,POS消费,地点1911,淋浴,2014/10/26 09:05:43,0.7,295.97
31301,POS消费,地点59,食堂,2014/10/26 11:39:14,3.6,292.37
31301,POS消费,地点242,食堂,2014/10/26 17:43:31,3.6,288.77
31301,POS消费,地点244,食堂,2014/10/27 06:50:47,2.4,286.37
31301,POS消费,地点242,食堂,2014/10/27 12:16:43,3.6,282.77
31301,POS消费,地点242,食堂,2014/10/27 18:06:02,3.6,279.17
31301,POS消费,地点1948,淋浴,2014/10/27 22:20:58,0.2,278.97
31301,POS消费,地点1948,淋浴,2014/10/27 22:24:01,0.4,278.57
31301,POS消费,地点279,食堂,2014/10/28 06:49:15,3.2,275.37
31301,POS消费,地点242,食堂,2014/10/28 11:57:08,3.6,271.77
31301,POS消费,地点1948,淋浴,2014/10/28 22:30:57,0.4,271.37
31301,POS消费,地点1948,淋浴,2014/10/28 22:32:07,0.5,270.87
31301,POS消费,地点279,食堂,2014/10/29 06:52:47,3.0,267.87
31301,POS消费,地点242,食堂,2014/10/29 12:11:05,3.6,264.27
31301,POS消费,地点245,食堂,2014/10/29 17:50:46,2.1,262.17
31301,POS消费,地点190,超市,2014/10/29 21:09:02,11.3,250.87
31301,POS消费,地点242,食堂,2014/10/30 11:50:04,3.6,247.27
31301,POS消费,地点242,食堂,2014/10/30 18:07:47,3.6,243.67
31301,POS消费,地点218,食堂,2014/10/30 18:15:14,1.8,241.87
31301,POS消费,地点1899,淋浴,2014/10/30 22:42:33,0.4,241.47
31301,POS消费,地点1899,淋浴,2014/10/30 22:46:49,0.5,240.97
31301,POS消费,地点190,超市,2014/10/31 15:18:23,5.9,235.07
31301,POS消费,地点242,食堂,2014/10/31 18:11:02,2.1,232.97
31301,POS消费,地点59,食堂,2014/11/01 11:38:03,3.6,229.37
31301,POS消费,地点1948,淋浴,2014/11/01 12:32:43,0.4,228.97
31301,POS消费,地点1948,淋浴,2014/11/01 12:37:48,0.5,228.47
31301,POS消费,地点146,校车,2014/11/01 18:22:01,1.0,227.47
31301,POS消费,地点59,食堂,2014/11/02 11:17:08,3.6,223.87
31301,POS消费,地点1885,洗衣房,2014/11/02 12:27:46,3.6,220.27
31301,POS消费,地点1885,洗衣房,2014/11/02 12:34:48,-3.18,223.45
31301,POS消费,地点59,食堂,2014/11/02 16:48:27,3.6,219.85
31301,POS消费,地点218,食堂,2014/11/02 17:13:44,1.8,218.05
31301,POS消费,地点1899,淋浴,2014/11/02 22:27:49,0.3,217.75
31301,POS消费,地点1899,淋浴,2014/11/02 22:31:51,0.5,217.25
31301,POS消费,地点244,食堂,2014/11/03 06:52:01,3.2,214.05
31301,POS消费,地点242,食堂,2014/11/03 12:11:41,3.6,210.45
31301,POS消费,地点242,食堂,2014/11/03 18:10:52,3.6,206.85
31301,POS消费,地点2031,食堂,2014/11/04 07:42:13,3.2,203.65
31301,POS消费,地点190,超市,2014/11/04 11:56:57,21.2,182.45
31301,POS消费,地点242,食堂,2014/11/04 17:04:47,2.1,180.35
31301,POS消费,地点2116,淋浴,2014/11/04 17:15:22,0.2,16.23
31301,POS消费,地点2116,淋浴,2014/11/04 17:15:29,0.1,16.13
31301,POS消费,地点2116,淋浴,2014/11/04 17:15:58,0.1,16.03
31301,POS消费,地点2116,淋浴,2014/11/04 17:32:14,0.2,473.33
31301,POS消费,地点2116,淋浴,2014/11/04 17:32:22,0.1,473.23
31301,POS消费,地点2116,淋浴,2014/11/04 17:32:43,0.1,473.13
31301,POS消费,地点2116,淋浴,2014/11/04 17:52:15,0.2,395.8
31301,POS消费,地点2116,淋浴,2014/11/04 17:52:15,0.1,395.7
31301,POS消费,地点2116,淋浴,2014/11/04 17:52:32,0.3,395.4
31301,POS消费,地点2116,淋浴,2014/11/04 17:57:45,0.2,371.1
31301,POS消费,地点2116,淋浴,2014/11/04 17:57:58,0.1,370.8
31301,POS消费,地点2116,淋浴,2014/11/04 17:57:58,0.1,371.0
31301,POS消费,地点2116,淋浴,2014/11/04 17:57:58,0.1,370.9
31301,POS消费,地点2116,淋浴,2014/11/04 18:17:11,0.3,336.0
31301,POS消费,地点2116,淋浴,2014/11/04 18:17:12,0.2,335.8
31301,POS消费,地点2116,淋浴,2014/11/04 18:17:38,0.3,335.5
31301,POS消费,地点2116,淋浴,2014/11/04 18:23:45,0.2,317.9
31301,POS消费,地点2116,淋浴,2014/11/04 18:23:58,0.1,317.8
31301,POS消费,地点2116,淋浴,2014/11/04 18:24:04,0.5,317.3
31301,POS消费,地点2116,淋浴,2014/11/04 18:49:18,0.3,257.2
31301,POS消费,地点2116,淋浴,2014/11/04 18:49:25,0.1,257.1
31301,POS消费,地点2116,淋浴,2014/11/04 18:49:51,0.2,256.9
31301,POS消费,地点2116,淋浴,2014/11/04 19:08:45,0.3,219.0
31301,POS消费,地点2116,淋浴,2014/11/04 19:08:45,0.2,219.3
31301,POS消费,地点2116,淋浴,2014/11/04 19:17:07,0.2,207.5
31301,POS消费,地点2116,淋浴,2014/11/04 19:17:23,0.2,207.3
31301,POS消费,地点2116,淋浴,2014/11/04 19:41:00,0.4,150.55
31301,POS消费,地点2116,淋浴,2014/11/04 19:41:01,0.2,150.35
31301,POS消费,地点2116,淋浴,2014/11/04 19:49:38,0.3,106.65
31301,POS消费,地点2116,淋浴,2014/11/04 19:49:44,0.2,106.45
31301,POS消费,地点2116,淋浴,2014/11/04 19:54:44,0.3,72.95
31301,POS消费,地点2116,淋浴,2014/11/04 19:54:56,0.2,72.75
31301,POS消费,地点2116,淋浴,2014/11/04 19:55:09,0.1,72.65
31301,POS消费,地点2116,淋浴,2014/11/04 20:23:25,0.2,14.95
31301,POS消费,地点2116,淋浴,2014/11/04 20:23:25,0.6,14.35
31301,POS消费,地点2116,淋浴,2014/11/04 20:44:59,0.4,456.75
31301,POS消费,地点2116,淋浴,2014/11/04 20:44:59,0.3,457.15
31301,POS消费,地点2116,淋浴,2014/11/04 20:57:28,0.3,428.85
31301,POS消费,地点2116,淋浴,2014/11/04 20:57:35,0.5,428.35
31301,POS消费,地点2116,淋浴,2014/11/04 21:14:51,0.2,392.95
31301,POS消费,地点2116,淋浴,2014/11/04 21:14:51,0.6,392.35
31301,POS消费,地点2116,淋浴,2014/11/04 21:37:07,0.2,365.75
31301,POS消费,地点2116,淋浴,2014/11/04 21:37:07,0.2,365.95
31301,POS消费,地点2116,淋浴,2014/11/04 21:37:24,0.3,365.45
31301,POS消费,地点525,食堂,2014/11/05 07:01:18,2.4,176.85
31301,POS消费,地点242,食堂,2014/11/05 12:10:36,3.6,173.25
31301,POS消费,地点242,食堂,2014/11/05 18:03:54,3.6,169.65
31301,POS消费,地点279,食堂,2014/11/06 06:51:26,3.2,166.45
31301,POS消费,地点242,食堂,2014/11/06 11:52:51,3.6,162.85
31301,POS消费,地点292,超市,2014/11/06 16:07:29,5.0,157.85
31301,POS消费,地点59,食堂,2014/11/06 17:34:36,3.6,154.25
31301,POS消费,地点244,食堂,2014/11/07 06:49:59,3.2,151.05
31301,POS消费,地点1899,淋浴,2014/11/07 10:34:58,0.3,150.75
31301,POS消费,地点1899,淋浴,2014/11/07 10:39:11,0.3,150.45
31301,POS消费,地点118,食堂,2014/11/07 14:38:41,6.5,143.95
31301,POS消费,地点242,食堂,2014/11/07 18:10:02,2.1,141.85
31301,POS消费,地点292,超市,2014/11/07 21:50:08,11.9,129.95
31301,POS消费,地点2043,食堂,2014/11/08 09:26:14,1.6,128.35
31301,POS消费,地点242,食堂,2014/11/08 11:44:58,3.6,124.75
31301,POS消费,地点242,食堂,2014/11/08 17:26:44,3.6,121.15
31301,POS消费,地点59,食堂,2014/11/09 11:16:04,3.6,117.55
31301,POS消费,地点1899,淋浴,2014/11/09 13:10:56,0.3,117.25
31301,POS消费,地点1155,食堂,2014/11/09 16:35:24,6.0,110.85
31301,POS消费,地点59,食堂,2014/11/09 16:59:48,3.6,107.25
31301,POS消费,地点525,食堂,2014/11/10 06:51:11,1.4,105.85
31301,POS消费,地点525,食堂,2014/11/10 06:51:20,0.8,105.05
31301,POS消费,地点242,食堂,2014/11/10 12:12:32,3.6,101.45
31301,POS消费,地点242,食堂,2014/11/10 18:06:58,3.6,97.85
31301,POS消费,地点241,食堂,2014/11/11 06:55:08,2.4,94.55
31301,POS消费,地点118,食堂,2014/11/11 11:45:20,3.5,91.05
31301,POS消费,地点1899,淋浴,2014/11/11 12:24:20,0.4,116.85
31301,POS消费,地点1913,淋浴,2014/11/11 13:44:58,0.3,97.55
31301,POS消费,地点1913,淋浴,2014/11/11 13:45:02,0.6,96.95
31301,POS消费,地点242,食堂,2014/11/11 18:07:11,3.6,87.45
31301,POS消费,地点192,超市,2014/11/11 20:55:57,10.4,77.05
31301,POS消费,地点2031,食堂,2014/11/12 08:49:19,2.4,74.65
31301,POS消费,地点118,食堂,2014/11/12 11:54:04,9.5,65.15
31301,POS消费,地点59,食堂,2014/11/12 17:53:23,3.6,61.55
31301,POS消费,地点1948,淋浴,2014/11/12 22:16:00,0.7,60.85
31301,POS消费,地点167,食堂,2014/11/13 08:05:54,2.4,58.45
31301,POS消费,地点242,食堂,2014/11/13 11:52:10,3.6,54.85
31301,POS消费,地点59,食堂,2014/11/13 17:13:34,3.6,51.25
31301,POS消费,地点279,食堂,2014/11/14 06:58:38,2.4,48.85
31301,POS消费,地点59,食堂,2014/11/14 11:29:20,3.6,45.25
31301,POS消费,地点59,食堂,2014/11/14 17:55:05,3.6,41.65
31301,POS消费,地点190,超市,2014/11/14 18:39:18,30.0,11.65
31301,POS消费,地点190,超市,2014/11/14 18:39:23,8.0,3.65
31301,POS消费,地点1899,淋浴,2014/11/14 19:13:04,0.3,3.35
31301,POS消费,地点1899,淋浴,2014/11/14 19:17:49,0.8,2.55
31301,卡充值,,,2014/11/15 11:32:38,100.0,102.55
31301,POS消费,地点242,食堂,2014/11/15 11:40:52,3.6,98.95
31301,POS消费,地点59,食堂,2014/11/15 17:33:05,3.6,95.35
31301,POS消费,地点118,食堂,2014/11/16 08:54:34,3.0,92.35
31301,POS消费,地点242,食堂,2014/11/16 11:45:53,3.6,88.75
31301,POS消费,地点167,食堂,2014/11/17 08:05:43,2.2,86.55
31301,POS消费,地点1899,淋浴,2014/11/17 13:08:27,0.3,86.25
31301,POS消费,地点1899,淋浴,2014/11/17 13:12:24,0.4,85.85
31301,POS消费,地点242,食堂,2014/11/17 18:02:35,3.6,82.25
31301,POS消费,地点525,食堂,2014/11/18 07:00:05,3.2,79.05
31301,POS消费,地点254,食堂,2014/11/18 10:26:05,7.0,72.05
31301,POS消费,地点242,食堂,2014/11/18 18:10:02,3.6,68.45
31301,POS消费,地点190,超市,2014/11/18 21:05:07,3.8,64.65
31301,POS消费,地点279,食堂,2014/11/19 08:04:06,3.0,61.65
31301,POS消费,地点292,超市,2014/11/19 11:58:36,7.4,54.25
31301,POS消费,地点59,食堂,2014/11/19 17:54:28,3.6,50.65
31301,POS消费,地点244,食堂,2014/11/20 08:04:03,3.0,47.65
31301,POS消费,地点118,食堂,2014/11/20 11:35:04,4.0,43.65
31301,POS消费,地点1885,洗衣房,2014/11/20 11:55:32,3.6,40.05
31301,POS消费,地点1885,洗衣房,2014/11/20 14:41:56,-2.76,38.51
31301,POS消费,地点1885,洗衣房,2014/11/20 14:41:56,3.6,36.45
31301,POS消费,地点1899,淋浴,2014/11/20 14:44:00,0.3,36.15
31301,POS消费,地点1899,淋浴,2014/11/20 14:48:42,0.4,35.75
31301,POS消费,地点190,超市,2014/11/20 15:48:24,7.5,31.01
31301,POS消费,地点59,食堂,2014/11/20 17:33:41,3.6,27.41
31301,POS消费,地点118,食堂,2014/11/21 10:03:23,7.0,20.41
31301,POS消费,地点218,食堂,2014/11/21 11:30:27,1.8,18.61
31301,POS消费,地点288,校车,2014/11/22 08:17:21,4.0,14.61
31301,POS消费,地点91,校车,2014/11/22 10:28:42,7.0,7.61
31301,POS消费,地点1394,校车,2014/11/22 11:07:05,2.0,5.61
31301,POS消费,地点1899,淋浴,2014/11/22 17:47:05,0.2,5.41
31301,POS消费,地点1899,淋浴,2014/11/22 17:50:36,0.3,5.11
31301,卡充值,,,2014/11/23 10:35:50,100.0,105.11
31301,POS消费,地点188,超市,2014/11/23 10:42:06,17.0,88.11
31301,POS消费,地点59,食堂,2014/11/23 17:27:57,3.6,84.51
31301,POS消费,地点190,超市,2014/11/23 20:56:00,5.9,78.61
31301,POS消费,地点1948,淋浴,2014/11/23 21:13:56,0.4,78.21
31301,POS消费,地点1948,淋浴,2014/11/23 21:18:45,0.3,77.91
31301,POS消费,地点279,食堂,2014/11/24 06:56:56,2.4,75.51
31301,POS消费,地点118,食堂,2014/11/24 21:11:42,1.6,73.91
31301,POS消费,地点2116,淋浴,2014/11/24 22:38:20,0.3,73.61
31301,POS消费,地点2116,淋浴,2014/11/24 22:53:03,0.5,73.11
31301,POS消费,地点190,超市,2014/11/25 11:15:07,12.2,60.91
31301,POS消费,地点21,开水,2014/11/25 16:16:22,13.2,47.71
31301,POS消费,地点21,开水,2014/11/25 16:16:48,1.8,45.91
31301,POS消费,地点279,食堂,2014/11/26 06:59:00,3.2,42.71
31301,POS消费,地点59,食堂,2014/11/26 11:59:55,3.6,39.11
31301,POS消费,地点59,食堂,2014/11/26 17:42:15,3.6,35.51
31301,POS消费,地点167,食堂,2014/11/27 08:08:23,3.2,32.31
31301,POS消费,地点118,食堂,2014/11/27 12:57:55,3.0,29.31
31301,POS消费,地点2116,淋浴,2014/11/27 16:25:36,0.3,29.01
31301,POS消费,地点2116,淋浴,2014/11/27 16:33:00,0.6,28.41
31301,POS消费,地点59,食堂,2014/11/27 17:27:38,3.0,23.61
31301,POS消费,地点21,开水,2014/11/27 17:35:11,1.8,26.61
31301,POS消费,地点279,食堂,2014/11/28 07:00:53,2.4,21.21
31301,POS消费,地点190,超市,2014/11/28 12:43:40,7.8,13.41
31301,POS消费,地点59,食堂,2014/11/28 17:58:59,3.0,8.61
31301,POS消费,地点21,开水,2014/11/28 18:06:00,1.8,11.61
31301,POS消费,地点21,开水,2014/11/28 21:33:57,6.14,2.47
31301,POS消费,地点2031,食堂,2014/11/29 09:14:39,1.4,1.07
31301,卡充值,,,2014/11/29 15:44:07,100.0,101.07
31301,POS消费,地点188,超市,2014/11/29 16:03:25,11.5,89.57
31301,POS消费,地点59,食堂,2014/11/30 10:51:57,3.6,85.97
31301,POS消费,地点1913,淋浴,2014/11/30 14:55:47,0.4,85.57
31301,POS消费,地点1913,淋浴,2014/11/30 14:55:58,0.6,84.97
31301,POS消费,地点190,超市,2014/11/30 15:12:28,5.2,79.77
31301,POS消费,地点244,食堂,2014/12/01 06:52:51,3.2,76.57
31301,POS消费,地点21,开水,2014/12/01 12:00:58,1.8,74.77
31301,POS消费,地点214,超市,2014/12/01 12:07:01,5.0,69.77
31301,POS消费,地点306,食堂,2014/12/01 17:49:26,6.5,63.27
31301,POS消费,地点21,开水,2014/12/01 21:56:19,4.0,59.27
31301,POS消费,地点1899,淋浴,2014/12/01 22:25:06,0.3,58.97
31301,POS消费,地点1899,淋浴,2014/12/01 22:26:48,0.5,58.47
31301,POS消费,地点244,食堂,2014/12/02 08:06:48,3.1,55.37
31301,POS消费,地点118,食堂,2014/12/02 12:13:09,2.8,52.57
31301,POS消费,地点203,食堂,2014/12/02 16:13:06,5.5,47.07
31301,POS消费,地点268,食堂,2014/12/03 08:01:47,2.6,44.47
31301,POS消费,地点1155,食堂,2014/12/03 11:53:35,2.5,41.97
31301,POS消费,地点21,开水,2014/12/03 12:07:40,2.6,39.37
31301,POS消费,地点816,校车,2014/12/03 16:22:29,1.0,38.37
31301,POS消费,地点203,食堂,2014/12/03 16:39:55,6.5,31.87
31301,POS消费,地点2116,淋浴,2014/12/03 22:09:46,0.6,31.27
31301,POS消费,地点2116,淋浴,2014/12/03 22:22:06,0.5,30.77
31301,POS消费,地点188,超市,2014/12/03 22:33:37,2.5,28.27
31301,POS消费,地点241,食堂,2014/12/04 08:06:19,3.1,25.17
31301,POS消费,地点21,开水,2014/12/04 11:32:06,2.53,22.64
31301,POS消费,地点190,超市,2014/12/04 15:52:34,5.7,16.94
31301,POS消费,地点21,开水,2014/12/04 18:14:15,1.8,15.14
31301,POS消费,地点26,图书馆,2014/12/05 12:01:11,8.3,6.84
31301,POS消费,地点21,开水,2014/12/05 18:01:58,2.53,4.31
31301,POS消费,地点1885,洗衣房,2014/12/05 18:23:24,-3.54,4.25
31301,POS消费,地点1885,洗衣房,2014/12/05 18:23:24,3.6,0.71
31301,POS消费,地点2116,淋浴,2014/12/05 21:05:15,0.6,3.65
31301,POS消费,地点2116,淋浴,2014/12/05 21:13:07,0.7,2.95
31301,卡充值,,,2014/12/06 11:20:04,100.0,102.95
31301,POS消费,地点306,食堂,2014/12/06 11:24:25,5.5,97.45
31301,POS消费,地点26,图书馆,2014/12/06 11:41:44,6.3,91.15
31301,POS消费,地点59,食堂,2014/12/06 17:16:00,3.0,86.35
31301,POS消费,地点21,开水,2014/12/06 17:23:22,1.8,89.35
31301,POS消费,地点1899,淋浴,2014/12/07 08:36:58,0.3,86.05
31301,POS消费,地点1899,淋浴,2014/12/07 08:41:39,0.4,85.65
31301,POS消费,地点1155,食堂,2014/12/07 09:34:52,1.8,83.85
31301,POS消费,地点21,开水,2014/12/07 11:39:10,2.5,81.35
31301,POS消费,地点83,食堂,2014/12/07 12:26:22,2.6,78.75
31301,POS消费,地点21,开水,2014/12/07 14:22:01,2.4,76.35
31301,POS消费,地点306,食堂,2014/12/07 16:54:50,6.5,69.85
31301,POS消费,地点21,开水,2014/12/07 21:30:59,5.14,64.71
31301,POS消费,地点2031,食堂,2014/12/08 08:53:35,3.2,61.51
31301,POS消费,地点190,超市,2014/12/08 12:47:13,3.7,57.81
31301,POS消费,地点21,开水,2014/12/08 17:55:27,2.5,55.31
31301,POS消费,地点190,超市,2014/12/08 19:08:36,2.4,52.91
31301,POS消费,地点1155,食堂,2014/12/08 20:59:14,1.0,51.91
31301,POS消费,地点279,食堂,2014/12/09 06:58:03,3.4,48.51
31301,POS消费,地点21,开水,2014/12/09 13:21:33,5.9,42.61
31301,POS消费,地点243,食堂,2014/12/09 17:19:59,2.53,40.08
31301,POS消费,地点2031,食堂,2014/12/10 08:53:07,3.2,36.18
31301,POS消费,地点1155,食堂,2014/12/10 12:02:48,1.0,35.18
31301,POS消费,地点188,超市,2014/12/10 12:08:16,5.2,29.98
31301,POS消费,地点1911,淋浴,2014/12/10 17:10:25,0.7,179.25
31301,POS消费,地点1911,淋浴,2014/12/10 17:10:43,0.4,179.95
31301,POS消费,地点306,食堂,2014/12/10 17:52:45,6.5,23.48
31301,POS消费,地点218,食堂,2014/12/10 18:16:59,2.5,20.98
31301,POS消费,地点1911,淋浴,2014/12/10 18:26:06,0.3,39.78
31301,POS消费,地点1911,淋浴,2014/12/10 18:26:35,0.4,39.38
31301,POS消费,地点21,开水,2014/12/10 20:55:23,15.9,5.08
31301,POS消费,地点2031,食堂,2014/12/11 08:55:58,3.4,1.68
31301,卡充值,,,2014/12/11 15:38:49,100.0,101.68
31301,POS消费,地点26,图书馆,2014/12/11 15:42:42,6.3,95.38
31301,POS消费,地点1155,食堂,2014/12/11 15:46:37,1.0,94.38
31301,POS消费,地点190,超市,2014/12/11 21:20:14,4.4,89.98
31301,POS消费,地点1472,校车,2014/12/12 10:53:14,1.0,88.28
31301,POS消费,地点26,图书馆,2014/12/12 12:14:56,6.3,81.98
31301,POS消费,地点1913,淋浴,2014/12/13 00:37:21,0.4,89.28
31301,POS消费,地点1913,淋浴,2014/12/13 00:37:43,0.3,89.68
31301,POS消费,地点2116,淋浴,2014/12/13 08:29:08,0.3,81.68
31301,POS消费,地点2116,淋浴,2014/12/13 08:30:28,0.4,81.28
31301,POS消费,地点214,超市,2014/12/13 08:51:37,5.2,76.08
31301,POS消费,地点21,开水,2014/12/13 11:33:54,5.0,71.08
31301,POS消费,地点213,食堂,2014/12/13 13:04:57,27.0,44.08
31301,POS消费,地点188,超市,2014/12/13 15:00:53,2.8,41.28
31301,POS消费,地点190,超市,2014/12/13 19:57:13,7.1,34.18
31301,POS消费,地点21,开水,2014/12/14 12:01:14,1.8,32.38
31301,POS消费,地点190,超市,2014/12/14 12:14:04,3.7,28.68
31301,POS消费,地点306,食堂,2014/12/14 18:22:59,6.5,22.18
31301,POS消费,地点83,食堂,2014/12/14 18:33:25,4.8,17.38
31301,POS消费,地点241,食堂,2014/12/15 07:04:31,3.2,14.18
31301,POS消费,地点21,开水,2014/12/15 12:01:35,1.8,12.38
31301,POS消费,地点59,食堂,2014/12/15 17:51:37,3.6,8.78
31301,POS消费,地点1913,淋浴,2014/12/16 00:12:25,0.4,7.98
31301,POS消费,地点1913,淋浴,2014/12/16 00:12:52,0.3,8.48
31301,POS消费,地点1913,淋浴,2014/12/16 00:12:58,0.1,8.38
31301,POS消费,地点167,食堂,2014/12/16 08:06:01,2.6,5.38
31301,POS消费,地点689,开水,2014/12/16 10:03:04,0.01,5.37
31301,POS消费,地点59,食堂,2014/12/16 11:51:56,2.1,3.27
31301,卡充值,,,2014/12/16 16:16:16,100.0,103.27
31301,POS消费,地点190,超市,2014/12/16 18:01:14,2.2,101.07
31301,POS消费,地点674,开水,2014/12/16 19:11:20,0.01,101.06
31301,POS消费,地点2031,食堂,2014/12/17 08:55:30,3.4,97.66
31301,POS消费,地点21,开水,2014/12/17 17:35:06,1.8,95.86
31301,POS消费,地点190,超市,2014/12/17 17:42:12,5.0,90.86
31301,POS消费,地点214,超市,2014/12/17 18:44:30,3.5,87.36
31301,POS消费,地点167,食堂,2014/12/18 08:06:56,3.4,83.96
31301,POS消费,地点21,开水,2014/12/18 10:54:41,4.23,79.73
31301,POS消费,地点2116,淋浴,2014/12/18 12:47:17,0.1,79.63
31301,POS消费,地点2116,淋浴,2014/12/18 12:47:18,0.5,78.83
31301,POS消费,地点2116,淋浴,2014/12/18 12:47:18,0.3,79.33
31301,POS消费,地点306,食堂,2014/12/18 18:10:20,6.5,72.33
31301,POS消费,地点83,食堂,2014/12/18 18:23:11,2.1,70.23
31301,POS消费,地点190,超市,2014/12/18 20:03:07,7.8,62.43
31301,POS消费,地点214,超市,2014/12/19 15:17:38,5.5,56.93
31301,POS消费,地点21,开水,2014/12/19 18:02:16,2.5,54.43
31301,POS消费,地点244,食堂,2014/12/20 08:11:36,2.6,51.83
31301,POS消费,地点21,开水,2014/12/20 11:33:04,2.5,49.33
31301,POS消费,地点2116,淋浴,2014/12/20 21:07:22,0.3,49.03
31301,POS消费,地点2116,淋浴,2014/12/20 21:09:01,0.5,48.53
31301,POS消费,地点2116,淋浴,2014/12/20 21:14:04,0.3,48.23
31301,POS消费,地点829,图书馆,2014/12/21 09:41:58,10.0,38.23
31301,POS消费,地点190,超市,2014/12/21 12:00:28,2.4,35.83
31301,POS消费,地点88,食堂,2014/12/21 17:20:22,0.45,28.88
31301,POS消费,地点306,食堂,2014/12/21 17:22:22,6.5,29.33
31301,POS消费,地点83,食堂,2014/12/21 17:37:23,4.0,24.88
31301,POS消费,地点2031,食堂,2014/12/22 08:34:23,3.4,21.48
31301,POS消费,地点190,超市,2014/12/22 12:05:02,2.4,19.08
31301,POS消费,地点306,食堂,2014/12/22 18:10:25,6.5,12.58
31301,POS消费,地点2107,食堂,2014/12/22 18:56:44,0.45,12.13
31301,POS消费,地点2116,淋浴,2014/12/23 08:37:47,0.3,11.83
31301,POS消费,地点2116,淋浴,2014/12/23 08:41:53,0.2,11.63
31301,POS消费,地点190,超市,2014/12/23 12:02:41,4.2,7.43
31301,POS消费,地点203,食堂,2014/12/23 17:33:56,5.5,1.93
31301,POS消费,地点2107,食堂,2014/12/23 18:31:48,0.45,1.48
31301,POS消费,地点21,开水,2014/12/24 11:58:17,2.5,98.98
31301,卡充值,,,2014/12/24 12:05:46,100.0,101.48
31301,POS消费,地点283,食堂,2014/12/24 16:56:53,1.0,91.48
31301,POS消费,地点306,食堂,2014/12/24 16:59:17,6.5,92.48
31301,POS消费,地点21,开水,2014/12/24 18:14:15,1.8,89.68
31301,POS消费,地点190,超市,2014/12/24 21:26:03,4.0,85.68
31301,POS消费,地点2116,淋浴,2014/12/25 07:44:44,0.4,85.28
31301,POS消费,地点2116,淋浴,2014/12/25 07:50:07,0.2,85.08
31301,POS消费,地点244,食堂,2014/12/25 08:10:52,2.8,82.28
31301,POS消费,地点306,食堂,2014/12/25 17:33:52,6.5,75.78
31301,POS消费,地点2107,食堂,2014/12/25 18:27:48,0.35,75.43
31301,POS消费,地点268,食堂,2014/12/26 07:46:46,2.4,73.03
31301,POS消费,地点88,食堂,2014/12/26 18:03:31,0.45,66.08
31301,POS消费,地点306,食堂,2014/12/26 18:03:46,6.5,66.53
31301,POS消费,地点26,图书馆,2014/12/26 18:27:08,4.5,61.58
31301,POS消费,地点1899,淋浴,2014/12/26 19:27:48,0.1,61.48
31301,POS消费,地点1899,淋浴,2014/12/26 19:33:35,0.5,60.98
31301,POS消费,地点1899,淋浴,2014/12/26 19:34:55,0.2,60.78
31301,POS消费,地点21,开水,2014/12/27 12:21:00,1.8,58.98
31301,POS消费,地点214,超市,2014/12/27 12:25:15,3.5,55.48
31301,POS消费,地点190,超市,2014/12/27 21:06:01,6.5,48.98
31301,POS消费,地点190,超市,2014/12/28 11:55:31,2.4,46.58
31301,POS消费,地点88,食堂,2014/12/28 17:31:23,0.45,39.63
31301,POS消费,地点306,食堂,2014/12/28 17:31:28,6.5,40.08
31301,POS消费,地点83,食堂,2014/12/28 17:45:57,3.6,36.03
31301,POS消费,地点167,食堂,2014/12/29 08:08:31,3.4,32.63
31301,POS消费,地点21,开水,2014/12/29 18:05:27,1.8,30.83
31301,POS消费,地点2116,淋浴,2014/12/30 07:53:02,0.4,30.43
31301,POS消费,地点2116,淋浴,2014/12/30 07:57:33,0.4,30.03
31301,POS消费,地点167,食堂,2014/12/30 08:22:08,2.4,27.63
31301,POS消费,地点306,食堂,2014/12/30 11:56:08,6.5,21.13
31301,POS消费,地点306,食堂,2014/12/30 11:56:28,-6.5,27.63
31301,POS消费,地点306,食堂,2014/12/30 11:56:33,6.5,21.13
31301,POS消费,地点188,超市,2014/12/30 12:13:06,2.4,18.73
31301,POS消费,地点21,开水,2014/12/30 16:14:45,5.93,12.8
31301,POS消费,地点1155,食堂,2014/12/30 18:51:28,3.0,9.8
31301,POS消费,地点1155,食堂,2014/12/30 21:05:11,6.5,3.3
31301,POS消费,地点1899,淋浴,2015/01/01 10:38:02,0.4,2.9
31301,POS消费,地点1899,淋浴,2015/01/01 10:42:58,0.3,2.6
31301,卡充值,,,2015/01/01 13:31:07,100.0,102.6
31301,POS消费,地点306,食堂,2015/01/01 15:32:07,6.5,96.1
31301,POS消费,地点21,开水,2015/01/01 15:41:42,3.9,92.2
31301,POS消费,地点88,食堂,2015/01/02 17:37:21,0.35,85.35
31301,POS消费,地点306,食堂,2015/01/02 17:37:27,6.5,85.7
31301,POS消费,地点26,图书馆,2015/01/02 18:05:19,4.5,80.85
31301,POS消费,地点88,食堂,2015/01/03 10:51:53,0.45,73.9
31301,POS消费,地点306,食堂,2015/01/03 10:54:01,6.5,74.35
31301,POS消费,地点21,开水,2015/01/03 12:07:33,5.0,68.9
31301,POS消费,地点214,超市,2015/01/03 17:26:39,3.5,65.4
31301,POS消费,地点167,食堂,2015/01/04 08:15:13,2.6,62.8
31301,POS消费,地点21,开水,2015/01/04 11:43:23,2.5,60.3
31301,POS消费,地点1155,食堂,2015/01/04 13:47:42,1.6,58.7
31301,POS消费,地点306,食堂,2015/01/04 18:06:00,6.5,52.2
31301,POS消费,地点218,食堂,2015/01/04 18:28:44,1.8,50.05
31301,POS消费,地点2107,食堂,2015/01/04 19:03:06,0.35,51.85
31301,POS消费,地点214,超市,2015/01/04 20:11:55,3.0,47.05
31301,POS消费,地点244,食堂,2015/01/05 08:17:07,2.2,44.85
31301,POS消费,地点306,食堂,2015/01/05 11:38:12,6.5,38.35
31301,POS消费,地点307,食堂,2015/01/05 11:52:13,0.45,37.9
31301,POS消费,地点190,超市,2015/01/05 18:53:14,6.2,31.7
31301,POS消费,地点190,超市,2015/01/05 21:26:18,11.9,19.8
31301,POS消费,地点1899,淋浴,2015/01/06 10:01:28,0.4,19.4
31301,POS消费,地点1899,淋浴,2015/01/06 10:06:44,0.3,19.1
31301,POS消费,地点306,食堂,2015/01/06 11:45:08,6.5,12.6
31301,POS消费,地点83,食堂,2015/01/06 11:58:44,2.4,8.05
31301,POS消费,地点218,食堂,2015/01/06 12:04:05,1.8,10.45
31301,POS消费,地点2107,食堂,2015/01/06 12:37:53,0.35,12.25
31301,POS消费,地点677,开水,2015/01/06 14:17:01,0.01,8.04
31301,POS消费,地点192,超市,2015/01/06 17:50:27,4.9,3.14
31301,POS消费,地点21,开水,2015/01/07 09:31:12,3.0,100.14
31301,卡充值,,,2015/01/07 09:40:00,100.0,103.14
31301,POS消费,地点192,超市,2015/01/07 10:57:20,2.5,97.64
31301,POS消费,地点21,开水,2015/01/07 16:38:03,1.8,95.84
31301,POS消费,地点190,超市,2015/01/07 17:29:51,6.2,89.64
31301,POS消费,地点306,食堂,2015/01/08 12:06:50,6.5,83.14
31301,POS消费,地点192,超市,2015/01/08 12:36:41,3.0,79.69
31301,POS消费,地点2107,食堂,2015/01/08 13:07:45,0.45,82.69
31301,POS消费,地点190,超市,2015/01/08 20:54:09,7.5,72.19
31301,POS消费,地点2116,淋浴,2015/01/09 08:55:46,0.6,71.59
31301,POS消费,地点2116,淋浴,2015/01/09 08:57:26,0.5,71.09
31301,POS消费,地点21,开水,2015/01/09 10:21:30,5.3,65.79
31301,POS消费,地点88,食堂,2015/01/09 16:44:43,0.45,58.84
31301,POS消费,地点306,食堂,2015/01/09 16:47:02,6.5,59.29
31301,POS消费,地点214,超市,2015/01/10 09:53:05,3.0,55.84
31301,POS消费,地点21,开水,2015/01/10 10:54:21,1.8,54.04
31301,POS消费,地点190,超市,2015/01/10 15:12:57,3.2,50.84
31301,POS消费,地点2116,淋浴,2015/01/11 09:02:21,0.5,50.34
31301,POS消费,地点2116,淋浴,2015/01/11 09:03:50,0.3,50.04
31301,POS消费,地点190,超市,2015/01/11 09:36:35,2.5,47.54
31301,POS消费,地点59,食堂,2015/01/11 11:40:00,3.6,43.94
31301,POS消费,地点2209,开水,2015/01/11 12:25:13,0.01,43.93
31301,POS消费,地点2209,开水,2015/01/11 12:25:17,0.01,43.92
31301,POS消费,地点167,食堂,2015/01/12 08:21:27,2.4,41.52
31301,POS消费,地点192,超市,2015/01/12 14:11:50,2.3,39.22
31301,POS消费,地点171,食堂,2015/01/12 18:49:17,6.5,32.72
31301,POS消费,地点21,开水,2015/01/12 19:02:44,2.8,29.92
31301,POS消费,地点2209,开水,2015/01/12 20:35:39,0.01,29.91
31301,POS消费,地点2116,淋浴,2015/01/13 09:27:20,0.4,29.51
31301,POS消费,地点2116,淋浴,2015/01/13 09:28:53,0.4,29.11
31301,POS消费,地点21,开水,2015/01/13 12:05:24,2.5,26.61
31301,POS消费,地点190,超市,2015/01/13 15:10:56,10.2,16.41
31301,POS消费,地点88,食堂,2015/01/13 16:46:04,0.45,9.46
31301,POS消费,地点306,食堂,2015/01/13 16:50:03,6.5,9.91
31301,POS消费,地点2209,开水,2015/01/13 19:52:18,0.01,9.45
31301,POS消费,地点1899,淋浴,2015/01/15 09:36:16,0.1,9.05
31301,POS消费,地点1899,淋浴,2015/01/15 09:37:15,0.1,8.95
31301,POS消费,地点306,食堂,2015/01/15 11:31:06,6.5,2.45
31301,POS消费,地点88,食堂,2015/01/15 11:34:08,0.45,2.0
31301,POS消费,地点2209,开水,2015/03/01 10:01:24,0.01,1.99
31301,卡充值,,,2015/03/01 11:17:45,100.0,101.99
31301,POS消费,地点192,超市,2015/03/01 11:20:29,17.5,84.49
31301,POS消费,地点1899,淋浴,2015/03/01 12:40:57,0.1,84.39
31301,POS消费,地点2116,淋浴,2015/03/01 12:41:22,0.3,84.09
31301,POS消费,地点2116,淋浴,2015/03/01 12:45:49,0.3,83.79
31301,POS消费,地点192,超市,2015/03/01 15:48:20,1.6,82.19
31301,POS消费,地点306,食堂,2015/03/01 18:09:55,6.5,75.69
31301,POS消费,地点2031,食堂,2015/03/02 08:11:27,2.6,73.09
31301,POS消费,地点836,开水,2015/03/02 08:48:38,0.02,73.07
31301,POS消费,地点21,开水,2015/03/02 16:16:00,1.8,71.27
31301,POS消费,地点2209,开水,2015/03/02 16:26:17,0.01,71.26
31301,POS消费,地点59,食堂,2015/03/02 17:23:24,3.6,67.66
31301,POS消费,地点190,超市,2015/03/02 20:47:31,8.5,59.16
31301,换卡,,,2015/03/03 12:38:23,0.0,0.0
31301,POS消费,地点59,食堂,2015/03/03 17:57:09,3.0,56.16
31301,POS消费,地点21,开水,2015/03/03 18:23:38,6.0,49.81
31301,POS消费,地点2209,开水,2015/03/03 18:55:12,0.01,49.8
31301,POS消费,地点2209,开水,2015/03/03 18:55:27,0.01,49.79
31301,POS消费,地点2119,食堂,2015/03/03 18:57:58,0.35,55.81
31301,POS消费,地点21,开水,2015/03/04 10:13:12,1.8,47.99
31301,POS消费,地点192,超市,2015/03/04 11:52:14,2.5,45.49
31301,POS消费,地点59,食堂,2015/03/04 17:03:40,3.0,42.49
31301,POS消费,地点2209,开水,2015/03/04 17:31:27,0.01,41.13
31301,POS消费,地点2116,淋浴,2015/03/04 17:59:04,0.3,40.83
31301,POS消费,地点2116,淋浴,2015/03/04 18:03:23,0.2,40.63
31301,POS消费,地点2119,食堂,2015/03/04 18:04:11,1.35,41.14
31301,POS消费,地点279,食堂,2015/03/05 07:04:44,2.6,38.03
31301,POS消费,地点192,超市,2015/03/05 13:12:03,3.5,34.53
31301,POS消费,地点306,食堂,2015/03/05 17:31:12,6.5,28.03
31301,POS消费,地点2107,食堂,2015/03/05 18:35:39,0.45,27.58
31301,POS消费,地点2209,开水,2015/03/05 20:00:12,0.01,27.57
31301,POS消费,地点1884,开水,2015/03/05 20:02:24,0.01,27.56
31301,POS消费,地点1884,开水,2015/03/05 20:03:53,0.01,27.55
31301,POS消费,地点2209,开水,2015/03/05 20:04:29,0.01,27.51
31301,POS消费,地点1884,开水,2015/03/05 20:07:58,0.01,27.54
31301,POS消费,地点1884,开水,2015/03/05 20:11:32,0.01,27.53
31301,POS消费,地点1884,开水,2015/03/05 20:20:08,0.01,27.52
31301,POS消费,地点676,开水,2015/03/06 08:09:26,0.01,27.5
31301,POS消费,地点21,开水,2015/03/06 12:15:03,1.8,25.7
31301,POS消费,地点190,超市,2015/03/06 12:38:46,4.0,21.7
31301,POS消费,地点1899,淋浴,2015/03/07 09:42:48,0.4,21.3
31301,POS消费,地点1899,淋浴,2015/03/07 09:49:45,0.2,21.1
31301,POS消费,地点2209,开水,2015/03/07 10:19:04,0.01,21.09
31301,POS消费,地点214,超市,2015/03/07 10:27:56,6.4,14.69
31301,POS消费,地点190,超市,2015/03/07 12:54:31,3.6,11.09
31301,POS消费,地点1448,校车,2015/03/07 15:01:47,1.0,10.09
31301,POS消费,地点21,开水,2015/03/07 15:30:31,8.8,1.29
31301,POS消费,地点2209,开水,2015/03/08 09:44:17,0.01,1.28
31301,POS消费,地点59,食堂,2015/03/08 11:35:01,2.1,99.18
31301,卡充值,,,2015/03/08 11:36:53,100.0,101.28
31301,POS消费,地点59,食堂,2015/03/08 17:46:38,1.5,97.68
31301,POS消费,地点2119,食堂,2015/03/08 18:47:50,1.35,96.33
31301,POS消费,地点2209,开水,2015/03/08 21:12:37,0.01,96.32
31301,POS消费,地点836,开水,2015/03/09 08:35:00,0.01,96.31
31301,POS消费,地点214,超市,2015/03/09 12:08:40,5.0,91.31
31301,POS消费,地点1911,淋浴,2015/03/09 17:16:42,0.1,91.21
31301,POS消费,地点1911,淋浴,2015/03/09 17:19:07,0.2,91.01
31301,POS消费,地点1911,淋浴,2015/03/09 17:21:18,0.2,90.81
31301,POS消费,地点59,食堂,2015/03/09 17:42:04,3.0,87.81
31301,POS消费,地点2119,食堂,2015/03/09 18:44:21,0.7,87.11
31301,POS消费,地点525,食堂,2015/03/10 08:00:30,2.2,84.91
31301,POS消费,地点59,食堂,2015/03/10 17:56:59,3.6,81.31
31301,POS消费,地点2209,开水,2015/03/10 18:39:38,0.01,81.3
31301,POS消费,地点306,食堂,2015/03/11 11:41:00,6.5,74.8
31301,POS消费,地点2116,淋浴,2015/03/11 12:19:23,0.3,74.5
31301,POS消费,地点2116,淋浴,2015/03/11 12:26:22,0.3,74.2
31301,POS消费,地点59,食堂,2015/03/11 17:54:09,1.5,72.7
31301,POS消费,地点2209,开水,2015/03/11 18:23:42,0.01,71.99
31301,POS消费,地点2119,食堂,2015/03/11 18:56:19,0.7,72.0
31301,POS消费,地点21,开水,2015/03/12 12:02:26,1.8,70.19
31301,POS消费,地点2209,开水,2015/03/12 12:35:56,0.01,70.18
31301,POS消费,地点59,食堂,2015/03/12 17:46:18,2.1,68.08
31301,POS消费,地点243,食堂,2015/03/12 18:03:04,1.8,66.28
31301,POS消费,地点190,超市,2015/03/12 21:24:40,2.5,63.78
31301,POS消费,地点279,食堂,2015/03/13 08:05:39,2.2,61.58
31301,POS消费,地点2116,淋浴,2015/03/13 12:29:56,0.3,61.28
31301,POS消费,地点2116,淋浴,2015/03/13 12:34:14,0.3,60.98
31301,POS消费,地点2209,开水,2015/03/13 13:59:27,0.01,60.97
31301,POS消费,地点306,食堂,2015/03/14 11:01:31,6.5,54.47
31301,POS消费,地点2119,食堂,2015/03/14 12:10:38,0.73,53.74
31301,POS消费,地点190,超市,2015/03/14 17:08:38,0.5,53.24
31301,POS消费,地点2116,淋浴,2015/03/15 09:27:14,0.3,52.94
31301,POS消费,地点2116,淋浴,2015/03/15 09:31:16,0.3,52.64
31301,POS消费,地点2209,开水,2015/03/15 09:49:26,0.01,52.63
31301,POS消费,地点59,食堂,2015/03/15 11:13:29,3.0,49.63
31301,POS消费,地点2119,食堂,2015/03/15 12:15:40,0.35,49.28
31301,POS消费,地点525,食堂,2015/03/16 08:02:53,2.0,47.28
31301,POS消费,地点59,食堂,2015/03/16 17:17:47,3.0,44.28
31301,POS消费,地点2119,食堂,2015/03/16 18:21:00,1.35,42.93
31301,POS消费,地点525,食堂,2015/03/17 08:02:26,1.6,41.33
31301,POS消费,地点2119,食堂,2015/03/17 18:59:36,0.7,40.63
31301,POS消费,地点214,超市,2015/03/17 21:03:31,5.0,35.63
31301,POS消费,地点192,超市,2015/03/18 10:22:40,2.4,33.23
31301,POS消费,地点2116,淋浴,2015/03/18 18:15:42,0.3,32.23
31301,POS消费,地点2116,淋浴,2015/03/18 18:18:59,0.2,32.03
31301,POS消费,地点2119,食堂,2015/03/18 18:49:49,0.7,32.53
31301,POS消费,地点2209,开水,2015/03/18 21:26:38,0.01,32.02
31301,POS消费,地点2209,开水,2015/03/19 17:59:03,0.01,31.31
31301,POS消费,地点2119,食堂,2015/03/19 18:33:41,0.7,31.32
31301,POS消费,地点190,超市,2015/03/19 21:21:21,5.5,25.81
31301,POS消费,地点59,食堂,2015/03/20 12:08:49,3.6,22.21
31301,POS消费,地点1911,淋浴,2015/03/20 12:47:01,0.1,22.11
31301,POS消费,地点1911,淋浴,2015/03/20 12:48:08,0.2,21.91
31301,POS消费,地点1911,淋浴,2015/03/20 12:51:49,0.2,21.71
31301,POS消费,地点2209,开水,2015/03/20 16:41:36,0.01,21.7
31301,POS消费,地点242,食堂,2015/03/20 17:56:36,1.5,20.2
31301,POS消费,地点2119,食堂,2015/03/20 18:50:44,0.7,19.5
31301,POS消费,地点59,食堂,2015/03/21 11:42:49,1.5,18.0
31301,POS消费,地点2119,食堂,2015/03/21 12:46:12,1.35,16.65
31301,POS消费,地点2116,淋浴,2015/03/22 08:09:16,0.3,16.35
31301,POS消费,地点2116,淋浴,2015/03/22 08:13:43,0.3,16.05
31301,POS消费,地点2031,食堂,2015/03/22 08:45:05,1.6,14.45
31301,POS消费,地点306,食堂,2015/03/22 11:41:42,6.5,7.95
31301,POS消费,地点88,食堂,2015/03/22 11:47:34,0.45,7.5
31301,POS消费,地点2209,开水,2015/03/22 12:11:34,0.01,7.49
31301,POS消费,地点83,食堂,2015/03/22 18:08:48,3.0,3.79
31301,POS消费,地点2119,食堂,2015/03/22 18:56:03,0.7,6.79
31301,卡充值,,,2015/03/23 12:08:42,100.0,103.79
31301,POS消费,地点59,食堂,2015/03/23 17:39:17,3.6,100.19
31301,POS消费,地点268,食堂,2015/03/24 06:47:57,1.4,98.79
31301,POS消费,地点684,开水,2015/03/24 08:13:40,0.01,98.78
31301,POS消费,地点59,食堂,2015/03/24 17:58:58,3.6,95.18
31301,POS消费,地点2209,开水,2015/03/24 21:22:03,0.01,95.17
31301,POS消费,地点244,食堂,2015/03/25 06:51:17,1.4,93.77
31301,POS消费,地点683,开水,2015/03/25 10:13:01,0.01,93.76
31301,POS消费,地点2116,淋浴,2015/03/25 12:04:47,0.3,93.46
31301,POS消费,地点2116,淋浴,2015/03/25 12:09:02,0.2,93.26
31301,POS消费,地点306,食堂,2015/03/25 18:16:16,6.5,86.76
31301,POS消费,地点2209,开水,2015/03/25 21:30:17,0.01,86.75
31301,POS消费,地点2119,食堂,2015/03/26 13:15:13,0.7,86.05
31301,POS消费,地点1155,食堂,2015/03/26 17:52:14,2.8,83.25
31301,POS消费,地点304,超市,2015/03/26 20:39:54,2.5,80.75
31301,POS消费,地点244,食堂,2015/03/27 07:02:58,1.6,79.15
31301,POS消费,地点684,开水,2015/03/27 08:15:29,0.01,79.14
31301,POS消费,地点2119,食堂,2015/03/27 13:11:06,0.7,78.44
31301,POS消费,地点192,超市,2015/03/27 13:46:57,1.6,76.84
31301,POS消费,地点190,超市,2015/03/27 18:34:39,2.3,74.54
31301,POS消费,地点2116,淋浴,2015/03/28 08:06:34,0.3,74.24
31301,POS消费,地点2116,淋浴,2015/03/28 08:11:34,0.2,74.04
31301,POS消费,地点167,食堂,2015/03/28 08:44:50,1.4,72.64
31301,POS消费,地点59,食堂,2015/03/28 12:03:39,3.6,69.04
31301,POS消费,地点2209,开水,2015/03/28 14:42:55,0.01,69.03
31301,POS消费,地点167,食堂,2015/03/29 08:31:13,1.8,67.23
31301,POS消费,地点26,图书馆,2015/03/29 12:12:30,1.0,66.23
31301,POS消费,地点2119,食堂,2015/03/29 17:56:15,0.7,65.53
31301,POS消费,地点214,超市,2015/03/29 21:28:05,2.0,63.53
31301,POS消费,地点2209,开水,2015/03/29 21:32:01,0.01,63.52
31301,POS消费,地点268,食堂,2015/03/30 07:58:56,1.4,62.12
31301,POS消费,地点835,开水,2015/03/30 09:23:50,0.01,62.11
31301,POS消费,地点59,食堂,2015/03/30 17:29:21,2.1,60.01
31301,POS消费,地点2119,食堂,2015/03/30 17:42:19,0.7,59.31
31301,POS消费,地点1954,淋浴,2015/03/30 18:25:05,0.2,59.11
31301,POS消费,地点1954,淋浴,2015/03/30 18:28:26,0.2,58.91
31301,POS消费,地点268,食堂,2015/03/31 07:58:10,1.4,57.51
31301,POS消费,地点306,食堂,2015/03/31 18:02:05,6.55,50.96
31301,POS消费,地点307,食堂,2015/03/31 18:16:13,0.35,50.61
31301,POS消费,地点268,食堂,2015/04/01 06:51:37,1.4,49.21
31301,POS消费,地点2209,开水,2015/04/01 13:55:42,0.01,49.2
31301,POS消费,地点59,食堂,2015/04/01 17:41:33,3.6,45.6
31301,POS消费,地点83,食堂,2015/04/02 18:51:12,2.1,43.5
31301,POS消费,地点2116,淋浴,2015/04/02 20:51:14,0.2,43.3
31301,POS消费,地点2116,淋浴,2015/04/02 20:56:40,0.2,43.1
31301,POS消费,地点2043,食堂,2015/04/03 08:02:50,1.4,41.7
31301,POS消费,地点1911,淋浴,2015/04/03 12:54:13,0.2,41.5
31301,POS消费,地点1911,淋浴,2015/04/03 12:57:47,0.2,41.3
31301,POS消费,地点2209,开水,2015/04/03 13:47:50,0.01,41.29
31301,POS消费,地点21,开水,2015/04/03 18:08:25,1.8,39.49
31301,POS消费,地点21,开水,2015/04/03 20:46:08,3.0,36.49
31301,POS消费,地点2031,食堂,2015/04/04 08:03:55,1.6,34.89
31301,POS消费,地点996,图书馆,2015/04/04 09:37:40,3.5,31.39
31301,POS消费,地点59,食堂,2015/04/04 11:34:09,1.5,29.89
31301,POS消费,地点2119,食堂,2015/04/04 11:34:32,0.7,29.19
31301,POS消费,地点21,开水,2015/04/04 14:08:10,4.9,24.29
31301,POS消费,地点190,超市,2015/04/04 14:28:56,17.8,6.49
31301,POS消费,地点1948,淋浴,2015/04/06 09:34:10,0.2,6.29
31301,POS消费,地点1948,淋浴,2015/04/06 09:38:26,0.3,5.99
31301,POS消费,地点2209,开水,2015/04/06 10:07:38,0.01,5.98
31301,POS消费,地点791,开水,2015/04/06 11:27:15,0.01,5.97
31301,POS消费,地点1155,食堂,2015/04/06 20:31:53,2.6,3.37
31301,POS消费,地点820,食堂,2015/04/07 08:10:38,1.4,1.97
31301,POS消费,地点2119,食堂,2015/04/07 12:15:40,0.73,1.24
31301,POS消费,地点2209,开水,2015/04/07 12:31:23,0.01,1.23
31301,卡充值,,,2015/04/07 18:07:58,100.0,101.23
31301,POS消费,地点2119,食堂,2015/04/07 18:14:19,0.7,100.53
31301,POS消费,地点2209,开水,2015/04/07 21:32:05,0.01,100.52
31301,POS消费,地点2209,开水,2015/04/07 21:32:59,0.01,100.51
31301,POS消费,地点167,食堂,2015/04/08 07:00:55,1.4,99.11
31301,POS消费,地点678,开水,2015/04/08 08:11:01,0.01,99.1
31301,POS消费,地点59,食堂,2015/04/08 11:38:12,3.6,95.5
31301,POS消费,地点2209,开水,2015/04/08 12:10:59,0.01,95.49
31301,POS消费,地点306,食堂,2015/04/08 18:00:52,6.5,88.99
31301,POS消费,地点83,食堂,2015/04/08 18:22:21,2.8,86.19
31301,POS消费,地点2172,文印中心,2015/04/09 17:21:38,0.75,85.44
31301,POS消费,地点791,开水,2015/04/09 19:43:59,0.01,85.43
31301,POS消费,地点2209,开水,2015/04/09 21:22:13,0.01,85.42
31301,POS消费,地点268,食堂,2015/04/10 06:53:54,1.4,84.02
31301,POS消费,地点59,食堂,2015/04/10 12:17:24,1.5,82.52
31301,POS消费,地点262,食堂,2015/04/10 12:18:44,0.7,81.82
31301,POS消费,地点190,超市,2015/04/10 15:36:02,3.7,78.12
31301,POS消费,地点21,开水,2015/04/10 18:16:00,1.8,76.32
31301,POS消费,地点2116,淋浴,2015/04/10 18:27:14,0.1,76.22
31301,POS消费,地点2116,淋浴,2015/04/10 18:28:00,0.1,76.12
31301,POS消费,地点1911,淋浴,2015/04/10 18:28:13,0.3,75.82
31301,POS消费,地点1911,淋浴,2015/04/10 18:31:23,0.2,75.62
31301,POS消费,地点2209,开水,2015/04/11 08:56:47,0.01,75.61
31301,POS消费,地点2031,食堂,2015/04/11 09:23:55,1.6,74.01
31301,POS消费,地点790,开水,2015/04/11 16:52:44,0.01,74.0
31301,POS消费,地点203,食堂,2015/04/11 18:20:09,5.5,68.5
31301,POS消费,地点2031,食堂,2015/04/12 09:28:38,1.6,66.9
31301,POS消费,地点2031,食堂,2015/04/12 09:29:00,1.7,65.2
31301,POS消费,地点565,开水,2015/04/12 10:48:01,0.01,65.19
31301,POS消费,地点2172,文印中心,2015/04/12 12:46:05,0.15,65.04
31301,POS消费,地点565,开水,2015/04/12 15:53:22,0.01,65.03
31301,POS消费,地点203,食堂,2015/04/12 17:42:52,5.5,59.53
31301,POS消费,地点2209,开水,2015/04/12 21:54:34,0.01,59.52
31301,POS消费,地点241,食堂,2015/04/13 08:05:08,1.4,58.12
31301,POS消费,地点836,开水,2015/04/13 09:26:00,0.01,58.11
31301,POS消费,地点59,食堂,2015/04/13 17:15:58,3.6,54.51
31301,POS消费,地点2209,开水,2015/04/13 21:20:31,0.01,54.5
31301,POS消费,地点2209,开水,2015/04/13 21:20:47,0.01,54.49
31301,POS消费,地点241,食堂,2015/04/14 08:06:49,1.4,53.09
31301,POS消费,地点791,开水,2015/04/14 08:37:35,0.01,53.08
31301,POS消费,地点214,超市,2015/04/14 12:18:59,2.8,50.28
31301,POS消费,地点790,开水,2015/04/14 16:09:01,0.01,50.27
31301,POS消费,地点242,食堂,2015/04/14 18:02:54,2.1,48.17
31301,POS消费,地点167,食堂,2015/04/15 07:01:11,1.8,46.37
31301,POS消费,地点685,开水,2015/04/15 10:21:00,0.01,46.36
31301,POS消费,地点2209,开水,2015/04/15 12:26:54,0.01,46.35
31301,POS消费,地点242,食堂,2015/04/15 17:25:38,2.1,44.25
31301,POS消费,地点791,开水,2015/04/15 19:00:51,0.01,44.24
31301,POS消费,地点241,食堂,2015/04/16 06:58:38,1.4,42.84
31301,POS消费,地点790,开水,2015/04/16 10:07:43,0.01,42.83
31301,卡挂失,,,2015/04/16 12:10:08,0.0,0.0
31301,卡片开户,,,2015/04/16 16:06:02,50.0,35.0
31301,POS消费,地点306,食堂,2015/04/16 16:11:33,6.5,28.5
31301,POS消费,地点83,食堂,2015/04/16 16:31:52,6.0,22.5
31301,POS消费,地点21,开水,2015/04/16 18:04:30,3.0,19.5
31301,POS消费,地点2209,开水,2015/04/16 20:18:11,0.01,19.49
31301,卡片销户,,,2015/04/17 12:14:15,19.49,0.0
31301,卡解挂,,,2015/04/17 12:16:03,0.0,0.0
31301,卡充值,,,2015/04/17 12:17:33,34.49,77.32
31301,POS消费,地点21,开水,2015/04/17 12:20:54,2.4,74.92
31301,POS消费,地点1911,淋浴,2015/04/17 12:46:38,0.2,74.72
31301,POS消费,地点1911,淋浴,2015/04/17 12:51:22,0.2,74.52
31301,POS消费,地点1899,淋浴,2015/04/18 11:22:09,1.1,72.42
31301,POS消费,地点242,食堂,2015/04/18 12:04:46,3.6,68.82
31301,POS消费,地点190,超市,2015/04/18 17:16:46,7.5,61.32
31301,POS消费,地点171,食堂,2015/04/19 15:06:19,6.5,54.82
31301,POS消费,地点279,食堂,2015/04/20 07:09:54,1.6,53.22
31301,POS消费,地点790,开水,2015/04/20 07:21:47,0.01,53.21
31301,卡挂失,,,2015/04/20 12:01:44,0.0,0.0
31301,卡片开户,,,2015/04/20 17:00:50,100.0,85.0
31301,更新卡信息,,,2015/04/20 17:01:14,0.0,0.0
31301,POS消费,地点59,食堂,2015/04/20 17:05:49,3.0,82.0
31301,POS消费,地点2119,食堂,2015/04/20 17:06:46,1.8,80.2
31301,POS消费,地点791,开水,2015/04/20 17:42:00,0.01,80.19
31301,POS消费,地点791,开水,2015/04/20 19:33:12,0.01,80.18
31301,POS消费,地点2209,开水,2015/04/20 21:22:01,0.01,80.17
31301,POS消费,地点525,食堂,2015/04/21 08:04:07,2.2,77.97
31301,POS消费,地点791,开水,2015/04/21 08:53:11,0.01,77.96
31301,卡挂失,,,2015/04/21 12:50:44,0.0,0.0
31301,卡解挂,,,2015/04/21 14:02:44,0.0,0.0
31301,POS消费,地点59,食堂,2015/04/21 18:01:52,1.5,76.46
31301,POS消费,地点2119,食堂,2015/04/21 18:03:44,1.35,75.11
31301,POS消费,地点2209,开水,2015/04/21 21:31:14,0.01,75.1
31301,POS消费,地点678,开水,2015/04/22 08:10:01,0.01,75.09
31301,POS消费,地点21,开水,2015/04/22 10:13:44,1.8,73.29
31301,POS消费,地点692,开水,2015/04/22 15:17:04,0.01,73.28
31301,POS消费,地点59,食堂,2015/04/22 17:55:59,1.5,71.78
31301,POS消费,地点2119,食堂,2015/04/22 17:57:31,1.35,70.43
31301,POS消费,地点790,开水,2015/04/23 08:08:05,0.01,70.42
31301,POS消费,地点21,开水,2015/04/23 12:01:56,2.5,67.92
31301,POS消费,地点21,开水,2015/04/23 17:33:10,1.8,65.12
31301,POS消费,地点790,开水,2015/04/23 19:37:59,0.01,65.11
31301,POS消费,地点190,超市,2015/04/23 21:16:45,3.9,61.21
31301,POS消费,地点2209,开水,2015/04/23 21:20:47,0.01,61.2
31301,POS消费,地点241,食堂,2015/04/24 07:09:23,1.2,60.0
31301,POS消费,地点687,开水,2015/04/24 08:46:11,0.01,59.99
31301,POS消费,地点192,超市,2015/04/24 13:51:11,2.0,57.99
31301,POS消费,地点192,超市,2015/04/24 14:07:37,2.5,55.49
31301,POS消费,地点2116,淋浴,2015/04/24 14:18:42,0.1,55.39
31301,POS消费,地点2116,淋浴,2015/04/24 14:19:21,0.1,55.29
31301,POS消费,地点1911,淋浴,2015/04/24 14:19:35,0.1,55.19
31301,POS消费,地点1911,淋浴,2015/04/24 14:20:39,0.1,55.09
31301,POS消费,地点2209,开水,2015/04/25 14:49:23,0.01,55.08
31301,POS消费,地点306,食堂,2015/04/25 17:56:16,6.5,48.58
31301,POS消费,地点88,食堂,2015/04/25 17:58:23,0.45,48.13
31301,POS消费,地点218,食堂,2015/04/25 18:11:52,1.8,46.33
31301,POS消费,地点241,食堂,2015/04/27 08:05:47,1.4,44.93
31301,POS消费,地点835,开水,2015/04/27 08:46:00,0.01,44.92
31301,POS消费,地点2209,开水,2015/04/27 17:21:22,0.01,44.91
31301,卡片销户,,,2015/04/27 17:31:05,44.91,0.0
31301,卡补办,,,2015/04/27 17:31:46,59.91,98.12
31301,更新卡信息,,,2015/04/27 17:32:09,0.0,0.0
31301,POS消费,地点237,食堂,2015/04/27 17:36:26,1.6,96.52
31301,POS消费,地点689,开水,2015/04/27 19:09:18,0.01,96.51
31301,POS消费,地点525,食堂,2015/04/28 06:59:23,1.4,95.11
31301,POS消费,地点679,开水,2015/04/28 15:16:07,0.01,95.1
31301,POS消费,地点242,食堂,2015/04/28 18:02:51,2.1,93.0
31301,POS消费,地点237,食堂,2015/04/28 18:03:54,1.0,92.0
31301,POS消费,地点525,食堂,2015/04/29 07:06:44,1.6,90.4
31301,POS消费,地点678,开水,2015/04/29 08:11:33,0.01,90.39
31301,POS消费,地点2116,淋浴,2015/04/29 12:09:13,0.1,90.29
31301,POS消费,地点2116,淋浴,2015/04/29 12:09:22,0.1,90.19
31301,POS消费,地点2209,开水,2015/04/29 12:26:00,0.01,90.18
31301,POS消费,地点214,超市,2015/04/29 14:05:19,3.5,86.68
31301,POS消费,地点791,开水,2015/04/29 16:08:00,0.01,86.67
31301,POS消费,地点237,食堂,2015/04/29 17:45:19,1.0,85.67
31301,POS消费,地点59,食堂,2015/04/29 17:46:30,1.5,84.17
31301,POS消费,地点2119,食堂,2015/04/29 17:49:53,1.35,82.82
31301,POS消费,地点279,食堂,2015/04/30 07:08:15,1.6,81.22
31301,POS消费,地点789,开水,2015/04/30 08:27:23,0.01,81.21
31301,POS消费,地点679,开水,2015/04/30 10:10:27,0.01,81.2
31301,POS消费,地点242,食堂,2015/04/30 12:09:01,3.0,78.2
31301,POS消费,地点2119,食堂,2015/04/30 12:13:01,1.0,77.2
31301,POS消费,地点792,开水,2015/04/30 16:18:27,0.01,77.19
31301,POS消费,地点242,食堂,2015/04/30 17:22:28,3.0,74.19
31301,POS消费,地点2119,食堂,2015/04/30 17:25:31,0.35,73.84
31301,POS消费,地点1899,淋浴,2015/04/30 18:32:06,0.3,73.54
31301,POS消费,地点2209,开水,2015/05/01 09:49:19,0.01,73.53
31301,POS消费,地点21,开水,2015/05/01 11:43:45,2.5,71.03
31301,POS消费,地点306,食堂,2015/05/01 16:48:55,6.5,64.53
31301,POS消费,地点816,校车,2015/05/01 16:54:10,1.0,62.03
31301,POS消费,地点2107,食堂,2015/05/01 17:07:02,1.5,63.03
31301,POS消费,地点211,校车,2015/05/03 10:57:10,1.0,61.03
31301,POS消费,地点1899,淋浴,2015/05/03 16:30:35,0.4,60.63
31301,POS消费,地点791,开水,2015/05/03 18:43:59,0.01,60.62
31301,POS消费,地点306,食堂,2015/05/03 18:56:51,6.5,54.12
31301,POS消费,地点167,食堂,2015/05/04 07:17:00,1.4,52.72
31301,POS消费,地点835,开水,2015/05/04 09:22:28,0.01,52.71
31301,POS消费,地点791,开水,2015/05/04 15:55:58,0.01,52.7
31301,POS消费,地点242,食堂,2015/05/04 17:47:02,2.1,50.6
31301,POS消费,地点260,食堂,2015/05/04 17:47:49,1.0,49.6
31301,POS消费,地点232,食堂,2015/05/05 07:10:22,2.0,47.6
31301,POS消费,地点268,食堂,2015/05/05 07:59:47,2.1,45.5
31301,POS消费,地点791,开水,2015/05/05 08:28:41,0.01,45.49
31301,POS消费,地点2209,开水,2015/05/05 18:47:06,0.01,45.48
31301,POS消费,地点21,开水,2015/05/06 10:13:24,2.0,43.48
31301,POS消费,地点21,开水,2015/05/06 10:13:29,0.5,42.98
31301,POS消费,地点306,食堂,2015/05/06 16:58:58,6.5,36.48
31301,POS消费,地点192,超市,2015/05/06 17:21:47,5.2,31.28
31301,POS消费,地点190,超市,2015/05/06 18:59:39,4.0,27.28
31301,POS消费,地点167,食堂,2015/05/07 07:19:07,1.4,25.88
31301,POS消费,地点21,开水,2015/05/07 12:01:35,1.63,24.25
31301,POS消费,地点21,开水,2015/05/07 12:02:48,1.8,22.45
31301,POS消费,地点1948,淋浴,2015/05/07 12:35:00,0.5,21.95
31301,POS消费,地点2209,开水,2015/05/07 17:21:35,0.01,21.94
31301,POS消费,地点242,食堂,2015/05/07 17:37:30,2.1,19.84
31301,POS消费,地点237,食堂,2015/05/07 17:39:23,1.0,18.84
31301,POS消费,地点218,食堂,2015/05/07 17:58:05,1.8,17.04
31301,POS消费,地点21,开水,2015/05/07 20:57:48,2.29,14.75
31301,POS消费,地点268,食堂,2015/05/08 06:52:26,1.4,13.35
31301,POS消费,地点21,开水,2015/05/08 12:17:00,1.8,11.55
31301,POS消费,地点59,食堂,2015/05/08 17:36:57,1.5,10.05
31301,POS消费,地点260,食堂,2015/05/08 17:38:08,1.0,7.85
31301,POS消费,地点2119,食堂,2015/05/08 17:41:35,1.2,8.85
31301,POS消费,地点26,图书馆,2015/05/08 18:00:33,5.4,2.45
31301,POS消费,地点2209,开水,2015/05/09 08:08:30,0.01,2.44
31301,POS消费,地点214,超市,2015/05/09 20:32:03,0.8,1.64
31301,POS消费,地点791,开水,2015/05/10 09:51:35,0.01,1.23
31301,卡充值,,,2015/05/10 11:28:03,50.0,51.23
31301,POS消费,地点242,食堂,2015/05/10 11:32:02,1.9,49.33
31301,POS消费,地点260,食堂,2015/05/10 11:33:40,1.0,48.33
31301,POS消费,地点21,开水,2015/05/10 16:37:17,1.8,46.53
31301,POS消费,地点2209,开水,2015/05/10 17:08:06,0.01,46.52
31301,POS消费,地点1155,食堂,2015/05/10 20:31:59,5.0,41.52
31301,POS消费,地点241,食堂,2015/05/11 07:02:53,1.4,40.12
31301,POS消费,地点835,开水,2015/05/11 08:33:52,0.01,40.11
31301,POS消费,地点21,开水,2015/05/11 17:01:40,2.5,37.61
31301,POS消费,地点21,开水,2015/05/11 18:11:14,1.8,35.81
31301,POS消费,地点306,食堂,2015/05/11 18:57:06,6.5,29.31
31301,POS消费,地点21,开水,2015/05/11 19:15:32,3.5,25.81
31301,POS消费,地点190,超市,2015/05/11 21:37:43,5.0,20.81
31301,POS消费,地点279,食堂,2015/05/12 08:04:21,1.4,19.41
31301,POS消费,地点21,开水,2015/05/12 12:26:28,4.0,15.41
31301,POS消费,地点2209,开水,2015/05/12 12:34:34,0.01,15.4
31301,POS消费,地点21,开水,2015/05/12 18:02:14,2.5,12.9
31301,POS消费,地点190,超市,2015/05/12 21:15:13,7.0,5.9
31301,POS消费,地点21,开水,2015/05/13 12:01:27,2.5,3.39
31301,POS消费,地点21,开水,2015/05/13 17:02:35,1.8,1.59
31301,POS消费,地点789,开水,2015/05/14 08:18:54,0.01,1.58
31301,POS消费,地点789,开水,2015/05/14 10:05:04,0.01,1.57
31301,卡充值,,,2015/05/14 16:07:49,100.0,101.57
31301,POS消费,地点243,食堂,2015/05/14 16:11:47,1.5,100.07
31301,POS消费,地点21,开水,2015/05/14 18:24:33,2.5,97.57
31301,POS消费,地点21,开水,2015/05/14 20:11:08,3.5,94.07
31301,POS消费,地点190,超市,2015/05/14 20:23:36,7.6,86.47
31301,POS消费,地点1954,淋浴,2015/05/14 20:31:42,0.4,86.07
31301,POS消费,地点525,食堂,2015/05/15 07:07:38,1.4,84.67
31301,POS消费,地点674,开水,2015/05/15 08:08:18,0.01,84.66
31301,POS消费,地点21,开水,2015/05/15 15:43:25,19.01,65.65
31301,POS消费,地点1954,淋浴,2015/05/15 21:23:59,0.3,65.35
31301,POS消费,地点2209,开水,2015/05/15 21:31:39,0.01,65.34
31301,POS消费,地点2070,洗衣房,2015/05/16 10:19:49,3.6,61.74
31301,POS消费,地点2070,洗衣房,2015/05/16 10:56:00,-1.44,63.18
31301,POS消费,地点227,食堂,2015/05/16 11:19:01,3.5,59.68
31301,POS消费,地点60,食堂,2015/05/16 11:23:18,0.6,59.08
31301,POS消费,地点69,食堂,2015/05/17 07:47:37,1.9,57.18
31301,POS消费,地点243,食堂,2015/05/17 11:26:36,2.5,54.68
31301,POS消费,地点59,食堂,2015/05/17 17:31:07,1.5,53.18
31301,POS消费,地点2119,食堂,2015/05/17 17:37:43,1.2,51.98
31301,POS消费,地点190,超市,2015/05/17 20:26:49,3.4,48.58
31301,POS消费,地点167,食堂,2015/05/18 07:10:17,1.6,46.98
31301,POS消费,地点844,食堂,2015/05/18 12:08:26,0.73,46.25
31301,POS消费,地点2209,开水,2015/05/18 18:29:16,0.01,46.24
31301,POS消费,地点167,食堂,2015/05/19 07:21:54,1.43,44.81
31301,POS消费,地点791,开水,2015/05/19 08:15:01,0.01,44.8
31301,POS消费,地点240,食堂,2015/05/19 17:58:11,1.03,43.77
31301,POS消费,地点91,校车,2015/05/20 07:17:42,1.6,42.17
31301,POS消费,地点678,开水,2015/05/20 08:07:32,0.01,42.16
31301,POS消费,地点248,超市,2015/05/20 12:16:21,0.73,41.43
31301,POS消费,地点2209,开水,2015/05/20 12:24:53,0.01,41.42
31301,POS消费,地点21,开水,2015/05/20 16:11:26,1.5,39.92
31301,POS消费,地点1954,淋浴,2015/05/20 21:03:03,0.4,39.52
31301,POS消费,地点167,食堂,2015/05/21 07:20:43,1.43,38.09
31301,POS消费,地点679,开水,2015/05/21 08:06:42,0.01,38.08
31301,POS消费,地点306,食堂,2015/05/21 19:12:32,6.5,31.58
31301,POS消费,地点190,超市,2015/05/22 12:18:49,1.7,29.88
31301,POS消费,地点1954,淋浴,2015/05/23 09:50:50,0.4,29.48
31301,POS消费,地点21,开水,2015/05/24 11:20:18,2.5,26.98
31301,POS消费,地点21,开水,2015/05/24 17:07:04,1.8,25.18
31301,POS消费,地点203,食堂,2015/05/24 18:01:36,5.5,19.68
31301,POS消费,地点190,超市,2015/05/24 21:26:08,6.57,13.11
31301,POS消费,地点21,开水,2015/05/25 16:12:53,2.5,10.61
31301,POS消费,地点21,开水,2015/05/25 19:11:36,6.38,4.23
31301,POS消费,地点190,超市,2015/05/25 20:46:19,1.7,2.53
31301,POS消费,地点1954,淋浴,2015/05/25 21:02:00,0.5,2.03
31301,POS消费,地点2043,食堂,2015/05/26 10:23:07,0.83,1.2
31301,卡充值,,,2015/05/26 18:28:01,100.0,101.2
31301,POS消费,地点306,食堂,2015/05/26 18:32:04,6.5,94.7
31301,POS消费,地点816,校车,2015/05/26 18:35:23,1.0,93.35
31301,POS消费,地点2107,食堂,2015/05/26 18:42:22,0.35,94.35
31301,POS消费,地点1472,校车,2015/05/26 19:24:35,1.0,92.35
31301,POS消费,地点2209,开水,2015/05/26 19:55:31,0.01,92.34
31301,POS消费,地点1954,淋浴,2015/05/26 20:02:37,0.4,91.94
31301,POS消费,地点279,食堂,2015/05/27 08:02:52,2.2,89.74
31301,POS消费,地点227,食堂,2015/05/27 17:25:41,3.5,86.24
31301,POS消费,地点246,食堂,2015/05/27 17:29:52,0.6,85.64
31301,POS消费,地点218,食堂,2015/05/27 17:35:20,1.0,84.64
31301,POS消费,地点243,食堂,2015/05/27 17:51:37,2.5,82.14
31301,POS消费,地点2043,食堂,2015/05/28 08:24:17,1.63,80.51
31301,POS消费,地点21,开水,2015/05/28 12:01:09,2.5,78.01
31301,POS消费,地点2043,食堂,2015/05/29 08:26:01,1.63,76.38
31301,POS消费,地点2209,开水,2015/05/29 13:57:45,0.01,76.37
31301,POS消费,地点21,开水,2015/05/29 21:49:45,8.53,67.84
31301,POS消费,地点1948,淋浴,2015/05/29 22:35:24,0.4,67.44
31301,POS消费,地点1885,洗衣房,2015/05/30 09:36:56,-1.8,65.64
31301,POS消费,地点1885,洗衣房,2015/05/30 09:36:56,3.6,63.84
31301,POS消费,地点242,食堂,2015/05/30 11:27:41,1.5,63.14
31301,POS消费,地点237,食堂,2015/05/30 11:28:23,1.0,64.64
31301,POS消费,地点2119,食堂,2015/05/30 11:37:05,1.55,61.59
31301,POS消费,地点21,开水,2015/05/30 11:56:02,1.5,60.09
31301,POS消费,地点2209,开水,2015/05/31 18:13:25,0.01,60.08
31301,POS消费,地点203,食堂,2015/05/31 18:30:53,5.5,54.58
31301,POS消费,地点233,食堂,2015/05/31 18:34:51,1.0,53.58
31301,POS消费,地点21,开水,2015/05/31 18:46:59,3.0,50.58
31301,POS消费,地点1948,淋浴,2015/05/31 20:56:37,0.1,50.48
31301,POS消费,地点268,食堂,2015/06/01 07:58:03,1.1,49.38
31301,POS消费,地点835,开水,2015/06/01 08:32:02,0.01,49.37
31301,POS消费,地点218,食堂,2015/06/01 16:28:58,1.8,47.57
31301,POS消费,地点190,超市,2015/06/01 18:37:23,1.5,46.07
31301,POS消费,地点21,开水,2015/06/01 21:10:09,3.0,43.07
31301,POS消费,地点2209,开水,2015/06/01 21:31:03,0.01,43.06
31301,POS消费,地点525,食堂,2015/06/02 08:03:24,1.4,41.66
31301,POS消费,地点791,开水,2015/06/02 08:44:03,0.01,41.65
31301,POS消费,地点21,开水,2015/06/02 12:12:21,1.8,39.85
31301,POS消费,地点59,食堂,2015/06/02 18:01:49,1.5,38.35
31301,POS消费,地点2119,食堂,2015/06/02 18:03:16,1.55,36.8
31301,POS消费,地点1954,淋浴,2015/06/02 21:51:00,0.3,36.5
31301,POS消费,地点525,食堂,2015/06/03 08:05:26,1.6,34.9
31301,POS消费,地点678,开水,2015/06/03 08:24:33,0.01,34.89
31301,POS消费,地点21,开水,2015/06/03 11:41:07,2.5,32.39
31301,POS消费,地点192,超市,2015/06/03 11:55:38,8.4,23.99
31301,POS消费,地点692,开水,2015/06/03 15:16:10,0.01,23.98
31301,POS消费,地点260,食堂,2015/06/03 17:35:59,1.0,22.98
31301,POS消费,地点2119,食堂,2015/06/03 17:37:12,1.55,21.43
31301,POS消费,地点21,开水,2015/06/03 19:48:31,8.32,13.11
31301,POS消费,地点279,食堂,2015/06/04 08:07:16,1.4,11.71
31301,POS消费,地点674,开水,2015/06/04 10:07:24,0.01,11.7
31301,POS消费,地点227,食堂,2015/06/04 17:57:40,3.5,8.2
31301,POS消费,地点246,食堂,2015/06/04 18:01:28,0.8,7.4
31301,POS消费,地点279,食堂,2015/06/05 08:05:55,2.2,5.2
31301,POS消费,地点2209,开水,2015/06/05 12:51:18,0.01,5.19
31301,POS消费,地点21,开水,2015/06/06 11:13:46,0.73,4.46
31301,POS消费,地点1911,淋浴,2015/06/06 16:19:11,0.4,4.06
31301,POS消费,地点1911,淋浴,2015/06/06 16:23:11,0.2,3.86
31301,POS消费,地点2209,开水,2015/06/06 16:38:22,0.01,3.85
31301,POS消费,地点21,开水,2015/06/07 11:44:27,0.73,3.12
31301,POS消费,地点525,食堂,2015/06/08 08:05:41,1.4,1.72
31301,POS消费,地点835,开水,2015/06/08 08:45:17,0.01,1.71
31301,POS消费,地点835,开水,2015/06/08 10:14:17,0.01,1.7
31301,卡充值,,,2015/06/08 12:02:16,100.0,101.7
31301,POS消费,地点2209,开水,2015/06/08 13:59:20,0.01,101.69
31301,POS消费,地点687,开水,2015/06/08 16:11:17,0.01,101.68
31301,POS消费,地点237,食堂,2015/06/08 17:52:30,1.0,100.68
31301,POS消费,地点2119,食堂,2015/06/08 17:54:02,1.35,99.33
31301,POS消费,地点218,食堂,2015/06/08 18:03:58,1.8,97.53
31301,POS消费,地点1911,淋浴,2015/06/08 21:47:06,0.2,97.33
31301,POS消费,地点144,食堂,2015/06/09 08:14:58,0.6,95.33
31301,POS消费,地点791,开水,2015/06/09 08:32:01,0.01,95.32
31301,POS消费,地点2031,食堂,2015/06/09 08:34:47,1.4,95.93
31301,POS消费,地点678,开水,2015/06/09 16:08:21,0.01,95.31
31301,POS消费,地点203,食堂,2015/06/09 18:02:02,5.5,89.81
31301,POS消费,地点822,食堂,2015/06/09 18:04:57,2.0,87.81
31301,POS消费,地点790,开水,2015/06/10 07:19:25,0.01,87.8
31301,POS消费,地点525,食堂,2015/06/10 08:04:21,1.4,86.4
31301,POS消费,地点144,食堂,2015/06/10 08:13:33,0.6,85.8
31301,POS消费,地点21,开水,2015/06/10 10:12:11,2.5,83.3
31301,POS消费,地点2209,开水,2015/06/10 10:31:41,0.01,83.29
31301,POS消费,地点789,开水,2015/06/11 08:10:58,0.01,81.88
31301,POS消费,地点2043,食堂,2015/06/11 08:26:05,1.4,81.89
31301,POS消费,地点679,开水,2015/06/11 10:06:33,0.01,81.87
31301,POS消费,地点227,食堂,2015/06/11 17:56:51,3.5,78.37
31301,POS消费,地点246,食堂,2015/06/11 17:59:37,0.8,77.57
31301,POS消费,地点21,开水,2015/06/11 18:35:13,3.0,74.57
31301,POS消费,地点525,食堂,2015/06/12 08:05:41,1.4,73.17
31301,POS消费,地点75,食堂,2015/06/12 08:15:01,0.6,72.57
31301,POS消费,地点2209,开水,2015/06/12 18:53:09,0.01,72.56
31301,POS消费,地点237,食堂,2015/06/13 11:25:20,1.0,71.56
31301,POS消费,地点2119,食堂,2015/06/13 11:27:40,1.55,70.01
31301,POS消费,地点2209,开水,2015/06/14 08:40:09,0.01,70.0
31301,POS消费,地点306,食堂,2015/06/14 17:56:54,6.5,63.5
31301,POS消费,地点243,食堂,2015/06/14 18:18:38,1.5,62.0
31301,POS消费,地点167,食堂,2015/06/15 08:26:33,2.2,59.8
31301,POS消费,地点687,开水,2015/06/15 16:11:16,0.01,59.79
31301,POS消费,地点2209,开水,2015/06/15 18:54:41,0.01,59.78
31301,POS消费,地点1948,淋浴,2015/06/15 22:32:16,0.1,59.68
31301,POS消费,地点2031,食堂,2015/06/16 09:02:10,1.4,58.28
31301,POS消费,地点674,开水,2015/06/16 15:16:02,0.01,58.27
31301,POS消费,地点2209,开水,2015/06/17 07:49:40,0.01,58.26
31301,POS消费,地点21,开水,2015/06/17 10:11:17,1.8,56.46
31301,POS消费,地点996,图书馆,2015/06/18 15:52:52,3.9,52.56
31301,POS消费,地点21,开水,2015/06/18 16:18:42,1.8,50.76
31301,POS消费,地点2172,文印中心,2015/06/19 12:04:11,0.15,50.61
31301,POS消费,地点274,超市,2015/06/19 12:15:13,2.4,48.21
31301,POS消费,地点89,食堂,2015/06/19 17:31:58,4.5,43.71
31301,POS消费,地点227,食堂,2015/06/20 11:14:36,3.5,40.21
31301,POS消费,地点246,食堂,2015/06/20 11:17:52,0.8,39.41
31301,POS消费,地点21,开水,2015/06/21 18:20:07,4.42,34.99
31301,POS消费,地点190,超市,2015/06/21 20:15:28,18.5,16.49
31301,POS消费,地点21,开水,2015/06/23 11:26:00,1.8,14.69
31301,POS消费,地点21,开水,2015/06/23 16:23:16,3.0,11.69
31301,POS消费,地点1911,淋浴,2015/06/23 18:36:02,0.3,11.39
31301,POS消费,地点1911,淋浴,2015/06/23 18:36:40,0.3,11.09
31301,POS消费,地点21,开水,2015/06/24 10:13:26,2.5,8.59
31301,POS消费,地点203,食堂,2015/06/24 17:20:07,5.5,3.09
31301,POS消费,地点88,食堂,2015/06/24 17:21:59,0.45,2.64
31301,POS消费,地点1911,淋浴,2015/06/24 20:20:03,0.3,2.34
31301,POS消费,地点1911,淋浴,2015/06/24 20:24:10,0.2,2.14
31301,POS消费,地点1911,淋浴,2015/06/25 12:00:15,0.3,1.84
31301,POS消费,地点1911,淋浴,2015/06/25 12:04:55,0.3,1.54
31301,卡充值,,,2015/06/25 18:23:01,100.0,101.54
31301,POS消费,地点306,食堂,2015/06/25 18:27:38,6.5,95.04
31301,POS消费,地点233,食堂,2015/06/25 18:32:40,0.35,94.69
31301,POS消费,地点21,开水,2015/06/25 18:52:21,4.0,90.69
31301,POS消费,地点192,超市,2015/06/25 18:57:28,9.5,81.19
31301,POS消费,地点21,开水,2015/06/26 18:19:27,1.8,79.39
31301,POS消费,地点1911,淋浴,2015/06/26 21:39:12,0.2,79.19
31301,POS消费,地点1911,淋浴,2015/06/26 21:42:49,0.2,78.99
31301,POS消费,地点1911,淋浴,2015/06/27 10:45:49,0.3,78.69
31301,POS消费,地点1472,校车,2015/06/27 19:24:37,1.0,77.69
31301,POS消费,地点1948,淋浴,2015/06/28 12:11:31,0.2,77.49
31301,POS消费,地点1948,淋浴,2015/06/28 12:13:42,0.3,77.19
31301,POS消费,地点248,超市,2015/06/28 17:32:46,0.73,76.46
31301,POS消费,地点89,食堂,2015/06/29 17:59:51,4.5,71.96
31301,POS消费,地点242,食堂,2015/06/30 17:29:39,3.6,68.36
31301,POS消费,地点118,食堂,2015/07/01 16:23:30,11.3,57.06
31301,POS消费,地点21,开水,2015/07/01 17:19:58,1.8,55.26
31301,POS消费,地点190,超市,2015/07/01 21:18:54,3.4,51.86
31301,POS消费,地点1948,淋浴,2015/07/02 08:23:12,0.2,51.66
31301,POS消费,地点21,开水,2015/07/02 11:37:26,1.8,49.86
31301,POS消费,地点89,食堂,2015/07/02 17:12:45,4.5,45.36
31301,POS消费,地点21,开水,2015/07/02 17:36:47,3.0,42.36
31301,POS消费,地点190,超市,2015/07/03 10:22:13,10.9,31.46
31301,POS消费,地点89,食堂,2015/07/03 16:50:20,6.0,25.46
31301,POS消费,地点243,食堂,2015/07/03 17:18:50,2.5,22.96
31301,POS消费,地点118,食堂,2015/07/04 09:31:58,1.6,20.96
31301,POS消费,地点1911,淋浴,2015/07/04 11:56:08,0.2,22.76
31301,POS消费,地点1911,淋浴,2015/07/04 11:56:09,0.2,22.56
31301,POS消费,地点222,校车,2015/07/04 14:45:44,1.0,19.96
31301,POS消费,地点222,校车,2015/07/04 14:48:18,1.0,18.96
31301,POS消费,地点21,开水,2015/07/04 17:35:50,1.8,17.16
31301,POS消费,地点190,超市,2015/07/04 19:49:18,3.4,13.76
31301,POS消费,地点2043,食堂,2015/07/05 10:20:33,1.5,12.26
31301,POS消费,地点21,开水,2015/07/05 18:10:53,1.8,10.46
31301,POS消费,地点1948,淋浴,2015/07/05 20:43:52,0.1,10.36
31301,POS消费,地点21,开水,2015/07/06 11:31:33,5.9,4.46
31301,POS消费,地点192,超市,2015/07/06 11:36:16,1.5,2.96
31301,POS消费,地点1911,淋浴,2015/07/07 10:42:00,0.2,2.76
31301,POS消费,地点1911,淋浴,2015/07/07 10:42:05,0.2,2.56
31301,POS消费,地点26,图书馆,2015/07/07 12:14:30,1.0,1.56
31301,POS消费,地点1899,淋浴,2015/07/07 19:34:10,0.3,1.26
31301,卡充值,,,2015/07/08 11:50:41,50.0,51.26
31301,POS消费,地点227,食堂,2015/07/08 11:55:53,4.1,47.16
31301,POS消费,地点21,开水,2015/07/08 12:32:57,4.0,43.16
31301,POS消费,地点274,超市,2015/07/08 12:39:05,1.0,42.16
31301,POS消费,地点304,超市,2015/07/09 15:17:34,2.7,39.46
31301,POS消费,地点203,食堂,2015/07/09 17:30:05,7.5,31.96
31301,POS消费,地点21,开水,2015/07/10 16:35:09,1.5,30.46
31301,POS消费,地点21,开水,2015/07/10 18:59:42,4.77,25.69
31301,POS消费,地点21,开水,2015/07/11 10:37:08,5.55,20.14
31301,POS消费,地点89,食堂,2015/07/11 17:05:32,3.0,17.14
31301,POS消费,地点218,食堂,2015/07/11 17:22:35,1.5,15.64
31301,POS消费,地点21,开水,2015/07/12 11:39:27,1.8,13.84
31301,POS消费,地点21,开水,2015/07/12 17:19:23,6.4,7.44
31301,POS消费,地点190,超市,2015/07/13 11:44:05,3.4,4.04
31301,POS消费,地点146,校车,2015/07/13 19:18:40,1.0,3.04
31301,卡挂失,,,2015/08/30 12:55:19,0.0,0.0
31301,卡片开户,,,2015/08/31 12:14:22,100.0,85.0
31301,更新卡信息,,,2015/08/31 12:14:43,0.0,0.0
31301,POS消费,地点6,淋浴,2015/08/31 12:20:53,1.8,83.2
31301,POS消费,地点203,食堂,2015/08/31 12:28:55,5.5,77.7
31301,POS消费,地点292,超市,2015/08/31 12:56:08,24.0,53.7
31301,POS消费,地点27,教务处,2015/08/31 18:20:16,10.0,43.7
31301,POS消费,地点6,淋浴,2015/08/31 18:30:28,1.0,42.7
