3135,POS消费,地点232,食堂,2014/06/29 12:30:30,0.0,0.0
3135,POS消费,地点232,食堂,2014/06/29 12:30:30,0.1,2.99
3135,卡片开户,,,2014/07/14 10:02:32,0.0,0.0
3135,卡充值,,,2014/08/29 11:00:01,100.0,100.0
3135,POS消费,地点1588,食堂,2014/08/29 12:42:23,5.3,94.7
3135,POS消费,地点1588,食堂,2014/08/29 12:42:57,5.3,89.4
3135,POS消费,地点1588,食堂,2014/08/29 18:16:53,5.3,84.1
3135,POS消费,地点195,超市,2014/08/29 20:01:19,20.1,64.0
3135,POS消费,地点124,食堂,2014/08/30 08:36:06,3.0,61.0
3135,POS消费,地点91,校车,2014/08/30 11:39:45,3.4,57.6
3135,POS消费,地点21,开水,2014/08/30 11:40:25,0.2,57.4
3135,POS消费,地点816,校车,2014/08/30 14:27:15,1.0,56.4
3135,POS消费,地点21,开水,2014/08/30 17:01:40,4.1,52.3
3135,POS消费,地点179,食堂,2014/08/30 17:15:59,4.0,48.3
3135,POS消费,地点21,开水,2014/08/31 07:48:11,1.6,46.7
3135,POS消费,地点91,校车,2014/08/31 07:49:17,0.8,45.9
3135,POS消费,地点91,校车,2014/08/31 11:55:32,2.6,43.3
3135,POS消费,地点182,食堂,2014/08/31 18:01:20,4.6,38.7
3135,POS消费,地点168,食堂,2014/08/31 21:08:00,4.5,34.2
