31379,卡片开户,,,2014/07/16 16:08:32,0.0,0.0
31379,卡充值,,,2014/08/26 16:21:11,500.0,500.0
31379,POS消费,地点232,食堂,2014/08/28 12:30:46,10.9,489.1
31379,POS消费,地点232,食堂,2014/08/28 12:31:49,1.0,488.1
31379,POS消费,地点232,食堂,2014/08/28 12:32:18,-1.0,489.1
31379,POS消费,地点232,食堂,2014/08/28 12:33:14,10.0,479.1
31379,POS消费,地点232,食堂,2014/08/28 12:33:39,-10.0,489.1
31379,POS消费,地点232,食堂,2014/08/28 12:38:03,10.0,479.1
31379,POS消费,地点195,超市,2014/08/28 17:08:38,30.0,449.1
31379,POS消费,地点195,超市,2014/08/28 17:08:43,26.0,423.1
31379,POS消费,地点195,超市,2014/08/28 17:09:03,0.3,422.8
31379,POS消费,地点21,开水,2014/08/28 17:54:48,3.1,419.7
31379,POS消费,地点21,开水,2014/08/28 17:55:11,3.1,416.6
31379,POS消费,地点91,校车,2014/08/28 17:56:09,0.4,416.2
31379,POS消费,地点91,校车,2014/08/28 17:56:25,7.1,409.1
31379,POS消费,地点21,开水,2014/08/28 17:57:09,4.0,405.1
31379,POS消费,地点21,开水,2014/08/29 12:10:46,1.5,399.97
31379,POS消费,地点91,校车,2014/08/29 12:11:05,7.0,392.97
31379,POS消费,地点91,校车,2014/08/29 12:11:22,5.0,387.97
31379,POS消费,地点91,校车,2014/08/29 12:11:34,0.6,387.37
31379,POS消费,地点232,食堂,2014/08/29 12:14:35,6.6,380.77
31379,POS消费,地点232,食堂,2014/08/29 12:14:56,3.5,377.27
31379,POS消费,地点21,开水,2014/08/29 12:42:41,10.1,367.17
31379,POS消费,地点1352,开水,2014/08/29 14:18:56,0.01,401.49
31379,POS消费,地点1320,洗衣房,2014/08/29 14:19:55,3.6,401.5
31379,POS消费,地点1027,开水,2014/08/29 14:20:41,0.02,401.47
31379,POS消费,地点1043,淋浴,2014/08/29 21:33:17,0.5,366.57
31379,POS消费,地点1043,淋浴,2014/08/29 21:34:27,0.1,367.07
31379,POS消费,地点21,开水,2014/08/30 08:06:25,2.6,363.97
31379,POS消费,地点21,开水,2014/08/30 08:08:04,0.7,363.27
31379,POS消费,地点21,开水,2014/08/30 10:34:04,8.8,354.47
31379,POS消费,地点21,开水,2014/08/30 10:36:55,1.35,353.12
31379,POS消费,地点248,超市,2014/08/30 10:39:01,4.0,349.12
31379,POS消费,地点91,校车,2014/08/30 10:41:30,4.0,345.12
31379,POS消费,地点12,文印中心,2014/08/30 10:41:58,5.0,340.12
31379,POS消费,地点21,开水,2014/08/30 10:44:10,0.4,339.72
31379,POS消费,地点6,淋浴,2014/08/30 10:44:24,2.0,337.72
31379,POS消费,地点1027,开水,2014/08/30 16:47:34,0.01,337.71
31379,POS消费,地点244,食堂,2014/08/30 17:18:08,4.6,333.11
31379,POS消费,地点167,食堂,2014/08/30 17:18:08,1.5,331.61
31379,POS消费,地点167,食堂,2014/08/30 17:18:55,1.7,329.91
31379,POS消费,地点241,食堂,2014/08/30 17:19:58,2.5,327.41
31379,POS消费,地点840,食堂,2014/08/30 17:21:29,3.0,324.41
31379,POS消费,地点21,开水,2014/08/30 17:21:59,0.4,324.01
31379,POS消费,地点1572,淋浴,2014/08/30 22:23:19,0.8,323.21
31379,POS消费,地点21,开水,2014/08/31 17:42:53,3.0,320.21
31379,POS消费,地点232,食堂,2014/08/31 17:44:46,4.6,315.61
31379,POS消费,地点91,校车,2014/08/31 17:45:30,2.5,313.11
31379,POS消费,地点21,开水,2014/08/31 17:45:50,4.6,308.51
31379,POS消费,地点91,校车,2014/08/31 17:48:47,5.4,294.51
31379,POS消费,地点1043,淋浴,2014/08/31 21:44:08,0.5,294.01
