31423,卡片开户,,,2014/07/16 10:53:23,0.0,0.0
31423,卡充值,,,2014/08/28 20:58:17,100.0,100.0
31423,POS消费,地点21,开水,2014/08/28 21:14:40,16.1,83.9
31423,POS消费,地点21,开水,2014/08/28 21:17:52,20.0,63.9
31423,POS消费,地点1656,淋浴,2014/08/28 21:46:41,0.1,63.8
31423,POS消费,地点6,淋浴,2014/08/28 21:48:08,0.1,63.7
31423,POS消费,地点1655,淋浴,2014/08/28 21:54:28,0.1,63.6
31423,POS消费,地点1656,淋浴,2014/08/28 22:06:32,0.1,63.5
31423,POS消费,地点65,食堂,2014/08/29 12:33:12,8.6,54.9
31423,POS消费,地点1655,淋浴,2014/08/30 08:04:18,0.8,54.1
31423,POS消费,地点1655,淋浴,2014/08/30 08:18:02,0.1,54.0
31423,POS消费,地点1614,开水,2014/08/30 08:34:58,0.01,53.99
31423,POS消费,地点87,食堂,2014/08/30 09:02:07,3.0,50.99
31423,POS消费,地点195,超市,2014/08/30 09:21:54,0.3,50.69
31423,POS消费,地点89,食堂,2014/08/30 12:28:08,4.5,46.19
31423,POS消费,地点168,食堂,2014/08/30 17:55:01,5.5,40.69
31423,POS消费,地点1656,淋浴,2014/08/31 07:44:18,0.6,40.09
31423,卡充值,,,2014/08/31 11:12:45,100.0,140.09
31423,POS消费,地点69,食堂,2014/08/31 11:17:11,5.6,134.49
31423,POS消费,地点21,开水,2014/08/31 11:41:46,3.4,131.09
31423,POS消费,地点188,超市,2014/08/31 18:28:07,14.9,116.19
31423,POS消费,地点1655,淋浴,2014/08/31 22:28:54,0.8,115.39
