31447,POS消费,地点91,校车,2014/10/20 17:54:05,17.0,84.09
31447,POS消费,地点91,校车,2014/10/20 17:58:19,5.0,79.09
31447,卡充值,,,2014/10/20 17:58:37,100.0,101.09
31447,POS消费,地点26,图书馆,2014/10/20 18:10:40,1.0,78.09
31447,卡挂失,,,2014/10/20 19:39:36,0.0,0.0
31447,卡补办,,,2014/10/30 11:56:51,20.0,83.09
31447,更新卡信息,,,2014/10/30 11:57:11,0.0,0.0
31447,POS消费,地点91,校车,2014/10/30 12:01:49,18.6,64.49
31447,POS消费,地点26,图书馆,2014/10/30 12:26:39,0.5,63.99
31447,POS消费,地点953,校车,2014/10/30 12:45:11,4.0,59.99
31447,POS消费,地点83,食堂,2014/10/30 13:55:27,5.8,54.19
31447,POS消费,地点295,校车,2014/10/30 18:22:09,4.0,50.19
31447,POS消费,地点232,食堂,2014/10/31 11:57:15,16.0,34.19
31447,POS消费,地点21,开水,2014/11/03 10:31:04,6.2,27.99
31447,POS消费,地点91,校车,2014/11/03 12:03:43,10.0,17.99
31447,POS消费,地点91,校车,2014/11/03 12:03:49,10.0,7.99
31447,POS消费,地点21,开水,2014/11/03 12:05:26,3.0,4.99
31447,POS消费,地点26,图书馆,2014/11/12 14:08:04,1.5,3.49
31447,卡充值,,,2014/11/22 12:15:04,50.0,53.49
31447,POS消费,地点91,校车,2014/11/22 12:34:04,5.0,48.49
31447,POS消费,地点91,校车,2014/11/22 12:34:12,6.0,42.49
31447,POS消费,地点232,食堂,2014/11/22 12:35:46,7.0,35.49
31447,POS消费,地点91,校车,2014/11/22 17:51:06,17.0,18.49
31447,POS消费,地点21,开水,2014/11/22 18:01:49,1.8,16.69
31447,卡充值,,,2014/11/25 11:39:34,50.0,66.69
31447,POS消费,地点91,校车,2014/11/25 12:10:03,10.0,56.69
31447,POS消费,地点91,校车,2014/11/25 12:10:12,10.0,46.69
31447,POS消费,地点232,食堂,2014/11/26 18:10:31,10.0,36.69
31447,POS消费,地点91,校车,2014/11/26 18:12:18,10.0,26.69
31447,POS消费,地点21,开水,2014/11/26 18:35:21,1.8,24.89
31447,POS消费,地点248,超市,2014/12/26 10:50:37,7.5,17.39
31447,卡充值,,,2014/12/26 10:54:03,100.0,117.39
31447,POS消费,地点529,校车,2014/12/26 18:17:49,4.0,109.39
31447,POS消费,地点529,校车,2014/12/26 18:19:51,4.0,105.39
31447,POS消费,地点248,超市,2015/01/05 11:43:32,1.9,103.49
31447,POS消费,地点91,校车,2015/01/05 12:03:13,10.0,93.49
31447,POS消费,地点91,校车,2015/01/05 12:03:22,10.0,83.49
31447,POS消费,地点91,校车,2015/01/05 20:15:59,10.3,73.19
31447,POS消费,地点21,开水,2015/01/08 17:46:59,1.8,71.39
31447,POS消费,地点91,校车,2015/01/08 17:51:04,14.0,57.39
31447,POS消费,地点21,开水,2015/01/08 17:52:04,4.0,53.39
31447,POS消费,地点232,食堂,2015/01/08 18:04:35,12.0,41.39
