3154,卡片开户,,,2014/07/18 16:13:36,0.0,0.0
3154,卡充值,,,2014/08/30 08:37:52,300.0,300.0
3154,POS消费,地点61,食堂,2014/08/30 09:08:40,6.0,294.0
3154,POS消费,地点21,开水,2014/08/30 09:55:20,21.0,273.0
3154,POS消费,地点6,淋浴,2014/08/30 11:49:46,4.0,269.0
3154,POS消费,地点822,食堂,2014/08/30 11:50:41,10.0,259.0
3154,POS消费,地点866,淋浴,2014/08/30 21:12:34,1.1,257.9
3154,POS消费,地点1451,校车,2014/08/31 11:02:22,1.0,256.9
3154,POS消费,地点1451,校车,2014/08/31 11:02:35,1.0,255.9
3154,POS消费,地点91,校车,2014/08/31 11:32:56,3.0,248.9
3154,POS消费,地点232,食堂,2014/08/31 11:36:25,4.0,251.9
3154,POS消费,地点526,食堂,2014/08/31 18:16:00,8.5,240.4
3154,POS消费,地点874,淋浴,2014/08/31 21:45:26,0.8,239.6
