31555,卡片开户,,,2014/07/16 15:02:05,0.0,0.0
31555,卡充值,,,2014/08/29 13:32:44,500.0,500.0
31555,POS消费,地点21,开水,2014/08/29 13:38:51,28.0,472.0
31555,POS消费,地点21,开水,2014/08/29 13:38:57,13.7,458.3
31555,POS消费,地点1620,开水,2014/08/29 14:34:59,0.01,458.29
31555,POS消费,地点1575,开水,2014/08/30 11:03:53,0.01,458.28
31555,POS消费,地点184,食堂,2014/08/30 11:32:48,5.1,453.18
31555,POS消费,地点184,食堂,2014/08/30 11:34:01,9.6,443.58
31555,POS消费,地点184,食堂,2014/08/30 11:34:11,6.0,437.58
31555,POS消费,地点184,食堂,2014/08/30 11:35:06,10.5,427.08
31555,POS消费,地点1620,开水,2014/08/30 15:15:18,0.01,427.07
31555,POS消费,地点237,食堂,2014/08/30 17:03:21,2.6,424.47
31555,POS消费,地点21,开水,2014/08/30 17:17:25,2.5,421.97
31555,POS消费,地点1620,开水,2014/08/30 18:43:06,0.01,421.96
31555,POS消费,地点21,开水,2014/08/31 07:55:44,2.2,419.76
31555,POS消费,地点1620,开水,2014/08/31 08:00:54,0.01,419.75
31555,POS消费,地点237,食堂,2014/08/31 11:03:45,1.6,418.15
31555,POS消费,地点65,食堂,2014/08/31 11:04:50,8.0,410.15
31555,POS消费,地点103,食堂,2014/08/31 17:51:52,7.6,402.55
31555,POS消费,地点1620,开水,2014/08/31 18:07:40,0.01,402.54
31555,POS消费,地点1654,淋浴,2014/08/31 21:31:52,0.6,401.94
