316,卡充值,,,2013/09/06 18:25:18,100.0,100.03
316,POS消费,地点188,超市,2013/09/06 18:31:47,19.4,80.63
316,POS消费,地点188,超市,2013/09/08 14:22:49,23.9,55.93
316,POS消费,地点21,开水,2013/09/08 19:23:09,7.0,48.93
316,POS消费,地点192,超市,2013/09/08 21:36:49,5.7,43.23
316,POS消费,地点118,食堂,2013/09/09 07:24:32,10.0,33.23
316,POS消费,地点219,超市,2013/09/09 18:25:07,18.5,14.73
316,POS消费,地点697,淋浴,2013/09/09 21:54:29,1.3,13.43
316,POS消费,地点118,食堂,2013/09/10 16:56:31,7.0,6.43
316,POS消费,地点192,超市,2013/09/10 19:15:49,3.5,2.93
316,POS消费,地点1028,淋浴,2013/09/12 15:48:43,0.8,6.46
316,POS消费,地点1028,淋浴,2013/09/12 15:55:32,0.8,0.86
316,POS消费,地点1028,淋浴,2013/09/12 15:59:42,0.8,0.06
316,POS消费,地点1029,淋浴,2013/09/12 16:17:50,0.1,2.11
316,POS消费,地点1028,淋浴,2013/09/12 16:28:35,1.2,0.04
316,POS消费,地点1029,淋浴,2013/09/12 16:29:22,0.1,10.61
316,POS消费,地点1029,淋浴,2013/09/12 17:15:50,0.8,34.86
316,POS消费,地点1028,淋浴,2013/09/12 17:26:18,0.8,79.83
316,POS消费,地点1029,淋浴,2013/09/12 17:29:09,0.1,7.26
316,POS消费,地点17,淋浴,2013/09/13 00:24:35,0.5,2.43
316,POS消费,地点17,淋浴,2013/09/14 02:49:40,0.7,1.73
316,POS消费,地点1031,淋浴,2013/09/14 20:23:46,1.3,0.43
316,POS消费,地点1031,淋浴,2013/09/21 01:05:19,0.4,0.03
316,卡充值,,,2013/09/29 08:30:56,50.0,50.03
316,POS消费,地点21,开水,2013/09/29 08:39:38,2.2,47.83
316,POS消费,地点188,超市,2013/09/29 08:50:42,23.9,23.93
316,POS消费,地点188,超市,2013/09/29 18:04:20,9.7,14.23
316,POS消费,地点699,淋浴,2013/09/30 07:07:29,1.5,12.73
316,POS消费,地点219,超市,2013/09/30 17:37:25,4.0,8.73
316,POS消费,地点219,超市,2013/09/30 17:42:33,4.0,4.73
316,POS消费,地点697,淋浴,2013/10/08 11:03:30,1.2,3.53
316,卡充值,,,2013/10/08 18:07:26,50.0,53.53
316,POS消费,地点192,超市,2013/10/08 18:15:07,19.7,33.83
316,POS消费,地点21,开水,2013/10/08 19:32:30,7.5,26.33
316,POS消费,地点118,食堂,2013/10/08 21:49:31,4.0,22.33
316,POS消费,地点118,食堂,2013/10/09 16:11:45,5.8,15.73
316,POS消费,地点192,超市,2013/10/10 12:40:39,7.8,7.93
316,POS消费,地点526,食堂,2013/10/10 19:26:49,5.9,2.03
316,POS消费,地点17,淋浴,2013/10/11 01:05:31,1.2,0.83
316,POS消费,地点176,开水,2013/10/12 21:00:12,0.01,0.82
316,POS消费,地点176,开水,2013/10/12 21:00:18,0.03,0.79
316,POS消费,地点956,淋浴,2013/10/12 21:06:44,0.7,21.53
316,POS消费,地点17,淋浴,2013/10/16 00:40:04,0.7,0.09
316,POS消费,地点176,开水,2013/10/18 12:04:04,0.04,0.05
316,POS消费,地点176,开水,2013/10/18 13:50:25,0.02,0.03
316,POS消费,地点176,开水,2013/10/18 14:17:06,0.02,0.01
316,卡充值,,,2013/10/22 15:16:31,50.0,50.01
316,POS消费,地点188,超市,2013/10/22 15:21:16,23.3,26.71
316,POS消费,地点192,超市,2013/10/22 15:22:14,2.2,24.51
316,POS消费,地点21,开水,2013/10/22 18:06:48,5.7,18.81
316,POS消费,地点176,开水,2013/10/23 00:09:40,0.03,18.78
316,POS消费,地点188,超市,2013/10/23 21:05:00,5.5,13.28
316,POS消费,地点21,开水,2013/10/23 22:29:50,3.0,10.28
316,POS消费,地点192,超市,2013/10/24 14:25:53,3.0,7.28
316,POS消费,地点192,超市,2013/10/24 19:35:33,4.0,3.28
316,POS消费,地点1031,淋浴,2013/10/25 02:15:07,1.3,1.98
316,POS消费,地点176,开水,2013/10/27 03:18:56,0.05,1.93
316,POS消费,地点1029,淋浴,2013/10/27 18:20:14,0.1,1.83
316,POS消费,地点17,淋浴,2013/10/27 18:25:09,1.2,0.63
316,POS消费,地点1031,淋浴,2013/11/01 00:33:31,0.6,0.03
316,卡充值,,,2013/11/05 12:30:41,20.0,20.03
316,POS消费,地点192,超市,2013/11/05 12:49:53,9.7,10.33
316,POS消费,地点21,开水,2013/11/05 18:16:51,2.4,7.93
316,POS消费,地点61,食堂,2013/11/05 18:18:31,4.0,3.93
316,POS消费,地点213,食堂,2013/11/06 10:59:52,1.65,2.28
316,POS消费,地点188,超市,2013/11/07 18:49:21,1.0,1.28
316,POS消费,地点1031,淋浴,2013/11/09 02:27:25,0.8,0.48
316,卡充值,,,2013/11/09 14:06:41,50.0,50.48
316,POS消费,地点188,超市,2013/11/09 14:11:48,15.1,35.38
316,POS消费,地点219,超市,2013/11/09 17:37:40,8.0,27.38
316,POS消费,地点192,超市,2013/11/09 18:12:40,11.8,15.58
316,POS消费,地点17,淋浴,2013/11/10 00:49:19,0.5,15.08
316,POS消费,地点188,超市,2013/11/10 08:57:40,7.4,7.68
316,POS消费,地点21,开水,2013/11/10 11:47:29,4.5,3.18
316,POS消费,地点12,文印中心,2013/11/10 15:54:25,-0.48,2.4
316,POS消费,地点12,文印中心,2013/11/10 15:54:25,1.26,1.92
316,POS消费,地点12,文印中心,2013/11/10 16:19:57,-1.02,2.16
316,POS消费,地点12,文印中心,2013/11/10 16:19:57,1.26,1.14
316,POS消费,地点152,洗衣房,2013/11/10 16:25:51,-0.9,1.8
316,POS消费,地点152,洗衣房,2013/11/10 16:25:51,1.26,0.9
316,POS消费,地点837,校车,2013/11/10 17:44:38,1.0,0.8
316,POS消费,地点17,淋浴,2013/11/12 11:07:57,0.8,0.0
316,卡充值,,,2013/11/19 09:20:56,50.0,50.0
316,POS消费,地点188,超市,2013/11/19 09:27:13,22.0,28.0
316,POS消费,地点21,开水,2013/11/19 18:08:59,2.0,26.0
316,POS消费,地点237,食堂,2013/11/19 18:12:47,1.0,25.0
316,POS消费,地点192,超市,2013/11/19 18:26:51,8.3,16.7
316,POS消费,地点21,开水,2013/11/20 07:29:54,2.9,13.8
316,POS消费,地点219,超市,2013/11/20 18:21:59,3.0,10.8
316,POS消费,地点192,超市,2013/11/20 18:45:38,8.2,2.6
316,POS消费,地点17,淋浴,2013/11/21 00:19:18,1.3,1.3
316,POS消费,地点1031,淋浴,2013/11/24 02:35:12,1.1,0.2
316,POS消费,地点21,开水,2013/11/30 13:34:13,0.01,0.19
316,卡充值,,,2013/12/16 14:50:53,20.0,20.19
316,POS消费,地点188,超市,2013/12/16 14:54:40,18.4,1.79
316,卡充值,,,2013/12/17 17:45:18,20.0,21.79
316,POS消费,地点188,超市,2013/12/17 17:48:26,5.7,16.09
316,POS消费,地点1031,淋浴,2013/12/17 22:40:13,0.9,15.19
316,POS消费,地点526,食堂,2013/12/19 12:16:19,6.8,8.39
316,POS消费,地点17,淋浴,2013/12/20 00:18:33,0.9,7.49
316,POS消费,地点21,开水,2013/12/20 15:07:26,5.7,1.79
316,POS消费,地点17,淋浴,2013/12/24 21:16:35,1.5,0.29
316,POS消费,地点21,开水,2013/12/30 13:08:40,0.01,0.28
316,卡充值,,,2014/01/06 15:42:13,20.0,20.28
316,POS消费,地点21,开水,2014/01/06 15:45:00,6.9,13.38
316,POS消费,地点192,超市,2014/01/09 16:30:51,10.0,3.38
316,POS消费,地点17,淋浴,2014/01/10 21:22:59,2.3,1.08
316,POS消费,地点17,淋浴,2014/01/12 01:19:38,0.1,0.98
316,卡充值,,,2014/01/13 18:04:24,50.0,50.98
316,卡片销户,,,2014/01/13 18:04:43,50.98,0.0
316,卡片开户,,,2014/01/13 18:05:06,20.98,20.98
316,POS消费,地点192,超市,2014/01/13 18:09:14,10.5,10.48
316,POS消费,地点17,淋浴,2014/01/13 23:33:47,1.0,9.48
316,POS消费,地点21,开水,2014/01/14 00:47:53,0.01,9.47
316,POS消费,地点1031,淋浴,2014/01/15 00:10:45,0.9,8.57
316,卡挂失,,,2014/02/26 11:58:22,0.0,0.0
316,卡片开户,,,2014/02/26 12:36:03,20.0,5.0
316,POS消费,地点21,开水,2014/02/26 12:40:20,3.2,1.8
316,POS消费,地点21,开水,2014/02/28 00:01:58,0.01,1.79
316,POS消费,地点17,淋浴,2014/03/02 13:56:05,1.0,0.79
316,POS消费,地点17,淋浴,2014/03/02 14:19:18,0.1,0.69
316,卡片销户,,,2014/03/02 14:44:39,0.69,0.0
316,卡补办,,,2014/03/02 14:45:28,65.69,59.26
316,更新卡信息,,,2014/03/02 14:45:50,0.0,0.0
316,POS消费,地点195,超市,2014/03/02 15:36:40,10.0,49.26
316,POS消费,地点188,超市,2014/03/03 13:18:35,15.9,33.36
316,POS消费,地点188,超市,2014/03/03 16:16:26,7.5,25.86
316,POS消费,地点188,超市,2014/03/04 15:10:48,10.0,15.86
316,POS消费,地点219,超市,2014/03/04 17:47:29,4.0,11.86
316,POS消费,地点21,开水,2014/03/05 17:10:33,0.01,11.85
316,POS消费,地点195,超市,2014/03/05 21:22:33,6.5,5.35
316,POS消费,地点21,开水,2014/03/06 16:52:38,0.01,5.34
316,POS消费,地点21,开水,2014/03/08 16:37:40,0.01,5.33
316,POS消费,地点49,淋浴,2014/03/09 23:01:12,1.4,3.93
316,POS消费,地点21,开水,2014/03/11 19:53:03,0.01,3.92
316,POS消费,地点17,淋浴,2014/03/11 22:12:38,1.1,2.82
316,卡充值,,,2014/03/12 12:01:24,50.0,52.82
316,POS消费,地点188,超市,2014/03/12 12:07:33,13.0,39.82
316,POS消费,地点203,食堂,2014/03/13 19:12:48,7.5,32.32
316,POS消费,地点192,超市,2014/03/13 21:40:43,7.0,25.32
316,POS消费,地点192,超市,2014/03/14 15:31:07,15.3,10.02
316,POS消费,地点17,淋浴,2014/03/15 23:09:39,0.9,9.12
316,POS消费,地点188,超市,2014/03/16 13:41:29,6.0,3.12
316,POS消费,地点1031,淋浴,2014/03/16 21:17:12,1.8,1.32
316,POS消费,地点49,淋浴,2014/03/18 20:17:20,1.2,0.12
316,POS消费,地点176,开水,2014/03/25 19:46:01,0.02,0.1
316,卡充值,,,2014/04/09 14:18:28,20.0,20.1
316,POS消费,地点21,开水,2014/04/09 14:32:31,8.8,11.3
316,POS消费,地点17,淋浴,2014/04/09 15:14:34,0.5,10.8
316,POS消费,地点203,食堂,2014/04/09 18:11:59,7.5,3.3
316,POS消费,地点176,开水,2014/04/12 22:23:59,0.01,3.28
316,POS消费,地点176,开水,2014/04/12 22:47:24,0.01,3.29
316,POS消费,地点1031,淋浴,2014/04/13 20:13:05,0.1,3.18
316,卡充值,,,2014/04/14 16:10:14,20.0,22.18
316,POS消费,地点21,开水,2014/04/14 16:13:33,6.0,16.18
316,POS消费,地点192,超市,2014/04/14 16:15:48,3.5,12.68
316,POS消费,地点176,开水,2014/04/14 23:50:54,0.02,12.66
316,POS消费,地点176,开水,2014/04/14 23:51:30,0.08,12.58
316,POS消费,地点263,食堂,2014/04/15 12:13:59,4.6,7.98
316,POS消费,地点188,超市,2014/04/15 22:16:21,5.0,2.98
316,POS消费,地点176,开水,2014/04/15 22:49:20,0.02,2.96
316,POS消费,地点1447,校车,2014/04/16 13:50:59,1.0,1.96
316,POS消费,地点17,淋浴,2014/04/19 02:24:10,1.3,0.66
316,卡充值,,,2014/04/21 16:15:04,50.0,50.66
316,POS消费,地点188,超市,2014/04/21 16:20:45,14.9,35.76
316,POS消费,地点203,食堂,2014/04/22 16:52:16,7.5,28.26
316,POS消费,地点307,食堂,2014/04/22 17:00:10,6.0,22.26
316,POS消费,地点118,食堂,2014/04/23 15:59:42,3.7,18.56
316,POS消费,地点188,超市,2014/04/23 18:08:12,6.0,12.56
316,POS消费,地点21,开水,2014/04/23 18:20:03,7.6,4.96
316,POS消费,地点1029,淋浴,2014/04/26 10:12:25,0.9,4.06
316,POS消费,地点1029,淋浴,2014/04/28 19:24:08,1.4,2.66
316,POS消费,地点1591,洗衣房,2014/04/29 15:50:26,-1.14,2.6
316,POS消费,地点1591,洗衣房,2014/04/29 15:50:26,1.2,1.46
316,POS消费,地点1591,洗衣房,2014/04/29 15:53:04,1.2,1.4
316,POS消费,地点1029,淋浴,2014/05/07 02:30:19,0.9,0.48
316,卡充值,,,2014/05/07 16:14:58,50.0,50.48
316,POS消费,地点188,超市,2014/05/07 16:19:52,22.2,28.28
316,POS消费,地点526,食堂,2014/05/07 20:03:13,5.5,22.78
316,POS消费,地点21,开水,2014/05/07 21:57:47,8.0,14.78
316,POS消费,地点188,超市,2014/05/08 16:11:47,6.0,8.78
316,POS消费,地点526,食堂,2014/05/12 19:32:33,5.0,3.78
316,POS消费,地点1472,校车,2014/05/21 19:47:32,1.0,2.78
316,卡充值,,,2014/05/23 17:49:30,50.0,52.78
316,POS消费,地点188,超市,2014/05/23 17:51:57,16.0,36.78
316,POS消费,地点21,开水,2014/05/24 20:07:02,7.0,29.78
316,POS消费,地点254,食堂,2014/05/24 20:22:41,1.0,28.78
316,POS消费,地点188,超市,2014/05/27 21:17:06,13.9,14.88
316,POS消费,地点21,开水,2014/05/28 16:33:18,6.5,8.38
316,POS消费,地点21,开水,2014/06/03 17:35:01,3.6,4.78
316,卡充值,,,2014/06/08 16:23:03,20.0,24.78
316,POS消费,地点26,图书馆,2014/06/08 20:00:17,9.4,15.38
316,POS消费,地点526,食堂,2014/06/08 21:26:27,2.0,13.38
316,POS消费,地点526,食堂,2014/06/10 21:30:35,4.9,8.48
316,POS消费,地点192,超市,2014/06/11 18:56:32,2.5,5.98
316,POS消费,地点188,超市,2014/06/12 16:11:03,2.8,3.18
316,POS消费,地点837,校车,2014/06/29 20:07:03,1.0,2.18
316,卡充值,,,2014/07/06 15:57:48,20.0,22.18
316,POS消费,地点21,开水,2014/07/06 15:59:39,10.7,11.48
