31604,卡片开户,,,2014/07/19 16:16:51,0.0,0.0
31604,卡充值,,,2014/08/29 17:57:03,300.0,300.0
31604,POS消费,地点203,食堂,2014/08/29 19:53:18,20.5,279.5
31604,POS消费,地点567,开水,2014/08/30 11:41:55,0.01,279.49
31604,POS消费,地点69,食堂,2014/08/30 12:17:50,3.8,275.69
31604,POS消费,地点69,食堂,2014/08/30 12:18:01,3.8,271.89
31604,POS消费,地点69,食堂,2014/08/30 12:18:28,9.6,262.29
31604,POS消费,地点816,校车,2014/08/30 13:46:22,1.0,261.29
31604,POS消费,地点816,校车,2014/08/30 13:46:28,1.0,260.29
31604,POS消费,地点816,校车,2014/08/30 13:46:34,1.0,259.29
31604,POS消费,地点21,开水,2014/08/30 17:35:21,4.6,254.69
31604,POS消费,地点21,开水,2014/08/30 17:38:23,1.2,250.39
31604,POS消费,地点21,开水,2014/08/30 17:38:34,1.5,248.89
31604,POS消费,地点21,开水,2014/08/30 17:38:51,-1.5,250.39
31604,POS消费,地点21,开水,2014/08/30 17:39:00,1.5,248.89
31604,POS消费,地点21,开水,2014/08/30 17:50:58,3.1,251.59
31604,POS消费,地点21,开水,2014/08/31 07:59:01,1.5,245.99
31604,POS消费,地点157,食堂,2014/08/31 08:08:11,1.4,247.49
31604,POS消费,地点526,食堂,2014/08/31 11:51:01,8.0,237.99
31604,POS消费,地点91,校车,2014/08/31 11:55:22,5.6,232.39
31604,POS消费,地点1451,校车,2014/08/31 17:09:50,1.0,231.39
31604,POS消费,地点1472,校车,2014/08/31 17:40:29,1.0,230.39
31604,POS消费,地点61,食堂,2014/08/31 18:18:52,8.1,222.29
31604,POS消费,地点1538,淋浴,2014/08/31 21:24:21,0.4,221.89
31604,POS消费,地点567,开水,2014/08/31 22:09:45,0.01,221.88
