31609,卡片开户,,,2014/07/10 14:27:00,0.0,0.0
31609,卡充值,,,2014/08/29 12:33:32,1000.0,1000.0
31609,POS消费,地点161,食堂,2014/08/29 12:56:08,15.6,984.4
31609,POS消费,地点837,校车,2014/08/29 19:32:32,1.0,983.38
31609,POS消费,地点146,校车,2014/08/29 20:51:24,1.0,982.38
31609,POS消费,地点60,食堂,2014/08/30 07:36:43,0.8,981.58
31609,POS消费,地点222,校车,2014/08/30 07:46:55,1.0,980.58
31609,POS消费,地点816,校车,2014/08/30 10:29:34,1.0,979.58
31609,POS消费,地点232,食堂,2014/08/30 12:14:55,8.0,971.58
31609,POS消费,地点134,食堂,2014/08/31 08:20:02,0.8,970.76
31609,POS消费,地点103,食堂,2014/08/31 08:28:12,1.6,969.16
31609,POS消费,地点249,食堂,2014/08/31 11:59:05,10.6,958.56
31609,POS消费,地点190,超市,2014/08/31 12:12:00,5.0,953.56
31609,POS消费,地点1853,开水,2014/08/31 12:17:03,0.07,953.49
31609,POS消费,地点1914,淋浴,2014/08/31 13:17:02,0.9,952.59
31609,POS消费,地点21,开水,2014/08/31 22:18:42,8.4,944.19
