31647,卡片开户,,,2014/07/20 10:31:27,0.0,0.0
31647,卡充值,,,2014/08/29 12:12:21,300.0,300.0
31647,POS消费,地点179,食堂,2014/08/29 12:29:21,12.6,287.4
31647,POS消费,地点1588,食堂,2014/08/29 12:29:43,11.1,276.3
31647,POS消费,地点179,食堂,2014/08/29 12:43:36,0.4,275.9
31647,POS消费,地点134,食堂,2014/08/29 19:01:56,9.6,266.3
31647,POS消费,地点1596,食堂,2014/08/29 19:03:25,5.6,260.7
31647,POS消费,地点188,超市,2014/08/29 19:36:10,100.0,160.7
31647,POS消费,地点188,超市,2014/08/29 19:36:21,19.9,140.8
31647,POS消费,地点21,开水,2014/08/29 20:10:39,51.8,89.0
31647,POS消费,地点1915,淋浴,2014/08/29 22:05:29,0.6,88.4
31647,POS消费,地点1915,淋浴,2014/08/29 22:07:57,0.3,88.1
31647,POS消费,地点195,超市,2014/08/30 09:53:21,28.0,60.1
31647,卡充值,,,2014/08/30 10:01:43,500.0,560.1
31647,POS消费,地点21,开水,2014/08/30 10:32:18,6.0,554.1
31647,POS消费,地点82,食堂,2014/08/30 12:04:16,5.9,548.2
31647,POS消费,地点1902,开水,2014/08/30 14:25:50,0.01,548.19
31647,POS消费,地点21,开水,2014/08/30 18:02:12,5.6,542.59
31647,POS消费,地点1895,开水,2014/08/30 22:03:31,0.01,542.58
31647,POS消费,地点60,食堂,2014/08/31 07:53:28,0.8,541.78
31647,POS消费,地点21,开水,2014/08/31 07:54:12,4.4,537.38
31647,POS消费,地点21,开水,2014/08/31 12:01:06,4.6,532.78
31647,POS消费,地点188,超市,2014/08/31 14:03:09,1.5,531.28
31647,POS消费,地点232,食堂,2014/08/31 17:47:17,4.5,526.78
31647,POS消费,地点1915,淋浴,2014/08/31 19:03:23,0.7,526.08
