31653,卡片开户,,,2014/07/19 09:41:49,0.0,0.0
31653,卡充值,,,2014/08/28 08:46:56,500.0,500.0
31653,POS消费,地点70,食堂,2014/08/28 08:48:44,2.5,497.5
31653,POS消费,地点314,食堂,2014/08/28 10:14:28,32.3,465.2
31653,POS消费,地点314,食堂,2014/08/28 10:14:41,100.0,365.2
31653,POS消费,地点26,图书馆,2014/08/28 18:50:13,59.1,306.1
31653,POS消费,地点1905,淋浴,2014/08/28 20:25:30,0.3,305.8
31653,POS消费,地点70,食堂,2014/08/29 07:28:33,2.5,303.3
31653,POS消费,地点114,食堂,2014/08/29 13:25:09,2.0,301.3
31653,POS消费,地点1674,食堂,2014/08/29 17:39:15,2.6,298.7
31653,POS消费,地点1905,淋浴,2014/08/29 22:33:17,0.7,298.0
31653,POS消费,地点1880,洗衣房,2014/08/29 22:54:59,3.6,294.4
31653,POS消费,地点65,食堂,2014/08/30 07:53:42,0.5,293.9
31653,POS消费,地点114,食堂,2014/08/30 10:04:54,2.0,291.9
31653,POS消费,地点1545,食堂,2014/08/30 12:05:03,3.2,288.7
31653,POS消费,地点239,食堂,2014/08/30 12:19:20,2.3,286.4
31653,POS消费,地点21,开水,2014/08/30 17:55:24,5.2,281.2
31653,POS消费,地点251,食堂,2014/08/30 18:09:37,1.5,279.7
31653,POS消费,地点65,食堂,2014/08/31 07:26:45,0.8,278.9
31653,POS消费,地点21,开水,2014/08/31 07:30:37,2.2,276.7
31653,POS消费,地点1961,超市,2014/08/31 10:35:46,3.0,273.7
31653,POS消费,地点251,食堂,2014/08/31 11:28:39,1.0,272.7
31653,POS消费,地点251,食堂,2014/08/31 11:30:07,1.0,270.5
31653,POS消费,地点21,开水,2014/08/31 11:31:17,1.2,271.5
31653,POS消费,地点1880,洗衣房,2014/08/31 12:01:04,3.6,266.9
31653,POS消费,地点61,食堂,2014/08/31 18:36:53,8.6,258.3
