31690,卡片开户,,,2014/07/21 09:53:19,0.0,0.0
31690,卡充值,,,2014/08/27 11:05:24,150.0,150.0
31690,卡充值,,,2014/08/27 11:05:54,100.0,250.0
31690,POS消费,地点21,开水,2014/08/27 12:00:01,30.0,220.0
31690,POS消费,地点21,开水,2014/08/27 12:00:04,30.0,190.0
31690,POS消费,地点21,开水,2014/08/27 12:00:09,30.0,160.0
31690,POS消费,地点21,开水,2014/08/27 12:00:24,30.0,130.0
31690,POS消费,地点21,开水,2014/08/27 12:00:33,30.0,100.0
31690,POS消费,地点21,开水,2014/08/27 12:00:42,30.0,70.0
31690,POS消费,地点21,开水,2014/08/27 12:00:50,0.2,69.8
31690,POS消费,地点21,开水,2014/08/27 14:26:07,1.0,68.8
31690,POS消费,地点222,校车,2014/08/27 17:44:03,1.0,67.8
31690,POS消费,地点222,校车,2014/08/27 17:46:05,1.0,66.8
31690,POS消费,地点69,食堂,2014/08/28 07:31:10,7.4,57.5
31690,POS消费,地点60,食堂,2014/08/28 07:38:25,1.9,64.9
31690,POS消费,地点60,食堂,2014/08/28 07:41:18,0.6,56.9
31690,POS消费,地点72,食堂,2014/08/28 07:44:09,4.66,52.24
31690,POS消费,地点192,超市,2014/08/28 10:33:18,2.5,49.74
31690,POS消费,地点808,淋浴,2014/08/28 10:56:20,0.1,49.54
31690,POS消费,地点808,淋浴,2014/08/28 10:56:27,0.1,49.04
31690,POS消费,地点808,淋浴,2014/08/28 10:57:59,0.1,49.64
31690,POS消费,地点808,淋浴,2014/08/28 10:58:06,0.4,49.14
31690,卡充值,,,2014/08/28 15:06:09,200.0,249.04
31690,POS消费,地点26,图书馆,2014/08/28 23:15:04,0.3,248.74
31690,POS消费,地点26,图书馆,2014/08/28 23:19:20,1.0,247.74
31690,POS消费,地点69,食堂,2014/08/29 07:24:22,2.43,245.31
31690,POS消费,地点26,图书馆,2014/08/29 09:27:03,28.0,217.31
31690,POS消费,地点26,图书馆,2014/08/29 09:33:38,6.5,210.81
31690,POS消费,地点1447,校车,2014/08/29 10:05:11,1.0,209.81
31690,POS消费,地点211,校车,2014/08/29 10:57:21,1.0,208.81
31690,POS消费,地点251,食堂,2014/08/29 11:12:35,1.0,207.81
31690,POS消费,地点21,开水,2014/08/29 11:15:05,1.8,206.01
31690,POS消费,地点188,超市,2014/08/29 16:41:54,37.0,169.01
31690,POS消费,地点808,淋浴,2014/08/29 18:09:00,0.9,168.11
31690,POS消费,地点808,淋浴,2014/08/29 18:18:09,1.3,166.81
31690,POS消费,地点21,开水,2014/08/30 12:05:11,7.6,159.21
31690,POS消费,地点808,淋浴,2014/08/30 13:41:44,0.6,158.61
31690,POS消费,地点21,开水,2014/08/30 18:23:05,4.2,154.41
31690,POS消费,地点192,超市,2014/08/30 19:10:14,7.4,147.01
31690,POS消费,地点40,淋浴,2014/08/30 21:45:47,0.8,146.21
31690,POS消费,地点40,淋浴,2014/08/30 21:57:02,0.2,146.01
31690,POS消费,地点21,开水,2014/08/31 07:29:48,2.2,143.81
31690,POS消费,地点91,校车,2014/08/31 10:57:34,5.0,138.81
31690,POS消费,地点21,开水,2014/08/31 16:40:56,4.4,134.41
31690,POS消费,地点251,食堂,2014/08/31 17:54:44,1.0,133.41
31690,POS消费,地点218,食堂,2014/08/31 17:58:04,1.8,131.61
31690,POS消费,地点21,开水,2014/08/31 20:18:47,2.8,128.81
31690,POS消费,地点26,图书馆,2014/08/31 23:26:28,0.8,128.01
