31787,卡片开户,,,2014/07/19 11:13:31,0.0,0.0
31787,卡充值,,,2014/08/29 10:33:10,300.0,300.0
31787,POS消费,地点87,食堂,2014/08/29 11:44:39,4.0,276.4
31787,POS消费,地点61,食堂,2014/08/29 11:44:58,6.6,293.4
31787,POS消费,地点61,食堂,2014/08/29 11:45:23,6.6,286.8
31787,POS消费,地点61,食堂,2014/08/29 11:45:41,6.4,280.4
31787,POS消费,地点232,食堂,2014/08/29 17:57:43,8.0,268.4
31787,POS消费,地点114,食堂,2014/08/29 18:17:42,5.0,263.4
31787,POS消费,地点218,食堂,2014/08/29 18:18:18,1.8,261.6
31787,POS消费,地点1671,开水,2014/08/30 11:08:26,0.01,261.59
31787,POS消费,地点26,图书馆,2014/08/30 12:00:24,0.8,260.79
31787,POS消费,地点114,食堂,2014/08/30 12:58:08,10.0,250.79
31787,POS消费,地点203,食堂,2014/08/30 18:50:13,6.5,244.29
31787,POS消费,地点1658,淋浴,2014/08/30 19:25:12,0.1,244.19
31787,POS消费,地点1658,淋浴,2014/08/30 19:25:22,0.3,243.89
31787,POS消费,地点61,食堂,2014/08/31 17:01:49,5.8,238.09
31787,POS消费,地点192,超市,2014/08/31 18:04:34,30.0,208.09
31787,POS消费,地点192,超市,2014/08/31 18:04:40,24.5,183.59
31787,POS消费,地点1585,淋浴,2014/08/31 18:24:05,0.01,183.58
31787,POS消费,地点1671,开水,2014/08/31 18:24:38,0.02,183.56
