31782,卡片开户,,,2014/07/15 12:12:28,0.0,0.0
31782,卡充值,,,2014/08/29 10:10:06,500.0,500.0
31782,POS消费,地点314,食堂,2014/08/29 11:22:07,28.0,472.0
31782,POS消费,地点232,食堂,2014/08/29 11:42:05,2.1,469.9
31782,POS消费,地点91,校车,2014/08/29 11:43:12,4.0,465.9
31782,POS消费,地点91,校车,2014/08/29 11:44:07,3.0,462.9
31782,POS消费,地点21,开水,2014/08/29 11:44:49,1.6,461.3
31782,POS消费,地点91,校车,2014/08/29 11:45:44,4.0,457.3
31782,POS消费,地点809,洗衣房,2014/08/29 18:25:21,3.6,453.7
31782,POS消费,地点809,洗衣房,2014/08/29 18:25:21,-3.48,457.18
31782,POS消费,地点809,洗衣房,2014/08/29 18:27:17,-3.54,457.12
31782,POS消费,地点809,洗衣房,2014/08/29 18:27:17,3.6,453.58
31782,POS消费,地点759,洗衣房,2014/08/29 18:27:37,3.6,453.52
31782,POS消费,地点759,洗衣房,2014/08/29 18:27:37,-3.36,456.88
31782,POS消费,地点759,洗衣房,2014/08/29 18:31:21,3.6,453.28
31782,POS消费,地点759,洗衣房,2014/08/29 19:03:48,-1.74,455.02
31782,POS消费,地点203,食堂,2014/08/29 19:47:47,6.5,448.52
31782,POS消费,地点203,食堂,2014/08/29 19:48:21,6.5,442.02
31782,POS消费,地点168,食堂,2014/08/29 19:49:38,5.5,436.52
31782,POS消费,地点168,食堂,2014/08/29 19:50:34,5.5,431.02
31782,POS消费,地点72,食堂,2014/08/30 08:17:01,5.1,425.92
31782,POS消费,地点91,校车,2014/08/30 11:54:18,11.8,414.12
31782,POS消费,地点91,校车,2014/08/30 12:04:47,3.0,393.12
31782,POS消费,地点232,食堂,2014/08/30 12:07:57,10.0,404.12
31782,POS消费,地点232,食堂,2014/08/30 12:08:40,8.0,396.12
31782,POS消费,地点759,洗衣房,2014/08/30 12:59:57,-0.18,389.7
31782,POS消费,地点759,洗衣房,2014/08/30 12:59:57,3.6,389.52
31782,POS消费,地点91,校车,2014/08/31 11:07:06,10.9,378.8
31782,POS消费,地点91,校车,2014/08/31 11:07:21,0.9,377.9
31782,POS消费,地点230,食堂,2014/08/31 17:58:10,5.0,372.9
31782,POS消费,地点188,超市,2014/08/31 21:43:02,3.5,369.4
31782,POS消费,地点809,洗衣房,2014/08/31 23:13:40,3.6,365.8
31782,POS消费,地点809,洗衣房,2014/08/31 23:13:40,-1.74,367.54
