31866,POS消费,地点26,图书馆,2014/06/30 11:00:12,0.0,0.0
31866,POS消费,地点26,图书馆,2014/06/30 11:00:12,0.1,1.18
31866,卡片开户,,,2014/07/18 11:02:05,0.0,0.0
31866,卡充值,,,2014/08/30 09:47:06,300.0,300.0
31866,POS消费,地点213,食堂,2014/08/30 10:35:21,0.65,299.35
31866,POS消费,地点816,校车,2014/08/30 10:52:45,1.0,298.35
31866,POS消费,地点1890,开水,2014/08/30 20:37:46,0.17,298.18
31866,POS消费,地点1919,淋浴,2014/08/30 22:49:11,0.1,298.08
31866,POS消费,地点1919,淋浴,2014/08/30 22:49:48,0.7,297.38
31866,POS消费,地点1890,开水,2014/08/30 23:21:17,0.16,297.22
31866,POS消费,地点1890,开水,2014/08/31 07:25:11,0.17,297.05
31866,POS消费,地点124,食堂,2014/08/31 08:05:07,3.0,294.05
31866,POS消费,地点124,食堂,2014/08/31 08:13:39,1.0,293.05
31866,POS消费,地点1890,开水,2014/08/31 11:44:33,0.12,292.93
31866,POS消费,地点203,食堂,2014/08/31 16:53:53,6.5,286.43
31866,POS消费,地点1919,淋浴,2014/08/31 17:24:28,1.6,284.83
31866,POS消费,地点1890,开水,2014/08/31 19:18:27,0.17,284.66
