31942,卡片开户,,,2014/07/19 15:33:02,0.0,0.0
31942,卡充值,,,2014/08/27 18:08:36,300.0,300.0
31942,POS消费,地点188,超市,2014/08/27 18:13:36,79.4,220.6
31942,POS消费,地点188,超市,2014/08/27 18:13:44,100.0,120.6
31942,卡充值,,,2014/08/28 16:22:19,800.0,920.6
31942,POS消费,地点21,开水,2014/08/28 17:10:13,4.0,916.6
31942,POS消费,地点21,开水,2014/08/28 17:10:33,4.0,912.6
31942,POS消费,地点188,超市,2014/08/28 17:36:08,46.2,866.4
31942,POS消费,地点188,超市,2014/08/28 17:51:41,37.1,829.3
31942,POS消费,地点188,超市,2014/08/28 19:16:41,5.0,824.3
31942,POS消费,地点1616,开水,2014/08/28 21:24:45,0.01,824.29
31942,POS消费,地点21,开水,2014/08/29 08:57:25,9.2,815.09
31942,POS消费,地点188,超市,2014/08/29 09:01:26,1.5,813.59
31942,POS消费,地点1616,开水,2014/08/29 14:21:25,0.01,813.58
31942,POS消费,地点192,超市,2014/08/29 14:50:28,3.2,810.38
31942,POS消费,地点1616,开水,2014/08/29 15:16:15,0.01,810.37
31942,POS消费,地点232,食堂,2014/08/29 17:09:01,10.0,800.37
31942,POS消费,地点1935,开水,2014/08/29 18:55:05,0.01,800.35
31942,POS消费,地点1616,开水,2014/08/29 18:56:26,0.01,800.34
31942,POS消费,地点1616,开水,2014/08/29 18:57:09,0.01,800.36
31942,POS消费,地点1616,开水,2014/08/30 07:50:23,0.01,800.33
31942,POS消费,地点89,食堂,2014/08/30 08:16:26,3.0,797.33
31942,POS消费,地点1674,食堂,2014/08/30 11:54:17,4.2,778.13
31942,POS消费,地点972,食堂,2014/08/30 12:07:29,15.0,782.33
31942,POS消费,地点192,超市,2014/08/30 15:07:23,4.8,773.33
31942,POS消费,地点1616,开水,2014/08/30 16:52:42,0.01,773.32
31942,POS消费,地点232,食堂,2014/08/30 17:49:58,10.0,763.32
31942,POS消费,地点232,食堂,2014/08/30 17:57:21,33.0,730.32
31942,POS消费,地点1862,淋浴,2014/08/30 21:57:38,0.1,730.22
31942,POS消费,地点1862,淋浴,2014/08/30 21:58:24,0.4,729.82
31942,POS消费,地点124,食堂,2014/08/31 07:42:44,4.5,725.32
31942,POS消费,地点1935,开水,2014/08/31 18:39:50,0.06,725.26
31942,POS消费,地点1935,开水,2014/08/31 21:43:34,0.01,725.25
