32117,卡片开户,,,2014/07/16 14:06:49,0.0,0.0
32117,卡充值,,,2014/08/29 09:11:32,500.0,500.0
32117,POS消费,地点70,食堂,2014/08/29 09:12:13,6.0,494.0
32117,POS消费,地点82,食堂,2014/08/29 11:41:56,7.6,486.4
32117,POS消费,地点82,食堂,2014/08/29 11:42:14,6.3,480.1
32117,POS消费,地点89,食堂,2014/08/29 18:06:07,9.0,471.1
32117,POS消费,地点1961,超市,2014/08/30 10:39:00,28.0,443.1
32117,POS消费,地点1960,洗衣房,2014/08/30 11:12:06,3.6,439.5
32117,POS消费,地点1960,洗衣房,2014/08/30 11:15:49,-3.36,442.86
32117,POS消费,地点566,开水,2014/08/30 11:16:23,0.01,442.85
32117,POS消费,地点232,食堂,2014/08/30 11:55:49,6.6,436.25
32117,POS消费,地点232,食堂,2014/08/30 11:55:59,5.6,430.65
32117,POS消费,地点232,食堂,2014/08/30 12:18:47,3.5,421.55
32117,POS消费,地点1533,淋浴,2014/08/30 17:09:18,0.1,421.45
32117,POS消费,地点1533,淋浴,2014/08/30 17:13:50,0.2,421.25
32117,POS消费,地点326,洗衣房,2014/08/30 17:20:47,0.3,420.95
32117,POS消费,地点21,开水,2014/08/30 18:04:35,4.6,416.35
32117,POS消费,地点21,开水,2014/08/30 18:04:58,4.6,411.75
32117,POS消费,地点566,开水,2014/08/31 07:15:07,0.01,411.74
32117,POS消费,地点60,食堂,2014/08/31 08:17:56,0.8,410.94
32117,POS消费,地点60,食堂,2014/08/31 08:18:06,0.2,410.74
32117,POS消费,地点61,食堂,2014/08/31 08:29:33,2.2,408.54
32117,POS消费,地点124,食堂,2014/08/31 11:58:24,4.5,395.64
32117,POS消费,地点1596,食堂,2014/08/31 12:08:37,8.4,400.14
32117,POS消费,地点566,开水,2014/08/31 12:42:54,0.01,395.63
32117,POS消费,地点65,食堂,2014/08/31 17:36:34,9.6,386.03
32117,POS消费,地点65,食堂,2014/08/31 17:36:45,5.6,380.43
32117,POS消费,地点21,开水,2014/08/31 18:00:24,25.1,355.33
32117,POS消费,地点326,洗衣房,2014/08/31 22:41:11,0.3,355.03
