32192,卡片开户,,,2014/07/16 10:36:58,0.0,0.0
32192,卡充值,,,2014/08/30 12:55:14,600.0,600.0
32192,POS消费,地点72,食堂,2014/08/30 18:10:08,5.1,594.9
32192,POS消费,地点72,食堂,2014/08/30 18:10:26,5.1,589.8
32192,POS消费,地点237,食堂,2014/08/30 18:12:25,1.0,588.8
32192,POS消费,地点237,食堂,2014/08/30 18:12:28,1.0,587.8
32192,POS消费,地点1447,校车,2014/08/31 10:25:41,1.0,586.8
32192,POS消费,地点195,超市,2014/08/31 10:56:39,28.0,558.8
32192,POS消费,地点1592,开水,2014/08/31 22:08:22,0.06,558.74
32192,POS消费,地点1657,淋浴,2014/08/31 22:39:20,0.7,558.04
