32212,卡片开户,,,2014/07/18 11:50:37,0.0,0.0
32212,卡充值,,,2014/08/28 11:10:52,300.0,300.0
32212,POS消费,地点249,食堂,2014/08/28 11:41:09,10.6,289.4
32212,POS消费,地点134,食堂,2014/08/28 11:41:54,8.6,280.8
32212,POS消费,地点157,食堂,2014/08/28 11:42:26,10.4,270.4
32212,POS消费,地点157,食堂,2014/08/28 11:43:23,21.0,249.4
32212,POS消费,地点134,食堂,2014/08/28 11:44:42,8.6,240.8
32212,POS消费,地点134,食堂,2014/08/28 11:45:05,8.6,232.2
32212,POS消费,地点134,食堂,2014/08/28 11:45:31,8.6,223.6
32212,POS消费,地点1961,超市,2014/08/30 17:43:48,3.0,220.6
32212,POS消费,地点1520,淋浴,2014/08/30 20:37:50,0.1,220.5
32212,POS消费,地点319,淋浴,2014/08/30 20:40:15,0.1,220.4
32212,POS消费,地点319,淋浴,2014/08/30 20:40:36,0.3,220.1
32212,POS消费,地点60,食堂,2014/08/31 07:24:25,0.5,219.6
32212,POS消费,地点61,食堂,2014/08/31 07:35:27,2.4,217.2
32212,POS消费,地点65,食堂,2014/08/31 11:16:18,5.4,211.8
32212,POS消费,地点236,食堂,2014/08/31 18:12:40,7.2,204.6
32212,POS消费,地点361,淋浴,2014/08/31 23:03:54,0.3,204.3
