32304,卡片开户,,,2014/07/16 11:49:04,0.0,0.0
32304,卡充值,,,2014/08/29 14:10:19,700.0,700.0
32304,POS消费,地点1518,洗衣房,2014/08/29 14:23:11,3.6,696.4
32304,POS消费,地点1518,洗衣房,2014/08/29 14:26:22,-3.24,699.64
32304,POS消费,地点1037,洗衣房,2014/08/29 14:31:06,3.6,696.04
32304,POS消费,地点1037,洗衣房,2014/08/29 14:31:12,-3.48,699.52
32304,POS消费,地点168,食堂,2014/08/30 09:04:07,5.5,694.02
32304,POS消费,地点168,食堂,2014/08/30 09:04:12,5.5,688.52
32304,POS消费,地点168,食堂,2014/08/30 09:04:28,5.5,683.02
32304,POS消费,地点204,食堂,2014/08/30 09:06:30,1.0,682.02
32304,POS消费,地点204,食堂,2014/08/30 09:07:08,2.0,680.02
32304,POS消费,地点65,食堂,2014/08/30 09:33:51,0.8,679.22
32304,POS消费,地点72,食堂,2014/08/30 13:27:43,8.6,670.62
32304,POS消费,地点269,食堂,2014/08/30 18:07:26,7.6,663.02
32304,POS消费,地点188,超市,2014/08/30 21:18:24,23.1,639.92
32304,POS消费,地点188,超市,2014/08/30 21:18:41,100.0,539.92
32304,POS消费,地点69,食堂,2014/08/31 08:57:01,2.6,536.82
32304,POS消费,地点69,食堂,2014/08/31 08:57:04,0.8,536.02
32304,POS消费,地点60,食堂,2014/08/31 09:00:28,0.5,539.42
32304,POS消费,地点26,图书馆,2014/08/31 09:12:41,28.0,508.02
32304,POS消费,地点232,食堂,2014/08/31 11:49:14,9.0,499.02
32304,POS消费,地点232,食堂,2014/08/31 12:02:10,0.6,498.42
32304,POS消费,地点195,超市,2014/08/31 12:36:07,1.4,497.02
32304,POS消费,地点168,食堂,2014/08/31 19:10:14,6.5,490.52
32304,POS消费,地点204,食堂,2014/08/31 19:14:07,1.0,489.52
32304,POS消费,地点168,食堂,2014/08/31 19:22:02,6.1,483.42
32304,POS消费,地点168,食堂,2014/08/31 19:22:29,1.0,482.42
