32486,卡片开户,,,2014/07/16 13:44:53,0.0,0.0
32486,卡充值,,,2014/08/29 17:06:54,150.0,150.0
32486,POS消费,地点1872,洗衣房,2014/08/29 17:21:06,1.2,148.8
32486,POS消费,地点1872,洗衣房,2014/08/29 17:45:17,1.2,147.6
32486,POS消费,地点1872,洗衣房,2014/08/29 18:01:23,1.2,146.4
32486,POS消费,地点1872,洗衣房,2014/08/29 18:04:27,-0.84,147.24
32486,POS消费,地点1447,校车,2014/08/29 19:06:58,1.0,146.19
32486,POS消费,地点1447,校车,2014/08/29 19:07:07,1.0,145.19
32486,POS消费,地点1447,校车,2014/08/29 19:07:17,1.0,144.19
32486,POS消费,地点211,校车,2014/08/29 20:38:50,1.0,143.19
32486,POS消费,地点188,超市,2014/08/29 20:43:11,7.0,136.19
32486,POS消费,地点1884,开水,2014/08/29 23:04:17,0.01,147.23
32486,POS消费,地点1884,开水,2014/08/29 23:18:37,0.01,147.22
32486,POS消费,地点1884,开水,2014/08/29 23:25:12,0.01,147.21
32486,POS消费,地点1884,开水,2014/08/29 23:33:11,0.01,147.19
32486,POS消费,地点1884,开水,2014/08/29 23:34:40,0.01,147.2
32486,POS消费,地点65,食堂,2014/08/30 08:28:24,0.8,134.45
32486,POS消费,地点60,食堂,2014/08/30 08:33:14,0.88,135.25
32486,POS消费,地点61,食堂,2014/08/30 08:50:38,1.8,132.65
32486,POS消费,地点1884,开水,2014/08/30 09:26:08,0.01,136.18
32486,POS消费,地点1884,开水,2014/08/30 09:26:13,0.01,136.17
32486,POS消费,地点1884,开水,2014/08/30 09:34:24,0.01,136.16
32486,POS消费,地点1884,开水,2014/08/30 09:46:45,0.01,136.15
32486,POS消费,地点1884,开水,2014/08/30 09:49:08,0.01,136.13
32486,POS消费,地点1884,开水,2014/08/30 09:50:03,0.01,136.14
32486,POS消费,地点87,食堂,2014/08/30 12:03:43,4.6,120.15
32486,POS消费,地点87,食堂,2014/08/30 12:03:52,-4.6,124.75
32486,POS消费,地点87,食堂,2014/08/30 12:03:56,4.0,120.75
32486,POS消费,地点82,食堂,2014/08/30 12:14:41,7.9,124.75
32486,POS消费,地点219,超市,2014/08/30 16:03:38,8.5,112.25
32486,POS消费,地点219,超市,2014/08/30 17:39:46,4.0,108.25
32486,POS消费,地点12,文印中心,2014/08/30 18:24:27,0.4,107.85
32486,POS消费,地点1155,食堂,2014/08/30 20:28:37,11.5,96.35
32486,POS消费,地点1884,开水,2014/08/30 22:16:01,0.01,96.34
32486,POS消费,地点1884,开水,2014/08/30 22:17:01,0.01,96.33
32486,POS消费,地点1884,开水,2014/08/30 22:18:19,0.01,96.32
32486,POS消费,地点1884,开水,2014/08/30 22:20:12,0.01,96.3
32486,POS消费,地点1884,开水,2014/08/30 22:20:35,0.01,96.31
32486,POS消费,地点1884,开水,2014/08/30 22:23:54,0.01,96.29
32486,POS消费,地点146,校车,2014/08/31 08:56:15,1.0,95.29
32486,POS消费,地点227,食堂,2014/08/31 11:30:39,5.0,90.29
32486,POS消费,地点89,食堂,2014/08/31 11:34:55,6.0,84.29
32486,POS消费,地点243,食堂,2014/08/31 11:36:48,3.0,81.29
