32531,卡片开户,,,2014/07/18 16:32:58,0.0,0.0
32531,卡充值,,,2014/08/26 14:02:11,1200.0,1200.0
32531,POS消费,地点65,食堂,2014/08/29 17:53:41,6.6,1193.4
32531,POS消费,地点21,开水,2014/08/30 11:48:59,4.2,1189.2
32531,POS消费,地点72,食堂,2014/08/30 17:43:21,6.4,1182.8
32531,POS消费,地点60,食堂,2014/08/31 07:58:26,0.5,1182.3
32531,POS消费,地点21,开水,2014/08/31 08:11:16,1.8,1180.5
32531,POS消费,地点61,食堂,2014/08/31 12:06:47,7.6,1172.9
32531,POS消费,地点168,食堂,2014/08/31 18:39:49,5.5,1167.4
32531,POS消费,地点21,开水,2014/08/31 19:03:26,28.8,1138.6
