32530,卡片开户,,,2014/07/14 10:15:53,0.0,0.0
32530,卡充值,,,2014/08/28 15:54:52,600.0,600.0
32530,POS消费,地点1883,洗衣房,2014/08/28 17:17:16,-3.54,599.94
32530,POS消费,地点1883,洗衣房,2014/08/28 17:17:16,3.6,596.4
32530,POS消费,地点1891,洗衣房,2014/08/28 17:17:42,3.6,596.34
32530,POS消费,地点1891,洗衣房,2014/08/28 17:17:42,-2.28,598.62
32530,POS消费,地点21,开水,2014/08/29 11:02:46,0.1,598.52
32530,POS消费,地点264,食堂,2014/08/29 11:34:46,10.6,587.92
32530,POS消费,地点264,食堂,2014/08/29 11:35:21,10.6,577.32
32530,POS消费,地点21,开水,2014/08/29 11:37:32,7.6,568.52
32530,POS消费,地点1674,食堂,2014/08/29 11:37:59,1.2,576.12
32530,POS消费,地点146,校车,2014/08/29 12:49:54,1.0,567.52
32530,POS消费,地点146,校车,2014/08/29 12:50:17,1.0,566.52
32530,POS消费,地点146,校车,2014/08/29 12:50:30,1.0,565.52
32530,POS消费,地点21,开水,2014/08/30 10:50:01,0.17,565.35
32530,POS消费,地点211,校车,2014/08/30 11:30:06,1.0,564.35
32530,POS消费,地点211,校车,2014/08/30 11:30:13,1.0,563.35
32530,POS消费,地点211,校车,2014/08/30 11:30:20,1.0,562.35
32530,POS消费,地点232,食堂,2014/08/30 18:33:55,5.5,556.85
32530,POS消费,地点69,食堂,2014/08/31 07:22:09,1.2,555.65
32530,POS消费,地点114,食堂,2014/08/31 07:23:46,2.0,553.65
32530,POS消费,地点65,食堂,2014/08/31 12:13:53,4.4,549.25
32530,POS消费,地点72,食堂,2014/08/31 17:59:45,4.6,544.65
32530,POS消费,地点72,食堂,2014/08/31 17:59:51,-4.6,549.25
32530,POS消费,地点72,食堂,2014/08/31 17:59:56,4.2,545.05
32530,POS消费,地点314,食堂,2014/08/31 18:27:16,5.6,539.45
32530,POS消费,地点1908,淋浴,2014/08/31 19:28:38,0.1,539.35
32530,POS消费,地点1908,淋浴,2014/08/31 19:29:25,0.7,538.65
32530,POS消费,地点21,开水,2014/08/31 21:59:44,0.12,538.53
