32539,卡片开户,,,2014/07/19 10:01:26,0.0,0.0
32539,卡充值,,,2014/08/30 12:55:48,200.0,200.0
32539,POS消费,地点161,食堂,2014/08/30 13:05:53,4.6,195.4
32539,POS消费,地点161,食堂,2014/08/30 13:06:16,4.6,190.8
32539,POS消费,地点21,开水,2014/08/30 13:16:02,8.0,182.8
32539,POS消费,地点26,图书馆,2014/08/30 15:49:02,5.4,177.4
32539,POS消费,地点806,开水,2014/08/30 21:29:51,0.05,177.35
32539,POS消费,地点60,食堂,2014/08/31 08:11:38,1.6,175.75
32539,POS消费,地点69,食堂,2014/08/31 08:13:29,3.4,172.35
32539,POS消费,地点286,食堂,2014/08/31 11:22:21,8.0,164.35
32539,POS消费,地点105,食堂,2014/08/31 11:23:55,3.0,161.35
32539,POS消费,地点105,食堂,2014/08/31 11:28:46,2.5,158.85
32539,POS消费,地点286,食堂,2014/08/31 11:33:36,1.0,157.85
32539,POS消费,地点1386,校车,2014/08/31 16:31:07,2.0,155.85
32539,POS消费,地点192,超市,2014/08/31 21:42:32,14.9,140.95
