32572,卡片开户,,,2014/07/18 11:39:21,0.0,0.0
32572,卡充值,,,2014/08/28 16:48:28,200.0,200.0
32572,POS消费,地点72,食堂,2014/08/28 18:21:18,9.6,190.4
32572,POS消费,地点72,食堂,2014/08/28 18:21:45,9.6,180.8
32572,POS消费,地点188,超市,2014/08/28 18:51:59,54.0,126.8
32572,POS消费,地点188,超市,2014/08/28 18:52:22,30.0,96.8
32572,POS消费,地点192,超市,2014/08/29 09:42:53,9.6,87.2
32572,POS消费,地点314,食堂,2014/08/29 10:05:27,30.0,57.2
32572,POS消费,地点314,食堂,2014/08/29 10:05:32,14.0,43.2
32572,POS消费,地点227,食堂,2014/08/29 12:06:17,5.0,38.2
32572,POS消费,地点82,食堂,2014/08/29 12:20:12,1.2,37.0
32572,POS消费,地点237,食堂,2014/08/29 17:43:56,2.6,34.4
32572,POS消费,地点65,食堂,2014/08/30 07:59:42,0.5,33.9
32572,POS消费,地点188,超市,2014/08/30 08:42:53,6.4,27.5
32572,卡充值,,,2014/08/30 08:52:59,200.0,227.5
32572,POS消费,地点1596,食堂,2014/08/30 11:54:02,8.6,218.9
32572,POS消费,地点161,食堂,2014/08/31 08:56:12,3.6,215.3
32572,POS消费,地点237,食堂,2014/08/31 12:05:31,3.6,211.7
32572,POS消费,地点21,开水,2014/08/31 17:21:07,3.6,208.1
32572,POS消费,地点188,超市,2014/08/31 19:41:56,1.3,206.8
