3339,卡片开户,,,2014/07/20 11:31:15,0.0,0.0
3339,卡充值,,,2014/08/29 16:10:36,300.0,300.0
3339,POS消费,地点1565,开水,2014/08/29 17:02:01,0.08,299.92
3339,POS消费,地点91,校车,2014/08/30 08:41:47,3.0,296.92
3339,POS消费,地点1565,开水,2014/08/30 09:55:48,0.07,296.85
3339,POS消费,地点1565,开水,2014/08/30 10:34:45,0.06,296.79
3339,POS消费,地点146,校车,2014/08/30 11:32:24,1.0,295.79
3339,POS消费,地点204,食堂,2014/08/30 11:39:13,16.0,279.79
3339,POS消费,地点204,食堂,2014/08/30 11:42:12,5.5,274.29
3339,POS消费,地点203,食堂,2014/08/30 11:45:33,13.0,261.29
3339,POS消费,地点264,食堂,2014/08/30 17:49:12,15.6,245.69
3339,POS消费,地点1565,开水,2014/08/30 22:28:11,0.03,245.66
3339,POS消费,地点1564,开水,2014/08/31 07:02:26,0.07,245.59
3339,POS消费,地点60,食堂,2014/08/31 07:42:01,0.7,244.89
3339,POS消费,地点21,开水,2014/08/31 09:36:21,3.0,241.89
3339,POS消费,地点1588,食堂,2014/08/31 11:27:25,11.1,230.79
3339,POS消费,地点12,文印中心,2014/08/31 17:46:59,5.0,225.79
3339,POS消费,地点21,开水,2014/08/31 18:07:29,0.8,224.99
3339,POS消费,地点219,超市,2014/08/31 19:26:03,2.0,222.99
3339,POS消费,地点188,超市,2014/08/31 20:11:08,6.5,216.49
3339,POS消费,地点232,食堂,2014/08/31 21:16:23,0.9,215.59
