3680,卡片开户,,,2014/07/16 10:47:18,0.0,0.0
3680,卡充值,,,2014/08/28 15:59:26,200.0,200.0
3680,POS消费,地点65,食堂,2014/08/28 16:55:32,5.1,194.9
3680,POS消费,地点65,食堂,2014/08/28 16:55:52,5.6,189.3
3680,POS消费,地点65,食堂,2014/08/28 16:56:10,10.6,178.7
3680,POS消费,地点69,食堂,2014/08/28 17:02:45,0.4,178.3
3680,POS消费,地点21,开水,2014/08/28 17:27:35,0.7,177.6
3680,POS消费,地点188,超市,2014/08/28 17:31:24,3.9,173.7
3680,POS消费,地点188,超市,2014/08/28 17:31:36,100.0,73.7
3680,卡充值,,,2014/08/28 17:39:06,400.0,473.7
3680,POS消费,地点61,食堂,2014/08/29 08:57:51,7.2,466.5
3680,POS消费,地点161,食堂,2014/08/29 18:40:40,5.6,460.9
3680,POS消费,地点161,食堂,2014/08/29 18:41:18,4.6,456.3
3680,POS消费,地点161,食堂,2014/08/29 18:41:36,4.6,451.7
3680,POS消费,地点65,食堂,2014/08/30 08:38:48,4.2,447.5
3680,POS消费,地点21,开水,2014/08/30 11:42:48,2.5,437.4
3680,POS消费,地点21,开水,2014/08/30 11:45:37,1.85,435.55
3680,POS消费,地点21,开水,2014/08/30 11:47:15,1.8,445.7
3680,POS消费,地点21,开水,2014/08/30 11:47:33,1.8,443.9
3680,POS消费,地点972,食堂,2014/08/30 11:52:23,4.0,439.9
3680,POS消费,地点305,食堂,2014/08/30 17:14:55,6.0,412.75
3680,POS消费,地点234,食堂,2014/08/30 17:19:01,16.8,418.75
3680,POS消费,地点972,食堂,2014/08/30 17:29:03,0.6,412.15
3680,POS消费,地点103,食堂,2014/08/31 07:39:41,1.9,410.25
3680,POS消费,地点103,食堂,2014/08/31 07:39:59,0.8,409.45
3680,POS消费,地点72,食堂,2014/08/31 10:52:42,9.6,399.85
3680,POS消费,地点21,开水,2014/08/31 11:13:33,18.4,381.45
3680,POS消费,地点27,教务处,2014/08/31 16:41:56,15.0,366.45
3680,POS消费,地点21,开水,2014/08/31 17:51:52,4.6,361.85
