3749,POS消费,地点232,食堂,2014/06/29 12:30:30,0.0,0.0
3749,POS消费,地点232,食堂,2014/06/29 12:30:30,0.1,0.97
3749,卡片开户,,,2014/07/16 12:01:26,0.0,0.0
3749,卡充值,,,2014/08/29 17:47:44,500.0,500.0
3749,POS消费,地点114,食堂,2014/08/30 09:09:54,2.0,498.0
3749,POS消费,地点72,食堂,2014/08/30 09:15:37,2.6,495.4
3749,POS消费,地点211,校车,2014/08/30 10:22:54,1.0,494.4
3749,POS消费,地点1447,校车,2014/08/30 10:50:04,1.0,493.4
3749,POS消费,地点157,食堂,2014/08/31 08:14:35,0.8,492.6
3749,POS消费,地点1588,食堂,2014/08/31 08:20:07,3.1,489.5
3749,POS消费,地点248,超市,2014/08/31 11:33:20,8.6,480.9
