381,卡片开户,,,2014/07/19 09:46:07,0.0,0.0
381,卡充值,,,2014/08/29 17:26:32,500.0,500.0
381,POS消费,地点65,食堂,2014/08/29 17:33:04,8.6,491.4
381,POS消费,地点65,食堂,2014/08/29 17:33:24,8.6,482.8
381,POS消费,地点65,食堂,2014/08/29 17:33:41,10.6,472.2
381,POS消费,地点87,食堂,2014/08/29 17:35:07,4.6,467.6
381,POS消费,地点87,食堂,2014/08/29 17:35:19,-4.6,472.2
381,POS消费,地点87,食堂,2014/08/29 17:35:23,4.0,468.2
381,POS消费,地点168,食堂,2014/08/30 10:02:36,16.5,451.7
381,POS消费,地点213,食堂,2014/08/30 10:28:45,1.0,450.7
381,POS消费,地点168,食堂,2014/08/30 13:36:44,6.5,444.2
381,POS消费,地点203,食堂,2014/08/30 13:37:26,12.0,432.2
381,POS消费,地点192,超市,2014/08/30 14:08:58,30.0,402.2
381,POS消费,地点192,超市,2014/08/30 14:09:01,30.0,372.2
381,POS消费,地点192,超市,2014/08/30 14:09:09,30.0,342.2
381,POS消费,地点192,超市,2014/08/30 14:09:20,23.5,318.7
381,POS消费,地点1617,淋浴,2014/08/30 14:28:02,0.1,318.6
381,POS消费,地点1617,淋浴,2014/08/30 14:30:13,0.5,318.1
381,POS消费,地点822,食堂,2014/08/30 17:49:46,10.6,307.5
381,POS消费,地点282,食堂,2014/08/30 17:50:54,7.0,300.5
381,POS消费,地点192,超市,2014/08/30 21:03:18,3.5,297.0
381,POS消费,地点1961,超市,2014/08/31 10:18:01,10.0,287.0
381,POS消费,地点232,食堂,2014/08/31 12:06:32,10.0,277.0
381,POS消费,地点1304,开水,2014/08/31 16:40:13,0.01,276.99
381,POS消费,地点1451,校车,2014/08/31 18:02:06,1.0,275.99
381,POS消费,地点1621,淋浴,2014/08/31 21:45:24,0.5,275.49
