3815,卡充值,,,2014/09/16 16:50:21,50.0,50.03
3815,POS消费,地点192,超市,2014/09/17 17:13:33,12.8,37.23
3815,POS消费,地点722,淋浴,2014/09/19 17:15:29,0.4,36.83
3815,POS消费,地点8,淋浴,2014/09/23 01:20:23,0.1,36.73
3815,POS消费,地点734,淋浴,2014/09/23 01:20:59,0.6,36.13
3815,POS消费,地点21,开水,2014/09/23 13:59:11,5.4,30.73
3815,POS消费,地点722,淋浴,2014/09/24 18:54:19,0.7,30.03
3815,POS消费,地点801,洗衣房,2014/09/25 16:24:57,3.6,26.43
3815,POS消费,地点801,洗衣房,2014/09/25 16:41:16,3.6,25.29
3815,POS消费,地点801,洗衣房,2014/09/25 16:41:40,-2.46,28.89
3815,POS消费,地点722,淋浴,2014/09/26 15:05:27,0.6,24.69
3815,POS消费,地点722,淋浴,2014/09/28 17:07:54,0.5,24.19
3815,POS消费,地点188,超市,2014/09/28 18:49:18,5.4,18.79
3815,POS消费,地点192,超市,2014/09/29 15:19:57,5.8,12.99
3815,POS消费,地点226,食堂,2014/09/29 17:16:07,1.0,7.89
3815,POS消费,地点226,食堂,2014/09/29 17:25:40,3.6,4.29
3815,POS消费,地点1588,食堂,2014/09/29 17:30:07,4.1,8.89
3815,POS消费,地点1101,淋浴,2014/10/08 18:55:24,0.5,3.79
3815,POS消费,地点213,食堂,2014/10/09 13:21:17,1.3,2.49
3815,卡充值,,,2014/10/09 15:02:47,50.0,52.49
3815,POS消费,地点188,超市,2014/10/09 15:03:46,11.2,41.29
3815,POS消费,地点722,淋浴,2014/10/14 19:05:37,0.5,40.79
3815,POS消费,地点195,超市,2014/10/15 19:27:35,12.8,27.99
3815,POS消费,地点195,超市,2014/10/15 19:28:54,1.0,26.99
3815,POS消费,地点801,洗衣房,2014/10/15 20:51:17,-0.54,23.93
3815,POS消费,地点801,洗衣房,2014/10/15 20:51:17,3.6,23.39
3815,POS消费,地点8,淋浴,2014/10/15 22:07:11,0.6,23.33
3815,POS消费,地点722,淋浴,2014/10/16 19:02:04,0.6,22.73
3815,POS消费,地点1588,食堂,2014/10/17 07:18:38,2.6,20.13
3815,POS消费,地点1588,食堂,2014/10/17 07:18:43,0.8,19.33
3815,POS消费,地点1588,食堂,2014/10/17 07:18:55,0.2,19.13
3815,POS消费,地点1588,食堂,2014/10/17 07:19:17,3.3,15.83
3815,POS消费,地点1588,食堂,2014/10/17 07:19:26,1.2,14.63
3815,POS消费,地点1588,食堂,2014/10/17 07:19:52,5.9,8.73
3815,POS消费,地点1596,食堂,2014/10/17 07:19:57,0.3,8.43
3815,POS消费,地点1596,食堂,2014/10/17 07:20:18,0.6,7.83
3815,POS消费,地点1596,食堂,2014/10/17 07:21:22,1.0,6.83
3815,POS消费,地点1588,食堂,2014/10/17 07:21:54,0.8,6.03
3815,POS消费,地点1588,食堂,2014/10/17 07:25:39,2.4,3.63
3815,POS消费,地点801,洗衣房,2014/10/17 15:14:02,3.6,0.03
3815,POS消费,地点188,超市,2014/10/22 10:00:29,2.8,47.23
3815,卡充值,,,2014/10/22 10:09:45,50.0,50.03
3815,POS消费,地点232,食堂,2014/10/22 11:14:29,5.5,41.73
3815,POS消费,地点801,洗衣房,2014/10/22 12:42:50,3.6,38.13
3815,POS消费,地点26,图书馆,2014/10/23 15:14:50,12.5,25.63
3815,POS消费,地点722,淋浴,2014/10/23 23:08:19,0.4,25.23
3815,POS消费,地点91,校车,2014/10/24 11:22:04,1.8,23.43
3815,POS消费,地点144,食堂,2014/10/24 11:25:43,4.0,17.93
3815,POS消费,地点266,食堂,2014/10/24 11:33:08,1.5,21.93
3815,POS消费,地点26,图书馆,2014/10/29 15:26:03,4.0,13.93
3815,POS消费,地点722,淋浴,2014/10/29 15:55:11,0.5,13.43
3815,POS消费,地点722,淋浴,2014/10/30 19:19:03,0.8,12.63
3815,POS消费,地点801,洗衣房,2014/11/03 18:20:09,3.6,9.03
3815,POS消费,地点722,淋浴,2014/11/03 18:20:42,0.7,8.33
3815,POS消费,地点722,淋浴,2014/11/04 13:06:24,0.9,7.43
3815,卡充值,,,2014/11/06 15:13:43,50.0,57.43
3815,POS消费,地点188,超市,2014/11/06 15:16:31,13.3,44.13
3815,POS消费,地点1596,食堂,2014/11/07 06:57:55,0.3,35.23
3815,POS消费,地点103,食堂,2014/11/07 06:58:16,4.4,39.73
3815,POS消费,地点103,食堂,2014/11/07 06:58:35,4.2,35.53
3815,POS消费,地点103,食堂,2014/11/07 07:02:50,3.7,31.53
3815,POS消费,地点1596,食堂,2014/11/07 07:06:06,1.0,30.53
3815,POS消费,地点21,开水,2014/11/07 15:18:45,2.2,28.33
3815,POS消费,地点21,开水,2014/11/10 15:51:17,9.5,18.83
3815,卡充值,,,2014/11/11 12:39:40,50.0,68.83
3815,POS消费,地点103,食堂,2014/11/12 07:07:00,5.0,63.83
3815,POS消费,地点1588,食堂,2014/11/12 07:13:47,0.6,63.23
3815,POS消费,地点188,超市,2014/11/12 16:13:03,9.0,54.23
3815,POS消费,地点232,食堂,2014/11/12 19:00:15,12.0,42.23
3815,POS消费,地点232,食堂,2014/11/12 19:02:32,0.5,41.73
3815,POS消费,地点226,食堂,2014/11/13 12:15:41,1.0,32.13
3815,POS消费,地点21,开水,2014/11/13 12:16:17,1.8,30.33
3815,POS消费,地点134,食堂,2014/11/13 12:30:33,8.6,33.13
3815,POS消费,地点213,食堂,2014/11/13 14:08:48,1.35,28.98
3815,POS消费,地点61,食堂,2014/11/14 06:43:22,2.63,24.75
3815,POS消费,地点61,食堂,2014/11/14 06:43:30,0.8,23.95
3815,POS消费,地点103,食堂,2014/11/14 06:47:10,1.6,27.38
3815,POS消费,地点188,超市,2014/11/14 12:38:54,6.0,17.95
3815,POS消费,地点188,超市,2014/11/14 12:40:39,11.2,6.75
3815,POS消费,地点1385,校车,2014/11/17 18:45:11,2.0,4.75
3815,POS消费,地点1269,校车,2014/11/18 13:28:32,2.0,2.75
3815,POS消费,地点734,淋浴,2014/11/20 23:01:04,0.1,2.65
3815,POS消费,地点722,淋浴,2014/11/20 23:10:08,0.7,1.95
3815,POS消费,地点8,淋浴,2014/11/24 19:14:19,0.9,1.05
3815,卡充值,,,2014/11/28 11:14:20,50.0,51.05
3815,POS消费,地点65,食堂,2014/11/28 11:18:35,4.0,42.45
3815,POS消费,地点61,食堂,2014/11/28 11:19:08,3.0,39.45
3815,POS消费,地点60,食堂,2014/11/28 11:32:23,4.6,46.45
3815,POS消费,地点2002,淋浴,2014/12/01 18:49:56,0.4,39.05
3815,POS消费,地点722,淋浴,2014/12/02 18:23:09,0.7,38.35
3815,POS消费,地点188,超市,2014/12/03 15:09:17,9.4,28.95
3815,POS消费,地点8,淋浴,2014/12/03 23:32:12,0.1,28.85
3815,POS消费,地点726,淋浴,2014/12/03 23:34:06,0.7,28.15
3815,POS消费,地点801,洗衣房,2014/12/08 06:54:38,3.6,24.55
3815,POS消费,地点801,洗衣房,2014/12/08 15:50:20,3.6,20.95
3815,POS消费,地点801,洗衣房,2014/12/08 15:51:14,-3.36,24.31
3815,POS消费,地点188,超市,2014/12/11 15:16:35,9.1,15.21
3815,POS消费,地点188,超市,2014/12/11 15:16:51,10.0,5.21
3815,POS消费,地点722,淋浴,2014/12/11 19:02:25,0.9,4.31
3815,POS消费,地点801,洗衣房,2014/12/16 16:15:11,3.6,0.71
3815,POS消费,地点7,淋浴,2014/12/16 22:14:45,0.1,0.61
3815,POS消费,地点8,淋浴,2014/12/16 22:17:35,0.1,0.51
3815,POS消费,地点722,淋浴,2014/12/16 22:19:32,0.5,0.01
3815,卡充值,,,2014/12/29 09:24:00,50.0,50.01
3815,POS消费,地点279,食堂,2014/12/29 11:42:05,4.6,42.91
3815,POS消费,地点257,食堂,2014/12/29 11:49:53,2.5,47.51
3815,POS消费,地点2043,食堂,2014/12/29 12:31:05,1.5,41.41
3815,POS消费,地点722,淋浴,2014/12/30 18:36:55,0.6,40.81
3815,POS消费,地点801,洗衣房,2014/12/30 18:43:29,3.6,37.21
3815,POS消费,地点717,洗衣房,2014/12/30 21:48:37,3.6,33.61
3815,POS消费,地点722,淋浴,2014/12/30 23:59:33,1.2,32.41
3815,POS消费,地点21,开水,2014/12/31 09:03:14,8.0,24.41
3815,POS消费,地点1588,食堂,2015/01/04 07:43:57,3.8,20.61
3815,POS消费,地点157,食堂,2015/01/04 07:44:16,0.8,19.81
3815,POS消费,地点1596,食堂,2015/01/04 07:45:03,2.0,17.81
3815,POS消费,地点103,食堂,2015/01/04 07:56:47,1.6,16.21
3815,POS消费,地点717,洗衣房,2015/01/04 18:12:46,3.6,12.61
3815,POS消费,地点7,淋浴,2015/01/04 22:26:00,0.1,12.51
3815,POS消费,地点725,淋浴,2015/01/04 22:26:33,0.7,11.81
3815,卡充值,,,2015/01/05 15:02:26,50.0,61.81
3815,POS消费,地点192,超市,2015/01/05 15:04:43,7.0,54.81
3815,POS消费,地点21,开水,2015/01/06 13:39:15,11.9,42.91
3815,POS消费,地点130,开水,2015/01/06 13:54:26,0.01,42.9
3815,POS消费,地点241,食堂,2015/01/08 17:17:52,4.0,31.5
3815,POS消费,地点841,食堂,2015/01/08 17:23:44,3.5,39.4
3815,POS消费,地点841,食堂,2015/01/08 17:23:48,1.0,38.4
3815,POS消费,地点2031,食堂,2015/01/08 17:27:31,0.8,35.5
3815,POS消费,地点717,洗衣房,2015/01/08 18:03:11,3.6,21.9
3815,POS消费,地点722,淋浴,2015/01/08 18:03:37,0.7,21.2
3815,POS消费,地点2043,食堂,2015/01/08 18:05:58,2.1,36.3
3815,POS消费,地点2171,食堂,2015/01/08 18:11:24,6.0,25.5
3815,POS消费,地点1155,食堂,2015/01/08 21:22:33,5.0,16.2
3815,POS消费,地点1588,食堂,2015/01/09 07:41:28,4.7,11.5
3815,POS消费,地点134,食堂,2015/01/09 07:42:39,1.0,10.5
3815,POS消费,地点134,食堂,2015/01/09 07:42:46,0.5,10.0
3815,POS消费,地点8,淋浴,2015/01/10 00:49:03,0.9,9.1
3815,POS消费,地点8,淋浴,2015/01/12 23:35:56,0.1,9.0
3815,POS消费,地点8,淋浴,2015/01/12 23:38:59,1.0,8.0
3815,POS消费,地点130,开水,2015/01/16 00:17:58,0.01,7.99
3815,POS消费,地点722,淋浴,2015/01/16 11:57:32,0.7,7.29
3815,POS消费,地点2172,文印中心,2015/01/16 16:33:47,5.1,2.19
3815,POS消费,地点195,超市,2015/01/16 16:47:05,1.0,1.19
3815,POS消费,地点8,淋浴,2015/01/27 22:36:51,1.0,0.19
3815,卡充值,,,2015/03/02 14:26:50,50.0,50.19
3815,POS消费,地点21,开水,2015/03/02 14:29:57,14.7,35.49
3815,POS消费,地点801,洗衣房,2015/03/02 16:09:07,3.6,31.89
3815,POS消费,地点722,淋浴,2015/03/02 19:36:29,0.7,31.19
3815,POS消费,地点1596,食堂,2015/03/03 07:05:00,1.0,23.09
3815,POS消费,地点1596,食堂,2015/03/03 07:05:15,0.5,22.59
3815,POS消费,地点134,食堂,2015/03/03 07:09:15,0.5,22.09
3815,POS消费,地点1596,食堂,2015/03/03 07:12:55,0.5,19.99
3815,POS消费,地点1596,食堂,2015/03/03 07:16:59,0.5,19.49
3815,POS消费,地点1998,食堂,2015/03/03 07:52:17,3.2,27.99
3815,POS消费,地点1998,食堂,2015/03/03 07:52:49,3.9,24.09
3815,POS消费,地点1998,食堂,2015/03/03 07:59:37,1.6,20.49
3815,POS消费,地点717,洗衣房,2015/03/04 18:58:30,3.6,15.89
3815,POS消费,地点1588,食堂,2015/03/05 06:51:16,5.3,10.59
3815,POS消费,地点1588,食堂,2015/03/05 06:52:09,3.6,6.99
3815,POS消费,地点134,食堂,2015/03/05 06:58:54,0.5,6.49
3815,POS消费,地点134,食堂,2015/03/05 06:59:03,0.9,5.59
3815,POS消费,地点1596,食堂,2015/03/05 07:00:06,1.5,4.09
3815,POS消费,地点722,淋浴,2015/03/05 15:27:43,0.8,3.29
3815,POS消费,地点134,食堂,2015/03/09 08:31:54,0.5,2.79
3815,POS消费,地点1596,食堂,2015/03/09 08:34:02,0.1,2.69
3815,POS消费,地点1596,食堂,2015/03/09 08:34:14,0.9,1.79
3815,POS消费,地点726,淋浴,2015/03/09 20:45:40,0.6,1.19
3815,POS消费,地点726,淋浴,2015/03/12 19:10:15,0.8,0.39
3815,POS消费,地点722,淋浴,2015/03/14 00:19:49,0.3,0.09
3815,卡充值,,,2015/03/17 16:16:52,100.0,100.09
3815,POS消费,地点722,淋浴,2015/03/17 18:55:40,0.6,99.49
3815,POS消费,地点134,食堂,2015/03/23 06:58:11,1.5,89.49
3815,POS消费,地点134,食堂,2015/03/23 06:58:15,0.5,88.99
3815,POS消费,地点103,食堂,2015/03/23 07:00:20,1.9,90.99
3815,POS消费,地点1998,食堂,2015/03/23 07:48:00,1.9,97.59
3815,POS消费,地点1998,食堂,2015/03/23 07:48:31,4.7,92.89
3815,POS消费,地点1998,食堂,2015/03/23 07:57:28,0.6,88.39
3815,POS消费,地点179,食堂,2015/03/25 07:05:41,1.7,82.29
3815,POS消费,地点1596,食堂,2015/03/25 07:11:38,1.5,76.39
3815,POS消费,地点1596,食堂,2015/03/25 07:12:10,1.0,75.39
3815,POS消费,地点1998,食堂,2015/03/25 08:02:39,4.4,83.99
3815,POS消费,地点1998,食堂,2015/03/25 08:03:23,4.4,77.89
3815,POS消费,地点192,超市,2015/03/25 15:23:12,6.2,69.19
3815,POS消费,地点726,淋浴,2015/03/25 18:43:52,0.5,68.69
3815,POS消费,地点801,洗衣房,2015/03/26 15:59:40,3.6,65.09
3815,POS消费,地点726,淋浴,2015/03/26 19:00:42,0.6,64.49
3815,POS消费,地点1998,食堂,2015/03/31 07:00:54,2.7,61.79
3815,POS消费,地点103,食堂,2015/03/31 07:01:00,4.0,57.79
3815,POS消费,地点103,食堂,2015/03/31 07:01:03,0.5,57.29
3815,POS消费,地点134,食堂,2015/03/31 07:01:19,1.0,56.29
3815,POS消费,地点1596,食堂,2015/03/31 07:01:44,1.0,55.29
3815,POS消费,地点103,食堂,2015/04/01 06:57:46,3.0,52.29
3815,POS消费,地点103,食堂,2015/04/01 06:58:13,4.0,48.29
3815,POS消费,地点134,食堂,2015/04/01 06:58:24,0.5,47.79
3815,POS消费,地点1596,食堂,2015/04/01 06:58:38,1.0,46.79
3815,POS消费,地点1998,食堂,2015/04/01 07:04:09,0.8,45.99
3815,POS消费,地点801,洗衣房,2015/04/01 19:03:25,3.6,42.39
3815,POS消费,地点722,淋浴,2015/04/01 19:04:28,0.5,41.89
3815,POS消费,地点722,淋浴,2015/04/02 18:55:34,0.8,41.09
3815,卡挂失,,,2015/04/07 15:35:29,0.0,0.0
3815,卡补办,,,2015/04/13 12:49:36,20.0,46.09
3815,更新卡信息,,,2015/04/13 12:50:02,0.0,0.0
3815,POS消费,地点99,开水,2015/04/13 23:14:52,0.04,46.05
3815,POS消费,地点8,淋浴,2015/04/14 23:31:50,0.7,45.35
3815,POS消费,地点8,淋浴,2015/04/20 23:22:48,0.7,44.65
3815,POS消费,地点726,淋浴,2015/04/21 23:48:07,0.5,44.15
3815,POS消费,地点21,开水,2015/04/22 09:46:17,10.1,34.05
3815,POS消费,地点2172,文印中心,2015/04/22 15:16:14,2.25,31.8
3815,POS消费,地点801,洗衣房,2015/04/23 09:36:28,3.6,28.2
3815,POS消费,地点188,超市,2015/04/23 09:43:41,9.5,18.7
3815,POS消费,地点722,淋浴,2015/04/23 18:49:15,0.7,18.0
3815,POS消费,地点99,开水,2015/04/26 23:04:56,0.07,17.92
3815,POS消费,地点130,开水,2015/04/26 23:05:01,0.01,17.99
3815,POS消费,地点722,淋浴,2015/04/29 18:35:04,0.7,17.22
3815,POS消费,地点717,洗衣房,2015/04/30 15:15:03,3.6,13.62
3815,POS消费,地点722,淋浴,2015/04/30 18:17:54,0.6,13.02
3815,POS消费,地点726,淋浴,2015/05/04 22:43:59,0.4,12.62
3815,POS消费,地点801,洗衣房,2015/05/05 13:03:12,3.6,9.02
3815,POS消费,地点722,淋浴,2015/05/05 18:40:06,0.6,8.42
3815,POS消费,地点726,淋浴,2015/05/06 19:20:56,0.7,7.72
3815,POS消费,地点8,淋浴,2015/05/07 18:37:03,0.6,7.12
3815,POS消费,地点1556,开水,2015/05/08 01:04:38,0.01,7.11
3815,POS消费,地点1556,开水,2015/05/08 01:06:43,0.03,7.08
3815,POS消费,地点801,洗衣房,2015/05/11 18:30:03,3.6,3.48
3815,POS消费,地点722,淋浴,2015/05/11 18:30:31,0.5,2.98
3815,POS消费,地点722,淋浴,2015/05/12 19:21:18,0.7,2.28
3815,POS消费,地点722,淋浴,2015/05/13 19:49:05,0.5,1.78
3815,POS消费,地点8,淋浴,2015/05/14 23:39:06,0.6,1.18
3815,POS消费,地点8,淋浴,2015/05/17 23:02:19,0.3,0.88
3815,卡充值,,,2015/05/19 09:37:19,50.0,50.88
3815,POS消费,地点726,淋浴,2015/05/19 23:33:07,0.4,50.48
3815,POS消费,地点722,淋浴,2015/05/20 13:22:21,0.5,49.98
3815,POS消费,地点722,淋浴,2015/05/22 13:12:35,0.6,49.38
3815,POS消费,地点21,开水,2015/05/25 21:12:31,22.3,27.08
3815,POS消费,地点801,洗衣房,2015/05/26 12:29:16,3.6,23.48
3815,POS消费,地点722,淋浴,2015/05/26 22:05:46,0.4,23.08
3815,POS消费,地点734,淋浴,2015/05/27 23:37:14,0.4,22.68
3815,POS消费,地点717,洗衣房,2015/05/28 23:10:16,3.6,15.48
3815,POS消费,地点801,洗衣房,2015/05/28 23:14:26,3.6,19.08
3815,POS消费,地点726,淋浴,2015/05/28 23:14:31,0.6,14.88
3815,POS消费,地点26,图书馆,2015/06/14 17:58:22,3.0,11.88
3815,POS消费,地点717,洗衣房,2015/06/15 15:14:45,3.6,8.28
3815,POS消费,地点1596,食堂,2015/06/16 06:53:57,1.5,6.78
3815,POS消费,地点134,食堂,2015/06/16 06:54:20,0.5,6.28
3815,POS消费,地点722,淋浴,2015/06/19 09:37:17,0.5,5.78
3815,POS消费,地点726,淋浴,2015/07/03 12:46:02,0.7,5.08
3815,POS消费,地点722,淋浴,2015/07/15 13:15:39,0.8,4.28
