3836,卡片开户,,,2014/07/10 12:51:57,0.0,0.0
3836,卡充值,,,2014/08/19 13:32:02,200.0,200.0
3836,POS消费,地点188,超市,2014/08/19 13:35:03,13.0,187.0
3836,POS消费,地点69,食堂,2014/08/19 17:28:44,8.4,178.6
3836,POS消费,地点21,开水,2014/08/19 18:08:18,6.0,172.6
3836,POS消费,地点253,食堂,2014/08/20 18:34:36,4.6,168.0
3836,POS消费,地点253,食堂,2014/08/20 18:35:08,10.5,157.5
3836,POS消费,地点61,食堂,2014/08/21 07:18:16,7.0,149.6
3836,POS消费,地点69,食堂,2014/08/21 11:48:10,7.8,141.8
3836,POS消费,地点61,食堂,2014/08/21 17:45:15,8.4,133.4
3836,POS消费,地点14,淋浴,2014/08/22 20:46:52,0.1,157.4
3836,POS消费,地点14,淋浴,2014/08/22 20:46:58,0.8,156.6
3836,POS消费,地点21,开水,2014/08/22 20:48:44,0.1,133.3
