393,卡片开户,,,2014/07/12 14:52:22,0.0,0.0
393,卡充值,,,2014/08/29 13:42:38,200.0,200.0
393,POS消费,地点61,食堂,2014/08/29 14:06:16,8.6,191.4
393,POS消费,地点61,食堂,2014/08/29 14:06:47,8.6,182.8
393,POS消费,地点1561,开水,2014/08/30 15:51:23,0.03,182.77
393,POS消费,地点1561,开水,2014/08/30 15:57:02,0.07,182.7
393,POS消费,地点1874,淋浴,2014/08/30 22:37:14,0.4,182.3
393,POS消费,地点1874,淋浴,2014/08/30 22:37:14,0.2,182.1
393,POS消费,地点60,食堂,2014/08/31 08:32:00,2.4,179.7
393,POS消费,地点60,食堂,2014/08/31 08:32:05,0.6,179.1
393,POS消费,地点21,开水,2014/08/31 09:46:09,7.8,171.3
393,POS消费,地点1447,校车,2014/08/31 12:03:56,1.0,170.3
