3934,卡片开户,,,2014/07/19 10:01:02,0.0,0.0
3934,卡充值,,,2014/08/29 15:15:43,300.0,300.0
3934,POS消费,地点59,食堂,2014/08/29 18:12:37,1.5,294.1
3934,POS消费,地点251,食堂,2014/08/29 18:20:12,1.2,298.8
3934,POS消费,地点21,开水,2014/08/29 18:23:17,3.2,295.6
3934,POS消费,地点1853,开水,2014/08/29 20:56:36,0.02,294.07
3934,POS消费,地点1914,淋浴,2014/08/29 21:26:10,0.4,293.67
3934,POS消费,地点65,食堂,2014/08/30 07:45:49,0.4,291.67
3934,POS消费,地点60,食堂,2014/08/30 07:53:23,1.6,292.07
3934,POS消费,地点61,食堂,2014/08/30 08:04:24,6.0,285.67
3934,POS消费,地点1853,开水,2014/08/30 11:04:07,0.03,285.64
3934,POS消费,地点21,开水,2014/08/30 12:07:29,7.6,278.04
3934,POS消费,地点21,开水,2014/08/30 12:08:00,7.6,270.44
3934,POS消费,地点251,食堂,2014/08/30 17:14:35,1.2,269.24
3934,POS消费,地点21,开水,2014/08/30 17:18:04,1.8,267.44
3934,POS消费,地点242,食堂,2014/08/30 17:19:10,1.5,265.94
3934,POS消费,地点65,食堂,2014/08/31 07:47:33,0.2,265.74
3934,POS消费,地点60,食堂,2014/08/31 08:00:50,0.8,264.94
3934,POS消费,地点21,开水,2014/08/31 08:11:55,2.2,262.74
3934,POS消费,地点233,食堂,2014/08/31 11:23:39,7.6,255.14
3934,POS消费,地点307,食堂,2014/08/31 11:23:49,1.0,254.14
3934,POS消费,地点1853,开水,2014/08/31 13:27:16,0.05,254.09
3934,POS消费,地点251,食堂,2014/08/31 17:25:51,0.5,253.59
3934,POS消费,地点61,食堂,2014/08/31 17:30:18,4.0,249.59
