4101,POS消费,地点913,淋浴,2014/09/01 15:13:50,1.5,26.95
4101,POS消费,地点91,校车,2014/09/01 17:55:46,10.0,16.95
4101,POS消费,地点21,开水,2014/09/01 17:56:59,1.8,15.15
4101,POS消费,地点913,淋浴,2014/09/02 22:50:07,1.8,13.35
4101,POS消费,地点91,校车,2014/09/03 12:01:00,10.0,3.35
4101,POS消费,地点913,淋浴,2014/09/03 17:20:44,2.3,1.05
4101,POS消费,地点913,淋浴,2014/09/08 14:19:38,1.0,0.05
4101,卡充值,,,2014/09/09 12:42:35,20.0,20.05
4101,POS消费,地点913,淋浴,2014/09/09 17:21:11,1.5,18.55
4101,POS消费,地点913,淋浴,2014/09/10 23:33:06,0.6,17.95
4101,POS消费,地点913,淋浴,2014/09/11 16:36:39,2.3,15.65
4101,POS消费,地点232,食堂,2014/09/12 11:51:13,7.6,8.05
4101,POS消费,地点26,图书馆,2014/09/12 11:53:14,3.6,4.45
4101,POS消费,地点913,淋浴,2014/09/14 09:30:41,2.4,2.05
4101,POS消费,地点913,淋浴,2014/09/14 09:32:31,1.6,0.45
4101,POS消费,地点913,淋浴,2014/09/14 09:32:33,0.4,0.05
4101,卡充值,,,2014/09/14 12:04:29,20.0,20.05
4101,POS消费,地点21,开水,2014/09/14 12:28:51,6.0,14.05
4101,POS消费,地点26,图书馆,2014/09/14 12:29:42,3.0,11.05
4101,POS消费,地点913,淋浴,2014/09/14 13:29:47,2.9,8.15
4101,POS消费,地点913,淋浴,2014/09/15 14:43:39,1.6,6.55
4101,POS消费,地点913,淋浴,2014/09/16 13:34:27,2.7,3.85
4101,POS消费,地点913,淋浴,2014/09/17 17:52:07,1.8,2.05
4101,POS消费,地点913,淋浴,2014/09/18 17:21:45,1.5,0.55
4101,卡充值,,,2014/09/21 18:04:47,20.0,20.55
4101,POS消费,地点21,开水,2014/09/21 18:16:50,7.1,13.45
4101,POS消费,地点913,淋浴,2014/09/21 21:27:49,0.6,12.85
4101,POS消费,地点913,淋浴,2014/09/22 16:36:11,0.8,12.05
4101,POS消费,地点232,食堂,2014/09/22 17:58:04,10.0,2.05
4101,POS消费,地点913,淋浴,2014/09/23 15:45:22,1.7,0.35
4101,卡充值,,,2014/09/27 12:12:15,50.0,50.35
4101,POS消费,地点21,开水,2014/09/27 12:39:56,6.8,43.55
4101,POS消费,地点913,淋浴,2014/09/27 13:50:25,1.6,41.95
4101,POS消费,地点91,校车,2014/09/27 17:58:29,13.0,28.95
4101,POS消费,地点26,图书馆,2014/09/27 18:00:50,7.6,21.35
4101,POS消费,地点26,图书馆,2014/09/27 18:01:59,1.8,19.55
4101,POS消费,地点91,校车,2014/09/28 17:55:41,5.6,13.95
4101,POS消费,地点21,开水,2014/09/28 17:55:58,2.0,11.95
4101,POS消费,地点21,开水,2014/09/28 17:56:35,3.5,8.45
4101,POS消费,地点21,开水,2014/09/28 17:58:36,1.8,6.65
4101,POS消费,地点913,淋浴,2014/09/29 22:20:10,1.0,5.65
4101,POS消费,地点913,淋浴,2014/09/30 13:52:01,2.0,3.65
4101,POS消费,地点913,淋浴,2014/09/30 23:52:00,1.2,2.45
4101,卡充值,,,2014/10/13 17:52:50,100.0,102.45
4101,POS消费,地点91,校车,2014/10/13 18:03:22,13.0,89.45
4101,POS消费,地点21,开水,2014/10/13 18:05:00,1.8,87.65
4101,POS消费,地点913,淋浴,2014/10/13 23:23:40,2.5,85.15
4101,POS消费,地点215,开水,2014/10/14 09:33:12,0.35,84.8
4101,POS消费,地点232,食堂,2014/10/14 11:51:38,10.0,74.8
4101,POS消费,地点21,开水,2014/10/14 11:54:03,1.8,73.0
4101,POS消费,地点913,淋浴,2014/10/14 18:46:31,1.8,71.2
4101,POS消费,地点215,开水,2014/10/15 09:28:37,0.21,70.99
4101,POS消费,地点91,校车,2014/10/15 11:57:38,10.0,60.99
4101,POS消费,地点913,淋浴,2014/10/15 16:38:56,2.2,58.79
4101,POS消费,地点913,淋浴,2014/10/15 23:28:39,2.0,56.79
4101,POS消费,地点215,开水,2014/10/16 00:45:32,0.08,56.71
4101,POS消费,地点215,开水,2014/10/16 11:57:08,0.23,56.48
4101,POS消费,地点21,开水,2014/10/16 12:56:04,11.9,44.58
4101,POS消费,地点91,校车,2014/10/16 17:59:18,8.0,36.58
4101,POS消费,地点26,图书馆,2014/10/16 18:05:00,1.8,34.78
4101,POS消费,地点913,淋浴,2014/10/16 23:19:23,1.6,33.18
4101,POS消费,地点215,开水,2014/10/17 10:31:21,0.03,33.15
4101,POS消费,地点913,淋浴,2014/10/17 13:37:04,2.2,30.95
4101,POS消费,地点21,开水,2014/10/17 15:06:27,15.4,15.55
4101,POS消费,地点215,开水,2014/10/18 01:58:17,0.03,15.52
4101,POS消费,地点215,开水,2014/10/18 12:30:00,0.02,15.5
4101,POS消费,地点913,淋浴,2014/10/18 14:21:08,1.4,14.1
4101,POS消费,地点215,开水,2014/10/18 20:34:22,0.03,14.07
4101,POS消费,地点913,淋浴,2014/10/19 15:26:34,1.5,12.57
4101,POS消费,地点215,开水,2014/10/20 12:18:15,0.25,12.32
4101,POS消费,地点215,开水,2014/10/20 23:05:26,0.02,12.3
4101,POS消费,地点913,淋浴,2014/10/20 23:43:43,2.2,10.1
4101,POS消费,地点215,开水,2014/10/21 09:23:02,0.25,9.85
4101,POS消费,地点913,淋浴,2014/10/21 23:31:00,1.4,8.45
4101,POS消费,地点215,开水,2014/10/22 09:52:26,0.21,8.24
4101,卡充值,,,2014/10/22 12:05:18,100.0,108.24
4101,POS消费,地点21,开水,2014/10/22 12:11:05,9.6,98.64
4101,POS消费,地点21,开水,2014/10/22 12:12:49,3.6,95.04
4101,POS消费,地点232,食堂,2014/10/22 17:32:18,8.6,86.44
4101,POS消费,地点26,图书馆,2014/10/22 17:49:21,3.8,82.64
4101,POS消费,地点26,图书馆,2014/10/22 17:49:44,1.8,80.84
4101,POS消费,地点91,校车,2014/10/22 19:36:52,7.7,73.14
4101,POS消费,地点913,淋浴,2014/10/22 23:27:15,2.2,70.94
4101,POS消费,地点215,开水,2014/10/23 10:52:25,0.21,70.73
4101,POS消费,地点21,开水,2014/10/23 13:16:13,8.0,62.73
4101,POS消费,地点215,开水,2014/10/23 13:20:55,0.06,62.67
4101,POS消费,地点21,开水,2014/10/23 16:29:39,5.8,56.87
4101,POS消费,地点913,淋浴,2014/10/23 23:14:08,1.9,54.97
4101,POS消费,地点215,开水,2014/10/24 10:21:40,0.09,54.88
4101,POS消费,地点1386,校车,2014/10/24 10:53:35,2.0,52.88
4101,POS消费,地点21,开水,2014/10/24 21:50:42,30.0,22.88
4101,POS消费,地点21,开水,2014/10/24 21:50:47,1.8,21.08
4101,POS消费,地点913,淋浴,2014/10/24 22:10:01,1.8,19.28
4101,POS消费,地点215,开水,2014/10/25 13:39:41,0.06,19.22
4101,POS消费,地点913,淋浴,2014/10/25 14:31:35,1.7,17.52
4101,POS消费,地点913,淋浴,2014/10/25 23:23:58,0.4,17.12
4101,POS消费,地点215,开水,2014/10/26 11:51:00,0.19,16.93
4101,POS消费,地点913,淋浴,2014/10/26 20:12:16,1.1,15.83
4101,POS消费,地点215,开水,2014/10/27 11:43:40,0.21,15.62
4101,卡充值,,,2014/10/27 12:04:00,30.0,45.62
4101,POS消费,地点21,开水,2014/10/27 12:08:00,18.4,27.22
4101,POS消费,地点21,开水,2014/10/27 18:19:03,6.5,20.72
4101,POS消费,地点21,开水,2014/10/27 18:20:56,1.8,18.92
4101,POS消费,地点21,开水,2014/10/27 18:22:54,4.6,14.32
4101,POS消费,地点21,开水,2014/10/27 21:16:05,6.5,7.82
4101,POS消费,地点913,淋浴,2014/10/27 22:06:01,1.9,5.92
4101,POS消费,地点215,开水,2014/10/28 09:45:41,0.22,5.7
4101,POS消费,地点21,开水,2014/10/28 12:16:21,1.8,3.9
4101,POS消费,地点913,淋浴,2014/10/29 23:32:27,0.8,3.1
4101,POS消费,地点913,淋浴,2014/10/30 13:47:18,1.9,1.2
4101,POS消费,地点215,开水,2014/10/31 13:33:05,0.02,1.18
4101,POS消费,地点215,开水,2014/10/31 13:37:53,0.02,1.16
4101,POS消费,地点913,淋浴,2014/11/02 14:02:11,1.1,0.06
4101,卡充值,,,2014/11/03 12:05:20,20.0,20.06
4101,POS消费,地点21,开水,2014/11/03 12:05:40,4.0,16.06
4101,POS消费,地点913,淋浴,2014/11/03 14:22:30,2.6,13.46
4101,POS消费,地点21,开水,2014/11/03 15:46:10,5.9,7.56
4101,POS消费,地点21,开水,2014/11/03 15:46:25,4.0,3.56
4101,POS消费,地点215,开水,2014/11/03 15:51:56,0.06,3.5
4101,POS消费,地点215,开水,2014/11/04 01:16:08,0.04,3.46
4101,POS消费,地点913,淋浴,2014/11/04 18:23:30,2.3,1.16
4101,POS消费,地点913,淋浴,2014/11/04 23:04:53,1.0,0.16
4101,POS消费,地点215,开水,2014/11/05 10:34:46,0.03,0.13
4101,卡充值,,,2014/11/05 18:19:54,50.0,50.13
4101,POS消费,地点21,开水,2014/11/06 12:54:44,20.6,29.53
4101,POS消费,地点913,淋浴,2014/11/06 14:16:35,2.8,26.73
4101,POS消费,地点913,淋浴,2014/11/07 15:57:43,2.7,24.03
4101,POS消费,地点913,淋浴,2014/11/07 23:50:19,2.2,21.83
4101,POS消费,地点21,开水,2014/11/08 12:43:18,7.0,14.83
4101,POS消费,地点913,淋浴,2014/11/08 13:45:11,1.1,13.73
4101,POS消费,地点913,淋浴,2014/11/08 23:55:30,1.6,12.13
4101,POS消费,地点913,淋浴,2014/11/09 13:44:35,0.5,11.63
4101,POS消费,地点913,淋浴,2014/11/09 23:31:48,1.8,9.83
4101,POS消费,地点215,开水,2014/11/10 09:55:42,0.19,9.64
4101,POS消费,地点913,淋浴,2014/11/10 18:04:36,2.7,6.94
4101,POS消费,地点215,开水,2014/11/11 11:55:38,0.23,6.71
4101,卡充值,,,2014/11/11 12:30:03,100.0,106.71
4101,POS消费,地点21,开水,2014/11/11 12:33:07,13.8,92.91
4101,POS消费,地点913,淋浴,2014/11/11 17:19:42,2.6,90.31
4101,POS消费,地点215,开水,2014/11/12 10:04:54,0.22,90.09
4101,POS消费,地点91,校车,2014/11/12 12:12:25,20.0,70.09
4101,POS消费,地点913,淋浴,2014/11/12 17:44:52,3.0,67.09
4101,POS消费,地点913,淋浴,2014/11/12 23:48:22,1.2,65.89
4101,POS消费,地点215,开水,2014/11/13 13:07:26,0.2,65.69
4101,POS消费,地点21,开水,2014/11/13 13:33:41,4.9,60.79
4101,POS消费,地点913,淋浴,2014/11/13 17:27:11,2.9,57.89
4101,POS消费,地点913,淋浴,2014/11/13 23:43:43,1.5,56.39
4101,POS消费,地点913,淋浴,2014/11/14 15:45:29,1.5,54.89
4101,POS消费,地点913,淋浴,2014/11/15 00:23:01,0.1,54.79
4101,POS消费,地点913,淋浴,2014/11/15 15:35:56,2.5,52.29
4101,POS消费,地点913,淋浴,2014/11/16 15:45:38,0.2,52.09
4101,POS消费,地点913,淋浴,2014/11/16 15:56:38,0.3,51.79
4101,POS消费,地点913,淋浴,2014/11/16 16:00:08,2.8,48.99
4101,POS消费,地点913,淋浴,2014/11/16 23:55:45,2.0,46.99
4101,POS消费,地点913,淋浴,2014/11/17 13:51:40,3.5,43.49
4101,POS消费,地点91,校车,2014/11/17 16:47:21,14.0,29.49
4101,POS消费,地点26,图书馆,2014/11/17 16:54:25,6.0,23.49
4101,POS消费,地点26,图书馆,2014/11/17 16:55:43,1.8,21.69
4101,POS消费,地点913,淋浴,2014/11/17 23:59:31,2.1,19.59
4101,POS消费,地点215,开水,2014/11/18 13:50:37,0.05,19.54
4101,POS消费,地点913,淋浴,2014/11/18 14:18:45,2.6,16.94
4101,POS消费,地点913,淋浴,2014/11/18 19:54:31,3.5,13.44
4101,POS消费,地点215,开水,2014/11/19 09:53:06,0.24,13.2
4101,卡充值,,,2014/11/19 12:07:11,100.0,113.2
4101,POS消费,地点91,校车,2014/11/19 12:14:02,13.0,100.2
4101,POS消费,地点91,校车,2014/11/19 15:28:01,4.8,95.4
4101,POS消费,地点215,开水,2014/11/19 15:44:26,0.19,95.21
4101,POS消费,地点913,淋浴,2014/11/19 18:21:53,2.1,93.11
4101,POS消费,地点913,淋浴,2014/11/19 23:35:46,2.1,91.01
4101,POS消费,地点913,淋浴,2014/11/20 13:44:45,3.6,87.41
4101,POS消费,地点21,开水,2014/11/20 16:40:37,13.0,74.41
4101,POS消费,地点91,校车,2014/11/20 17:23:21,14.0,60.41
4101,POS消费,地点26,图书馆,2014/11/20 17:28:37,4.9,55.51
4101,POS消费,地点26,图书馆,2014/11/20 17:29:36,1.8,53.71
4101,POS消费,地点913,淋浴,2014/11/20 23:26:29,1.8,51.91
4101,POS消费,地点913,淋浴,2014/11/21 16:20:39,2.9,49.01
4101,POS消费,地点91,校车,2014/11/21 18:04:45,13.0,36.01
4101,POS消费,地点21,开水,2014/11/21 18:06:07,1.8,34.21
4101,POS消费,地点215,开水,2014/11/22 11:24:33,0.24,33.97
4101,POS消费,地点232,食堂,2014/11/22 17:41:23,8.6,25.37
4101,POS消费,地点26,图书馆,2014/11/22 17:45:05,5.6,19.77
4101,POS消费,地点913,淋浴,2014/11/22 18:43:19,2.2,17.57
4101,POS消费,地点913,淋浴,2014/11/22 23:37:29,0.1,17.47
4101,POS消费,地点913,淋浴,2014/11/23 13:54:03,2.6,14.87
4101,卡充值,,,2014/11/23 17:40:55,50.0,64.87
4101,POS消费,地点21,开水,2014/11/23 17:51:30,9.6,55.27
4101,POS消费,地点21,开水,2014/11/23 17:52:44,4.0,51.27
4101,POS消费,地点913,淋浴,2014/11/24 00:04:20,1.9,49.37
4101,POS消费,地点21,开水,2014/11/24 12:54:10,13.9,35.47
4101,POS消费,地点913,淋浴,2014/11/24 13:58:52,2.1,33.37
4101,POS消费,地点91,校车,2014/11/24 18:02:36,13.0,20.37
4101,POS消费,地点21,开水,2014/11/24 18:03:57,1.5,18.87
4101,POS消费,地点21,开水,2014/11/24 18:04:03,0.3,18.57
4101,POS消费,地点913,淋浴,2014/11/24 23:27:25,1.5,17.07
4101,POS消费,地点215,开水,2014/11/25 09:49:20,0.25,16.82
4101,POS消费,地点21,开水,2014/11/25 12:20:35,1.0,15.82
4101,POS消费,地点21,开水,2014/11/25 12:20:48,1.8,14.02
4101,POS消费,地点913,淋浴,2014/11/25 18:50:21,2.7,11.32
4101,POS消费,地点913,淋浴,2014/11/25 23:36:54,2.1,9.22
4101,POS消费,地点215,开水,2014/11/26 12:11:37,0.25,8.97
4101,卡充值,,,2014/11/26 12:43:09,20.0,28.97
4101,POS消费,地点91,校车,2014/11/26 12:45:55,6.0,22.97
4101,POS消费,地点26,图书馆,2014/11/26 12:48:53,3.6,19.37
4101,POS消费,地点913,淋浴,2014/11/26 17:28:20,2.9,16.47
4101,POS消费,地点913,淋浴,2014/11/26 23:59:50,1.3,15.17
4101,POS消费,地点215,开水,2014/11/27 12:28:39,0.25,14.92
4101,POS消费,地点913,淋浴,2014/11/27 18:23:03,2.0,12.92
4101,POS消费,地点913,淋浴,2014/11/28 00:04:10,1.4,11.52
4101,POS消费,地点913,淋浴,2014/11/28 14:47:00,2.0,9.52
4101,卡充值,,,2014/11/28 16:59:49,50.0,59.52
4101,POS消费,地点91,校车,2014/11/28 17:11:19,22.0,37.52
4101,POS消费,地点21,开水,2014/11/28 17:12:01,1.8,35.72
4101,POS消费,地点913,淋浴,2014/11/29 00:29:14,0.1,35.62
4101,POS消费,地点913,淋浴,2014/11/29 13:56:11,1.4,34.22
4101,POS消费,地点913,淋浴,2014/11/29 18:48:31,1.7,32.52
4101,POS消费,地点215,开水,2014/11/30 10:50:44,0.26,32.26
4101,POS消费,地点21,开水,2014/11/30 11:13:24,9.0,23.26
4101,POS消费,地点913,淋浴,2014/11/30 19:14:51,1.4,21.86
4101,POS消费,地点913,淋浴,2014/11/30 23:57:43,0.7,21.16
