4207,卡片开户,,,2014/07/17 09:37:12,0.0,0.0
4207,卡充值,,,2014/08/29 12:34:19,150.0,150.0
4207,POS消费,地点70,食堂,2014/08/29 12:51:13,8.0,131.8
4207,POS消费,地点61,食堂,2014/08/29 12:53:59,5.1,144.9
4207,POS消费,地点61,食堂,2014/08/29 12:54:20,5.1,139.8
4207,POS消费,地点21,开水,2014/08/29 13:07:33,0.7,131.1
4207,POS消费,地点21,开水,2014/08/29 13:07:48,0.03,131.07
4207,POS消费,地点157,食堂,2014/08/29 17:37:17,9.6,121.47
4207,POS消费,地点1658,淋浴,2014/08/29 20:54:56,0.9,120.57
4207,POS消费,地点1671,开水,2014/08/30 13:47:13,0.01,120.56
4207,POS消费,地点114,食堂,2014/08/31 09:14:35,5.0,115.56
4207,POS消费,地点114,食堂,2014/08/31 09:15:04,3.0,112.56
4207,POS消费,地点91,校车,2014/08/31 11:43:36,10.9,101.66
4207,POS消费,地点1658,淋浴,2014/08/31 23:01:37,0.8,100.86
