423,POS消费,地点26,图书馆,2014/07/03 11:53:31,0.12,0.74
423,POS消费,地点26,图书馆,2014/07/03 11:53:31,0.0,0.0
423,卡片开户,,,2014/07/18 12:17:44,0.0,0.0
423,卡充值,,,2014/08/29 11:30:49,200.0,200.0
423,POS消费,地点230,食堂,2014/08/29 11:53:02,25.0,175.0
423,POS消费,地点218,食堂,2014/08/29 12:10:52,6.9,168.1
423,POS消费,地点21,开水,2014/08/29 17:49:19,3.0,165.1
423,POS消费,地点21,开水,2014/08/29 17:49:56,1.5,163.6
423,POS消费,地点21,开水,2014/08/29 17:51:59,1.8,161.8
423,POS消费,地点26,图书馆,2014/08/29 21:08:39,75.9,85.9
423,POS消费,地点103,食堂,2014/08/30 08:56:54,3.4,82.5
423,POS消费,地点192,超市,2014/08/30 09:12:34,8.5,74.0
423,POS消费,地点192,超市,2014/08/30 09:14:27,28.0,46.0
423,POS消费,地点184,食堂,2014/08/30 12:20:03,6.1,39.9
423,POS消费,地点48,淋浴,2014/08/30 20:45:16,0.7,39.2
423,POS消费,地点219,超市,2014/08/31 11:12:45,4.5,34.7
423,POS消费,地点203,食堂,2014/08/31 12:51:39,5.5,29.2
423,POS消费,地点192,超市,2014/08/31 13:13:33,2.8,26.4
423,POS消费,地点124,食堂,2014/08/31 17:54:05,4.5,21.9
423,POS消费,地点1847,食堂,2014/08/31 18:10:37,4.0,17.9
