4260,卡片开户,,,2014/07/18 11:43:17,0.0,0.0
4260,卡充值,,,2014/08/29 13:06:03,500.0,500.0
4260,POS消费,地点21,开水,2014/08/29 13:11:58,12.6,487.4
4260,POS消费,地点21,开水,2014/08/29 13:12:22,12.66,474.74
4260,POS消费,地点21,开水,2014/08/29 13:13:08,-12.66,487.4
4260,POS消费,地点21,开水,2014/08/29 13:13:17,12.6,474.8
4260,POS消费,地点21,开水,2014/08/29 13:13:50,12.6,462.2
4260,POS消费,地点21,开水,2014/08/29 13:14:14,12.6,449.6
4260,POS消费,地点21,开水,2014/08/29 13:14:37,12.6,437.0
4260,POS消费,地点61,食堂,2014/08/30 18:53:49,8.6,428.4
4260,POS消费,地点1935,开水,2014/08/30 21:40:05,0.06,428.34
4260,POS消费,地点65,食堂,2014/08/31 08:03:05,0.5,427.84
4260,POS消费,地点161,食堂,2014/08/31 08:18:09,2.5,425.34
4260,POS消费,地点232,食堂,2014/08/31 11:52:34,3.5,421.84
4260,POS消费,地点168,食堂,2014/08/31 18:18:20,5.5,416.34
