43,卡片开户,,,2014/07/20 10:11:14,0.0,0.0
43,卡充值,,,2014/08/29 12:28:01,100.0,100.0
43,POS消费,地点69,食堂,2014/08/29 12:32:04,8.6,91.4
43,POS消费,地点69,食堂,2014/08/29 12:32:20,6.0,85.4
43,POS消费,地点69,食堂,2014/08/29 12:32:24,0.6,84.8
43,POS消费,地点228,食堂,2014/08/29 18:37:03,11.0,73.8
43,POS消费,地点231,食堂,2014/08/29 18:50:20,0.4,73.4
43,POS消费,地点231,食堂,2014/08/29 18:50:35,0.4,73.0
43,POS消费,地点161,食堂,2014/08/29 18:51:03,0.6,72.4
43,POS消费,地点59,食堂,2014/08/30 11:09:53,3.6,68.8
43,POS消费,地点21,开水,2014/08/30 11:30:47,5.1,63.7
43,POS消费,地点65,食堂,2014/08/30 17:17:31,9.6,54.1
43,POS消费,地点61,食堂,2014/08/31 07:54:52,2.6,51.5
43,POS消费,地点61,食堂,2014/08/31 07:54:56,0.4,51.1
43,POS消费,地点161,食堂,2014/08/31 11:38:46,6.9,44.2
43,POS消费,地点21,开水,2014/08/31 11:58:19,3.0,41.2
43,POS消费,地点161,食堂,2014/08/31 17:53:46,6.2,35.0
43,POS消费,地点243,食堂,2014/08/31 17:56:07,3.0,27.6
43,POS消费,地点253,食堂,2014/08/31 18:06:17,4.4,30.6
43,POS消费,地点1910,淋浴,2014/08/31 19:15:34,0.1,27.5
43,POS消费,地点1910,淋浴,2014/08/31 19:19:43,0.1,27.4
43,POS消费,地点1910,淋浴,2014/08/31 19:20:43,0.2,27.2
