437,卡片开户,,,2014/07/19 16:28:38,0.0,0.0
437,卡充值,,,2014/08/29 15:03:08,1000.0,1000.0
437,POS消费,地点89,食堂,2014/08/29 18:43:56,13.5,986.5
437,POS消费,地点21,开水,2014/08/30 11:52:10,3.0,983.5
437,POS消费,地点305,食堂,2014/08/30 12:00:31,6.6,976.9
437,POS消费,地点1631,开水,2014/08/31 07:03:51,0.01,976.89
437,POS消费,地点61,食堂,2014/08/31 08:07:50,6.1,970.79
437,POS消费,地点188,超市,2014/08/31 16:38:24,10.0,960.79
437,POS消费,地点1631,开水,2014/08/31 16:49:11,0.01,960.78
437,POS消费,地点1631,开水,2014/08/31 16:51:02,0.01,960.77
437,POS消费,地点1631,开水,2014/08/31 17:49:50,0.07,960.7
437,POS消费,地点1625,淋浴,2014/08/31 18:19:21,0.1,960.6
437,POS消费,地点1625,淋浴,2014/08/31 18:20:23,0.1,960.5
437,POS消费,地点1625,淋浴,2014/08/31 18:22:41,0.1,960.4
437,POS消费,地点1625,淋浴,2014/08/31 18:23:43,0.1,960.3
437,POS消费,地点1624,淋浴,2014/08/31 18:25:22,1.2,959.1
