4491,POS消费,地点21,开水,2014/09/03 11:54:25,3.3,58.57
4491,POS消费,地点91,校车,2014/09/04 18:02:14,10.0,48.57
4491,POS消费,地点302,淋浴,2014/09/04 18:41:31,0.8,47.77
4491,POS消费,地点1385,校车,2014/09/04 19:22:51,2.0,45.77
4491,POS消费,地点1456,校车,2014/09/07 21:14:56,2.0,43.77
4491,POS消费,地点232,食堂,2014/09/10 18:24:14,10.3,33.47
4491,POS消费,地点21,开水,2014/09/10 18:43:48,4.0,29.47
4491,POS消费,地点21,开水,2014/09/11 17:42:43,4.8,24.67
4491,POS消费,地点302,淋浴,2014/09/11 22:00:17,0.6,24.07
4491,POS消费,地点302,淋浴,2014/09/14 09:33:03,0.8,23.27
4491,POS消费,地点125,淋浴,2014/09/16 18:49:15,0.07,23.2
4491,POS消费,地点302,淋浴,2014/09/17 20:51:25,0.3,22.9
4491,POS消费,地点302,淋浴,2014/09/22 23:03:15,0.5,22.4
4491,POS消费,地点21,开水,2014/09/29 19:05:08,14.9,7.5
4491,POS消费,地点232,食堂,2014/10/24 18:21:17,7.0,0.5
4491,卡充值,,,2015/03/10 11:40:13,50.0,50.5
4491,POS消费,地点232,食堂,2015/03/10 11:42:48,8.3,42.2
4491,卡挂失,,,2015/03/11 10:11:13,0.0,0.0
4491,卡补办,,,2015/03/23 11:50:40,15.0,42.2
4491,更新卡信息,,,2015/03/23 11:50:58,0.0,0.0
4491,POS消费,地点2264,洗衣房,2015/03/23 15:03:52,3.6,38.6
4491,POS消费,地点2264,洗衣房,2015/03/23 15:05:47,3.6,35.0
4491,POS消费,地点91,校车,2015/03/23 17:44:28,6.0,29.0
4491,POS消费,地点21,开水,2015/03/23 18:40:32,4.9,24.1
4491,POS消费,地点232,食堂,2015/03/24 08:21:13,3.0,21.1
4491,POS消费,地点21,开水,2015/03/24 11:27:40,4.3,16.8
4491,POS消费,地点21,开水,2015/03/24 11:43:15,1.03,15.77
4491,卡充值,,,2015/03/24 15:22:05,200.0,215.77
4491,POS消费,地点21,开水,2015/03/24 15:23:24,5.5,210.27
4491,POS消费,地点21,开水,2015/03/24 17:19:09,3.3,206.97
4491,POS消费,地点302,淋浴,2015/03/24 22:17:04,1.4,205.57
4491,POS消费,地点21,开水,2015/03/25 08:30:57,1.8,203.77
4491,POS消费,地点21,开水,2015/03/25 08:32:08,0.5,203.27
4491,POS消费,地点21,开水,2015/03/25 12:03:55,2.8,200.47
4491,POS消费,地点232,食堂,2015/03/25 18:07:47,7.0,193.47
4491,POS消费,地点2264,洗衣房,2015/03/25 19:55:27,3.6,189.87
4491,POS消费,地点232,食堂,2015/03/26 08:42:15,3.0,186.87
4491,POS消费,地点21,开水,2015/03/26 11:30:50,2.8,184.07
4491,POS消费,地点232,食堂,2015/03/26 17:18:04,7.3,176.77
4491,POS消费,地点21,开水,2015/03/27 09:07:41,2.0,174.77
4491,POS消费,地点21,开水,2015/03/27 09:08:36,3.3,171.47
4491,POS消费,地点21,开水,2015/03/27 09:09:15,1.2,170.27
4491,POS消费,地点91,校车,2015/03/27 17:16:15,5.0,165.27
4491,POS消费,地点21,开水,2015/03/27 17:25:11,4.53,160.74
4491,POS消费,地点302,淋浴,2015/03/27 23:53:12,0.4,160.34
4491,POS消费,地点1405,校车,2015/03/28 08:24:56,2.0,158.34
4491,POS消费,地点1405,校车,2015/03/28 08:25:02,2.0,156.34
4491,POS消费,地点191,校车,2015/03/28 15:37:25,4.0,152.34
4491,POS消费,地点232,食堂,2015/03/30 11:48:17,7.0,145.34
4491,POS消费,地点91,校车,2015/03/30 17:32:12,5.0,140.34
4491,POS消费,地点21,开水,2015/03/31 12:46:02,3.8,136.54
4491,POS消费,地点21,开水,2015/03/31 17:48:28,3.0,133.54
4491,POS消费,地点21,开水,2015/03/31 18:00:06,1.83,131.71
4491,POS消费,地点21,开水,2015/03/31 18:16:30,4.9,126.81
4491,POS消费,地点232,食堂,2015/04/01 12:43:55,7.0,119.81
4491,POS消费,地点91,校车,2015/04/02 17:54:59,8.0,111.81
4491,POS消费,地点21,开水,2015/04/04 10:41:03,1.9,109.91
4491,POS消费,地点220,校车,2015/04/05 17:22:46,4.0,105.91
4491,POS消费,地点232,食堂,2015/04/06 12:29:41,10.0,95.91
4491,POS消费,地点232,食堂,2015/04/06 17:46:14,7.0,88.91
4491,POS消费,地点91,校车,2015/04/07 17:06:29,5.0,83.91
4491,POS消费,地点21,开水,2015/04/07 17:24:38,4.03,79.88
4491,POS消费,地点21,开水,2015/04/07 17:25:07,2.5,77.38
4491,POS消费,地点21,开水,2015/04/07 19:22:53,4.0,73.38
4491,POS消费,地点232,食堂,2015/04/08 09:08:37,3.0,70.38
4491,POS消费,地点232,食堂,2015/04/08 16:56:29,6.0,64.38
4491,POS消费,地点26,图书馆,2015/04/08 17:14:23,2.03,62.35
4491,POS消费,地点12,文印中心,2015/04/08 17:22:28,30.0,32.35
4491,POS消费,地点12,文印中心,2015/04/08 17:22:34,9.1,23.25
4491,POS消费,地点21,开水,2015/04/09 09:24:41,2.6,20.65
4491,POS消费,地点21,开水,2015/04/09 11:34:43,2.8,17.85
4491,POS消费,地点21,开水,2015/04/09 17:12:09,2.8,15.05
4491,POS消费,地点2264,洗衣房,2015/04/09 20:04:42,3.6,11.45
4491,POS消费,地点125,淋浴,2015/04/09 23:36:23,0.01,11.44
4491,POS消费,地点220,校车,2015/04/10 12:32:29,4.0,7.44
4491,POS消费,地点996,图书馆,2015/04/10 14:18:06,2.0,5.44
4491,POS消费,地点21,开水,2015/04/11 09:35:53,1.83,3.61
4491,POS消费,地点302,淋浴,2015/04/14 22:33:12,1.5,2.11
4491,卡充值,,,2015/04/15 17:24:17,10.0,12.11
4491,POS消费,地点21,开水,2015/04/15 17:25:33,3.3,8.81
4491,POS消费,地点21,开水,2015/04/15 17:40:52,1.03,7.78
4491,POS消费,地点232,食堂,2015/04/17 07:32:18,3.0,4.78
4491,卡充值,,,2015/04/20 18:12:12,50.0,54.78
4491,POS消费,地点21,开水,2015/04/20 18:14:21,2.3,52.48
4491,POS消费,地点232,食堂,2015/04/21 08:01:54,3.0,49.48
4491,POS消费,地点21,开水,2015/04/21 08:15:24,1.0,48.48
4491,POS消费,地点21,开水,2015/04/21 11:47:05,2.3,46.18
4491,POS消费,地点302,淋浴,2015/04/21 16:29:51,1.0,45.18
4491,POS消费,地点232,食堂,2015/04/21 17:42:17,8.0,37.18
4491,POS消费,地点21,开水,2015/04/23 11:14:13,5.3,31.88
4491,POS消费,地点232,食堂,2015/04/24 17:25:22,8.0,23.88
4491,POS消费,地点21,开水,2015/04/25 10:22:26,1.03,22.85
4491,POS消费,地点232,食堂,2015/04/26 11:39:25,7.0,15.85
4491,POS消费,地点2264,洗衣房,2015/04/26 21:19:08,3.6,12.25
4491,卡充值,,,2015/04/28 11:15:14,50.0,62.25
4491,POS消费,地点91,校车,2015/04/28 11:17:13,6.0,56.25
4491,POS消费,地点21,开水,2015/04/28 17:11:46,5.3,50.95
4491,POS消费,地点21,开水,2015/04/28 17:24:37,1.03,49.92
4491,POS消费,地点302,淋浴,2015/04/28 22:49:53,0.9,49.02
4491,POS消费,地点21,开水,2015/04/29 17:19:15,5.3,43.72
4491,POS消费,地点21,开水,2015/04/29 17:33:12,0.43,43.29
4491,POS消费,地点232,食堂,2015/04/30 17:06:10,7.0,36.29
4491,POS消费,地点21,开水,2015/04/30 17:23:33,3.4,32.89
4491,POS消费,地点232,食堂,2015/05/01 17:10:45,7.0,25.89
4491,POS消费,地点21,开水,2015/05/04 09:28:20,2.53,23.36
4491,POS消费,地点21,开水,2015/05/04 09:30:25,1.9,21.46
4491,POS消费,地点232,食堂,2015/05/05 08:25:01,3.0,18.46
4491,POS消费,地点21,开水,2015/05/05 08:39:28,3.93,14.53
4491,POS消费,地点232,食堂,2015/05/05 12:08:01,7.4,7.13
4491,卡充值,,,2015/05/06 11:27:16,100.0,107.13
4491,POS消费,地点91,校车,2015/05/06 11:28:56,8.0,99.13
4491,POS消费,地点26,图书馆,2015/05/06 17:31:36,5.0,94.13
4491,POS消费,地点21,开水,2015/05/06 18:07:36,3.53,90.6
4491,POS消费,地点2264,洗衣房,2015/05/06 21:13:09,3.6,87.0
4491,POS消费,地点302,淋浴,2015/05/06 22:37:15,0.7,86.3
4491,POS消费,地点232,食堂,2015/05/07 17:30:30,7.0,79.3
4491,POS消费,地点21,开水,2015/05/07 17:46:38,3.53,75.77
4491,POS消费,地点232,食堂,2015/05/08 07:35:12,3.0,72.77
4491,POS消费,地点21,开水,2015/05/09 08:07:25,4.0,68.77
4491,POS消费,地点91,校车,2015/05/12 18:06:29,10.0,58.77
4491,POS消费,地点21,开水,2015/05/12 18:30:33,3.0,55.77
4491,POS消费,地点302,淋浴,2015/05/12 23:56:19,0.7,55.07
4491,POS消费,地点91,校车,2015/05/13 17:26:00,6.0,49.07
4491,POS消费,地点21,开水,2015/05/13 17:42:36,3.0,46.07
4491,POS消费,地点91,校车,2015/05/14 07:21:50,3.0,43.07
4491,POS消费,地点21,开水,2015/05/14 07:31:26,1.8,41.27
4491,POS消费,地点232,食堂,2015/05/14 17:57:43,8.0,33.27
4491,POS消费,地点232,食堂,2015/05/15 07:47:02,3.0,30.27
4491,POS消费,地点21,开水,2015/05/15 08:04:38,5.23,25.04
4491,POS消费,地点21,开水,2015/05/15 08:05:12,4.0,21.04
4491,POS消费,地点91,校车,2015/05/15 12:42:15,5.0,16.04
4491,POS消费,地点21,开水,2015/05/15 12:55:44,2.8,13.24
4491,POS消费,地点21,开水,2015/05/15 22:33:20,6.3,6.94
4491,POS消费,地点302,淋浴,2015/05/16 00:03:31,0.7,6.24
4491,POS消费,地点2264,洗衣房,2015/05/19 02:02:24,3.6,2.64
4491,卡充值,,,2015/05/19 11:26:08,100.0,102.64
4491,POS消费,地点21,开水,2015/05/19 11:27:34,5.3,97.34
4491,POS消费,地点302,淋浴,2015/05/19 23:34:48,0.8,96.54
4491,POS消费,地点232,食堂,2015/05/20 07:18:30,3.0,93.54
4491,POS消费,地点21,开水,2015/05/20 07:19:50,1.8,91.74
4491,POS消费,地点1214,校车,2015/05/20 12:30:54,2.0,89.74
4491,POS消费,地点1387,校车,2015/05/20 19:27:59,2.0,87.74
4491,POS消费,地点232,食堂,2015/05/21 08:29:04,4.0,83.74
4491,POS消费,地点21,开水,2015/05/21 08:40:06,3.23,80.51
4491,POS消费,地点21,开水,2015/05/21 12:14:28,5.0,75.51
4491,POS消费,地点21,开水,2015/05/22 07:27:07,2.03,73.48
4491,POS消费,地点232,食堂,2015/05/22 11:53:56,5.7,67.78
4491,POS消费,地点21,开水,2015/05/22 20:08:19,18.1,49.68
4491,POS消费,地点232,食堂,2015/05/23 09:08:52,3.0,46.68
4491,POS消费,地点21,开水,2015/05/23 09:20:41,8.03,38.65
4491,POS消费,地点21,开水,2015/05/23 12:12:22,2.53,36.12
4491,POS消费,地点21,开水,2015/05/23 12:12:26,1.0,35.12
4491,POS消费,地点302,淋浴,2015/05/23 13:37:10,0.8,34.32
4491,POS消费,地点232,食堂,2015/05/24 09:07:08,3.0,31.32
4491,POS消费,地点1214,校车,2015/05/24 12:30:37,2.0,29.32
4491,POS消费,地点1447,校车,2015/05/24 18:32:24,1.0,28.32
4491,POS消费,地点920,校车,2015/05/25 07:54:53,4.0,24.32
4491,POS消费,地点232,食堂,2015/05/25 09:21:10,3.0,21.32
4491,POS消费,地点21,开水,2015/05/26 07:22:37,2.5,18.82
4491,POS消费,地点232,食堂,2015/05/26 07:23:17,3.0,15.82
4491,POS消费,地点21,开水,2015/05/26 12:01:52,3.53,12.29
4491,POS消费,地点21,开水,2015/05/27 17:54:02,5.3,6.99
4491,POS消费,地点302,淋浴,2015/05/27 18:19:01,0.8,6.19
4491,POS消费,地点1456,校车,2015/05/27 19:16:54,2.0,4.19
4491,POS消费,地点222,校车,2015/05/28 10:10:33,1.0,3.19
4491,POS消费,地点1215,校车,2015/05/28 15:28:27,2.0,1.19
4491,卡充值,,,2015/05/29 18:09:16,100.0,101.19
4491,POS消费,地点232,食堂,2015/05/29 18:10:23,7.0,94.19
4491,POS消费,地点21,开水,2015/05/30 13:28:02,3.0,91.19
4491,POS消费,地点248,超市,2015/05/31 20:25:04,6.4,84.79
4491,POS消费,地点302,淋浴,2015/06/01 00:05:58,1.1,83.69
4491,POS消费,地点302,淋浴,2015/06/03 00:19:18,0.7,82.99
4491,POS消费,地点2264,洗衣房,2015/06/03 01:06:42,3.6,79.39
4491,POS消费,地点2264,洗衣房,2015/06/03 01:06:47,3.6,75.79
4491,POS消费,地点21,开水,2015/06/04 12:48:10,5.3,70.49
4491,POS消费,地点21,开水,2015/06/04 13:00:48,3.4,67.09
4491,POS消费,地点302,淋浴,2015/06/05 00:04:03,0.7,66.39
4491,POS消费,地点21,开水,2015/06/06 15:26:48,3.0,63.39
4491,POS消费,地点302,淋浴,2015/06/07 00:15:12,0.8,62.59
4491,POS消费,地点21,开水,2015/06/08 17:46:06,5.3,57.29
4491,POS消费,地点21,开水,2015/06/08 18:00:54,2.0,55.29
4491,POS消费,地点302,淋浴,2015/06/08 22:23:08,0.9,54.39
4491,POS消费,地点232,食堂,2015/06/09 08:34:09,3.0,51.39
4491,POS消费,地点21,开水,2015/06/09 08:47:12,2.0,49.39
4491,POS消费,地点91,校车,2015/06/09 12:05:02,5.0,44.39
4491,POS消费,地点21,开水,2015/06/09 12:05:36,0.45,43.94
4491,POS消费,地点26,图书馆,2015/06/09 12:40:44,3.0,40.94
4491,POS消费,地点21,开水,2015/06/09 18:28:34,5.3,35.64
4491,POS消费,地点21,开水,2015/06/09 18:43:36,3.4,32.24
4491,POS消费,地点232,食堂,2015/06/10 17:22:28,7.0,25.24
4491,POS消费,地点232,食堂,2015/06/11 08:18:34,4.03,21.21
4491,POS消费,地点21,开水,2015/06/11 08:21:06,2.2,19.01
4491,POS消费,地点232,食堂,2015/06/12 08:12:02,3.0,16.01
4491,POS消费,地点21,开水,2015/06/12 08:52:44,0.8,15.21
4491,POS消费,地点21,开水,2015/06/12 08:53:21,4.0,11.21
4491,POS消费,地点91,校车,2015/06/12 17:33:25,5.0,6.21
4491,POS消费,地点302,淋浴,2015/06/13 13:31:13,0.4,5.81
4491,POS消费,地点220,校车,2015/06/14 12:50:34,4.0,1.81
4491,POS消费,地点302,淋浴,2015/06/17 00:29:58,0.6,1.21
4491,POS消费,地点302,淋浴,2015/08/31 00:12:06,0.6,0.61
4491,POS消费,地点302,淋浴,2015/08/31 00:18:46,0.1,0.51
