4509,卡片开户,,,2014/07/19 13:05:39,0.0,0.0
4509,卡充值,,,2014/08/28 16:28:56,300.0,300.0
4509,POS消费,地点192,超市,2014/08/28 22:14:37,4.0,296.0
4509,POS消费,地点91,校车,2014/08/29 08:10:18,2.6,293.4
4509,POS消费,地点91,校车,2014/08/29 08:10:37,1.0,292.4
4509,POS消费,地点219,超市,2014/08/29 09:21:23,3.0,289.4
4509,POS消费,地点219,超市,2014/08/29 15:29:33,4.0,285.4
4509,POS消费,地点314,食堂,2014/08/29 17:58:14,28.0,257.4
4509,POS消费,地点314,食堂,2014/08/29 17:58:42,-28.0,285.4
4509,POS消费,地点314,食堂,2014/08/29 17:58:47,28.0,257.4
4509,POS消费,地点69,食堂,2014/08/30 08:01:02,1.8,255.6
4509,POS消费,地点60,食堂,2014/08/30 08:13:29,1.0,254.6
4509,POS消费,地点69,食堂,2014/08/31 07:55:48,1.9,252.7
4509,POS消费,地点21,开水,2014/08/31 11:33:41,7.6,245.1
4509,POS消费,地点186,开水,2014/08/31 22:40:10,0.04,245.06
