4521,卡片开户,,,2014/07/19 15:13:35,0.0,0.0
4521,卡充值,,,2014/08/28 09:10:54,200.0,200.0
4521,POS消费,地点1480,开水,2014/08/28 17:48:27,0.01,199.99
4521,POS消费,地点72,食堂,2014/08/29 09:03:18,2.9,197.09
4521,POS消费,地点65,食堂,2014/08/29 09:09:39,0.2,196.39
4521,POS消费,地点60,食堂,2014/08/29 09:13:09,0.5,196.59
4521,POS消费,地点188,超市,2014/08/29 09:28:05,58.0,138.39
4521,POS消费,地点1480,开水,2014/08/29 09:50:18,0.01,138.38
4521,POS消费,地点230,食堂,2014/08/29 11:44:45,5.0,133.38
4521,POS消费,地点21,开水,2014/08/29 12:00:37,6.0,127.38
4521,POS消费,地点1480,开水,2014/08/29 12:42:57,0.01,127.37
4521,POS消费,地点89,食堂,2014/08/29 17:28:40,3.0,124.37
4521,POS消费,地点1480,开水,2014/08/29 22:10:37,0.01,124.36
4521,POS消费,地点60,食堂,2014/08/30 08:33:46,0.5,123.86
4521,POS消费,地点21,开水,2014/08/30 08:49:33,2.2,121.66
4521,POS消费,地点21,开水,2014/08/30 08:49:56,1.6,120.06
4521,POS消费,地点227,食堂,2014/08/30 12:44:18,3.5,116.56
4521,POS消费,地点89,食堂,2014/08/30 17:48:39,3.0,113.56
4521,POS消费,地点1480,开水,2014/08/30 21:58:39,0.01,113.55
4521,POS消费,地点1480,开水,2014/08/30 21:59:08,0.01,113.54
4521,POS消费,地点1693,淋浴,2014/08/30 22:08:59,0.4,113.14
4521,POS消费,地点232,食堂,2014/08/31 08:03:46,1.05,112.09
4521,POS消费,地点91,校车,2014/08/31 11:47:08,3.0,109.09
4521,POS消费,地点1480,开水,2014/08/31 16:32:01,0.01,109.08
4521,POS消费,地点21,开水,2014/08/31 17:15:21,1.5,104.08
4521,POS消费,地点1701,食堂,2014/08/31 17:40:18,3.5,105.58
4521,POS消费,地点1694,淋浴,2014/08/31 21:06:57,0.3,103.78
