4806,卡片开户,,,2014/07/12 14:55:58,0.0,0.0
4806,卡充值,,,2014/08/28 15:06:22,500.0,500.0
4806,POS消费,地点21,开水,2014/08/28 18:01:27,3.0,497.0
4806,POS消费,地点21,开水,2014/08/28 18:04:07,1.5,479.3
4806,POS消费,地点21,开水,2014/08/28 18:15:10,1.5,477.8
4806,POS消费,地点103,食堂,2014/08/28 18:17:45,7.6,489.4
4806,POS消费,地点134,食堂,2014/08/28 18:17:49,8.6,480.8
4806,POS消费,地点261,食堂,2014/08/28 18:35:29,1.5,476.3
4806,POS消费,地点1182,洗衣房,2014/08/28 18:48:54,3.6,472.7
4806,POS消费,地点1182,洗衣房,2014/08/28 18:49:16,-3.54,476.24
4806,POS消费,地点1182,洗衣房,2014/08/28 18:51:13,3.6,472.64
4806,POS消费,地点1180,洗衣房,2014/08/28 19:08:34,3.6,469.04
4806,POS消费,地点1182,洗衣房,2014/08/28 19:41:46,-0.48,469.52
4806,POS消费,地点1180,洗衣房,2014/08/28 20:00:09,-0.48,470.0
4806,POS消费,地点21,开水,2014/08/30 11:41:34,1.55,464.35
4806,POS消费,地点21,开水,2014/08/30 11:41:41,-1.55,465.9
4806,POS消费,地点21,开水,2014/08/30 11:41:49,1.5,464.4
4806,POS消费,地点21,开水,2014/08/30 11:42:06,4.1,465.9
4806,POS消费,地点1180,洗衣房,2014/08/30 12:07:43,3.6,460.8
4806,POS消费,地点316,开水,2014/08/30 16:52:30,0.01,460.79
4806,POS消费,地点21,开水,2014/08/30 17:20:30,3.0,457.79
4806,POS消费,地点21,开水,2014/08/30 17:20:42,3.0,454.79
4806,POS消费,地点1451,校车,2014/08/31 11:23:32,1.0,453.79
4806,POS消费,地点222,校车,2014/08/31 13:17:50,1.0,452.79
