4853,卡片开户,,,2014/07/19 11:14:24,0.0,0.0
4853,卡充值,,,2014/08/27 16:55:02,400.0,400.0
4853,POS消费,地点21,开水,2014/08/27 17:15:20,26.0,374.0
4853,POS消费,地点21,开水,2014/08/27 18:14:02,4.6,369.4
4853,POS消费,地点21,开水,2014/08/27 18:14:14,1.6,367.8
4853,POS消费,地点21,开水,2014/08/27 18:14:27,3.6,364.2
4853,POS消费,地点188,超市,2014/08/27 18:56:13,7.0,357.2
4853,POS消费,地点1579,开水,2014/08/27 19:48:05,0.01,357.19
4853,POS消费,地点1579,开水,2014/08/27 19:49:11,0.01,357.18
4853,POS消费,地点1592,开水,2014/08/27 19:58:50,0.02,357.16
4853,POS消费,地点1592,开水,2014/08/27 20:05:54,0.06,357.1
4853,POS消费,地点1642,淋浴,2014/08/27 21:47:51,0.1,356.9
4853,POS消费,地点1657,淋浴,2014/08/27 21:48:42,0.1,356.8
4853,POS消费,地点1659,淋浴,2014/08/27 21:50:27,0.1,357.0
4853,POS消费,地点1657,淋浴,2014/08/27 22:00:35,0.6,356.2
4853,POS消费,地点195,超市,2014/08/28 08:41:03,28.0,328.2
4853,POS消费,地点188,超市,2014/08/28 10:26:17,10.8,317.4
4853,POS消费,地点232,食堂,2014/08/28 16:44:02,6.0,311.4
4853,POS消费,地点1592,开水,2014/08/28 20:01:12,0.08,311.32
4853,POS消费,地点61,食堂,2014/08/29 08:02:26,1.7,309.62
4853,POS消费,地点248,超市,2014/08/29 11:04:09,4.6,305.02
4853,POS消费,地点787,开水,2014/08/29 14:23:23,0.01,305.01
4853,POS消费,地点21,开水,2014/08/29 17:12:40,7.1,297.91
4853,POS消费,地点1657,淋浴,2014/08/29 21:29:27,0.7,297.11
4853,POS消费,地点12,文印中心,2014/08/29 21:31:38,0.1,297.81
4853,POS消费,地点1592,开水,2014/08/30 07:50:20,0.08,297.03
4853,POS消费,地点91,校车,2014/08/30 07:54:28,4.4,292.63
4853,POS消费,地点565,开水,2014/08/30 10:46:33,0.01,292.62
4853,POS消费,地点91,校车,2014/08/30 11:29:26,3.4,289.22
4853,POS消费,地点814,开水,2014/08/30 17:27:09,0.01,289.21
4853,POS消费,地点232,食堂,2014/08/30 17:37:24,6.0,283.21
4853,POS消费,地点1657,淋浴,2014/08/30 21:36:57,0.9,282.31
4853,POS消费,地点91,校车,2014/08/31 07:52:28,3.1,279.21
4853,POS消费,地点21,开水,2014/08/31 10:51:54,4.6,274.61
4853,POS消费,地点21,开水,2014/08/31 11:12:49,5.0,269.61
4853,POS消费,地点21,开水,2014/08/31 16:26:23,4.6,265.01
4853,POS消费,地点1657,淋浴,2014/08/31 17:46:32,0.8,264.21
