4905,卡片开户,,,2014/07/10 14:42:19,0.0,0.0
4905,卡充值,,,2014/08/17 15:50:01,200.0,200.0
4905,POS消费,地点230,食堂,2014/08/18 12:17:13,10.0,190.0
4905,POS消费,地点21,开水,2014/08/18 12:31:14,0.7,189.3
4905,POS消费,地点21,开水,2014/08/18 12:43:18,0.35,188.95
4905,POS消费,地点21,开水,2014/08/18 16:37:27,12.5,176.45
4905,POS消费,地点806,开水,2014/08/18 17:14:33,0.02,176.43
4905,POS消费,地点140,开水,2014/08/18 17:26:04,0.01,176.42
4905,POS消费,地点21,开水,2014/08/18 17:50:01,4.6,171.82
4905,POS消费,地点21,开水,2014/08/18 17:50:30,4.6,167.22
4905,POS消费,地点61,食堂,2014/08/18 18:22:06,8.4,158.82
4905,,,,2014/08/18 20:08:55,10.0,148.82
4905,POS消费,地点69,食堂,2014/08/19 06:41:48,0.8,145.42
4905,POS消费,地点61,食堂,2014/08/19 06:53:10,2.6,146.22
4905,POS消费,地点806,开水,2014/08/19 11:11:38,0.02,145.4
4905,POS消费,地点89,食堂,2014/08/19 12:07:25,4.5,140.9
4905,POS消费,地点89,食堂,2014/08/19 12:07:33,-4.5,145.4
4905,POS消费,地点89,食堂,2014/08/19 12:07:39,4.5,140.9
4905,POS消费,地点21,开水,2014/08/19 12:44:37,2.0,138.9
4905,POS消费,地点21,开水,2014/08/19 17:43:30,6.6,132.3
4905,POS消费,地点21,开水,2014/08/20 18:19:01,4.6,127.7
4905,POS消费,地点61,食堂,2014/08/21 07:17:18,3.8,123.9
4905,POS消费,地点237,食堂,2014/08/21 11:49:39,2.6,121.3
4905,POS消费,地点21,开水,2014/08/21 18:54:24,30.0,91.29
4905,POS消费,地点21,开水,2014/08/21 18:54:30,28.5,62.79
4905,POS消费,地点140,开水,2014/08/23 09:13:17,0.01,121.29
4905,POS消费,地点806,开水,2014/08/23 09:13:39,0.01,62.78
4905,POS消费,地点806,开水,2014/08/23 09:15:36,0.07,62.71
