5042,卡片开户,,,2014/07/14 09:41:57,0.0,0.0
5042,卡充值,,,2014/08/29 12:15:49,1000.0,1000.0
5042,POS消费,地点72,食堂,2014/08/29 12:31:01,8.6,991.4
5042,POS消费,地点72,食堂,2014/08/29 12:31:20,8.6,982.8
5042,POS消费,地点72,食堂,2014/08/29 12:31:47,8.6,974.2
5042,POS消费,地点124,食堂,2014/08/29 17:31:50,3.0,960.6
5042,POS消费,地点305,食堂,2014/08/29 17:31:53,6.0,968.2
5042,POS消费,地点1596,食堂,2014/08/29 17:43:42,4.6,963.6
5042,POS消费,地点134,食堂,2014/08/29 17:49:42,4.6,956.0
5042,POS消费,地点1701,食堂,2014/08/29 18:02:31,1.5,954.5
5042,POS消费,地点1620,开水,2014/08/29 18:08:44,0.01,954.49
5042,POS消费,地点188,超市,2014/08/29 20:41:28,19.3,935.19
5042,POS消费,地点1653,淋浴,2014/08/29 21:11:47,0.1,935.09
5042,POS消费,地点1653,淋浴,2014/08/29 21:12:14,0.4,934.69
5042,POS消费,地点1620,开水,2014/08/29 22:44:26,0.01,934.68
5042,POS消费,地点21,开水,2014/08/30 11:01:55,5.6,929.08
5042,POS消费,地点1620,开水,2014/08/30 12:29:41,0.01,929.07
5042,POS消费,地点124,食堂,2014/08/30 17:01:06,4.5,924.57
5042,POS消费,地点1653,淋浴,2014/08/30 20:56:33,0.5,924.07
5042,POS消费,地点179,食堂,2014/08/31 08:27:54,2.8,921.27
5042,POS消费,地点161,食堂,2014/08/31 11:10:44,7.4,913.87
5042,POS消费,地点1620,开水,2014/08/31 11:31:59,0.01,913.86
5042,POS消费,地点82,食堂,2014/08/31 17:38:57,7.6,906.26
5042,POS消费,地点1618,淋浴,2014/08/31 21:08:10,0.1,906.16
5042,POS消费,地点1654,淋浴,2014/08/31 21:17:01,0.4,905.76
