5085,卡片开户,,,2014/07/10 14:15:10,0.0,0.0
5085,卡充值,,,2014/08/18 14:11:48,1650.0,1650.0
5085,POS消费,地点21,开水,2014/08/18 14:23:54,30.0,1620.0
5085,POS消费,地点21,开水,2014/08/18 14:24:02,25.2,1594.8
5085,POS消费,地点21,开水,2014/08/18 14:24:26,0.3,1594.5
5085,POS消费,地点806,开水,2014/08/18 19:06:32,0.01,1594.49
5085,POS消费,地点806,开水,2014/08/18 19:07:26,0.01,1594.48
5085,POS消费,地点140,开水,2014/08/18 19:08:13,0.01,1594.47
5085,POS消费,地点140,开水,2014/08/19 06:05:07,0.01,1594.46
5085,POS消费,地点21,开水,2014/08/19 06:40:31,2.8,1591.66
5085,POS消费,地点161,食堂,2014/08/19 06:41:13,3.5,1588.16
5085,POS消费,地点87,食堂,2014/08/19 11:55:49,4.6,1583.56
5085,POS消费,地点140,开水,2014/08/19 16:50:36,0.01,1583.55
5085,POS消费,地点21,开水,2014/08/19 17:00:24,14.5,1569.05
5085,POS消费,地点60,食堂,2014/08/19 17:38:14,1.5,1557.95
5085,POS消费,地点61,食堂,2014/08/19 17:43:58,9.6,1559.45
5085,POS消费,地点806,开水,2014/08/19 21:39:01,0.01,1557.94
5085,POS消费,地点806,开水,2014/08/19 21:40:20,0.01,1557.93
5085,POS消费,地点743,洗衣房,2014/08/19 21:43:37,1.2,1556.73
5085,POS消费,地点21,开水,2014/08/19 21:59:07,0.1,1556.63
5085,POS消费,地点65,食堂,2014/08/21 07:04:24,1.0,1552.67
5085,POS消费,地点65,食堂,2014/08/21 07:04:29,0.6,1552.07
5085,POS消费,地点72,食堂,2014/08/21 07:06:20,4.8,1547.27
5085,POS消费,地点60,食堂,2014/08/21 07:09:49,0.5,1553.67
5085,POS消费,地点65,食堂,2014/08/21 17:30:56,12.1,1535.17
5085,POS消费,地点60,食堂,2014/08/21 17:38:28,1.0,1534.17
5085,POS消费,地点192,超市,2014/08/21 18:07:39,30.0,1504.17
5085,POS消费,地点192,超市,2014/08/21 18:07:42,1.2,1502.97
5085,POS消费,地点21,开水,2014/08/21 18:09:34,10.2,1492.77
5085,POS消费,地点805,洗衣房,2014/08/22 20:46:28,-1.14,1556.57
5085,POS消费,地点805,洗衣房,2014/08/22 20:47:56,1.2,1555.43
5085,POS消费,地点805,洗衣房,2014/08/22 20:54:50,1.2,1555.37
5085,POS消费,地点805,洗衣房,2014/08/22 20:59:15,1.2,1554.17
