5158,卡片开户,,,2014/07/19 11:29:35,0.0,0.0
5158,卡充值,,,2014/08/27 16:09:44,1000.0,1000.0
5158,POS消费,地点21,开水,2014/08/27 16:13:27,100.0,900.0
5158,POS消费,地点21,开水,2014/08/27 16:13:37,100.0,800.0
5158,POS消费,地点21,开水,2014/08/27 16:13:45,96.6,703.4
5158,POS消费,地点21,开水,2014/08/27 17:43:55,13.8,689.6
5158,POS消费,地点536,开水,2014/08/27 18:05:30,0.01,689.59
5158,POS消费,地点192,超市,2014/08/27 19:46:40,8.5,681.09
5158,POS消费,地点69,食堂,2014/08/28 08:18:17,5.4,675.69
5158,POS消费,地点21,开水,2014/08/28 08:25:55,17.0,658.69
5158,卡充值,,,2014/08/28 10:21:49,500.0,1158.69
5158,POS消费,地点168,食堂,2014/08/28 14:51:54,5.5,1153.19
5158,POS消费,地点168,食堂,2014/08/28 14:53:32,11.0,1142.19
5158,POS消费,地点21,开水,2014/08/28 15:58:27,14.5,1127.69
5158,POS消费,地点87,食堂,2014/08/28 18:09:12,4.0,1123.69
5158,POS消费,地点21,开水,2014/08/28 18:25:09,6.7,1116.99
5158,POS消费,地点65,食堂,2014/08/29 06:56:22,0.8,1112.79
5158,POS消费,地点61,食堂,2014/08/29 07:08:28,3.4,1113.59
5158,POS消费,地点283,食堂,2014/08/29 11:28:22,4.0,1108.79
5158,POS消费,地点283,食堂,2014/08/29 11:29:06,12.0,1096.79
5158,POS消费,地点192,超市,2014/08/30 11:15:49,5.0,1091.79
5158,POS消费,地点283,食堂,2014/08/30 12:15:16,8.4,1083.39
5158,POS消费,地点21,开水,2014/08/30 12:33:47,6.0,1077.39
5158,POS消费,地点192,超市,2014/08/30 13:00:12,6.0,1071.39
5158,POS消费,地点195,超市,2014/08/30 16:40:50,28.0,1043.39
5158,POS消费,地点21,开水,2014/08/30 17:31:47,6.0,1027.79
5158,POS消费,地点61,食堂,2014/08/30 17:32:35,9.6,1033.79
5158,POS消费,地点72,食堂,2014/08/31 07:33:31,3.4,1024.39
5158,POS消费,地点21,开水,2014/08/31 08:19:20,2.6,1021.79
5158,POS消费,地点91,校车,2014/08/31 11:06:31,4.8,1016.99
5158,POS消费,地点21,开水,2014/08/31 16:56:09,14.5,1002.49
5158,POS消费,地点326,洗衣房,2014/08/31 21:25:32,0.2,1002.29
5158,POS消费,地点326,洗衣房,2014/08/31 21:27:00,0.1,1002.19
