5302,卡片开户,,,2014/07/16 12:42:14,0.0,0.0
5302,卡充值,,,2014/08/29 08:37:52,500.0,500.0
5302,POS消费,地点72,食堂,2014/08/30 13:17:43,8.6,491.4
5302,POS消费,地点72,食堂,2014/08/30 13:18:29,8.6,482.8
5302,POS消费,地点975,开水,2014/08/30 17:24:46,0.01,482.79
5302,POS消费,地点157,食堂,2014/08/31 08:24:44,0.8,481.99
5302,POS消费,地点21,开水,2014/08/31 11:39:54,7.6,474.39
5302,POS消费,地点1847,食堂,2014/08/31 11:49:35,1.0,473.39
5302,POS消费,地点192,超市,2014/08/31 13:34:25,2.5,470.89
5302,POS消费,地点232,食堂,2014/08/31 18:08:50,5.5,465.39
5302,POS消费,地点188,超市,2014/08/31 18:29:41,7.5,457.89
5302,POS消费,地点1365,淋浴,2014/08/31 18:51:19,0.2,457.69
