5365,卡片开户,,,2014/07/21 09:55:03,0.0,0.0
5365,卡充值,,,2014/08/27 18:09:46,200.0,200.0
5365,POS消费,地点168,食堂,2014/08/28 17:02:57,13.0,187.0
5365,POS消费,地点822,食堂,2014/08/29 12:08:30,5.6,175.9
5365,POS消费,地点168,食堂,2014/08/29 12:08:38,5.5,181.5
5365,POS消费,地点232,食堂,2014/08/29 12:16:40,6.0,169.9
5365,POS消费,地点61,食堂,2014/08/29 18:26:22,9.6,160.3
5365,POS消费,地点61,食堂,2014/08/29 18:26:59,6.6,153.7
5365,POS消费,地点168,食堂,2014/08/30 10:26:22,5.5,148.2
5365,POS消费,地点307,食堂,2014/08/30 10:30:07,4.6,143.6
5365,POS消费,地点21,开水,2014/08/30 10:50:28,2.9,140.7
5365,POS消费,地点283,食堂,2014/08/30 17:17:57,5.5,135.2
5365,POS消费,地点21,开水,2014/08/30 17:18:55,2.95,132.25
5365,POS消费,地点822,食堂,2014/08/30 17:19:20,5.6,126.65
5365,POS消费,地点283,食堂,2014/08/30 17:20:52,9.2,117.45
5365,POS消费,地点232,食堂,2014/08/31 17:16:22,8.0,109.45
