5366,卡片开户,,,2014/07/19 09:52:04,0.0,0.0
5366,卡充值,,,2014/08/28 17:31:01,500.0,500.0
5366,POS消费,地点65,食堂,2014/08/29 11:46:26,11.8,488.2
5366,POS消费,地点21,开水,2014/08/29 11:58:24,3.8,484.4
5366,POS消费,地点192,超市,2014/08/29 12:36:28,5.6,478.8
5366,POS消费,地点192,超市,2014/08/29 15:16:38,30.0,448.8
5366,POS消费,地点192,超市,2014/08/29 15:16:41,30.0,418.8
5366,POS消费,地点192,超市,2014/08/29 15:16:57,19.6,399.2
5366,POS消费,地点192,超市,2014/08/29 16:36:20,30.0,369.2
5366,POS消费,地点192,超市,2014/08/29 16:36:28,17.6,351.6
5366,POS消费,地点192,超市,2014/08/30 09:28:47,30.0,321.6
5366,POS消费,地点192,超市,2014/08/30 09:28:52,28.4,293.2
5366,POS消费,地点12,文印中心,2014/08/30 16:44:41,5.0,288.2
5366,POS消费,地点21,开水,2014/08/30 16:50:41,2.0,286.2
5366,POS消费,地点188,超市,2014/08/30 20:59:01,6.5,279.7
5366,POS消费,地点87,食堂,2014/08/31 07:41:51,3.0,276.7
5366,POS消费,地点233,食堂,2014/08/31 11:07:17,8.6,268.1
5366,,,,2014/08/31 12:07:33,5.0,263.1
5366,POS消费,地点227,食堂,2014/08/31 17:34:08,5.0,258.1
5366,POS消费,地点218,食堂,2014/08/31 17:42:58,3.0,255.1
