5402,卡片开户,,,2014/07/13 11:16:29,0.0,0.0
5402,卡充值,,,2014/08/29 14:20:29,50.0,50.0
5402,POS消费,地点203,食堂,2014/08/29 14:31:04,7.5,42.5
5402,POS消费,地点124,食堂,2014/08/29 17:44:42,3.0,39.5
5402,POS消费,地点1847,食堂,2014/08/29 17:58:28,3.0,36.5
5402,POS消费,地点188,超市,2014/08/29 20:24:46,22.3,14.2
5402,POS消费,地点314,食堂,2014/08/29 22:08:06,0.3,13.9
5402,POS消费,地点69,食堂,2014/08/30 08:20:58,3.2,10.7
5402,POS消费,地点222,校车,2014/08/30 08:50:30,1.0,9.7
5402,卡充值,,,2014/08/30 09:38:55,200.0,209.7
5402,POS消费,地点204,食堂,2014/08/30 13:10:57,5.5,204.2
5402,POS消费,地点1930,洗衣房,2014/08/31 08:16:57,3.6,200.6
5402,POS消费,地点65,食堂,2014/08/31 08:43:00,0.2,200.4
5402,POS消费,地点69,食堂,2014/08/31 08:52:54,3.0,197.4
5402,POS消费,地点1930,洗衣房,2014/08/31 09:16:40,-0.12,197.52
5402,POS消费,地点218,食堂,2014/08/31 11:41:35,11.9,185.62
5402,POS消费,地点21,开水,2014/08/31 11:49:06,5.5,180.12
5402,POS消费,地点21,开水,2014/08/31 11:49:27,4.8,175.32
5402,POS消费,地点305,食堂,2014/08/31 12:01:06,6.0,158.12
5402,POS消费,地点249,食堂,2014/08/31 12:06:47,5.6,169.72
5402,POS消费,地点249,食堂,2014/08/31 12:10:49,5.6,164.12
5402,POS消费,地点1645,淋浴,2014/08/31 18:34:34,0.1,158.02
5402,POS消费,地点1645,淋浴,2014/08/31 18:38:56,0.5,157.52
5402,POS消费,地点1645,淋浴,2014/08/31 18:44:02,0.3,157.22
5402,POS消费,地点21,开水,2014/08/31 21:58:46,23.5,133.72
