5406,POS消费,地点26,图书馆,2014/07/14 12:32:20,0.0,0.0
5406,POS消费,地点26,图书馆,2014/07/14 12:32:20,0.14,1.27
5406,卡片开户,,,2014/07/16 12:02:33,0.0,0.0
5406,卡充值,,,2014/08/27 15:57:34,1000.0,1000.0
5406,POS消费,地点21,开水,2014/08/27 16:16:53,100.0,900.0
5406,POS消费,地点21,开水,2014/08/27 16:17:09,58.3,841.7
5406,POS消费,地点21,开水,2014/08/27 16:34:40,2.0,839.7
5406,POS消费,地点195,超市,2014/08/27 21:02:10,70.0,769.7
5406,POS消费,地点1448,校车,2014/08/28 09:36:05,1.0,768.7
5406,POS消费,地点1451,校车,2014/08/28 11:49:39,1.0,767.7
5406,POS消费,地点195,超市,2014/08/28 16:45:01,107.5,660.2
5406,POS消费,地点188,超市,2014/08/29 17:09:38,5.7,654.5
5406,POS消费,地点195,超市,2014/08/30 10:48:20,123.4,531.1
5406,POS消费,地点195,超市,2014/08/30 12:12:27,100.0,431.1
5406,POS消费,地点195,超市,2014/08/30 12:12:34,-100.0,531.1
5406,POS消费,地点1847,食堂,2014/08/30 12:31:58,3.6,527.5
5406,POS消费,地点1847,食堂,2014/08/30 12:33:20,1.8,525.7
5406,POS消费,地点192,超市,2014/08/30 13:16:29,2.8,522.9
5406,POS消费,地点139,开水,2014/08/30 14:50:11,0.01,522.89
5406,POS消费,地点141,开水,2014/08/30 14:50:35,0.01,522.88
5406,POS消费,地点166,淋浴,2014/08/30 22:16:37,0.7,522.18
5406,POS消费,地点35,淋浴,2014/08/31 07:13:19,0.1,522.08
5406,POS消费,地点141,开水,2014/08/31 07:21:35,0.01,521.97
5406,POS消费,地点141,开水,2014/08/31 07:29:30,0.01,521.96
5406,POS消费,地点756,淋浴,2014/08/31 07:45:28,0.1,521.98
5406,POS消费,地点1847,食堂,2014/08/31 11:54:49,3.6,512.26
5406,POS消费,地点1847,食堂,2014/08/31 11:56:01,3.6,508.66
5406,POS消费,地点234,食堂,2014/08/31 12:01:54,6.1,515.86
5406,POS消费,地点1961,超市,2014/08/31 12:32:28,8.8,499.86
5406,POS消费,地点168,食堂,2014/08/31 17:04:27,6.5,493.36
5406,POS消费,地点756,淋浴,2014/08/31 22:41:13,1.5,491.86
