5480,卡片开户,,,2014/07/16 10:35:38,0.0,0.0
5480,卡充值,,,2014/08/29 17:27:14,200.0,200.0
5480,POS消费,地点1652,洗衣房,2014/08/29 17:38:16,3.6,196.4
5480,POS消费,地点1652,洗衣房,2014/08/29 17:38:16,-1.74,198.14
5480,POS消费,地点816,校车,2014/08/29 18:36:12,1.0,197.14
5480,POS消费,地点222,校车,2014/08/29 18:42:22,1.0,196.14
5480,POS消费,地点222,校车,2014/08/29 18:43:53,1.0,195.14
5480,POS消费,地点222,校车,2014/08/29 18:45:21,1.0,194.14
5480,POS消费,地点87,食堂,2014/08/31 08:04:15,2.0,192.14
5480,POS消费,地点83,食堂,2014/08/31 08:13:43,4.8,187.34
5480,POS消费,地点234,食堂,2014/08/31 11:53:03,7.6,179.74
5480,POS消费,地点1847,食堂,2014/08/31 11:58:48,1.5,178.24
5480,POS消费,地点1847,食堂,2014/08/31 11:58:51,2.0,176.24
5480,POS消费,地点1652,洗衣房,2014/08/31 12:31:02,3.6,172.64
5480,POS消费,地点219,超市,2014/08/31 17:50:39,4.5,168.14
