5587,卡片开户,,,2014/07/13 14:54:48,0.0,0.0
5587,卡充值,,,2014/08/28 16:17:56,500.0,500.0
5587,POS消费,地点213,食堂,2014/08/30 14:01:36,0.45,499.55
5587,POS消费,地点314,食堂,2014/08/30 17:58:53,15.0,484.55
5587,POS消费,地点1961,超市,2014/08/30 18:10:03,68.2,416.35
5587,POS消费,地点1961,超市,2014/08/30 18:10:16,0.3,416.05
5587,POS消费,地点203,食堂,2014/08/30 18:48:41,7.5,408.55
5587,POS消费,地点21,开水,2014/08/30 19:08:51,16.0,392.55
5587,POS消费,地点1642,淋浴,2014/08/30 19:49:01,0.1,392.45
5587,POS消费,地点1642,淋浴,2014/08/30 19:49:01,0.2,391.85
5587,POS消费,地点1892,洗衣房,2014/08/30 20:12:11,3.6,388.05
5587,POS消费,地点1892,洗衣房,2014/08/30 20:22:30,3.6,384.45
5587,POS消费,地点1642,淋浴,2014/08/30 20:22:30,0.1,392.35
5587,POS消费,地点1642,淋浴,2014/08/30 20:23:28,0.1,392.25
5587,POS消费,地点1642,淋浴,2014/08/30 20:33:39,0.1,392.15
5587,POS消费,地点1642,淋浴,2014/08/30 20:34:54,0.1,392.05
5587,POS消费,地点1642,淋浴,2014/08/30 20:45:33,0.1,391.75
5587,POS消费,地点1642,淋浴,2014/08/30 20:45:45,0.1,391.65
5587,POS消费,地点60,食堂,2014/08/31 08:25:57,0.5,383.95
5587,POS消费,地点192,超市,2014/08/31 10:23:44,1.5,382.45
