5623,卡片开户,,,2014/07/16 15:20:08,0.0,0.0
5623,卡充值,,,2014/08/27 14:13:06,1000.0,1000.0
5623,POS消费,地点21,开水,2014/08/27 14:29:35,9.0,991.0
5623,POS消费,地点188,超市,2014/08/27 14:36:26,30.0,961.0
5623,POS消费,地点188,超市,2014/08/27 14:36:29,30.0,931.0
5623,POS消费,地点188,超市,2014/08/27 14:36:32,30.0,901.0
5623,POS消费,地点188,超市,2014/08/27 14:36:46,11.0,890.0
5623,POS消费,地点1395,校车,2014/08/27 17:01:39,2.0,888.0
5623,POS消费,地点1395,校车,2014/08/27 17:02:39,2.0,886.0
5623,POS消费,地点1215,校车,2014/08/28 11:38:49,2.0,884.0
5623,POS消费,地点1447,校车,2014/08/28 16:23:12,1.0,883.0
5623,POS消费,地点1405,校车,2014/08/28 17:52:58,2.0,881.0
5623,POS消费,地点1405,校车,2014/08/28 17:53:17,2.0,879.0
5623,POS消费,地点1389,校车,2014/08/29 07:34:00,2.0,877.0
5623,POS消费,地点816,校车,2014/08/29 09:55:09,1.0,876.0
5623,POS消费,地点1448,校车,2014/08/29 11:06:50,1.0,875.0
5623,POS消费,地点87,食堂,2014/08/29 12:27:52,4.6,870.4
5623,POS消费,地点161,食堂,2014/08/29 12:31:44,4.0,866.4
5623,POS消费,地点161,食堂,2014/08/29 12:32:27,9.2,857.2
5623,POS消费,地点59,食堂,2014/08/29 12:34:09,1.5,855.7
5623,POS消费,地点218,食堂,2014/08/29 12:39:04,3.0,850.75
5623,POS消费,地点21,开水,2014/08/29 12:49:19,0.8,854.9
5623,POS消费,地点21,开水,2014/08/29 12:49:27,1.15,853.75
5623,POS消费,地点1451,校车,2014/08/29 15:13:06,1.0,849.75
5623,POS消费,地点168,食堂,2014/08/30 08:29:41,5.5,844.25
5623,POS消费,地点222,校车,2014/08/30 12:59:15,1.0,843.25
5623,POS消费,地点1448,校车,2014/08/30 13:20:22,1.0,842.25
5623,POS消费,地点21,开水,2014/08/31 07:46:44,0.8,839.15
5623,POS消费,地点179,食堂,2014/08/31 07:57:03,2.3,839.95
5623,POS消费,地点1592,开水,2014/08/31 08:59:11,0.05,839.1
5623,POS消费,地点263,食堂,2014/08/31 11:31:42,7.6,831.5
5623,POS消费,地点233,食堂,2014/08/31 11:33:16,2.0,829.5
5623,POS消费,地点21,开水,2014/08/31 11:54:11,1.8,827.7
5623,POS消费,地点21,开水,2014/08/31 20:57:18,20.8,806.9
