5643,卡片开户,,,2014/07/19 16:06:12,0.0,0.0
5643,卡充值,,,2014/08/30 08:39:30,150.0,150.0
5643,POS消费,地点134,食堂,2014/08/30 09:09:32,1.55,148.45
5643,POS消费,地点134,食堂,2014/08/30 09:09:52,1.55,146.9
5643,POS消费,地点213,食堂,2014/08/30 09:18:36,2.5,144.4
5643,POS消费,地点203,食堂,2014/08/30 12:10:19,5.5,138.9
5643,POS消费,地点1451,校车,2014/08/30 18:50:05,1.0,137.9
5643,POS消费,地点1658,淋浴,2014/08/30 22:20:49,0.7,137.2
5643,POS消费,地点134,食堂,2014/08/31 08:14:27,0.9,136.3
5643,POS消费,地点314,食堂,2014/08/31 08:32:37,15.8,120.5
5643,POS消费,地点249,食堂,2014/08/31 12:06:05,5.6,114.9
5643,POS消费,地点21,开水,2014/08/31 18:45:37,7.0,107.9
5643,POS消费,地点1619,淋浴,2014/08/31 20:05:15,0.7,107.2
