5695,卡片开户,,,2014/07/18 16:45:59,0.0,0.0
5695,卡充值,,,2014/08/29 15:41:52,100.0,100.0
5695,卡充值,,,2014/08/29 15:43:56,100.0,200.0
5695,POS消费,地点314,食堂,2014/08/29 21:43:23,10.5,189.5
5695,POS消费,地点1622,淋浴,2014/08/29 23:07:02,0.4,189.1
5695,POS消费,地点69,食堂,2014/08/30 07:55:46,4.3,184.8
5695,POS消费,地点72,食堂,2014/08/30 08:02:01,5.7,179.1
5695,POS消费,地点1622,淋浴,2014/08/30 22:33:23,0.3,178.8
5695,POS消费,地点161,食堂,2014/08/31 08:17:24,5.4,173.4
5695,POS消费,地点283,食堂,2014/08/31 12:13:10,4.0,169.4
5695,POS消费,地点269,食堂,2014/08/31 12:14:08,4.0,165.4
5695,POS消费,地点168,食堂,2014/08/31 21:07:42,6.5,158.9
5695,POS消费,地点1621,淋浴,2014/08/31 22:24:33,0.4,158.5
