5768,POS消费,地点486,淋浴,2014/09/01 22:56:36,1.6,21.95
5768,POS消费,地点232,食堂,2014/09/02 12:13:16,7.0,14.95
5768,POS消费,地点21,开水,2014/09/02 12:13:29,4.6,10.35
5768,POS消费,地点486,淋浴,2014/09/02 23:32:40,0.8,9.55
5768,POS消费,地点486,淋浴,2014/09/04 15:52:51,0.4,9.15
5768,POS消费,地点125,淋浴,2015/03/13 23:55:06,0.15,9.0
5768,POS消费,地点125,淋浴,2015/03/14 00:20:34,0.17,8.83
5768,POS消费,地点125,淋浴,2015/03/14 23:02:04,0.24,8.59
5768,POS消费,地点21,开水,2015/03/20 19:12:41,6.2,102.39
5768,支付领取,,,2015/03/20 19:44:05,100.0,108.59
5768,POS消费,地点125,淋浴,2015/03/20 20:47:30,0.01,102.38
5768,POS消费,地点21,开水,2015/03/21 11:02:59,4.5,97.88
5768,POS消费,地点232,食堂,2015/03/21 11:14:03,6.0,91.88
5768,POS消费,地点125,淋浴,2015/03/21 23:24:59,0.01,91.87
5768,POS消费,地点21,开水,2015/03/22 08:09:20,2.0,89.87
5768,POS消费,地点21,开水,2015/03/22 08:10:22,1.83,88.04
5768,POS消费,地点91,校车,2015/03/22 12:04:34,10.0,78.04
5768,POS消费,地点21,开水,2015/03/22 15:27:03,4.5,73.54
5768,POS消费,地点125,淋浴,2015/03/28 13:39:32,0.01,73.53
5768,POS消费,地点486,淋浴,2015/03/28 20:42:01,1.4,72.13
5768,POS消费,地点21,开水,2015/03/29 08:11:39,3.0,69.13
5768,POS消费,地点21,开水,2015/03/29 08:12:16,2.0,67.13
5768,POS消费,地点26,图书馆,2015/04/02 16:36:47,1.15,65.98
5768,POS消费,地点21,开水,2015/04/02 17:04:37,5.0,60.98
5768,POS消费,地点125,淋浴,2015/04/05 23:00:11,0.01,60.97
5768,POS消费,地点21,开水,2015/04/06 08:21:09,2.0,58.97
5768,POS消费,地点21,开水,2015/04/06 08:21:44,2.23,56.74
5768,POS消费,地点232,食堂,2015/04/06 11:59:26,7.4,49.34
5768,POS消费,地点232,食堂,2015/04/06 11:59:58,10.4,38.94
5768,POS消费,地点125,淋浴,2015/04/11 20:18:40,0.01,38.93
5768,POS消费,地点486,淋浴,2015/04/11 22:19:58,1.5,37.43
5768,POS消费,地点21,开水,2015/04/12 08:15:10,3.03,34.4
5768,POS消费,地点21,开水,2015/04/12 11:58:45,5.7,28.7
5768,卡充值,,,2015/04/12 12:01:47,100.0,128.7
5768,POS消费,地点125,淋浴,2015/04/12 15:05:33,0.01,128.69
5768,POS消费,地点125,淋浴,2015/04/17 23:13:19,0.01,128.68
5768,POS消费,地点21,开水,2015/04/18 11:04:19,5.6,123.08
5768,POS消费,地点21,开水,2015/04/18 11:06:07,5.3,117.78
5768,POS消费,地点21,开水,2015/04/18 11:06:36,6.0,111.78
5768,POS消费,地点125,淋浴,2015/04/18 11:43:07,0.01,111.77
5768,POS消费,地点21,开水,2015/04/19 08:23:28,2.0,109.77
5768,POS消费,地点91,校车,2015/04/19 11:51:55,9.0,100.77
5768,POS消费,地点21,开水,2015/04/25 17:32:48,5.7,95.07
5768,POS消费,地点125,淋浴,2015/04/25 20:10:04,0.01,95.06
5768,POS消费,地点486,淋浴,2015/04/25 21:15:11,1.5,93.56
5768,POS消费,地点21,开水,2015/04/26 08:20:28,2.53,91.03
5768,POS消费,地点21,开水,2015/04/26 08:20:40,3.3,87.73
5768,POS消费,地点2264,洗衣房,2015/04/26 15:40:12,3.6,84.13
5768,POS消费,地点2264,洗衣房,2015/04/26 15:40:12,-3.48,87.61
5768,POS消费,地点2264,洗衣房,2015/04/26 15:41:42,3.6,84.01
5768,POS消费,地点2264,洗衣房,2015/04/26 15:43:37,-0.66,81.07
5768,POS消费,地点2264,洗衣房,2015/04/26 15:43:37,3.6,80.41
5768,POS消费,地点21,开水,2015/04/26 17:47:30,1.9,79.17
5768,POS消费,地点21,开水,2015/04/30 18:13:19,0.5,78.67
5768,POS消费,地点21,开水,2015/04/30 18:13:39,6.0,72.67
5768,POS消费,地点21,开水,2015/04/30 18:39:07,10.7,61.97
5768,POS消费,地点125,淋浴,2015/04/30 18:52:40,0.01,61.96
5768,POS消费,地点21,开水,2015/05/01 17:52:05,7.5,54.46
5768,POS消费,地点486,淋浴,2015/05/01 20:29:52,1.3,53.16
5768,POS消费,地点125,淋浴,2015/05/08 22:33:55,0.01,53.15
5768,POS消费,地点125,淋浴,2015/05/09 15:59:22,0.01,53.14
5768,POS消费,地点21,开水,2015/05/09 18:02:11,0.5,52.64
5768,POS消费,地点21,开水,2015/05/09 18:03:22,2.5,50.14
5768,POS消费,地点486,淋浴,2015/05/09 20:01:16,1.2,48.94
5768,POS消费,地点21,开水,2015/05/10 08:22:31,3.3,45.64
5768,POS消费,地点21,开水,2015/05/10 08:22:56,5.13,40.51
5768,POS消费,地点91,校车,2015/05/10 11:56:44,9.0,31.51
5768,POS消费,地点21,开水,2015/05/10 12:28:34,3.8,27.71
5768,POS消费,地点125,淋浴,2015/05/13 10:22:36,0.01,27.7
5768,POS消费,地点486,淋浴,2015/05/16 18:34:41,0.9,26.8
5768,POS消费,地点1387,校车,2015/05/17 11:29:50,2.0,24.8
5768,POS消费,地点1387,校车,2015/05/17 11:32:35,2.0,22.8
5768,POS消费,地点91,校车,2015/05/27 12:08:53,9.0,13.8
5768,卡充值,,,2015/05/29 12:18:20,60.0,73.8
5768,POS消费,地点91,校车,2015/05/29 12:20:39,7.9,65.9
5768,POS消费,地点21,开水,2015/05/29 12:22:37,10.7,55.2
5768,POS消费,地点21,开水,2015/06/03 12:40:15,6.5,48.7
5768,POS消费,地点21,开水,2015/06/03 20:30:32,4.0,44.7
5768,POS消费,地点486,淋浴,2015/06/03 21:55:04,0.8,43.9
5768,POS消费,地点125,淋浴,2015/06/03 22:57:25,0.01,43.89
5768,POS消费,地点91,校车,2015/06/04 12:06:56,9.0,34.89
5768,POS消费,地点486,淋浴,2015/06/04 22:28:53,1.2,33.69
5768,POS消费,地点21,开水,2015/06/05 09:54:18,2.03,31.66
5768,POS消费,地点21,开水,2015/06/05 18:09:40,6.5,25.16
5768,POS消费,地点125,淋浴,2015/06/05 22:03:25,0.01,25.15
5768,POS消费,地点486,淋浴,2015/06/06 17:34:33,0.9,24.25
5768,POS消费,地点125,淋浴,2015/06/07 09:19:39,0.01,24.24
5768,POS消费,地点91,校车,2015/06/07 11:28:10,10.0,14.24
5768,POS消费,地点21,开水,2015/06/08 09:03:23,0.5,13.74
5768,POS消费,地点21,开水,2015/06/08 09:04:56,1.0,12.74
5768,POS消费,地点486,淋浴,2015/06/08 17:27:09,1.3,11.44
5768,POS消费,地点125,淋浴,2015/06/11 09:06:32,0.01,11.43
5768,POS消费,地点232,食堂,2015/06/11 11:33:42,11.0,0.43
5768,卡充值,,,2015/06/11 11:39:50,100.0,100.43
5768,POS消费,地点21,开水,2015/06/11 11:41:44,0.5,99.93
5768,POS消费,地点486,淋浴,2015/06/11 23:22:41,1.0,98.93
5768,POS消费,地点248,超市,2015/06/12 12:30:13,10.6,88.33
5768,POS消费,地点91,校车,2015/06/12 17:26:44,3.0,85.33
5768,POS消费,地点125,淋浴,2015/06/12 22:42:00,0.01,85.32
5768,POS消费,地点21,开水,2015/06/13 11:05:09,5.7,79.62
5768,POS消费,地点232,食堂,2015/06/13 17:46:12,7.4,72.22
5768,POS消费,地点486,淋浴,2015/06/13 22:44:09,1.1,71.12
5768,POS消费,地点21,开水,2015/06/14 09:26:18,1.3,69.82
5768,POS消费,地点21,开水,2015/06/14 09:27:26,0.2,69.62
5768,POS消费,地点21,开水,2015/06/14 11:42:31,5.3,64.32
5768,POS消费,地点232,食堂,2015/06/14 11:43:35,2.0,62.32
5768,POS消费,地点125,淋浴,2015/06/15 08:18:09,0.01,62.31
5768,POS消费,地点232,食堂,2015/06/15 11:02:21,7.4,54.91
5768,POS消费,地点486,淋浴,2015/06/15 14:22:29,1.3,53.61
5768,POS消费,地点21,开水,2015/06/16 14:57:29,7.6,46.01
5768,POS消费,地点21,开水,2015/06/16 17:40:34,5.7,40.31
5768,POS消费,地点232,食堂,2015/06/17 11:17:15,7.4,32.91
5768,POS消费,地点486,淋浴,2015/06/17 21:57:43,1.1,31.81
5768,POS消费,地点21,开水,2015/06/18 11:48:44,5.3,26.51
5768,POS消费,地点21,开水,2015/06/18 17:35:26,5.7,20.81
5768,POS消费,地点21,开水,2015/06/18 17:37:04,3.4,17.41
5768,POS消费,地点21,开水,2015/06/19 09:13:56,3.0,14.41
5768,POS消费,地点21,开水,2015/06/19 09:14:33,2.0,12.41
5768,卡充值,,,2015/06/19 12:09:34,100.0,112.41
5768,POS消费,地点91,校车,2015/06/19 12:11:33,3.3,109.11
5768,POS消费,地点248,超市,2015/06/19 12:21:45,3.8,105.31
5768,POS消费,地点21,开水,2015/06/19 17:58:11,4.5,100.81
5768,POS消费,地点486,淋浴,2015/06/19 18:57:52,1.2,99.61
5768,POS消费,地点486,淋浴,2015/06/20 22:50:59,0.5,99.11
5768,POS消费,地点21,开水,2015/06/21 09:21:39,0.98,98.13
5768,POS消费,地点21,开水,2015/06/21 11:27:14,5.7,92.43
5768,POS消费,地点21,开水,2015/06/21 14:53:27,5.4,87.03
5768,POS消费,地点21,开水,2015/06/21 17:40:31,4.5,82.53
5768,POS消费,地点486,淋浴,2015/06/22 19:35:45,1.2,81.33
5768,POS消费,地点21,开水,2015/06/23 09:35:59,9.7,71.63
5768,POS消费,地点21,开水,2015/06/23 11:40:47,5.3,66.33
5768,POS消费,地点248,超市,2015/06/23 11:53:34,3.8,62.53
5768,POS消费,地点232,食堂,2015/06/23 17:03:37,6.0,56.53
5768,POS消费,地点232,食堂,2015/06/23 17:05:05,2.0,54.53
5768,POS消费,地点486,淋浴,2015/06/24 22:23:18,0.9,53.63
5768,POS消费,地点486,淋浴,2015/06/24 22:50:10,0.6,53.03
5768,POS消费,地点21,开水,2015/06/25 11:38:54,5.9,47.13
5768,POS消费,地点91,校车,2015/06/25 11:42:37,9.0,38.13
5768,POS消费,地点21,开水,2015/06/25 20:05:21,3.4,34.73
5768,POS消费,地点486,淋浴,2015/06/25 22:31:33,0.5,34.23
5768,POS消费,地点21,开水,2015/06/26 09:14:32,2.0,32.23
5768,POS消费,地点21,开水,2015/06/26 11:50:46,5.3,26.93
5768,POS消费,地点248,超市,2015/06/26 12:05:43,3.8,23.13
5768,POS消费,地点486,淋浴,2015/06/26 23:16:42,0.5,22.63
5768,POS消费,地点486,淋浴,2015/06/27 22:58:58,1.2,21.43
5768,POS消费,地点21,开水,2015/06/28 10:54:37,5.4,16.03
5768,POS消费,地点91,校车,2015/06/28 10:56:37,9.0,7.03
5768,POS消费,地点486,淋浴,2015/06/28 17:20:49,0.6,6.43
5768,POS消费,地点2264,洗衣房,2015/07/22 19:20:30,3.6,2.83
5768,POS消费,地点2264,洗衣房,2015/07/22 19:20:30,-3.54,6.37
5768,POS消费,地点2264,洗衣房,2015/07/22 19:20:59,-0.84,3.61
5768,POS消费,地点2264,洗衣房,2015/07/22 19:20:59,3.6,2.77
5768,POS消费,地点486,淋浴,2015/07/22 21:58:08,0.5,3.11
5768,卡充值,,,2015/07/23 11:41:55,100.0,103.11
5768,POS消费,地点21,开水,2015/07/23 11:43:42,5.3,97.81
5768,POS消费,地点486,淋浴,2015/07/23 22:04:45,1.0,96.81
5768,POS消费,地点21,开水,2015/07/24 11:11:43,7.2,89.61
5768,POS消费,地点21,开水,2015/07/24 11:25:48,2.0,87.61
5768,POS消费,地点486,淋浴,2015/07/24 21:21:22,0.5,87.11
5768,POS消费,地点21,开水,2015/07/25 09:26:25,2.0,85.11
5768,POS消费,地点21,开水,2015/07/25 11:04:39,2.3,82.81
5768,POS消费,地点21,开水,2015/07/25 11:05:39,5.0,77.81
5768,POS消费,地点248,超市,2015/07/25 11:22:36,3.8,74.01
5768,POS消费,地点21,开水,2015/07/26 16:58:54,0.5,73.51
5768,POS消费,地点21,开水,2015/07/26 17:01:14,1.2,72.31
5768,POS消费,地点486,淋浴,2015/07/26 18:54:51,1.7,70.61
5768,POS消费,地点1394,校车,2015/07/27 09:38:59,2.0,68.61
5768,POS消费,地点1997,食堂,2015/07/27 13:44:29,4.2,64.41
5768,POS消费,地点486,淋浴,2015/07/27 17:52:30,0.6,63.81
5768,POS消费,地点21,开水,2015/07/28 09:21:46,1.6,62.21
5768,POS消费,地点21,开水,2015/07/28 09:21:58,3.8,58.41
5768,POS消费,地点91,校车,2015/07/28 17:16:09,1.0,57.41
5768,POS消费,地点486,淋浴,2015/07/28 21:35:11,1.0,56.41
5768,POS消费,地点232,食堂,2015/07/29 12:16:56,5.0,51.41
5768,POS消费,地点21,开水,2015/07/29 12:17:51,1.0,50.41
5768,POS消费,地点21,开水,2015/07/29 17:07:51,5.3,45.11
5768,POS消费,地点248,超市,2015/07/29 17:21:00,3.8,41.31
5768,POS消费,地点486,淋浴,2015/07/29 22:18:20,0.5,40.81
5768,POS消费,地点21,开水,2015/07/30 09:05:39,2.4,38.41
5768,POS消费,地点21,开水,2015/07/30 09:05:52,3.8,34.61
5768,POS消费,地点486,淋浴,2015/07/30 21:43:33,0.6,34.01
5768,POS消费,地点486,淋浴,2015/07/31 22:42:05,1.0,33.01
5768,POS消费,地点248,超市,2015/08/01 17:16:20,10.4,22.61
5768,POS消费,地点486,淋浴,2015/08/01 21:43:05,0.5,22.11
5768,POS消费,地点91,校车,2015/08/02 11:22:39,1.2,20.91
5768,POS消费,地点232,食堂,2015/08/02 11:23:20,6.0,14.91
5768,POS消费,地点486,淋浴,2015/08/02 19:49:00,0.6,14.31
5768,POS消费,地点6,淋浴,2015/08/03 10:54:28,1.0,13.31
5768,POS消费,地点232,食堂,2015/08/03 10:57:12,6.0,7.31
5768,POS消费,地点486,淋浴,2015/08/03 21:37:05,1.3,6.01
5768,POS消费,地点486,淋浴,2015/08/29 20:28:29,1.3,4.71
5768,卡充值,,,2015/08/30 16:58:03,200.0,204.71
5768,POS消费,地点21,开水,2015/08/30 17:02:53,14.1,190.61
5768,POS消费,地点486,淋浴,2015/08/30 21:36:04,0.5,190.11
5768,POS消费,地点21,开水,2015/08/31 08:42:11,5.13,184.98
5768,POS消费,地点21,开水,2015/08/31 11:41:41,4.5,180.48
5768,POS消费,地点91,校车,2015/08/31 17:30:31,3.0,177.48
5768,POS消费,地点232,食堂,2015/08/31 17:35:37,2.0,175.48
5768,POS消费,地点21,开水,2015/08/31 20:49:50,3.8,171.68
5768,POS消费,地点486,淋浴,2015/08/31 20:54:30,1.2,170.48
