5799,卡片开户,,,2014/07/17 08:51:20,0.0,0.0
5799,卡充值,,,2014/08/29 11:56:54,200.0,200.0
5799,POS消费,地点21,开水,2014/08/29 12:02:42,2.0,198.0
5799,POS消费,地点22,开水,2014/08/29 19:04:33,0.02,197.98
5799,POS消费,地点65,食堂,2014/08/30 08:31:04,0.5,197.48
5799,POS消费,地点248,超市,2014/08/30 11:39:06,11.6,185.88
5799,POS消费,地点248,超市,2014/08/30 11:39:23,6.6,179.28
5799,POS消费,地点22,开水,2014/08/30 13:25:37,0.01,179.27
5799,POS消费,地点22,开水,2014/08/30 13:26:36,0.01,179.26
5799,POS消费,地点22,开水,2014/08/30 15:25:35,0.01,179.25
5799,POS消费,地点184,食堂,2014/08/30 18:14:20,3.6,175.65
5799,POS消费,地点184,食堂,2014/08/30 18:14:58,4.1,171.55
5799,POS消费,地点45,淋浴,2014/08/30 19:52:06,0.5,171.05
5799,POS消费,地点22,开水,2014/08/30 20:48:27,0.01,171.04
5799,POS消费,地点61,食堂,2014/08/31 07:48:39,4.3,166.74
5799,POS消费,地点1596,食堂,2014/08/31 11:26:42,8.6,158.14
5799,POS消费,地点21,开水,2014/08/31 11:40:09,0.9,157.24
5799,POS消费,地点22,开水,2014/08/31 11:50:26,0.01,157.23
5799,POS消费,地点233,食堂,2014/08/31 16:39:03,8.6,148.63
5799,POS消费,地点2,淋浴,2014/08/31 22:13:24,0.5,148.13
