5881,卡片开户,,,2014/07/23 14:45:41,0.0,0.0
5881,卡片开户,,,2014/07/23 14:46:27,0.0,0.0
5881,卡片销户,,,2014/07/23 14:47:35,0.0,0.0
5881,更新卡信息,,,2014/07/23 14:48:19,0.0,0.0
5881,卡充值,,,2014/08/20 12:06:16,300.0,300.0
5881,POS消费,地点134,食堂,2014/08/20 12:44:33,5.6,294.4
5881,POS消费,地点103,食堂,2014/08/20 12:46:00,7.6,286.8
5881,POS消费,地点103,食堂,2014/08/20 12:46:17,7.6,279.2
5881,POS消费,地点103,食堂,2014/08/20 12:46:31,11.1,268.1
5881,POS消费,地点72,食堂,2014/08/21 08:30:10,3.1,265.0
5881,POS消费,地点134,食堂,2014/08/21 12:23:15,10.6,254.4
5881,POS消费,地点21,开水,2014/08/21 12:34:17,10.4,244.0
5881,POS消费,地点21,开水,2014/08/21 12:34:27,0.3,243.7
5881,POS消费,地点227,食堂,2014/08/21 17:16:27,5.0,238.7
5881,POS消费,地点231,食堂,2014/08/21 17:21:48,0.4,238.3
5881,POS消费,地点21,开水,2014/08/21 17:22:04,10.84,227.46
5881,POS消费,地点387,淋浴,2014/08/21 18:19:47,0.8,226.66
5881,POS消费,地点72,食堂,2014/08/22 08:44:49,2.7,223.96
5881,POS消费,地点361,淋浴,2014/08/24 20:21:52,0.3,223.66
5881,POS消费,地点69,食堂,2014/08/25 08:31:06,4.8,217.98
5881,POS消费,地点60,食堂,2014/08/25 08:35:27,0.88,222.78
5881,POS消费,地点82,食堂,2014/08/25 11:47:43,6.4,211.58
5881,POS消费,地点227,食堂,2014/08/25 17:44:25,5.0,206.58
5881,POS消费,地点184,食堂,2014/08/25 17:48:26,0.6,205.98
5881,POS消费,地点21,开水,2014/08/25 18:03:34,30.0,175.98
5881,POS消费,地点21,开水,2014/08/25 18:03:44,10.5,165.48
5881,POS消费,地点387,淋浴,2014/08/25 21:20:35,0.7,164.78
5881,POS消费,地点65,食堂,2014/08/26 08:58:55,0.2,158.98
5881,POS消费,地点60,食堂,2014/08/26 09:01:22,0.8,163.98
5881,POS消费,地点61,食堂,2014/08/26 09:09:35,4.0,159.98
5881,POS消费,地点61,食堂,2014/08/26 09:09:38,0.8,159.18
5881,POS消费,地点72,食堂,2014/08/26 12:25:54,4.4,154.58
5881,POS消费,地点21,开水,2014/08/26 12:52:35,3.0,151.58
5881,POS消费,地点816,校车,2014/08/28 15:42:05,1.0,150.28
5881,POS消费,地点816,校车,2014/08/28 15:42:13,1.0,149.28
5881,POS消费,地点816,校车,2014/08/28 15:42:24,1.0,148.28
5881,POS消费,地点816,校车,2014/08/28 15:42:32,1.0,147.28
5881,POS消费,地点816,校车,2014/08/28 15:42:40,1.0,146.28
5881,POS消费,地点27,教务处,2014/08/28 16:40:56,15.0,131.28
5881,POS消费,地点27,教务处,2014/08/28 16:41:04,10.0,121.28
5881,卡充值,,,2014/08/29 11:57:37,150.0,271.28
5881,卡充值,,,2014/08/29 11:58:27,300.0,571.28
5881,POS消费,地点1588,食堂,2014/08/29 13:00:26,8.1,563.18
5881,POS消费,地点1588,食堂,2014/08/29 13:00:52,3.7,559.48
5881,POS消费,地点103,食堂,2014/08/29 13:01:50,0.2,559.28
5881,POS消费,地点157,食堂,2014/08/29 13:02:34,5.0,554.28
5881,POS消费,地点21,开水,2014/08/29 13:03:49,9.0,545.28
5881,POS消费,地点1567,开水,2014/08/30 17:19:14,0.04,545.24
5881,POS消费,地点192,超市,2014/08/30 21:08:29,9.5,535.74
5881,POS消费,地点1567,开水,2014/08/31 07:36:32,0.03,535.71
5881,POS消费,地点61,食堂,2014/08/31 08:10:58,3.1,532.61
5881,POS消费,地点21,开水,2014/08/31 11:00:24,4.2,528.41
5881,POS消费,地点21,开水,2014/08/31 11:23:12,3.0,525.41
5881,POS消费,地点21,开水,2014/08/31 16:32:02,3.0,522.41
5881,POS消费,地点1567,开水,2014/08/31 19:51:06,0.03,522.38
5881,POS消费,地点1907,淋浴,2014/08/31 20:14:31,0.5,521.88
