5963,POS消费,地点1451,校车,2014/03/02 17:14:17,1.0,3.27
5963,圈存转账,,,2014/03/03 16:09:37,100.0,103.27
5963,POS消费,地点1472,校车,2014/03/04 12:44:39,1.0,2.27
5963,卡充值,,,2014/03/05 10:18:10,100.0,102.27
5963,POS消费,地点217,食堂,2014/03/05 10:19:49,1.0,101.27
5963,POS消费,地点21,开水,2014/03/05 11:37:12,7.1,94.17
5963,POS消费,地点91,校车,2014/03/05 11:52:42,6.8,87.37
5963,POS消费,地点217,食堂,2014/03/05 12:03:40,1.0,86.37
5963,POS消费,地点222,校车,2014/03/06 10:13:01,1.0,85.37
5963,POS消费,地点211,校车,2014/03/07 10:07:56,1.0,84.37
5963,POS消费,地点1447,校车,2014/03/07 11:42:44,1.0,83.37
5963,POS消费,地点211,校车,2014/03/07 19:36:27,1.0,82.37
5963,POS消费,地点1442,校车,2014/03/08 14:08:11,1.0,81.37
5963,POS消费,地点222,校车,2014/03/08 18:16:15,1.0,80.37
5963,POS消费,地点1472,校车,2014/03/08 22:04:47,1.0,79.37
5963,POS消费,地点1451,校车,2014/03/10 09:53:46,1.0,78.37
5963,POS消费,地点168,食堂,2014/03/10 12:09:50,6.55,71.82
5963,POS消费,地点168,食堂,2014/03/10 12:09:58,3.0,68.82
5963,POS消费,地点21,开水,2014/03/10 12:29:17,5.5,63.32
5963,POS消费,地点985,食堂,2014/03/10 18:08:59,5.0,58.32
5963,POS消费,地点264,食堂,2014/03/10 18:16:01,5.0,53.32
5963,POS消费,地点816,校车,2014/03/11 09:53:49,1.0,52.32
5963,POS消费,地点157,食堂,2014/03/11 18:11:56,5.6,46.72
5963,POS消费,地点179,食堂,2014/03/11 18:12:36,5.0,41.72
5963,POS消费,地点21,开水,2014/03/11 18:13:54,12.0,29.72
5963,POS消费,地点1447,校车,2014/03/11 18:37:50,1.0,28.72
5963,POS消费,地点244,食堂,2014/03/12 12:07:05,6.6,22.12
5963,POS消费,地点222,校车,2014/03/12 12:26:15,1.0,21.12
5963,POS消费,地点1447,校车,2014/03/13 10:13:44,1.0,20.12
5963,POS消费,地点219,超市,2014/03/14 11:49:44,8.0,12.12
5963,POS消费,地点219,超市,2014/03/14 11:51:18,3.0,9.12
5963,POS消费,地点219,超市,2014/03/14 11:52:16,4.0,5.12
5963,POS消费,地点219,超市,2014/03/14 12:05:27,2.0,3.12
5963,POS消费,地点222,校车,2014/03/14 13:58:34,1.0,2.12
5963,POS消费,地点222,校车,2014/03/14 20:31:37,1.0,1.12
5963,POS消费,地点816,校车,2014/03/15 20:59:57,1.0,0.12
5963,卡充值,,,2014/03/19 12:23:51,100.0,100.12
5963,POS消费,地点243,食堂,2014/03/19 12:35:45,1.0,99.12
5963,POS消费,地点996,图书馆,2014/03/19 14:13:54,0.8,98.32
5963,POS消费,地点21,开水,2014/03/19 17:27:54,7.1,91.22
5963,POS消费,地点21,开水,2014/03/19 17:28:59,1.0,90.22
5963,POS消费,地点21,开水,2014/03/19 17:29:20,2.0,88.22
5963,POS消费,地点21,开水,2014/03/19 17:38:03,1.8,86.42
5963,POS消费,地点21,开水,2014/03/19 17:53:10,4.0,82.42
5963,POS消费,地点526,食堂,2014/03/20 10:11:55,5.0,77.42
5963,POS消费,地点154,食堂,2014/03/20 11:25:36,3.6,73.82
5963,POS消费,地点1471,食堂,2014/03/20 11:25:59,4.0,69.82
5963,POS消费,地点21,开水,2014/03/20 11:29:28,1.0,68.82
5963,POS消费,地点841,食堂,2014/03/20 17:20:22,1.8,67.02
5963,POS消费,地点247,食堂,2014/03/20 17:23:49,15.0,52.02
5963,POS消费,地点280,食堂,2014/03/20 17:25:57,7.2,44.82
5963,POS消费,地点996,图书馆,2014/03/21 10:16:20,6.1,38.72
5963,POS消费,地点247,食堂,2014/03/21 11:50:41,10.0,28.72
5963,POS消费,地点280,食堂,2014/03/21 11:51:15,3.0,25.72
5963,POS消费,地点118,食堂,2014/03/21 15:37:40,3.3,22.42
5963,POS消费,地点83,食堂,2014/03/21 16:38:26,2.0,20.42
5963,POS消费,地点920,校车,2014/03/22 15:35:59,4.0,16.42
5963,POS消费,地点1472,校车,2014/03/22 17:41:26,1.0,15.42
5963,POS消费,地点1447,校车,2014/03/23 11:45:31,1.0,14.42
5963,POS消费,地点21,开水,2014/03/24 12:05:24,4.6,9.82
5963,POS消费,地点179,食堂,2014/03/24 12:06:59,5.0,4.82
5963,卡充值,,,2014/03/24 12:09:23,100.0,104.82
5963,POS消费,地点996,图书馆,2014/03/24 15:08:20,2.8,102.02
5963,POS消费,地点162,食堂,2014/03/24 18:04:00,10.6,91.42
5963,POS消费,地点526,食堂,2014/03/24 18:19:35,0.5,90.92
5963,POS消费,地点526,食堂,2014/03/24 18:19:39,1.8,89.12
5963,POS消费,地点526,食堂,2014/03/24 18:19:55,1.0,88.12
5963,POS消费,地点996,图书馆,2014/03/24 20:02:28,6.9,81.22
5963,POS消费,地点264,食堂,2014/03/25 12:17:24,10.6,70.62
5963,POS消费,地点21,开水,2014/03/25 12:30:58,5.1,65.52
5963,POS消费,地点264,食堂,2014/03/25 18:12:04,4.6,60.92
5963,POS消费,地点91,校车,2014/03/25 18:13:38,3.5,57.42
5963,POS消费,地点211,校车,2014/03/25 18:13:53,1.0,54.62
5963,POS消费,地点243,食堂,2014/03/25 18:25:03,1.8,55.62
5963,POS消费,地点61,食堂,2014/03/26 12:17:25,9.6,45.02
5963,POS消费,地点218,食堂,2014/03/26 12:42:07,2.8,42.22
5963,POS消费,地点219,超市,2014/03/26 13:53:24,6.0,36.22
5963,POS消费,地点219,超市,2014/03/26 13:53:48,2.0,34.22
5963,POS消费,地点219,超市,2014/03/26 17:04:17,1.0,33.22
5963,POS消费,地点219,超市,2014/03/26 17:05:43,4.0,29.22
5963,POS消费,地点310,食堂,2014/03/26 17:25:05,4.0,19.62
5963,POS消费,地点162,食堂,2014/03/26 17:25:26,5.6,23.62
5963,POS消费,地点21,开水,2014/03/26 17:39:46,4.0,15.62
5963,POS消费,地点118,食堂,2014/03/26 18:53:53,3.3,12.32
5963,POS消费,地点154,食堂,2014/03/27 11:35:06,3.6,8.72
5963,POS消费,地点232,食堂,2014/03/27 11:35:52,4.0,4.72
5963,POS消费,地点219,超市,2014/03/27 14:16:10,4.0,0.72
5963,卡充值,,,2014/03/27 16:51:35,50.0,50.72
5963,POS消费,地点158,食堂,2014/03/27 16:53:40,10.6,40.12
5963,POS消费,地点158,食堂,2014/03/27 16:53:53,0.2,39.92
5963,POS消费,地点21,开水,2014/03/27 16:54:19,3.0,36.92
5963,POS消费,地点118,食堂,2014/03/27 21:05:14,4.0,32.92
5963,POS消费,地点134,食堂,2014/03/28 12:17:08,9.6,23.32
5963,POS消费,地点21,开水,2014/03/28 12:19:03,1.5,21.82
5963,POS消费,地点218,食堂,2014/03/28 12:31:14,1.8,20.02
5963,POS消费,地点1451,校车,2014/03/28 19:22:43,1.0,19.02
5963,POS消费,地点178,校车,2014/03/30 07:39:26,4.0,15.02
5963,POS消费,地点178,校车,2014/03/30 07:41:16,4.0,11.02
5963,POS消费,地点232,食堂,2014/03/31 17:52:45,10.0,1.02
5963,卡充值,,,2014/04/01 11:59:58,50.0,51.02
5963,POS消费,地点69,食堂,2014/04/01 12:16:24,10.6,40.42
5963,POS消费,地点118,食堂,2014/04/01 12:28:33,5.5,34.92
5963,POS消费,地点91,校车,2014/04/01 17:51:46,7.5,27.42
5963,POS消费,地点232,食堂,2014/04/01 17:54:06,10.0,17.42
5963,POS消费,地点91,校车,2014/04/01 18:03:16,4.0,13.42
5963,POS消费,地点91,校车,2014/04/01 18:03:55,1.5,11.92
5963,POS消费,地点1442,校车,2014/04/01 20:26:25,1.0,10.92
5963,POS消费,地点816,校车,2014/04/02 10:06:37,1.0,9.92
5963,POS消费,地点1448,校车,2014/04/02 14:45:14,1.0,8.92
5963,POS消费,地点61,食堂,2014/04/03 11:37:43,3.6,5.32
5963,POS消费,地点1451,校车,2014/04/03 14:17:23,1.0,4.32
5963,POS消费,地点1447,校车,2014/04/06 09:14:26,1.0,3.32
5963,POS消费,地点1447,校车,2014/04/06 09:25:57,1.0,2.32
5963,卡充值,,,2014/04/09 11:56:35,100.0,102.32
5963,POS消费,地点218,食堂,2014/04/09 12:08:48,2.9,99.42
5963,POS消费,地点61,食堂,2014/04/09 12:13:15,6.6,92.82
5963,POS消费,地点218,食堂,2014/04/09 12:15:04,1.8,91.02
5963,POS消费,地点1447,校车,2014/04/10 11:40:41,1.0,90.02
5963,POS消费,地点61,食堂,2014/04/10 12:12:16,6.6,83.42
5963,POS消费,地点219,超市,2014/04/10 16:16:07,4.0,79.42
5963,POS消费,地点219,超市,2014/04/10 16:16:32,2.0,77.42
5963,POS消费,地点219,超市,2014/04/10 16:34:47,6.0,71.42
5963,POS消费,地点1471,食堂,2014/04/10 17:00:02,4.1,67.32
5963,POS消费,地点232,食堂,2014/04/10 17:00:42,5.0,62.32
5963,POS消费,地点217,食堂,2014/04/10 17:03:04,1.0,61.32
5963,POS消费,地点72,食堂,2014/04/11 12:28:18,4.0,57.32
5963,POS消费,地点243,食堂,2014/04/11 12:29:18,2.9,54.42
5963,POS消费,地点219,超市,2014/04/11 13:47:56,4.0,50.42
5963,POS消费,地点218,食堂,2014/04/11 18:30:56,1.8,48.62
5963,POS消费,地点211,校车,2014/04/12 12:38:56,1.0,47.62
5963,POS消费,地点211,校车,2014/04/12 12:40:29,1.0,46.62
5963,POS消费,地点211,校车,2014/04/12 12:42:47,1.0,45.62
5963,POS消费,地点83,食堂,2014/04/12 12:59:23,2.9,42.72
5963,POS消费,地点91,校车,2014/04/14 18:09:25,1.8,40.92
5963,POS消费,地点91,校车,2014/04/14 18:09:30,3.5,37.42
5963,POS消费,地点21,开水,2014/04/14 18:23:15,2.5,34.92
5963,POS消费,地点249,食堂,2014/04/15 12:18:32,10.6,24.32
5963,POS消费,地点21,开水,2014/04/15 12:30:55,4.5,19.82
5963,POS消费,地点1596,食堂,2014/04/15 18:11:20,5.6,14.22
5963,POS消费,地点264,食堂,2014/04/16 12:12:20,10.6,3.62
5963,POS消费,地点21,开水,2014/04/16 12:15:02,2.5,1.12
5963,卡充值,,,2014/04/16 17:44:55,100.0,101.12
5963,POS消费,地点243,食堂,2014/04/16 17:57:30,3.0,98.12
5963,POS消费,地点61,食堂,2014/04/16 17:58:48,4.6,93.52
5963,POS消费,地点83,食堂,2014/04/16 20:53:18,2.9,90.62
5963,POS消费,地点996,图书馆,2014/04/17 15:28:43,2.9,87.72
5963,POS消费,地点21,开水,2014/04/17 17:52:13,8.1,79.62
5963,POS消费,地点1588,食堂,2014/04/21 18:07:28,5.1,74.52
5963,POS消费,地点21,开水,2014/04/21 18:08:31,1.5,73.02
5963,POS消费,地点21,开水,2014/04/21 18:10:33,2.5,70.52
5963,POS消费,地点57,食堂,2014/04/22 18:02:26,3.9,66.62
5963,POS消费,地点157,食堂,2014/04/23 12:12:43,10.6,56.02
5963,POS消费,地点21,开水,2014/04/23 12:29:51,3.0,53.02
5963,POS消费,地点996,图书馆,2014/04/23 14:21:22,2.9,50.12
5963,POS消费,地点232,食堂,2014/04/23 17:43:54,3.0,47.12
5963,POS消费,地点21,开水,2014/04/23 17:45:20,3.5,43.62
5963,POS消费,地点234,食堂,2014/04/24 12:52:12,6.6,37.02
5963,POS消费,地点232,食堂,2014/04/24 18:07:33,6.0,31.02
5963,POS消费,地点234,食堂,2014/04/25 12:33:41,7.1,23.92
5963,POS消费,地点21,开水,2014/04/25 12:56:33,3.0,20.92
5963,POS消费,地点1442,校车,2014/04/25 18:09:33,1.0,19.92
5963,POS消费,地点1447,校车,2014/04/26 17:39:52,1.0,18.92
5963,POS消费,地点234,食堂,2014/04/26 18:04:41,7.1,11.82
5963,POS消费,地点21,开水,2014/04/26 18:12:35,1.5,10.32
5963,POS消费,地点222,校车,2014/04/27 15:48:52,1.0,9.32
5963,POS消费,地点1447,校车,2014/04/27 16:10:29,1.0,8.32
5963,POS消费,地点146,校车,2014/04/27 19:02:20,1.0,7.32
5963,POS消费,地点816,校车,2014/04/28 15:52:28,1.0,6.32
5963,POS消费,地点61,食堂,2014/04/28 18:05:25,4.6,1.72
5963,卡充值,,,2014/04/29 11:08:45,50.0,51.72
5963,POS消费,地点218,食堂,2014/04/29 11:21:23,1.0,50.72
5963,POS消费,地点87,食堂,2014/04/29 11:36:09,4.6,46.12
5963,POS消费,地点83,食堂,2014/04/29 13:09:24,3.0,43.12
5963,POS消费,地点234,食堂,2014/04/29 18:16:17,6.6,36.52
5963,POS消费,地点21,开水,2014/04/29 18:27:20,1.0,35.52
5963,POS消费,地点211,校车,2014/04/30 09:55:19,1.0,34.52
5963,POS消费,地点91,校车,2014/04/30 12:07:53,7.4,27.12
5963,POS消费,地点996,图书馆,2014/04/30 13:40:05,1.6,25.52
5963,POS消费,地点91,校车,2014/04/30 17:51:10,5.5,20.02
5963,POS消费,地点1448,校车,2014/05/04 13:54:15,1.0,19.02
5963,卡充值,,,2014/05/05 12:53:04,40.0,59.02
5963,POS消费,地点21,开水,2014/05/05 13:07:53,2.5,56.52
5963,POS消费,地点996,图书馆,2014/05/05 13:11:55,1.6,54.92
5963,POS消费,地点234,食堂,2014/05/05 18:16:15,6.6,48.32
5963,POS消费,地点21,开水,2014/05/05 18:16:49,1.5,46.82
5963,POS消费,地点134,食堂,2014/05/06 12:18:04,9.6,37.22
5963,POS消费,地点21,开水,2014/05/06 12:18:38,1.0,36.22
5963,POS消费,地点134,食堂,2014/05/06 18:12:22,5.2,31.02
5963,POS消费,地点103,食堂,2014/05/07 12:12:55,7.4,23.62
5963,POS消费,地点21,开水,2014/05/07 12:14:44,1.0,22.62
5963,POS消费,地点211,校车,2014/05/08 16:03:59,1.0,21.62
5963,POS消费,地点249,食堂,2014/05/09 12:13:35,10.4,11.22
5963,POS消费,地点87,食堂,2014/05/09 17:56:39,4.2,7.02
5963,POS消费,地点816,校车,2014/05/10 17:26:44,1.0,6.02
5963,POS消费,地点816,校车,2014/05/10 17:28:57,1.0,5.02
5963,POS消费,地点258,食堂,2014/05/10 18:21:12,1.5,3.52
5963,卡充值,,,2014/05/14 12:11:12,100.0,103.52
5963,POS消费,地点816,校车,2014/05/14 20:24:28,1.0,101.52
5963,POS消费,地点83,食堂,2014/05/15 12:36:11,3.0,97.52
5963,POS消费,地点1451,校车,2014/05/17 19:12:56,1.0,96.52
5963,POS消费,地点1596,食堂,2014/05/20 12:15:10,4.6,91.92
5963,POS消费,地点1596,食堂,2014/05/20 12:15:24,4.6,87.32
5963,POS消费,地点21,开水,2014/05/20 12:17:18,2.9,84.42
5963,POS消费,地点21,开水,2014/05/20 18:00:23,6.9,77.52
5963,POS消费,地点217,食堂,2014/05/20 18:04:34,1.0,76.52
5963,POS消费,地点146,校车,2014/05/21 10:06:52,1.0,75.52
5963,POS消费,地点146,校车,2014/05/21 10:08:59,1.0,74.52
5963,POS消费,地点146,校车,2014/05/21 10:12:04,1.0,73.52
5963,POS消费,地点146,校车,2014/05/21 10:13:50,1.0,72.52
5963,POS消费,地点134,食堂,2014/05/21 12:07:47,8.4,64.12
5963,POS消费,地点21,开水,2014/05/21 12:09:53,1.5,62.62
5963,POS消费,地点168,食堂,2014/05/21 18:06:45,6.5,56.12
5963,POS消费,地点168,食堂,2014/05/21 18:07:36,1.0,55.12
5963,POS消费,地点211,校车,2014/05/22 14:29:40,1.0,54.12
5963,POS消费,地点211,校车,2014/05/22 14:31:25,1.0,53.12
5963,POS消费,地点211,校车,2014/05/22 14:32:49,1.0,52.12
5963,POS消费,地点21,开水,2014/05/22 21:43:47,3.0,49.12
5963,POS消费,地点996,图书馆,2014/05/26 12:03:42,2.4,46.72
5963,POS消费,地点218,食堂,2014/05/26 18:07:46,1.8,44.92
5963,POS消费,地点222,校车,2014/05/27 15:50:13,1.0,43.92
5963,POS消费,地点1596,食堂,2014/05/27 18:12:49,4.4,39.52
5963,POS消费,地点1588,食堂,2014/05/27 18:13:30,3.0,36.52
5963,POS消费,地点21,开水,2014/05/27 18:14:55,1.5,35.02
5963,POS消费,地点837,校车,2014/05/28 10:04:15,1.0,34.02
5963,POS消费,地点264,食堂,2014/05/28 11:55:53,5.4,28.62
5963,POS消费,地点21,开水,2014/05/28 11:58:09,1.5,26.12
5963,POS消费,地点1588,食堂,2014/05/28 12:08:55,1.0,27.62
5963,POS消费,地点837,校车,2014/05/28 12:23:03,1.0,25.12
5963,POS消费,地点146,校车,2014/05/29 17:11:12,1.0,24.12
5963,POS消费,地点211,校车,2014/06/03 16:13:03,1.0,23.12
5963,POS消费,地点157,食堂,2014/06/03 18:13:45,8.4,14.72
5963,POS消费,地点21,开水,2014/06/03 18:14:17,1.5,13.22
5963,POS消费,地点21,开水,2014/06/03 18:14:27,1.8,11.42
5963,POS消费,地点837,校车,2014/06/05 11:20:46,1.0,10.42
5963,POS消费,地点243,食堂,2014/06/05 11:33:36,1.0,9.42
5963,POS消费,地点218,食堂,2014/06/05 11:33:44,1.8,7.62
5963,POS消费,地点21,开水,2014/06/05 12:04:26,3.5,4.12
5963,POS消费,地点146,校车,2014/06/08 20:35:58,1.0,3.12
5963,POS消费,地点1447,校车,2014/06/11 20:57:22,1.0,2.12
5963,POS消费,地点222,校车,2014/06/14 18:21:02,1.0,1.12
5963,POS消费,地点1447,校车,2014/06/15 17:10:20,1.0,0.12
5963,卡充值,,,2014/06/19 15:36:14,20.0,20.12
5963,POS消费,地点27,教务处,2014/06/21 09:41:58,10.0,10.12
5963,POS消费,地点211,校车,2014/06/21 10:16:52,1.0,9.12
5963,POS消费,地点211,校车,2014/06/21 10:27:32,1.0,8.12
5963,POS消费,地点1447,校车,2014/06/21 18:43:08,1.0,7.12
5963,POS消费,地点1448,校车,2014/07/01 15:12:46,1.0,6.12
5963,POS消费,地点21,开水,2014/07/01 17:21:14,3.0,3.12
5963,POS消费,地点837,校车,2014/07/01 17:32:12,1.0,2.12
5963,POS消费,地点1442,校车,2014/07/02 18:02:44,1.0,1.12
5963,POS消费,地点211,校车,2014/07/02 20:01:44,1.0,0.12
5963,卡充值,,,2014/07/03 16:56:33,10.0,10.12
5963,POS消费,地点211,校车,2014/07/03 17:04:12,1.0,9.12
5963,POS消费,地点1472,校车,2014/07/04 14:29:36,1.0,8.12
5963,POS消费,地点1472,校车,2014/07/04 14:29:55,1.0,7.12
5963,POS消费,地点1472,校车,2014/07/04 14:30:07,1.0,6.12
5963,POS消费,地点1472,校车,2014/07/04 14:33:57,1.0,5.12
5963,POS消费,地点222,校车,2014/07/04 17:19:03,1.0,4.12
5963,POS消费,地点816,校车,2014/07/05 15:30:00,1.0,3.12
5963,POS消费,地点211,校车,2014/07/05 17:50:26,1.0,2.12
5963,POS消费,地点222,校车,2014/07/06 15:13:40,1.0,1.12
5963,POS消费,地点1442,校车,2014/07/06 17:30:29,1.0,0.12
5963,卡充值,,,2014/07/07 17:20:25,10.0,10.12
5963,POS消费,地点211,校车,2014/07/07 17:41:01,1.0,9.12
5963,POS消费,地点222,校车,2014/07/08 16:06:38,1.0,8.12
5963,POS消费,地点856,淋浴,2014/08/31 23:32:35,0.1,7.02
5963,POS消费,地点856,淋浴,2014/08/31 23:38:19,0.4,6.62
5963,POS消费,地点856,淋浴,2014/08/31 23:44:31,0.1,6.52
