6015,POS消费,地点21,开水,2013/09/01 12:07:37,3.1,71.04
6015,POS消费,地点21,开水,2013/09/01 17:52:22,5.6,65.44
6015,POS消费,地点21,开水,2013/09/02 07:12:28,3.8,61.64
6015,POS消费,地点232,食堂,2013/09/02 11:59:48,7.8,53.84
6015,POS消费,地点86,开水,2013/09/02 22:50:37,0.02,53.82
6015,POS消费,地点21,开水,2013/09/03 07:05:49,2.5,51.32
6015,POS消费,地点21,开水,2013/09/03 07:06:08,0.8,50.52
6015,POS消费,地点21,开水,2013/09/03 11:55:11,3.6,46.92
6015,POS消费,地点21,开水,2013/09/03 17:55:22,5.6,41.32
6015,POS消费,地点21,开水,2013/09/04 07:55:42,4.4,36.92
6015,POS消费,地点21,开水,2013/09/04 12:02:47,2.6,34.32
6015,POS消费,地点21,开水,2013/09/04 18:04:13,1.0,33.32
6015,POS消费,地点21,开水,2013/09/04 18:04:20,3.1,30.22
6015,POS消费,地点21,开水,2013/09/05 11:25:15,5.6,24.62
6015,POS消费,地点86,开水,2013/09/05 17:25:23,0.03,24.59
6015,卡充值,,,2013/09/05 18:00:51,300.0,324.59
6015,POS消费,地点21,开水,2013/09/05 18:01:53,2.6,321.99
6015,POS消费,地点21,开水,2013/09/06 07:09:36,3.0,318.99
6015,POS消费,地点21,开水,2013/09/06 12:24:24,4.6,314.39
6015,POS消费,地点21,开水,2013/09/06 18:10:47,2.1,312.29
6015,POS消费,地点86,开水,2013/09/07 09:23:07,0.02,312.27
6015,POS消费,地点232,食堂,2013/09/07 12:27:57,9.0,303.27
6015,POS消费,地点962,淋浴,2013/09/07 14:58:22,0.3,302.97
6015,POS消费,地点21,开水,2013/09/07 17:31:04,2.1,300.87
6015,POS消费,地点21,开水,2013/09/07 21:04:27,30.0,270.87
6015,POS消费,地点21,开水,2013/09/07 21:04:32,2.0,268.87
6015,POS消费,地点21,开水,2013/09/09 10:02:01,5.0,263.87
6015,POS消费,地点21,开水,2013/09/09 12:03:30,3.0,260.87
6015,POS消费,地点91,校车,2013/09/09 16:53:43,7.6,253.27
6015,POS消费,地点26,图书馆,2013/09/09 17:10:14,4.4,248.87
6015,POS消费,地点21,开水,2013/09/10 07:22:34,0.83,248.04
6015,POS消费,地点21,开水,2013/09/10 11:30:43,3.1,244.94
6015,POS消费,地点21,开水,2013/09/10 17:57:33,3.6,241.34
6015,POS消费,地点21,开水,2013/09/11 07:56:18,1.6,239.74
6015,POS消费,地点21,开水,2013/09/11 07:56:58,0.8,238.94
6015,POS消费,地点21,开水,2013/09/11 12:39:03,3.6,235.34
6015,POS消费,地点21,开水,2013/09/11 18:10:28,5.6,229.74
6015,POS消费,地点21,开水,2013/09/12 08:26:43,1.63,228.11
6015,POS消费,地点21,开水,2013/09/12 08:27:00,0.8,227.31
6015,POS消费,地点21,开水,2013/09/12 12:43:32,4.6,222.71
6015,POS消费,地点21,开水,2013/09/12 18:30:37,4.1,218.61
6015,POS消费,地点21,开水,2013/09/13 10:02:11,1.03,217.58
6015,POS消费,地点21,开水,2013/09/13 12:02:48,4.1,213.48
6015,POS消费,地点21,开水,2013/09/13 21:36:27,5.8,207.68
6015,POS消费,地点21,开水,2013/09/14 12:14:39,3.6,204.08
6015,POS消费,地点21,开水,2013/09/14 18:29:20,5.6,198.48
6015,POS消费,地点21,开水,2013/09/15 12:50:47,3.6,194.88
6015,POS消费,地点21,开水,2013/09/15 13:06:29,1.4,193.48
6015,POS消费,地点21,开水,2013/09/15 17:56:42,2.1,191.38
6015,POS消费,地点26,图书馆,2013/09/15 17:57:08,2.0,189.38
6015,POS消费,地点21,开水,2013/09/16 10:05:07,2.5,186.88
6015,POS消费,地点21,开水,2013/09/16 12:04:54,4.6,182.28
6015,POS消费,地点91,校车,2013/09/16 16:50:21,7.6,174.68
6015,POS消费,地点21,开水,2013/09/16 16:55:54,5.0,169.68
6015,POS消费,地点962,淋浴,2013/09/16 19:48:44,0.3,169.38
6015,POS消费,地点91,校车,2013/09/17 11:26:26,5.6,163.78
6015,POS消费,地点21,开水,2013/09/17 19:12:18,2.6,161.18
6015,POS消费,地点86,开水,2013/09/17 22:31:32,0.03,161.15
6015,POS消费,地点21,开水,2013/09/18 08:07:47,2.53,158.62
6015,POS消费,地点21,开水,2013/09/18 08:08:07,0.8,157.82
6015,POS消费,地点26,图书馆,2013/09/18 10:07:08,0.45,157.37
6015,POS消费,地点26,图书馆,2013/09/18 10:31:43,0.9,156.47
6015,POS消费,地点21,开水,2013/09/18 12:42:42,3.9,152.57
6015,POS消费,地点21,开水,2013/09/18 13:06:43,2.6,149.97
6015,POS消费,地点21,开水,2013/09/18 17:55:48,5.6,144.37
6015,POS消费,地点21,开水,2013/09/19 11:58:29,3.6,140.77
6015,POS消费,地点21,开水,2013/09/20 12:25:42,4.6,136.17
6015,POS消费,地点21,开水,2013/09/20 17:44:24,3.1,133.07
6015,POS消费,地点21,开水,2013/09/21 12:17:24,3.6,129.47
6015,卡充值,,,2013/09/21 12:32:54,200.0,329.47
6015,POS消费,地点21,开水,2013/09/21 18:12:46,5.6,323.87
6015,POS消费,地点21,开水,2013/09/22 08:18:23,1.2,322.67
6015,POS消费,地点21,开水,2013/09/22 11:37:34,1.8,320.87
6015,POS消费,地点21,开水,2013/09/22 17:20:33,5.6,315.27
6015,POS消费,地点21,开水,2013/09/23 09:44:13,1.2,314.07
6015,POS消费,地点26,图书馆,2013/09/23 09:44:43,0.8,313.27
6015,POS消费,地点21,开水,2013/09/23 11:57:54,3.4,309.87
6015,POS消费,地点21,开水,2013/09/23 18:03:23,4.6,305.27
6015,POS消费,地点21,开水,2013/09/24 07:59:09,3.0,302.27
6015,POS消费,地点21,开水,2013/09/24 11:52:46,5.6,296.67
6015,POS消费,地点21,开水,2013/09/24 17:57:30,2.6,294.07
6015,POS消费,地点232,食堂,2013/09/24 17:58:27,6.3,287.77
6015,POS消费,地点21,开水,2013/09/25 07:59:57,2.0,285.77
6015,POS消费,地点21,开水,2013/09/25 08:01:07,0.8,284.97
6015,POS消费,地点21,开水,2013/09/25 11:45:59,4.6,280.37
6015,POS消费,地点21,开水,2013/09/25 18:15:32,2.1,278.27
6015,POS消费,地点21,开水,2013/09/26 17:09:23,5.6,272.67
6015,POS消费,地点21,开水,2013/09/27 14:19:37,2.6,270.07
6015,POS消费,地点21,开水,2013/09/27 15:31:43,11.4,258.67
6015,POS消费,地点86,开水,2013/09/28 14:21:45,0.03,258.64
6015,POS消费,地点86,开水,2013/09/28 20:43:18,0.08,258.56
6015,POS消费,地点21,开水,2013/09/29 18:32:59,3.6,254.96
6015,POS消费,地点21,开水,2013/09/29 19:47:06,3.9,251.06
6015,POS消费,地点21,开水,2013/09/30 09:34:39,5.1,245.96
6015,POS消费,地点21,开水,2013/09/30 12:00:05,4.1,241.86
6015,POS消费,地点21,开水,2013/10/01 17:56:24,5.6,236.26
6015,POS消费,地点21,开水,2013/10/05 18:45:41,2.6,233.66
6015,POS消费,地点21,开水,2013/10/06 11:33:29,5.6,228.06
6015,POS消费,地点21,开水,2013/10/06 17:55:56,4.6,223.46
6015,POS消费,地点86,开水,2013/10/06 23:59:58,0.02,223.44
6015,POS消费,地点21,开水,2013/10/07 11:56:52,5.6,217.84
6015,POS消费,地点21,开水,2013/10/07 18:10:05,3.1,214.74
6015,POS消费,地点21,开水,2013/10/08 12:00:32,5.6,209.14
6015,POS消费,地点21,开水,2013/10/08 18:30:03,3.6,205.54
6015,POS消费,地点21,开水,2013/10/09 07:58:31,3.0,202.54
6015,POS消费,地点21,开水,2013/10/09 11:09:13,2.1,200.44
6015,POS消费,地点21,开水,2013/10/09 17:06:21,5.6,194.84
6015,POS消费,地点248,超市,2013/10/09 17:27:26,2.5,192.34
6015,POS消费,地点21,开水,2013/10/09 20:22:48,3.2,189.14
6015,POS消费,地点962,淋浴,2013/10/09 22:30:45,0.2,188.94
6015,POS消费,地点21,开水,2013/10/10 12:04:43,3.1,185.84
6015,POS消费,地点21,开水,2013/10/10 17:53:00,5.8,180.04
6015,POS消费,地点21,开水,2013/10/11 09:47:56,3.3,176.74
6015,POS消费,地点21,开水,2013/10/11 11:55:26,3.6,173.14
6015,POS消费,地点21,开水,2013/10/11 17:52:28,3.1,170.04
6015,POS消费,地点21,开水,2013/10/11 17:52:55,2.5,167.54
6015,POS消费,地点21,开水,2013/10/12 12:19:27,3.6,163.94
6015,POS消费,地点21,开水,2013/10/12 12:35:59,3.1,160.84
6015,POS消费,地点21,开水,2013/10/12 18:52:51,4.6,156.24
6015,POS消费,地点21,开水,2013/10/13 12:19:05,5.6,150.64
6015,POS消费,地点21,开水,2013/10/13 12:22:17,1.0,149.64
6015,卡充值,,,2013/10/13 12:34:23,100.0,249.64
6015,POS消费,地点21,开水,2013/10/13 18:45:48,3.6,246.04
6015,POS消费,地点21,开水,2013/10/14 07:13:20,2.63,243.41
6015,POS消费,地点91,校车,2013/10/14 11:52:33,5.6,237.81
6015,POS消费,地点21,开水,2013/10/14 18:07:04,3.6,234.21
6015,POS消费,地点21,开水,2013/10/14 18:24:16,2.5,231.71
6015,POS消费,地点91,校车,2013/10/15 11:45:24,5.6,226.11
6015,POS消费,地点21,开水,2013/10/15 17:55:46,2.6,223.51
6015,POS消费,地点962,淋浴,2013/10/15 22:52:14,0.1,223.41
6015,POS消费,地点21,开水,2013/10/16 08:19:37,3.53,219.88
6015,POS消费,地点21,开水,2013/10/16 10:58:27,2.0,217.88
6015,POS消费,地点21,开水,2013/10/16 17:56:35,4.6,213.28
6015,POS消费,地点232,食堂,2013/10/17 12:12:56,5.6,207.68
6015,POS消费,地点21,开水,2013/10/17 17:24:34,2.6,205.08
6015,POS消费,地点21,开水,2013/10/17 17:24:50,5.0,200.08
6015,POS消费,地点21,开水,2013/10/18 09:03:25,1.23,198.85
6015,POS消费,地点21,开水,2013/10/18 10:08:13,1.2,197.65
6015,POS消费,地点21,开水,2013/10/18 11:57:27,3.1,194.55
6015,POS消费,地点21,开水,2013/10/18 19:04:59,1.8,192.75
6015,POS消费,地点21,开水,2013/10/18 19:05:28,1.2,191.55
6015,POS消费,地点21,开水,2013/10/19 12:52:18,11.6,179.95
6015,POS消费,地点21,开水,2013/10/19 12:52:50,7.6,172.35
6015,POS消费,地点21,开水,2013/10/19 12:53:28,7.6,164.75
6015,POS消费,地点21,开水,2013/10/19 12:53:51,4.0,160.75
6015,POS消费,地点21,开水,2013/10/19 13:13:02,6.7,154.05
6015,POS消费,地点21,开水,2013/10/19 13:13:13,12.0,142.05
6015,POS消费,地点21,开水,2013/10/19 18:16:36,5.1,136.95
6015,POS消费,地点21,开水,2013/10/19 18:17:01,5.6,131.35
6015,POS消费,地点21,开水,2013/10/21 11:58:05,2.1,129.25
6015,POS消费,地点21,开水,2013/10/21 11:59:30,2.0,127.25
6015,POS消费,地点21,开水,2013/10/21 18:34:50,2.6,124.65
6015,POS消费,地点21,开水,2013/10/22 11:32:14,3.6,121.05
6015,POS消费,地点21,开水,2013/10/22 17:55:19,5.6,115.45
6015,POS消费,地点21,开水,2013/10/23 08:10:47,2.43,113.02
6015,POS消费,地点21,开水,2013/10/23 11:36:19,5.6,107.42
6015,POS消费,地点21,开水,2013/10/23 11:37:00,1.5,105.92
6015,POS消费,地点21,开水,2013/10/23 11:46:20,1.5,104.42
6015,POS消费,地点21,开水,2013/10/23 18:02:26,5.6,98.82
6015,POS消费,地点21,开水,2013/10/24 11:56:06,5.6,93.22
6015,POS消费,地点21,开水,2013/10/24 19:10:46,5.8,87.42
6015,POS消费,地点21,开水,2013/10/24 21:19:25,6.7,80.72
6015,POS消费,地点21,开水,2013/10/25 09:54:55,1.23,79.49
6015,POS消费,地点21,开水,2013/10/25 11:55:02,3.6,75.89
6015,POS消费,地点21,开水,2013/10/25 18:23:54,5.6,70.29
6015,POS消费,地点962,淋浴,2013/10/27 23:12:49,0.2,70.09
6015,POS消费,地点21,开水,2013/10/28 10:05:02,0.83,69.26
6015,POS消费,地点21,开水,2013/10/28 12:00:29,4.6,64.66
6015,POS消费,地点21,开水,2013/10/28 17:55:50,3.6,61.06
6015,POS消费,地点21,开水,2013/10/29 12:18:57,5.6,55.46
6015,POS消费,地点21,开水,2013/10/29 17:57:22,5.3,50.16
6015,POS消费,地点21,开水,2013/10/29 17:57:27,0.3,49.86
6015,POS消费,地点21,开水,2013/10/30 12:36:58,4.73,45.13
6015,POS消费,地点21,开水,2013/10/30 18:02:46,4.6,40.53
6015,POS消费,地点21,开水,2013/10/30 22:00:48,4.5,36.03
6015,POS消费,地点21,开水,2013/10/31 11:59:54,4.6,31.43
6015,POS消费,地点21,开水,2013/10/31 18:35:46,2.6,28.83
6015,POS消费,地点21,开水,2013/11/01 11:55:30,5.6,23.23
6015,卡充值,,,2013/11/01 12:14:08,250.0,273.23
6015,POS消费,地点21,开水,2013/11/01 17:43:25,2.6,270.63
6015,POS消费,地点21,开水,2013/11/01 17:43:56,1.5,269.13
6015,POS消费,地点21,开水,2013/11/03 12:22:33,5.6,263.53
6015,POS消费,地点21,开水,2013/11/03 18:45:04,5.6,257.93
6015,POS消费,地点21,开水,2013/11/04 10:02:05,3.03,254.9
6015,POS消费,地点21,开水,2013/11/04 11:57:54,5.6,249.3
6015,POS消费,地点21,开水,2013/11/04 18:32:27,5.6,243.7
6015,POS消费,地点21,开水,2013/11/05 12:13:14,3.1,240.6
6015,POS消费,地点6,淋浴,2013/11/06 18:07:01,8.6,232.0
6015,POS消费,地点21,开水,2013/11/07 11:55:25,5.6,226.4
6015,POS消费,地点26,图书馆,2013/11/07 11:58:05,5.2,221.2
6015,POS消费,地点21,开水,2013/11/07 21:14:19,6.8,214.4
6015,POS消费,地点21,开水,2013/11/08 09:59:31,2.23,212.17
6015,POS消费,地点21,开水,2013/11/08 11:55:53,5.6,206.57
6015,POS消费,地点21,开水,2013/11/08 17:58:12,5.6,200.97
6015,POS消费,地点21,开水,2013/11/09 12:28:27,4.6,196.37
6015,POS消费,地点21,开水,2013/11/09 18:17:16,5.6,190.77
6015,POS消费,地点21,开水,2013/11/10 08:48:33,2.4,188.37
6015,POS消费,地点21,开水,2013/11/10 11:14:32,4.6,183.77
6015,POS消费,地点21,开水,2013/11/10 18:30:37,5.6,178.17
6015,POS消费,地点21,开水,2013/11/11 10:07:51,2.6,175.57
6015,POS消费,地点91,校车,2013/11/11 11:55:27,5.6,169.97
6015,POS消费,地点91,校车,2013/11/11 17:56:25,5.6,164.37
6015,POS消费,地点962,淋浴,2013/11/11 21:54:24,0.3,164.07
6015,POS消费,地点21,开水,2013/11/12 08:13:26,2.03,162.04
6015,POS消费,地点21,开水,2013/11/12 11:41:17,5.6,156.44
6015,POS消费,地点21,开水,2013/11/12 17:54:41,2.1,154.34
6015,POS消费,地点21,开水,2013/11/13 11:54:28,4.1,150.24
6015,POS消费,地点21,开水,2013/11/13 11:55:50,3.0,147.24
6015,POS消费,地点21,开水,2013/11/13 18:51:08,5.6,141.64
6015,POS消费,地点91,校车,2013/11/14 11:56:06,5.6,136.04
6015,POS消费,地点21,开水,2013/11/15 11:54:30,4.6,131.44
6015,POS消费,地点21,开水,2013/11/15 11:55:18,2.0,129.44
6015,POS消费,地点21,开水,2013/11/15 18:04:27,7.03,122.41
6015,POS消费,地点21,开水,2013/11/16 12:22:26,5.6,116.81
6015,POS消费,地点21,开水,2013/11/16 18:15:35,5.6,111.21
6015,POS消费,地点21,开水,2013/11/17 18:01:57,3.6,107.61
6015,POS消费,地点21,开水,2013/11/17 18:02:22,2.5,105.11
6015,POS消费,地点21,开水,2013/11/18 09:53:15,1.03,104.08
6015,POS消费,地点232,食堂,2013/11/18 12:05:22,5.0,99.08
6015,POS消费,地点21,开水,2013/11/18 12:07:18,0.6,98.48
6015,POS消费,地点26,图书馆,2013/11/19 10:11:20,3.83,94.65
6015,POS消费,地点21,开水,2013/11/19 17:54:11,5.6,89.05
6015,POS消费,地点21,开水,2013/11/20 09:58:50,3.5,85.55
6015,POS消费,地点21,开水,2013/11/20 11:35:07,2.6,82.95
6015,POS消费,地点21,开水,2013/11/20 11:35:48,2.0,80.95
6015,POS消费,地点21,开水,2013/11/20 19:17:56,7.6,73.35
6015,POS消费,地点21,开水,2013/11/21 12:32:17,3.1,70.25
6015,POS消费,地点21,开水,2013/11/21 18:42:27,4.6,65.65
6015,POS消费,地点91,校车,2013/11/22 11:55:49,5.6,60.05
6015,POS消费,地点21,开水,2013/11/22 18:29:46,3.1,56.95
6015,POS消费,地点21,开水,2013/11/24 18:46:05,5.6,51.35
6015,POS消费,地点21,开水,2013/11/25 09:58:33,2.53,48.82
6015,POS消费,地点232,食堂,2013/11/25 11:58:17,8.0,40.82
6015,POS消费,地点21,开水,2013/11/25 17:54:40,5.6,35.22
6015,POS消费,地点21,开水,2013/11/25 17:55:48,3.0,32.22
6015,POS消费,地点21,开水,2013/11/26 12:32:32,5.6,26.62
6015,POS消费,地点91,校车,2013/11/26 17:54:22,6.6,20.02
6015,POS消费,地点21,开水,2013/11/27 10:52:05,4.6,15.42
6015,POS消费,地点21,开水,2013/11/27 16:37:20,1.8,13.62
6015,POS消费,地点21,开水,2013/11/27 18:58:23,3.5,10.12
6015,POS消费,地点21,开水,2013/11/27 21:16:00,7.4,2.72
6015,POS消费,地点86,开水,2013/11/28 00:30:22,0.02,2.7
6015,卡充值,,,2013/11/28 11:33:40,300.0,302.7
6015,POS消费,地点21,开水,2013/11/28 11:35:21,2.6,300.1
6015,POS消费,地点21,开水,2013/11/28 11:39:03,3.0,297.1
6015,POS消费,地点21,开水,2013/11/28 18:27:15,5.6,291.5
6015,POS消费,地点962,淋浴,2013/11/28 23:05:54,0.2,291.3
6015,POS消费,地点232,食堂,2013/11/29 12:10:00,5.6,285.7
6015,POS消费,地点21,开水,2013/11/29 18:23:38,5.6,280.1
6015,POS消费,地点21,开水,2013/11/29 18:38:58,1.2,278.9
6015,POS消费,地点12,文印中心,2013/11/29 19:52:35,3.3,275.6
6015,POS消费,地点21,开水,2013/11/29 20:05:34,2.2,273.4
6015,卡挂失,,,2013/11/30 13:02:08,0.0,0.0
6015,卡解挂,,,2013/12/02 12:53:59,0.0,0.0
6015,POS消费,地点21,开水,2013/12/02 12:58:09,5.8,267.6
6015,POS消费,地点21,开水,2013/12/02 12:58:56,4.5,263.1
6015,POS消费,地点21,开水,2013/12/02 18:03:14,6.0,257.1
6015,POS消费,地点21,开水,2013/12/02 18:03:21,-6.0,263.1
6015,POS消费,地点21,开水,2013/12/02 18:03:26,4.6,258.5
6015,POS消费,地点232,食堂,2013/12/03 11:26:09,5.6,252.9
6015,POS消费,地点21,开水,2013/12/03 17:54:36,5.6,247.3
6015,POS消费,地点21,开水,2013/12/04 10:13:13,4.03,243.27
6015,POS消费,地点21,开水,2013/12/04 11:34:09,4.6,238.67
6015,POS消费,地点21,开水,2013/12/04 11:34:54,2.0,236.67
6015,POS消费,地点21,开水,2013/12/05 18:58:16,6.3,230.37
6015,POS消费,地点21,开水,2013/12/05 21:10:34,4.0,226.37
6015,POS消费,地点21,开水,2013/12/06 11:56:17,4.1,222.27
6015,POS消费,地点21,开水,2013/12/06 18:10:56,0.83,221.44
6015,POS消费,地点21,开水,2013/12/06 21:08:55,3.0,218.44
6015,POS消费,地点21,开水,2013/12/06 21:09:54,12.9,205.54
6015,POS消费,地点21,开水,2013/12/08 12:47:22,2.0,203.54
6015,POS消费,地点21,开水,2013/12/08 12:47:30,0.6,202.94
6015,POS消费,地点91,校车,2013/12/09 12:41:10,5.6,197.34
6015,POS消费,地点21,开水,2013/12/09 18:36:42,6.6,190.74
6015,POS消费,地点21,开水,2013/12/10 11:09:50,4.6,186.14
6015,POS消费,地点21,开水,2013/12/10 11:11:02,2.5,183.64
6015,POS消费,地点21,开水,2013/12/10 17:55:15,3.6,180.04
6015,POS消费,地点21,开水,2013/12/10 22:23:03,1.0,179.04
6015,POS消费,地点21,开水,2013/12/11 11:04:55,5.6,173.44
6015,POS消费,地点21,开水,2013/12/11 11:05:53,2.0,171.44
6015,POS消费,地点91,校车,2013/12/11 15:57:20,5.0,166.44
6015,POS消费,地点21,开水,2013/12/11 18:42:10,5.6,160.84
6015,POS消费,地点21,开水,2013/12/12 12:42:21,8.6,152.24
6015,POS消费,地点26,图书馆,2013/12/12 13:10:00,0.75,151.49
6015,POS消费,地点21,开水,2013/12/12 17:30:39,4.6,146.89
6015,POS消费,地点91,校车,2013/12/12 21:04:34,4.6,142.29
6015,POS消费,地点21,开水,2013/12/13 11:53:36,4.1,138.19
6015,POS消费,地点91,校车,2013/12/13 18:09:09,6.0,132.19
6015,POS消费,地点21,开水,2013/12/13 18:09:46,2.1,130.09
6015,POS消费,地点21,开水,2013/12/13 18:27:03,3.0,127.09
6015,POS消费,地点21,开水,2013/12/14 12:40:24,3.6,123.49
6015,POS消费,地点21,开水,2013/12/14 18:47:54,5.6,117.89
6015,POS消费,地点21,开水,2013/12/15 12:46:59,3.6,114.29
6015,POS消费,地点91,校车,2013/12/15 12:56:16,3.0,111.29
6015,POS消费,地点91,校车,2013/12/15 18:25:27,6.0,105.29
6015,POS消费,地点962,淋浴,2013/12/15 22:47:03,0.4,104.89
6015,POS消费,地点21,开水,2013/12/16 12:28:30,4.6,100.29
6015,POS消费,地点91,校车,2013/12/16 12:40:04,5.0,95.29
6015,POS消费,地点91,校车,2013/12/16 12:40:46,3.0,92.29
6015,POS消费,地点21,开水,2013/12/16 17:29:47,4.6,87.69
6015,POS消费,地点21,开水,2013/12/16 17:42:26,3.8,83.89
6015,POS消费,地点21,开水,2013/12/17 08:12:26,3.43,80.46
6015,POS消费,地点21,开水,2013/12/17 11:46:35,6.6,73.86
6015,POS消费,地点21,开水,2013/12/17 17:55:34,3.6,70.26
6015,POS消费,地点21,开水,2013/12/17 19:31:26,4.0,66.26
6015,POS消费,地点86,开水,2013/12/17 20:05:31,0.16,66.1
6015,POS消费,地点86,开水,2013/12/17 20:07:23,0.06,66.04
6015,POS消费,地点91,校车,2013/12/17 22:40:13,4.0,62.04
6015,POS消费,地点21,开水,2013/12/18 09:31:05,6.03,56.01
6015,POS消费,地点21,开水,2013/12/19 18:02:22,5.6,50.41
6015,POS消费,地点21,开水,2013/12/20 18:06:08,5.6,44.81
6015,POS消费,地点21,开水,2013/12/20 18:06:55,4.5,40.31
6015,POS消费,地点21,开水,2013/12/20 21:28:14,4.8,35.51
6015,POS消费,地点21,开水,2013/12/21 12:27:35,0.6,34.91
6015,POS消费,地点91,校车,2013/12/21 12:28:26,5.7,29.21
6015,POS消费,地点91,校车,2013/12/21 12:43:42,4.5,24.71
6015,POS消费,地点21,开水,2013/12/21 17:57:05,5.6,19.11
6015,POS消费,地点21,开水,2013/12/22 17:55:15,5.6,13.51
6015,POS消费,地点21,开水,2013/12/22 18:07:44,3.8,9.71
6015,POS消费,地点91,校车,2013/12/23 15:00:05,4.0,5.71
6015,POS消费,地点21,开水,2013/12/23 21:40:17,5.0,0.71
6015,卡充值,,,2013/12/25 11:00:20,450.0,450.71
6015,POS消费,地点21,开水,2013/12/25 11:02:31,1.0,449.71
6015,POS消费,地点21,开水,2013/12/25 18:18:59,4.6,445.11
6015,POS消费,地点21,开水,2013/12/25 18:29:35,2.0,443.11
6015,POS消费,地点21,开水,2013/12/25 18:36:17,3.6,439.51
6015,POS消费,地点21,开水,2013/12/26 18:40:38,11.4,428.11
6015,POS消费,地点21,开水,2013/12/26 18:41:08,5.6,422.51
6015,POS消费,地点21,开水,2013/12/27 18:15:45,4.6,417.91
6015,POS消费,地点6,淋浴,2013/12/28 12:47:37,8.6,409.31
6015,POS消费,地点21,开水,2013/12/29 18:04:21,6.6,402.71
6015,POS消费,地点91,校车,2013/12/30 12:42:27,5.1,397.61
6015,POS消费,地点21,开水,2013/12/30 12:42:46,10.6,387.01
6015,POS消费,地点21,开水,2013/12/30 12:43:04,0.6,386.41
6015,POS消费,地点21,开水,2013/12/30 12:52:26,6.1,380.31
6015,POS消费,地点21,开水,2013/12/30 18:05:38,1.4,378.91
6015,POS消费,地点21,开水,2013/12/30 18:07:03,5.6,373.31
6015,POS消费,地点21,开水,2013/12/30 18:14:15,2.0,371.31
6015,POS消费,地点21,开水,2013/12/30 18:22:09,2.0,369.31
6015,POS消费,地点21,开水,2013/12/31 18:17:05,5.8,363.51
6015,POS消费,地点21,开水,2013/12/31 18:24:30,2.0,361.51
6015,POS消费,地点21,开水,2013/12/31 18:30:27,1.8,359.71
6015,POS消费,地点21,开水,2014/01/01 18:15:28,5.6,354.11
6015,POS消费,地点21,开水,2014/01/01 18:27:59,2.0,352.11
6015,POS消费,地点91,校车,2014/01/02 19:14:37,5.0,347.11
6015,POS消费,地点91,校车,2014/01/03 18:17:24,6.4,340.71
6015,POS消费,地点21,开水,2014/01/03 18:17:48,0.6,340.11
6015,POS消费,地点21,开水,2014/01/03 18:31:14,5.3,334.81
6015,POS消费,地点91,校车,2014/01/04 18:38:42,7.0,327.81
6015,POS消费,地点21,开水,2014/01/04 18:39:04,0.6,327.21
6015,POS消费,地点21,开水,2014/01/04 18:40:38,1.2,326.01
6015,POS消费,地点91,校车,2014/01/04 18:57:56,8.0,318.01
6015,POS消费,地点91,校车,2014/01/04 18:58:22,9.6,308.41
6015,POS消费,地点232,食堂,2014/01/05 18:09:55,8.0,300.41
6015,POS消费,地点21,开水,2014/01/06 11:46:50,3.6,296.81
6015,POS消费,地点21,开水,2014/01/06 11:54:17,2.0,294.81
6015,POS消费,地点21,开水,2014/01/06 12:06:59,3.7,291.11
6015,POS消费,地点21,开水,2014/01/06 17:10:49,4.6,286.51
6015,POS消费,地点91,校车,2014/01/06 17:17:31,4.5,282.01
6015,POS消费,地点21,开水,2014/01/07 12:52:08,5.6,276.41
6015,POS消费,地点21,开水,2014/01/07 12:54:57,1.5,274.91
6015,POS消费,地点21,开水,2014/01/07 17:49:48,6.6,268.31
6015,POS消费,地点21,开水,2014/01/07 18:02:40,1.8,266.51
6015,POS消费,地点962,淋浴,2014/01/08 23:29:26,0.4,266.11
6015,POS消费,地点962,淋浴,2014/01/08 23:42:35,0.2,265.91
6015,POS消费,地点91,校车,2014/01/10 18:40:30,4.4,261.51
6015,POS消费,地点91,校车,2014/01/10 18:40:49,3.1,258.41
6015,POS消费,地点21,开水,2014/01/10 18:52:25,3.8,254.61
6015,POS消费,地点21,开水,2014/01/11 14:40:43,1.4,253.21
6015,POS消费,地点91,校车,2014/01/11 20:19:06,19.6,233.61
6015,POS消费,地点21,开水,2014/01/11 20:21:19,4.8,228.81
6015,POS消费,地点86,开水,2014/01/11 20:29:25,0.02,228.79
6015,POS消费,地点21,开水,2014/01/13 11:33:31,2.6,226.19
6015,POS消费,地点248,超市,2014/01/13 14:14:46,4.3,221.89
6015,POS消费,地点21,开水,2014/01/13 18:23:21,1.2,220.69
6015,POS消费,地点86,开水,2014/02/13 22:36:41,0.07,220.62
6015,POS消费,地点232,食堂,2014/02/17 17:59:23,0.65,219.97
6015,POS消费,地点91,校车,2014/02/17 17:59:56,5.0,214.97
6015,POS消费,地点21,开水,2014/02/20 18:28:26,4.6,206.41
6015,POS消费,地点21,开水,2014/02/20 18:28:40,3.96,211.01
6015,POS消费,地点21,开水,2014/02/22 20:23:17,4.8,201.61
6015,POS消费,地点21,开水,2014/02/23 11:11:52,0.65,200.96
6015,POS消费,地点91,校车,2014/02/23 11:12:40,2.5,198.46
6015,POS消费,地点21,开水,2014/02/23 17:55:19,3.1,195.36
6015,POS消费,地点21,开水,2014/02/24 07:47:32,3.0,192.36
6015,POS消费,地点21,开水,2014/02/24 11:21:07,4.6,187.76
6015,POS消费,地点21,开水,2014/02/24 11:27:47,1.5,186.26
6015,POS消费,地点21,开水,2014/02/24 17:56:37,3.6,182.66
6015,POS消费,地点91,校车,2014/02/25 11:54:44,2.6,180.06
6015,POS消费,地点21,开水,2014/02/25 17:56:20,5.6,174.46
6015,POS消费,地点21,开水,2014/02/26 07:51:36,1.2,173.26
6015,POS消费,地点21,开水,2014/02/26 11:12:00,4.6,168.66
6015,POS消费,地点21,开水,2014/02/26 11:15:48,4.0,164.66
6015,POS消费,地点21,开水,2014/02/26 17:55:21,4.1,160.56
6015,POS消费,地点91,校车,2014/02/26 21:10:25,8.0,152.56
6015,POS消费,地点21,开水,2014/02/27 07:48:09,0.8,149.36
6015,POS消费,地点21,开水,2014/02/27 07:49:08,2.4,150.16
6015,POS消费,地点21,开水,2014/02/27 11:54:09,4.6,144.76
6015,POS消费,地点91,校车,2014/02/27 16:48:02,9.0,135.76
6015,POS消费,地点21,开水,2014/02/28 08:07:54,3.0,132.76
6015,POS消费,地点21,开水,2014/02/28 11:51:07,4.6,128.16
6015,POS消费,地点21,开水,2014/02/28 16:02:42,2.0,126.16
6015,POS消费,地点21,开水,2014/02/28 17:57:08,3.6,122.56
6015,POS消费,地点21,开水,2014/02/28 20:20:33,2.0,120.56
6015,POS消费,地点21,开水,2014/03/01 07:45:14,2.0,118.56
6015,POS消费,地点21,开水,2014/03/01 07:45:31,0.8,117.76
6015,POS消费,地点21,开水,2014/03/01 07:49:19,2.8,114.96
6015,POS消费,地点21,开水,2014/03/01 17:19:46,5.6,109.36
6015,POS消费,地点21,开水,2014/03/02 11:34:44,2.43,106.93
6015,POS消费,地点21,开水,2014/03/02 17:30:48,5.6,101.33
6015,POS消费,地点21,开水,2014/03/02 17:46:34,1.8,99.53
6015,POS消费,地点21,开水,2014/03/03 08:01:34,0.8,98.73
6015,POS消费,地点21,开水,2014/03/03 08:01:57,0.8,97.93
6015,POS消费,地点232,食堂,2014/03/03 17:55:20,6.0,91.93
6015,POS消费,地点248,超市,2014/03/03 18:34:03,3.3,88.63
6015,POS消费,地点21,开水,2014/03/04 11:55:32,1.5,87.13
6015,POS消费,地点21,开水,2014/03/04 11:56:00,3.0,84.13
6015,POS消费,地点21,开水,2014/03/04 17:56:50,4.1,80.03
6015,POS消费,地点21,开水,2014/03/04 20:44:20,11.3,68.73
6015,POS消费,地点962,淋浴,2014/03/04 21:52:38,0.4,68.33
6015,POS消费,地点21,开水,2014/03/05 17:31:28,4.6,63.73
6015,POS消费,地点21,开水,2014/03/06 07:57:17,3.0,60.73
6015,POS消费,地点6,淋浴,2014/03/06 11:53:33,12.0,48.73
6015,POS消费,地点21,开水,2014/03/06 14:07:33,1.4,47.33
6015,卡充值,,,2014/03/06 14:07:48,400.0,447.33
6015,POS消费,地点21,开水,2014/03/06 18:23:18,4.6,442.73
6015,POS消费,地点21,开水,2014/03/06 22:01:47,3.4,439.33
6015,POS消费,地点21,开水,2014/03/07 11:59:36,4.1,435.23
6015,POS消费,地点21,开水,2014/03/07 17:55:56,4.6,430.63
6015,POS消费,地点21,开水,2014/03/07 18:08:18,2.4,428.23
6015,POS消费,地点91,校车,2014/03/08 18:40:47,9.0,419.23
6015,POS消费,地点21,开水,2014/03/09 12:44:57,4.6,414.63
6015,POS消费,地点21,开水,2014/03/09 17:36:07,4.6,410.03
6015,POS消费,地点21,开水,2014/03/09 17:50:04,3.6,406.43
6015,POS消费,地点21,开水,2014/03/10 08:03:51,3.0,403.43
6015,POS消费,地点21,开水,2014/03/10 11:26:56,4.6,398.83
6015,POS消费,地点21,开水,2014/03/10 17:06:45,5.6,393.23
6015,POS消费,地点21,开水,2014/03/11 10:03:59,4.5,388.73
6015,POS消费,地点21,开水,2014/03/11 11:52:35,5.6,383.13
6015,POS消费,地点248,超市,2014/03/11 15:55:17,4.0,379.13
6015,POS消费,地点326,洗衣房,2014/03/11 17:55:42,20.0,359.13
6015,POS消费,地点6,淋浴,2014/03/11 18:13:37,4.0,355.13
6015,POS消费,地点21,开水,2014/03/11 21:18:15,3.5,351.63
6015,POS消费,地点21,开水,2014/03/12 08:12:24,1.4,350.23
6015,POS消费,地点21,开水,2014/03/12 11:58:54,5.6,344.63
6015,POS消费,地点21,开水,2014/03/12 18:07:16,4.6,340.03
6015,POS消费,地点21,开水,2014/03/13 08:08:39,2.0,338.03
6015,POS消费,地点21,开水,2014/03/13 08:09:53,0.8,337.23
6015,POS消费,地点6,淋浴,2014/03/13 12:00:14,12.0,325.23
6015,POS消费,地点21,开水,2014/03/13 18:39:26,5.6,319.63
6015,POS消费,地点21,开水,2014/03/14 10:59:21,3.6,316.03
6015,POS消费,地点21,开水,2014/03/14 17:55:06,4.6,311.43
6015,POS消费,地点21,开水,2014/03/15 11:42:19,4.6,306.83
6015,POS消费,地点21,开水,2014/03/15 18:46:32,6.6,300.23
6015,POS消费,地点21,开水,2014/03/16 11:48:53,2.6,297.63
6015,POS消费,地点21,开水,2014/03/16 18:22:58,0.6,297.03
6015,POS消费,地点91,校车,2014/03/16 18:24:31,5.4,291.63
6015,POS消费,地点21,开水,2014/03/16 18:39:10,1.23,290.4
6015,POS消费,地点21,开水,2014/03/17 08:03:45,1.5,288.9
6015,POS消费,地点21,开水,2014/03/17 12:11:41,2.6,286.3
6015,POS消费,地点21,开水,2014/03/17 18:01:53,5.6,280.7
6015,POS消费,地点21,开水,2014/03/17 22:05:43,5.5,275.2
6015,POS消费,地点21,开水,2014/03/18 09:55:16,2.2,273.0
6015,POS消费,地点21,开水,2014/03/18 11:55:31,4.0,264.4
6015,POS消费,地点21,开水,2014/03/18 11:55:54,4.6,268.4
6015,POS消费,地点21,开水,2014/03/18 11:57:50,2.0,262.4
6015,POS消费,地点962,淋浴,2014/03/18 15:43:55,0.3,262.1
6015,POS消费,地点21,开水,2014/03/18 17:55:20,3.6,258.5
6015,POS消费,地点21,开水,2014/03/19 08:03:21,3.0,255.5
6015,POS消费,地点21,开水,2014/03/19 11:58:58,6.6,248.9
6015,POS消费,地点21,开水,2014/03/19 17:59:01,4.6,244.3
6015,POS消费,地点86,开水,2014/03/19 23:00:30,0.02,244.28
6015,POS消费,地点21,开水,2014/03/20 08:11:04,2.0,242.28
6015,POS消费,地点21,开水,2014/03/20 11:55:04,5.6,236.68
6015,POS消费,地点21,开水,2014/03/20 18:41:39,2.6,234.08
6015,POS消费,地点21,开水,2014/03/21 10:04:52,3.0,231.08
6015,POS消费,地点21,开水,2014/03/21 11:40:04,5.6,225.48
6015,POS消费,地点21,开水,2014/03/21 17:58:42,4.6,220.88
6015,POS消费,地点962,淋浴,2014/03/21 22:27:54,0.4,220.48
6015,POS消费,地点21,开水,2014/03/22 09:20:12,9.06,211.42
6015,POS消费,地点21,开水,2014/03/24 08:11:31,3.0,208.42
6015,POS消费,地点21,开水,2014/03/24 11:44:17,5.6,202.82
6015,POS消费,地点21,开水,2014/03/24 17:55:07,2.6,200.22
6015,POS消费,地点21,开水,2014/03/25 12:04:31,3.6,196.62
6015,POS消费,地点21,开水,2014/03/25 15:54:06,3.3,193.32
6015,POS消费,地点21,开水,2014/03/25 17:56:31,5.6,187.72
6015,POS消费,地点21,开水,2014/03/25 19:37:19,2.6,185.12
6015,POS消费,地点21,开水,2014/03/26 08:31:31,2.03,183.09
6015,POS消费,地点21,开水,2014/03/26 11:56:56,4.6,178.49
6015,POS消费,地点21,开水,2014/03/26 17:51:23,4.6,173.89
6015,POS消费,地点21,开水,2014/03/26 22:26:14,3.4,170.49
6015,POS消费,地点21,开水,2014/03/27 08:15:02,2.83,167.66
6015,POS消费,地点21,开水,2014/03/27 11:54:29,4.1,163.56
6015,POS消费,地点21,开水,2014/03/28 09:55:49,1.0,162.56
6015,POS消费,地点21,开水,2014/03/28 11:57:21,1.5,161.06
6015,POS消费,地点21,开水,2014/03/28 17:08:29,4.1,156.96
6015,POS消费,地点21,开水,2014/03/28 17:20:33,2.0,154.96
6015,POS消费,地点21,开水,2014/03/29 12:09:24,1.83,153.13
6015,POS消费,地点21,开水,2014/03/29 12:09:48,0.8,152.33
6015,POS消费,地点21,开水,2014/03/30 11:55:48,4.6,147.73
6015,POS消费,地点962,淋浴,2014/03/30 19:42:32,0.4,147.33
6015,POS消费,地点21,开水,2014/03/31 16:13:34,2.2,145.13
6015,POS消费,地点91,校车,2014/03/31 17:54:08,5.6,139.53
6015,POS消费,地点21,开水,2014/03/31 17:55:08,1.0,138.53
6015,POS消费,地点21,开水,2014/03/31 21:30:48,10.0,128.53
6015,POS消费,地点21,开水,2014/04/01 11:54:10,3.1,125.43
6015,POS消费,地点21,开水,2014/04/01 15:11:56,10.4,115.03
6015,POS消费,地点21,开水,2014/04/01 17:57:48,5.6,109.43
6015,POS消费,地点21,开水,2014/04/01 17:59:40,1.0,108.43
6015,POS消费,地点21,开水,2014/04/02 08:15:39,3.03,105.4
6015,POS消费,地点21,开水,2014/04/02 11:55:00,5.0,100.4
6015,POS消费,地点21,开水,2014/04/02 11:55:32,1.0,99.4
6015,POS消费,地点21,开水,2014/04/02 12:05:14,1.0,98.4
6015,POS消费,地点21,开水,2014/04/02 18:13:32,1.6,96.8
6015,POS消费,地点21,开水,2014/04/03 11:55:02,5.6,91.2
6015,POS消费,地点21,开水,2014/04/03 11:58:58,1.5,89.7
6015,POS消费,地点21,开水,2014/04/03 18:07:48,5.6,84.1
6015,POS消费,地点21,开水,2014/04/03 18:08:40,2.5,81.6
6015,POS消费,地点91,校车,2014/04/03 18:16:26,2.0,79.6
6015,POS消费,地点21,开水,2014/04/03 18:19:38,1.8,77.8
6015,POS消费,地点21,开水,2014/04/04 09:57:38,3.83,73.97
6015,POS消费,地点232,食堂,2014/04/04 11:55:42,8.0,65.97
6015,POS消费,地点21,开水,2014/04/04 11:58:09,2.2,63.77
6015,POS消费,地点21,开水,2014/04/04 12:13:58,2.5,61.27
6015,POS消费,地点248,超市,2014/04/04 20:36:22,9.0,52.27
6015,POS消费,地点326,洗衣房,2014/04/04 21:27:08,10.0,42.27
6015,POS消费,地点21,开水,2014/04/04 21:30:18,4.0,38.27
6015,POS消费,地点232,食堂,2014/04/05 18:01:39,8.9,29.37
6015,POS消费,地点21,开水,2014/04/06 12:44:25,2.6,26.77
6015,POS消费,地点21,开水,2014/04/06 12:45:51,2.0,24.77
6015,POS消费,地点326,洗衣房,2014/04/06 19:16:34,6.0,18.77
6015,POS消费,地点21,开水,2014/04/07 18:33:08,5.6,13.17
6015,POS消费,地点21,开水,2014/04/07 18:41:57,0.6,12.57
6015,卡充值,,,2014/04/08 12:19:57,400.0,412.57
6015,POS消费,地点21,开水,2014/04/08 12:23:11,1.83,410.74
6015,POS消费,地点21,开水,2014/04/08 16:13:11,1.4,409.34
6015,POS消费,地点21,开水,2014/04/08 17:57:19,5.6,403.74
6015,POS消费,地点21,开水,2014/04/09 08:13:35,3.0,400.74
6015,POS消费,地点21,开水,2014/04/09 18:17:33,3.0,397.74
6015,POS消费,地点21,开水,2014/04/09 18:17:43,0.6,397.14
6015,POS消费,地点232,食堂,2014/04/10 09:56:44,1.5,395.64
6015,POS消费,地点21,开水,2014/04/10 11:57:14,3.6,392.04
6015,POS消费,地点962,淋浴,2014/04/10 16:53:24,0.1,391.94
6015,POS消费,地点21,开水,2014/04/10 18:49:19,6.0,385.94
6015,POS消费,地点21,开水,2014/04/11 12:30:23,0.83,385.11
6015,POS消费,地点26,图书馆,2014/04/11 12:30:49,1.0,384.11
6015,POS消费,地点91,校车,2014/04/11 18:00:14,6.0,378.11
6015,POS消费,地点21,开水,2014/04/12 20:28:31,2.0,376.11
6015,POS消费,地点962,淋浴,2014/04/12 20:32:48,0.8,375.31
6015,POS消费,地点91,校车,2014/04/13 12:21:15,6.8,368.51
6015,POS消费,地点21,开水,2014/04/13 12:21:28,3.0,365.51
6015,POS消费,地点21,开水,2014/04/13 12:21:44,0.5,365.01
6015,POS消费,地点21,开水,2014/04/13 17:53:28,1.6,363.41
6015,POS消费,地点26,图书馆,2014/04/13 17:53:45,1.0,362.41
6015,POS消费,地点962,淋浴,2014/04/13 18:13:30,0.1,362.31
6015,POS消费,地点21,开水,2014/04/14 11:54:26,5.6,356.71
6015,POS消费,地点232,食堂,2014/04/14 11:56:12,1.0,355.71
6015,POS消费,地点21,开水,2014/04/14 17:10:21,2.1,353.61
6015,POS消费,地点21,开水,2014/04/14 17:10:50,3.5,350.11
6015,POS消费,地点21,开水,2014/04/15 15:50:24,6.0,344.11
6015,POS消费,地点21,开水,2014/04/15 18:03:58,3.0,341.11
6015,POS消费,地点21,开水,2014/04/15 21:13:02,2.0,339.11
6015,POS消费,地点21,开水,2014/04/16 08:12:36,3.0,336.11
6015,POS消费,地点21,开水,2014/04/16 11:55:45,4.1,332.01
6015,POS消费,地点12,文印中心,2014/04/16 17:49:46,8.0,324.01
6015,POS消费,地点21,开水,2014/04/17 08:14:25,2.8,321.21
6015,POS消费,地点21,开水,2014/04/17 11:54:12,4.1,317.11
6015,POS消费,地点21,开水,2014/04/17 19:54:55,1.4,315.71
6015,POS消费,地点26,图书馆,2014/04/18 09:55:30,2.5,313.21
6015,POS消费,地点21,开水,2014/04/18 11:37:48,5.6,307.61
6015,POS消费,地点21,开水,2014/04/18 18:11:37,5.8,301.81
6015,POS消费,地点21,开水,2014/04/19 17:31:25,4.2,297.61
6015,POS消费,地点21,开水,2014/04/20 11:35:46,2.43,295.18
6015,POS消费,地点21,开水,2014/04/20 21:30:50,5.5,289.68
6015,POS消费,地点21,开水,2014/04/21 08:10:56,2.03,287.65
6015,POS消费,地点21,开水,2014/04/21 11:54:11,4.1,283.55
6015,POS消费,地点91,校车,2014/04/21 17:52:56,5.4,278.15
6015,POS消费,地点21,开水,2014/04/21 17:53:03,0.6,277.55
6015,POS消费,地点21,开水,2014/04/21 18:03:50,1.0,276.55
6015,POS消费,地点21,开水,2014/04/22 09:53:23,3.3,273.25
6015,POS消费,地点21,开水,2014/04/22 11:52:02,2.1,271.15
6015,POS消费,地点21,开水,2014/04/22 11:52:23,2.0,269.15
6015,POS消费,地点326,洗衣房,2014/04/22 17:55:24,20.0,249.15
6015,POS消费,地点326,洗衣房,2014/04/22 17:58:43,3.0,246.15
6015,POS消费,地点21,开水,2014/04/22 18:12:43,1.5,244.65
6015,POS消费,地点21,开水,2014/04/23 09:59:14,1.53,243.12
6015,POS消费,地点21,开水,2014/04/23 11:53:56,4.1,239.02
6015,POS消费,地点21,开水,2014/04/23 17:23:14,4.6,234.42
6015,POS消费,地点91,校车,2014/04/23 17:39:54,6.0,228.42
6015,POS消费,地点21,开水,2014/04/24 09:56:13,1.83,226.59
6015,POS消费,地点21,开水,2014/04/24 11:55:46,4.1,222.49
6015,POS消费,地点21,开水,2014/04/24 17:32:22,3.1,219.39
6015,POS消费,地点21,开水,2014/04/25 09:56:07,3.03,216.36
6015,POS消费,地点12,文印中心,2014/04/25 12:23:47,6.0,210.36
6015,POS消费,地点91,校车,2014/04/25 18:42:19,16.0,194.36
6015,POS消费,地点21,开水,2014/04/25 21:39:25,3.8,190.56
6015,POS消费,地点21,开水,2014/04/26 18:35:41,5.6,184.96
6015,POS消费,地点21,开水,2014/04/27 12:27:03,2.5,182.46
6015,POS消费,地点21,开水,2014/04/27 12:28:23,1.5,180.96
6015,POS消费,地点962,淋浴,2014/04/27 22:02:56,0.2,180.76
6015,POS消费,地点21,开水,2014/04/28 08:14:12,1.23,179.53
6015,POS消费,地点21,开水,2014/04/28 08:14:38,3.0,176.53
6015,POS消费,地点21,开水,2014/04/28 12:00:20,6.0,170.53
6015,POS消费,地点21,开水,2014/04/28 12:00:58,1.0,169.53
6015,POS消费,地点21,开水,2014/04/28 12:04:18,1.0,168.53
6015,POS消费,地点232,食堂,2014/04/28 18:15:43,3.0,165.53
6015,POS消费,地点21,开水,2014/04/29 11:36:47,5.6,159.93
6015,POS消费,地点91,校车,2014/04/29 16:09:54,6.0,153.93
6015,POS消费,地点21,开水,2014/04/29 17:55:10,2.1,151.83
6015,POS消费,地点21,开水,2014/04/29 17:56:47,1.5,150.33
6015,POS消费,地点21,开水,2014/04/30 08:07:01,2.5,147.83
6015,POS消费,地点21,开水,2014/04/30 11:56:56,5.6,142.23
6015,POS消费,地点21,开水,2014/05/02 21:22:20,5.2,137.03
6015,POS消费,地点86,开水,2014/05/02 22:33:49,0.02,137.01
6015,POS消费,地点86,开水,2014/05/03 00:28:56,0.02,136.99
6015,POS消费,地点21,开水,2014/05/03 17:54:47,1.63,135.36
6015,POS消费,地点21,开水,2014/05/04 10:00:13,1.5,133.86
6015,POS消费,地点21,开水,2014/05/04 11:54:52,4.6,129.26
6015,POS消费,地点21,开水,2014/05/04 11:55:45,9.6,119.66
6015,POS消费,地点21,开水,2014/05/04 18:40:51,2.0,117.66
6015,POS消费,地点21,开水,2014/05/04 18:41:12,0.6,117.06
6015,POS消费,地点21,开水,2014/05/05 11:54:36,4.6,112.46
6015,POS消费,地点21,开水,2014/05/05 17:54:15,2.6,109.86
6015,POS消费,地点21,开水,2014/05/06 09:50:59,3.0,106.86
6015,POS消费,地点21,开水,2014/05/06 11:56:24,4.6,102.26
6015,POS消费,地点21,开水,2014/05/06 18:41:54,0.6,95.66
6015,POS消费,地点91,校车,2014/05/06 18:42:00,6.0,96.26
6015,POS消费,地点21,开水,2014/05/07 08:17:10,2.53,93.13
6015,POS消费,地点21,开水,2014/05/07 11:24:05,1.0,92.13
6015,POS消费,地点86,开水,2014/05/07 14:40:51,0.01,92.12
6015,POS消费,地点477,开水,2014/05/07 14:41:51,0.01,92.11
6015,POS消费,地点232,食堂,2014/05/07 18:28:28,8.0,84.11
6015,POS消费,地点21,开水,2014/05/08 09:58:56,2.0,82.11
6015,POS消费,地点91,校车,2014/05/08 11:57:19,2.6,79.51
6015,POS消费,地点232,食堂,2014/05/08 18:38:40,8.0,71.51
6015,POS消费,地点232,食堂,2014/05/08 18:39:41,9.0,62.51
6015,POS消费,地点21,开水,2014/05/09 11:07:53,4.6,57.91
6015,POS消费,地点91,校车,2014/05/09 18:39:05,10.0,47.91
6015,POS消费,地点91,校车,2014/05/09 18:39:56,11.0,36.91
6015,POS消费,地点21,开水,2014/05/10 12:01:37,2.43,34.48
6015,POS消费,地点21,开水,2014/05/10 18:47:08,3.6,30.88
6015,POS消费,地点21,开水,2014/05/11 18:20:16,1.0,29.88
6015,POS消费,地点21,开水,2014/05/11 18:20:38,0.6,29.28
6015,POS消费,地点21,开水,2014/05/12 08:10:48,2.83,26.45
6015,POS消费,地点21,开水,2014/05/12 12:20:07,5.6,20.85
6015,POS消费,地点91,校车,2014/05/12 17:56:02,4.2,16.65
6015,POS消费,地点21,开水,2014/05/13 10:17:49,3.0,13.65
6015,POS消费,地点21,开水,2014/05/13 11:55:21,1.0,12.65
6015,POS消费,地点21,开水,2014/05/13 11:56:31,3.0,9.65
6015,POS消费,地点91,校车,2014/05/13 17:57:22,2.6,7.05
6015,POS消费,地点21,开水,2014/05/13 17:58:19,2.5,4.55
6015,POS消费,地点21,开水,2014/05/14 10:07:35,0.83,3.72
6015,POS消费,地点21,开水,2014/05/14 12:05:54,1.0,2.72
6015,POS消费,地点962,淋浴,2014/05/14 14:39:08,0.2,2.52
6015,POS消费,地点21,开水,2014/05/15 08:15:04,0.6,1.92
6015,POS消费,地点86,开水,2014/05/15 22:17:13,0.02,1.9
6015,圈存转账,,,2014/05/16 10:37:38,200.0,201.9
6015,POS消费,地点21,开水,2014/05/16 11:55:57,3.63,198.27
6015,POS消费,地点21,开水,2014/05/17 08:33:55,3.0,195.27
6015,POS消费,地点21,开水,2014/05/17 17:59:30,4.6,190.67
6015,POS消费,地点21,开水,2014/05/17 18:04:29,5.0,185.67
6015,POS消费,地点21,开水,2014/05/19 12:06:59,6.6,179.07
6015,POS消费,地点91,校车,2014/05/19 17:57:00,5.4,173.67
6015,POS消费,地点21,开水,2014/05/19 17:57:35,0.6,173.07
6015,POS消费,地点26,图书馆,2014/05/19 17:58:37,1.0,172.07
6015,POS消费,地点21,开水,2014/05/20 09:50:03,1.63,170.44
6015,POS消费,地点21,开水,2014/05/20 11:55:07,1.5,168.94
6015,POS消费,地点21,开水,2014/05/20 11:55:29,1.5,167.44
6015,POS消费,地点91,校车,2014/05/20 17:55:59,5.0,162.44
6015,POS消费,地点21,开水,2014/05/21 09:53:40,2.0,160.44
6015,POS消费,地点21,开水,2014/05/21 11:57:08,5.6,154.84
6015,POS消费,地点21,开水,2014/05/21 17:12:58,2.6,152.24
6015,POS消费,地点477,开水,2014/05/21 22:04:47,0.01,152.23
6015,POS消费,地点962,淋浴,2014/05/21 23:21:36,0.1,152.13
6015,POS消费,地点21,开水,2014/05/22 11:57:13,1.0,151.13
6015,POS消费,地点21,开水,2014/05/22 11:57:30,3.0,148.13
6015,POS消费,地点21,开水,2014/05/22 12:04:21,1.0,147.13
6015,POS消费,地点21,开水,2014/05/22 17:04:19,1.5,145.63
6015,POS消费,地点21,开水,2014/05/22 17:04:42,0.6,145.03
6015,POS消费,地点21,开水,2014/05/22 17:12:29,1.5,143.53
6015,POS消费,地点91,校车,2014/05/24 18:03:32,4.8,138.73
6015,POS消费,地点21,开水,2014/05/24 21:18:30,2.6,136.13
6015,POS消费,地点962,淋浴,2014/05/24 23:06:18,0.2,135.93
6015,POS消费,地点21,开水,2014/05/25 12:01:21,5.6,130.33
6015,POS消费,地点91,校车,2014/05/25 17:33:20,2.6,127.73
6015,POS消费,地点21,开水,2014/05/26 11:55:52,3.63,124.1
6015,POS消费,地点21,开水,2014/05/26 18:08:07,5.6,118.5
6015,POS消费,地点21,开水,2014/05/27 12:11:56,2.6,115.9
6015,POS消费,地点21,开水,2014/05/27 12:13:21,1.0,114.9
6015,POS消费,地点91,校车,2014/05/27 16:03:01,6.0,108.9
6015,POS消费,地点21,开水,2014/05/27 17:54:51,5.6,103.3
6015,POS消费,地点21,开水,2014/05/27 17:59:54,5.0,98.3
6015,POS消费,地点232,食堂,2014/05/28 11:21:31,5.6,92.7
6015,POS消费,地点21,开水,2014/05/28 11:25:00,2.0,90.7
6015,POS消费,地点91,校车,2014/05/28 21:17:21,3.0,87.7
6015,POS消费,地点21,开水,2014/05/29 09:49:25,2.8,84.9
6015,POS消费,地点21,开水,2014/05/29 17:29:20,1.4,83.5
6015,POS消费,地点21,开水,2014/05/29 17:29:32,3.0,80.5
6015,POS消费,地点21,开水,2014/05/30 12:08:13,3.6,76.9
6015,POS消费,地点21,开水,2014/05/30 12:13:12,1.0,75.9
6015,POS消费,地点91,校车,2014/05/30 17:55:18,6.0,69.9
6015,圈存转账,,,2014/05/30 18:23:21,200.0,269.9
6015,POS消费,地点21,开水,2014/05/31 12:14:46,2.2,267.7
6015,POS消费,地点21,开水,2014/05/31 12:22:00,1.8,265.9
6015,POS消费,地点91,校车,2014/06/02 20:10:57,3.0,262.9
6015,POS消费,地点26,图书馆,2014/06/03 12:05:50,3.6,259.3
6015,POS消费,地点962,淋浴,2014/06/03 15:07:04,0.1,259.2
6015,POS消费,地点21,开水,2014/06/03 17:56:04,5.0,254.2
6015,POS消费,地点21,开水,2014/06/03 17:57:31,2.5,251.7
6015,POS消费,地点21,开水,2014/06/04 11:37:16,5.6,246.1
6015,POS消费,地点21,开水,2014/06/04 18:27:28,2.53,243.57
6015,POS消费,地点21,开水,2014/06/05 11:55:54,1.0,242.57
6015,POS消费,地点21,开水,2014/06/05 18:46:02,5.6,236.97
6015,POS消费,地点91,校车,2014/06/05 18:59:23,3.0,233.97
6015,POS消费,地点21,开水,2014/06/05 19:00:13,2.0,231.97
6015,POS消费,地点21,开水,2014/06/06 10:56:38,5.6,226.37
6015,POS消费,地点21,开水,2014/06/06 10:57:21,2.0,224.37
6015,POS消费,地点91,校车,2014/06/07 20:17:56,6.0,218.37
6015,POS消费,地点21,开水,2014/06/08 08:43:26,0.63,217.74
6015,POS消费,地点21,开水,2014/06/08 11:50:30,5.6,212.14
6015,POS消费,地点21,开水,2014/06/08 11:52:13,4.5,207.64
6015,POS消费,地点21,开水,2014/06/08 17:00:10,3.6,204.04
6015,POS消费,地点21,开水,2014/06/09 12:14:02,4.6,199.44
6015,POS消费,地点21,开水,2014/06/09 18:22:01,4.6,194.84
6015,POS消费,地点26,图书馆,2014/06/09 18:23:30,1.0,193.84
6015,POS消费,地点21,开水,2014/06/10 11:31:32,5.6,188.24
6015,POS消费,地点21,开水,2014/06/10 17:30:22,3.6,184.64
6015,POS消费,地点21,开水,2014/06/11 11:47:11,3.1,181.54
6015,POS消费,地点21,开水,2014/06/13 08:07:11,1.6,179.94
6015,POS消费,地点21,开水,2014/06/13 08:08:14,0.8,179.14
6015,POS消费,地点21,开水,2014/06/13 12:16:14,4.5,174.64
6015,POS消费,地点91,校车,2014/06/13 18:53:21,9.0,165.64
6015,POS消费,地点21,开水,2014/06/14 11:45:03,3.63,162.01
6015,POS消费,地点86,开水,2014/06/14 17:34:12,0.02,161.99
6015,POS消费,地点91,校车,2014/06/14 18:17:17,10.0,151.99
6015,POS消费,地点26,图书馆,2014/06/14 18:43:38,3.6,148.39
6015,POS消费,地点962,淋浴,2014/06/16 17:27:09,0.2,148.19
6015,POS消费,地点21,开水,2014/06/16 18:35:19,1.4,146.79
6015,POS消费,地点21,开水,2014/06/16 18:37:20,5.6,141.19
6015,POS消费,地点21,开水,2014/06/16 18:38:27,2.5,138.69
6015,POS消费,地点21,开水,2014/06/17 07:13:50,2.4,136.29
6015,POS消费,地点21,开水,2014/06/17 11:33:14,3.6,132.69
6015,POS消费,地点21,开水,2014/06/17 11:36:45,1.0,131.69
6015,POS消费,地点91,校车,2014/06/17 15:12:09,6.0,125.69
6015,POS消费,地点21,开水,2014/06/17 17:33:30,2.6,123.09
6015,POS消费,地点21,开水,2014/06/17 17:34:10,1.0,122.09
6015,POS消费,地点21,开水,2014/06/18 06:55:04,1.5,120.59
6015,POS消费,地点21,开水,2014/06/18 07:00:23,2.0,118.59
6015,POS消费,地点91,校车,2014/06/19 15:50:04,3.0,115.59
6015,POS消费,地点21,开水,2014/06/20 10:48:55,4.0,111.59
6015,POS消费,地点91,校车,2014/06/20 18:18:20,5.4,106.19
6015,POS消费,地点21,开水,2014/06/20 18:18:53,0.6,105.59
6015,POS消费,地点91,校车,2014/06/20 18:24:13,3.5,102.09
6015,POS消费,地点21,开水,2014/06/20 18:36:00,6.5,95.59
6015,POS消费,地点21,开水,2014/06/21 11:54:04,5.6,89.99
6015,POS消费,地点21,开水,2014/06/21 11:56:58,1.5,88.49
6015,POS消费,地点326,洗衣房,2014/06/21 17:47:39,30.0,58.49
6015,POS消费,地点21,开水,2014/06/21 18:11:32,1.0,57.49
6015,POS消费,地点21,开水,2014/06/21 18:16:16,0.5,56.99
6015,POS消费,地点21,开水,2014/06/22 07:09:35,1.6,55.39
6015,POS消费,地点21,开水,2014/06/22 07:17:47,1.0,54.39
6015,POS消费,地点21,开水,2014/06/22 12:34:45,4.6,49.79
6015,POS消费,地点12,文印中心,2014/06/22 18:18:32,8.0,41.79
6015,POS消费,地点21,开水,2014/06/22 18:20:05,2.0,39.79
6015,POS消费,地点21,开水,2014/06/22 18:39:03,1.5,38.29
6015,POS消费,地点21,开水,2014/06/22 18:41:19,2.0,36.29
6015,圈存转账,,,2014/06/22 18:48:19,200.0,236.29
6015,POS消费,地点962,淋浴,2014/06/22 23:08:50,0.2,236.09
6015,POS消费,地点21,开水,2014/06/23 12:31:52,2.0,234.09
6015,POS消费,地点21,开水,2014/06/23 12:32:27,0.6,233.49
6015,POS消费,地点21,开水,2014/06/23 12:34:43,1.0,232.49
6015,POS消费,地点21,开水,2014/06/23 18:22:09,5.6,226.89
6015,POS消费,地点21,开水,2014/06/23 18:36:42,6.0,220.89
6015,POS消费,地点21,开水,2014/06/24 21:28:55,9.4,211.49
6015,POS消费,地点86,开水,2014/06/24 21:37:07,0.03,211.46
6015,POS消费,地点21,开水,2014/06/25 12:00:07,4.3,207.16
6015,POS消费,地点21,开水,2014/06/25 12:08:11,1.0,206.16
6015,POS消费,地点21,开水,2014/06/26 08:41:39,2.0,204.16
6015,POS消费,地点21,开水,2014/06/26 08:45:19,0.8,203.36
6015,POS消费,地点21,开水,2014/06/26 11:00:22,4.6,198.76
6015,POS消费,地点21,开水,2014/06/26 17:35:14,3.6,195.16
6015,POS消费,地点26,图书馆,2014/06/26 17:37:05,1.0,194.16
6015,POS消费,地点21,开水,2014/06/27 12:44:01,4.6,189.56
6015,POS消费,地点91,校车,2014/06/27 18:15:43,7.7,181.86
6015,POS消费,地点21,开水,2014/06/27 18:16:33,0.6,181.26
6015,POS消费,地点21,开水,2014/06/28 12:22:28,2.6,178.66
6015,POS消费,地点21,开水,2014/06/28 12:32:39,1.83,176.83
6015,POS消费,地点12,文印中心,2014/06/28 18:05:46,7.0,169.83
6015,POS消费,地点21,开水,2014/06/29 11:37:00,5.6,164.23
6015,POS消费,地点962,淋浴,2014/06/29 23:52:24,0.3,163.93
6015,POS消费,地点21,开水,2014/06/30 12:07:28,4.6,159.33
6015,POS消费,地点21,开水,2014/07/01 08:39:56,2.0,157.33
6015,POS消费,地点21,开水,2014/07/01 10:54:21,3.0,154.33
6015,POS消费,地点21,开水,2014/07/01 10:58:53,9.0,145.33
6015,POS消费,地点21,开水,2014/07/01 18:17:46,7.6,137.73
6015,POS消费,地点21,开水,2014/07/02 08:43:43,1.4,136.33
6015,POS消费,地点91,校车,2014/07/03 11:09:41,9.0,127.33
6015,POS消费,地点21,开水,2014/07/03 17:27:34,2.1,125.23
6015,POS消费,地点21,开水,2014/07/03 17:27:36,2.0,123.23
6015,POS消费,地点21,开水,2014/07/03 17:29:00,1.0,122.23
6015,POS消费,地点21,开水,2014/07/03 17:37:51,1.0,121.23
6015,POS消费,地点21,开水,2014/07/04 08:39:57,3.0,118.23
6015,POS消费,地点21,开水,2014/07/04 10:56:31,2.43,115.8
6015,POS消费,地点21,开水,2014/07/04 10:59:13,1.0,114.8
6015,POS消费,地点21,开水,2014/07/04 17:23:55,0.5,114.3
6015,POS消费,地点21,开水,2014/07/04 17:24:43,1.5,112.8
6015,POS消费,地点962,淋浴,2014/07/04 19:26:06,0.2,112.6
6015,POS消费,地点91,校车,2014/07/04 22:50:51,6.0,106.6
6015,POS消费,地点21,开水,2014/07/06 12:23:08,5.6,101.0
6015,POS消费,地点21,开水,2014/07/07 11:42:11,2.1,98.9
6015,POS消费,地点21,开水,2014/07/07 11:44:21,1.0,97.9
6015,POS消费,地点91,校车,2014/07/07 11:54:21,3.78,94.12
6015,POS消费,地点21,开水,2014/07/07 18:33:36,2.6,91.52
6015,POS消费,地点21,开水,2014/07/07 18:35:04,2.5,89.02
6015,POS消费,地点91,校车,2014/07/08 13:31:13,3.0,86.02
6015,POS消费,地点91,校车,2014/07/08 17:31:00,6.0,80.02
6015,POS消费,地点21,开水,2014/07/08 17:31:35,2.0,78.02
6015,POS消费,地点21,开水,2014/07/08 17:39:04,1.0,77.02
6015,POS消费,地点21,开水,2014/07/09 11:57:42,2.6,74.42
6015,POS消费,地点21,开水,2014/07/09 12:12:31,1.8,72.62
6015,POS消费,地点21,开水,2014/07/09 17:53:59,2.3,70.32
6015,POS消费,地点21,开水,2014/07/09 17:54:18,1.0,69.32
6015,POS消费,地点21,开水,2014/07/09 18:03:03,1.0,68.32
6015,POS消费,地点91,校车,2014/07/10 12:35:19,6.9,61.42
6015,POS消费,地点21,开水,2014/07/10 12:35:59,4.0,57.42
6015,POS消费,地点21,开水,2014/07/10 19:59:14,6.5,50.92
6015,POS消费,地点21,开水,2014/07/11 08:35:57,2.03,48.89
6015,POS消费,地点91,校车,2014/07/11 11:36:47,6.0,42.89
6015,POS消费,地点962,淋浴,2014/07/13 00:03:26,0.2,42.69
6015,POS消费,地点248,超市,2014/07/13 13:44:45,5.2,37.49
6015,POS消费,地点248,超市,2014/07/13 14:54:11,4.8,32.69
6015,POS消费,地点21,开水,2014/07/14 08:19:10,1.4,31.29
6015,POS消费,地点21,开水,2014/07/14 11:37:33,4.6,26.69
6015,POS消费,地点21,开水,2014/07/14 11:38:32,1.5,25.19
6015,POS消费,地点21,开水,2014/07/14 18:03:10,5.6,19.59
6015,POS消费,地点21,开水,2014/07/15 08:37:50,1.63,17.96
6015,POS消费,地点21,开水,2014/07/15 12:12:33,2.6,15.36
6015,POS消费,地点21,开水,2014/07/15 12:13:05,1.5,13.86
6015,POS消费,地点21,开水,2014/07/15 17:56:12,5.6,8.26
6015,POS消费,地点21,开水,2014/07/16 12:03:20,2.6,5.66
6015,POS消费,地点21,开水,2014/07/16 12:03:43,1.5,4.16
6015,圈存转账,,,2014/07/16 12:20:24,200.0,204.16
6015,POS消费,地点21,开水,2014/07/16 18:01:37,5.6,198.56
6015,POS消费,地点962,淋浴,2014/07/16 21:07:55,0.2,198.36
6015,POS消费,地点21,开水,2014/07/17 08:21:33,1.4,196.96
6015,POS消费,地点21,开水,2014/07/17 12:01:14,5.2,191.76
6015,POS消费,地点91,校车,2014/07/17 18:07:20,4.1,187.66
6015,POS消费,地点21,开水,2014/07/17 18:08:19,2.0,185.66
6015,POS消费,地点21,开水,2014/07/17 18:24:27,2.9,182.76
6015,POS消费,地点21,开水,2014/07/18 08:19:03,0.7,182.06
6015,POS消费,地点21,开水,2014/07/18 11:59:25,2.6,179.46
6015,POS消费,地点21,开水,2014/07/18 17:07:22,3.1,176.36
6015,POS消费,地点21,开水,2014/07/19 17:35:37,2.6,173.76
6015,POS消费,地点21,开水,2014/07/20 08:11:52,1.5,172.26
6015,POS消费,地点21,开水,2014/07/20 08:14:44,0.2,172.06
6015,POS消费,地点21,开水,2014/07/20 08:14:58,0.2,171.86
6015,POS消费,地点21,开水,2014/07/21 08:25:39,2.5,169.36
6015,POS消费,地点21,开水,2014/07/21 08:36:11,3.8,165.56
6015,POS消费,地点91,校车,2014/07/21 18:05:24,5.85,159.71
6015,POS消费,地点91,校车,2014/07/21 18:05:36,2.0,157.71
6015,POS消费,地点91,校车,2014/07/22 12:02:12,5.0,152.71
6015,POS消费,地点86,开水,2014/07/22 12:47:45,0.01,152.7
6015,POS消费,地点477,开水,2014/07/22 12:48:30,0.01,152.69
6015,POS消费,地点21,开水,2014/07/22 18:06:48,4.0,148.69
6015,POS消费,地点21,开水,2014/07/22 18:11:39,1.5,147.19
6015,POS消费,地点21,开水,2014/07/22 18:19:23,1.5,145.69
6015,POS消费,地点21,开水,2014/07/23 08:18:52,1.4,144.29
6015,POS消费,地点91,校车,2014/07/23 12:04:48,6.54,137.75
6015,POS消费,地点21,开水,2014/07/23 18:11:43,5.6,132.15
6015,POS消费,地点962,淋浴,2014/07/23 23:06:07,0.2,131.95
6015,POS消费,地点21,开水,2014/07/24 12:07:36,3.6,128.35
6015,POS消费,地点21,开水,2014/07/24 12:08:27,1.0,127.35
6015,POS消费,地点21,开水,2014/07/24 18:15:41,4.6,122.75
6015,POS消费,地点21,开水,2014/07/24 18:27:08,1.8,120.95
6015,POS消费,地点21,开水,2014/07/25 08:13:36,3.9,117.05
6015,POS消费,地点21,开水,2014/07/25 08:27:57,3.53,113.52
6015,POS消费,地点91,校车,2014/07/25 12:08:09,11.0,102.52
6015,POS消费,地点21,开水,2014/07/25 12:10:20,2.0,100.52
6015,POS消费,地点21,开水,2014/07/25 12:27:51,1.5,99.02
6015,POS消费,地点248,超市,2014/07/25 17:59:29,6.8,92.22
6015,POS消费,地点21,开水,2014/07/26 11:49:36,3.1,89.12
6015,POS消费,地点21,开水,2014/07/26 11:50:17,1.0,88.12
6015,POS消费,地点962,淋浴,2014/07/26 13:14:46,0.1,88.02
6015,POS消费,地点21,开水,2014/07/27 12:30:16,4.6,83.42
6015,POS消费,地点21,开水,2014/07/27 12:31:03,1.0,82.42
6015,POS消费,地点21,开水,2014/07/28 08:33:37,2.0,80.42
6015,POS消费,地点21,开水,2014/07/28 12:09:12,2.5,77.92
6015,POS消费,地点21,开水,2014/07/28 18:14:31,5.6,72.32
6015,POS消费,地点21,开水,2014/07/28 18:15:03,1.0,71.32
6015,POS消费,地点962,淋浴,2014/07/28 23:53:36,0.2,71.12
6015,POS消费,地点21,开水,2014/07/29 08:30:44,1.5,69.62
6015,POS消费,地点232,食堂,2014/07/29 12:08:23,6.0,63.62
6015,POS消费,地点232,食堂,2014/07/29 12:08:34,6.0,57.62
6015,POS消费,地点21,开水,2014/07/29 17:58:52,4.6,53.02
6015,POS消费,地点21,开水,2014/07/29 17:59:56,1.0,52.02
6015,POS消费,地点962,淋浴,2014/07/29 22:18:06,0.1,51.92
6015,POS消费,地点21,开水,2014/07/30 08:20:26,1.5,50.42
6015,POS消费,地点21,开水,2014/07/30 12:05:01,2.6,47.82
6015,POS消费,地点21,开水,2014/07/30 12:05:56,1.0,46.82
6015,POS消费,地点21,开水,2014/07/30 18:09:57,5.6,41.22
6015,POS消费,地点21,开水,2014/07/31 08:23:27,1.4,39.82
6015,POS消费,地点21,开水,2014/07/31 12:06:06,4.6,35.22
6015,POS消费,地点21,开水,2014/07/31 18:29:44,6.0,29.22
6015,POS消费,地点21,开水,2014/07/31 18:30:15,5.6,23.62
6015,圈存转账,,,2014/07/31 18:33:13,200.0,223.62
6015,POS消费,地点21,开水,2014/08/01 08:31:44,1.5,222.12
6015,POS消费,地点91,校车,2014/08/01 12:26:18,9.56,212.56
6015,POS消费,地点91,校车,2014/08/01 12:47:38,7.0,205.56
6015,POS消费,地点91,校车,2014/08/01 12:47:43,3.0,202.56
6015,POS消费,地点21,开水,2014/08/01 18:00:22,2.6,199.96
6015,POS消费,地点21,开水,2014/08/01 18:01:17,1.0,198.96
6015,POS消费,地点21,开水,2014/08/02 11:48:45,2.6,196.36
6015,POS消费,地点21,开水,2014/08/02 11:49:23,1.0,195.36
6015,POS消费,地点21,开水,2014/08/02 18:12:08,5.6,189.76
6015,POS消费,地点91,校车,2014/08/02 18:29:44,10.0,179.76
6015,POS消费,地点21,开水,2014/08/03 17:54:26,5.6,174.16
6015,POS消费,地点91,校车,2014/08/03 18:13:22,6.0,168.16
6015,POS消费,地点962,淋浴,2014/08/03 19:38:27,0.2,167.96
6015,POS消费,地点21,开水,2014/08/04 08:32:08,1.5,166.46
6015,POS消费,地点21,开水,2014/08/04 12:03:35,4.6,161.86
6015,POS消费,地点91,校车,2014/08/04 17:58:53,6.6,155.26
6015,POS消费,地点21,开水,2014/08/04 17:59:58,3.0,152.26
6015,POS消费,地点21,开水,2014/08/04 18:00:57,1.0,151.26
6015,POS消费,地点21,开水,2014/08/05 12:00:43,2.2,149.06
6015,POS消费,地点21,开水,2014/08/05 18:37:58,5.6,143.46
6015,POS消费,地点21,开水,2014/08/06 08:31:52,2.1,141.36
6015,POS消费,地点21,开水,2014/08/06 12:11:37,3.6,137.76
6015,POS消费,地点21,开水,2014/08/06 17:43:42,5.6,132.16
6015,POS消费,地点21,开水,2014/08/07 08:28:11,1.5,130.66
6015,POS消费,地点21,开水,2014/08/07 12:00:19,5.6,125.06
6015,POS消费,地点21,开水,2014/08/07 18:41:05,5.6,119.46
6015,POS消费,地点21,开水,2014/08/08 08:32:55,1.5,117.96
6015,POS消费,地点21,开水,2014/08/08 11:48:10,5.6,112.36
6015,POS消费,地点21,开水,2014/08/09 12:06:13,5.6,106.76
6015,POS消费,地点21,开水,2014/08/09 17:42:30,2.6,104.16
6015,POS消费,地点21,开水,2014/08/09 17:49:58,1.0,103.16
6015,POS消费,地点21,开水,2014/08/10 11:51:58,5.6,97.56
6015,POS消费,地点21,开水,2014/08/11 12:00:02,1.7,95.86
6015,POS消费,地点21,开水,2014/08/11 17:58:38,4.6,91.26
6015,POS消费,地点21,开水,2014/08/12 11:24:20,2.6,88.66
6015,POS消费,地点21,开水,2014/08/12 17:47:00,2.1,86.56
6015,POS消费,地点21,开水,2014/08/12 17:47:35,2.0,84.56
6015,POS消费,地点86,开水,2014/08/12 21:22:48,0.02,84.54
6015,POS消费,地点21,开水,2014/08/13 07:18:54,5.53,79.01
6015,POS消费,地点232,食堂,2014/08/29 18:08:14,7.0,72.01
6015,POS消费,地点232,食堂,2014/08/29 18:28:51,3.6,68.41
6015,POS消费,地点26,图书馆,2014/08/30 15:54:26,0.3,68.11
6015,POS消费,地点91,校车,2014/08/30 16:47:00,8.0,60.11
6015,POS消费,地点21,开水,2014/08/30 16:49:18,3.4,56.71
6015,POS消费,地点21,开水,2014/08/31 11:47:39,3.1,53.61
6015,POS消费,地点21,开水,2014/08/31 11:48:16,1.5,52.11
6015,POS消费,地点21,开水,2014/08/31 18:26:14,5.6,46.51
