6131,卡片开户,,,2014/07/19 15:39:24,0.0,0.0
6131,卡充值,,,2014/08/28 13:00:29,500.0,500.0
6131,POS消费,地点21,开水,2014/08/29 18:20:45,4.7,495.3
6131,POS消费,地点21,开水,2014/08/29 18:20:54,4.6,490.7
6131,POS消费,地点21,开水,2014/08/29 18:21:12,4.6,486.1
6131,POS消费,地点21,开水,2014/08/29 18:23:26,3.0,483.1
6131,POS消费,地点21,开水,2014/08/29 18:42:15,15.5,467.6
6131,POS消费,地点459,淋浴,2014/08/29 22:45:15,1.1,466.5
6131,POS消费,地点373,开水,2014/08/30 06:07:17,0.02,466.48
6131,POS消费,地点373,开水,2014/08/30 06:08:45,0.02,466.46
6131,POS消费,地点373,开水,2014/08/30 06:09:45,0.04,466.42
6131,POS消费,地点373,开水,2014/08/30 06:10:48,0.03,466.39
6131,POS消费,地点21,开水,2014/08/30 17:27:10,15.5,450.89
6131,POS消费,地点114,食堂,2014/08/30 17:29:03,5.0,445.89
6131,POS消费,地点1100,淋浴,2014/08/30 22:43:42,0.1,445.79
6131,POS消费,地点321,淋浴,2014/08/30 22:44:01,0.1,445.69
6131,POS消费,地点428,淋浴,2014/08/30 22:58:52,0.5,445.19
6131,POS消费,地点373,开水,2014/08/31 06:24:22,0.05,445.14
6131,POS消费,地点373,开水,2014/08/31 06:30:31,0.03,445.11
6131,POS消费,地点83,食堂,2014/08/31 08:07:06,6.7,438.41
6131,POS消费,地点248,超市,2014/08/31 12:04:59,5.2,433.21
6131,POS消费,地点21,开水,2014/08/31 12:07:00,3.0,430.21
6131,POS消费,地点6,淋浴,2014/08/31 12:48:32,0.6,429.61
6131,POS消费,地点321,淋浴,2014/08/31 23:06:15,0.4,429.21
