6222,卡片开户,,,2014/07/19 09:49:06,0.0,0.0
6222,卡充值,,,2014/08/30 08:40:26,300.0,300.0
6222,POS消费,地点87,食堂,2014/08/30 08:56:01,4.4,295.6
6222,POS消费,地点61,食堂,2014/08/30 09:11:05,2.6,293.0
6222,POS消费,地点211,校车,2014/08/30 09:17:54,1.0,292.0
6222,POS消费,地点21,开水,2014/08/30 11:06:45,100.0,192.0
6222,POS消费,地点21,开水,2014/08/30 11:07:13,100.0,92.0
6222,POS消费,地点21,开水,2014/08/30 11:07:26,22.0,70.0
6222,POS消费,地点65,食堂,2014/08/30 12:18:47,9.6,60.4
6222,POS消费,地点114,食堂,2014/08/30 12:20:54,2.0,58.4
6222,POS消费,地点114,食堂,2014/08/30 12:38:21,3.0,54.57
6222,POS消费,地点21,开水,2014/08/30 12:49:56,0.83,57.57
6222,POS消费,地点1912,洗衣房,2014/08/30 13:13:14,1.2,53.37
6222,POS消费,地点1912,洗衣房,2014/08/30 13:41:53,1.2,52.17
6222,POS消费,地点1912,洗衣房,2014/08/30 13:42:44,-1.14,53.31
6222,POS消费,地点1912,洗衣房,2014/08/30 13:43:18,1.2,52.11
6222,POS消费,地点1912,洗衣房,2014/08/30 13:49:25,-0.9,53.01
6222,POS消费,地点837,校车,2014/08/30 16:44:34,1.0,52.01
6222,POS消费,地点837,校车,2014/08/30 18:01:28,1.0,51.01
6222,POS消费,地点61,食堂,2014/08/30 18:27:55,8.6,42.41
6222,POS消费,地点61,食堂,2014/08/30 18:28:13,8.6,33.81
6222,POS消费,地点1910,淋浴,2014/08/30 20:48:33,0.5,33.31
6222,POS消费,地点1910,淋浴,2014/08/30 20:51:33,0.3,33.01
6222,POS消费,地点1927,洗衣房,2014/08/30 21:09:54,1.2,31.81
6222,POS消费,地点1912,洗衣房,2014/08/30 21:10:19,1.2,31.75
6222,POS消费,地点1927,洗衣房,2014/08/30 21:11:07,-1.14,32.95
6222,POS消费,地点157,食堂,2014/08/31 08:02:11,1.4,30.35
6222,POS消费,地点69,食堂,2014/08/31 12:21:06,8.6,21.75
6222,卡充值,,,2014/08/31 12:25:41,500.0,521.75
6222,POS消费,地点1924,淋浴,2014/08/31 19:00:16,0.6,521.15
