6258,卡片开户,,,2014/07/17 09:35:48,0.0,0.0
6258,卡充值,,,2014/08/28 18:07:17,20.0,20.0
6258,POS消费,地点253,食堂,2014/08/28 18:27:18,3.6,16.4
6258,POS消费,地点253,食堂,2014/08/28 18:27:26,3.4,13.0
6258,POS消费,地点1870,开水,2014/08/28 22:02:15,0.01,12.99
6258,POS消费,地点1870,开水,2014/08/29 08:23:45,0.01,12.98
6258,POS消费,地点87,食堂,2014/08/29 08:44:18,3.0,9.98
6258,POS消费,地点59,食堂,2014/08/29 12:30:43,1.5,1.08
6258,POS消费,地点253,食堂,2014/08/29 12:40:53,4.0,5.98
6258,POS消费,地点239,食堂,2014/08/29 12:40:59,3.4,2.58
6258,POS消费,地点1870,开水,2014/08/29 14:26:46,0.01,1.07
6258,卡充值,,,2014/08/29 18:59:53,100.0,101.07
6258,POS消费,地点72,食堂,2014/08/29 19:08:21,8.6,92.47
6258,POS消费,地点1870,开水,2014/08/29 19:44:16,0.01,92.46
6258,POS消费,地点1870,开水,2014/08/30 09:39:24,0.01,92.44
6258,POS消费,地点1884,开水,2014/08/30 10:49:21,0.01,92.45
6258,POS消费,地点59,食堂,2014/08/30 12:32:44,3.0,85.19
6258,POS消费,地点253,食堂,2014/08/30 12:43:06,4.25,88.19
6258,POS消费,地点269,食堂,2014/08/30 17:54:14,4.6,80.59
6258,POS消费,地点1870,开水,2014/08/31 08:47:33,0.01,80.58
6258,POS消费,地点91,校车,2014/08/31 11:40:25,5.2,75.38
6258,POS消费,地点91,校车,2014/08/31 11:41:48,1.5,73.88
6258,POS消费,地点225,食堂,2014/08/31 17:27:22,4.6,69.28
6258,POS消费,地点182,食堂,2014/08/31 17:30:35,3.0,66.28
