628,卡片开户,,,2014/07/18 11:06:07,0.0,0.0
628,卡充值,,,2014/08/29 15:41:34,500.0,500.0
628,POS消费,地点21,开水,2014/08/29 16:08:16,3.0,497.0
628,POS消费,地点21,开水,2014/08/29 16:09:12,4.0,493.0
628,POS消费,地点182,食堂,2014/08/29 17:54:23,8.6,484.4
628,POS消费,地点182,食堂,2014/08/29 17:55:03,8.4,476.0
628,POS消费,地点182,食堂,2014/08/29 17:55:33,8.2,467.8
628,POS消费,地点1890,开水,2014/08/29 21:41:12,0.01,467.79
628,POS消费,地点1567,开水,2014/08/29 21:50:45,0.07,467.72
628,POS消费,地点1448,校车,2014/08/30 13:20:59,1.0,466.72
628,POS消费,地点124,食堂,2014/08/30 17:18:08,3.0,463.72
628,POS消费,地点21,开水,2014/08/30 17:43:19,2.0,461.72
628,POS消费,地点1890,开水,2014/08/30 17:53:47,0.16,461.56
628,POS消费,地点60,食堂,2014/08/31 07:59:22,0.8,460.76
628,POS消费,地点21,开水,2014/08/31 11:24:36,3.7,457.06
