6286,卡片开户,,,2014/07/16 10:30:56,0.0,0.0
6286,卡充值,,,2014/08/29 16:38:10,200.0,200.0
6286,POS消费,地点21,开水,2014/08/30 11:45:42,4.6,195.4
6286,POS消费,地点26,图书馆,2014/08/30 14:28:04,127.9,67.5
6286,POS消费,地点21,开水,2014/08/31 07:53:59,2.5,65.0
6286,POS消费,地点91,校车,2014/08/31 07:55:39,0.8,64.2
6286,POS消费,地点26,图书馆,2014/08/31 12:57:16,23.5,40.7
6286,POS消费,地点21,开水,2014/08/31 17:56:07,7.1,33.6
6286,POS消费,地点12,文印中心,2014/08/31 22:44:43,0.7,32.9
