6331,卡片开户,,,2014/07/19 13:25:36,0.0,0.0
6331,卡充值,,,2014/08/29 12:04:55,1000.0,1000.0
6331,POS消费,地点87,食堂,2014/08/29 13:01:51,4.0,972.2
6331,POS消费,地点61,食堂,2014/08/29 13:10:23,7.6,992.4
6331,POS消费,地点61,食堂,2014/08/29 13:11:24,7.6,984.8
6331,POS消费,地点61,食堂,2014/08/29 13:12:14,8.6,976.2
6331,POS消费,地点1480,开水,2014/08/29 16:36:34,0.01,972.19
6331,POS消费,地点218,食堂,2014/08/29 17:05:11,5.9,966.29
6331,POS消费,地点211,校车,2014/08/30 15:50:47,1.0,965.29
6331,POS消费,地点211,校车,2014/08/30 15:50:53,1.0,964.29
6331,POS消费,地点211,校车,2014/08/30 15:50:59,1.0,963.29
6331,POS消费,地点1480,开水,2014/08/30 16:39:03,0.01,963.28
6331,POS消费,地点1480,开水,2014/08/30 16:44:02,0.01,963.27
6331,POS消费,地点1480,开水,2014/08/30 16:46:44,0.01,963.26
6331,POS消费,地点188,超市,2014/08/30 17:40:55,15.0,948.26
6331,POS消费,地点91,校车,2014/08/31 07:57:32,1.2,947.06
6331,POS消费,地点91,校车,2014/08/31 07:57:59,2.0,945.06
6331,POS消费,地点91,校车,2014/08/31 07:58:44,1.7,943.36
6331,POS消费,地点91,校车,2014/08/31 08:00:41,2.4,940.96
6331,POS消费,地点91,校车,2014/08/31 08:10:31,0.8,940.16
6331,POS消费,地点238,食堂,2014/08/31 10:57:05,5.0,935.16
6331,POS消费,地点188,超市,2014/08/31 12:08:27,10.0,925.16
6331,POS消费,地点1480,开水,2014/08/31 22:26:18,0.01,925.15
