6389,卡片开户,,,2014/07/20 13:24:08,0.0,0.0
6389,卡充值,,,2014/08/29 09:40:40,500.0,500.0
6389,POS消费,地点251,食堂,2014/08/29 13:12:22,1.8,498.2
6389,POS消费,地点251,食堂,2014/08/29 13:12:37,1.8,496.4
6389,POS消费,地点60,食堂,2014/08/29 13:15:46,12.6,483.8
6389,POS消费,地点1657,淋浴,2014/08/29 23:06:09,0.7,483.1
6389,POS消费,地点118,食堂,2014/08/30 09:39:27,4.0,479.1
6389,POS消费,地点1588,食堂,2014/08/30 11:52:06,7.1,472.0
6389,POS消费,地点283,食堂,2014/08/30 18:31:10,3.0,469.0
6389,POS消费,地点269,食堂,2014/08/30 18:32:27,9.5,459.5
6389,POS消费,地点269,食堂,2014/08/30 18:32:54,12.6,446.9
6389,POS消费,地点168,食堂,2014/08/30 18:34:05,6.5,440.4
6389,POS消费,地点1642,淋浴,2014/08/30 23:19:18,0.3,440.1
6389,POS消费,地点168,食堂,2014/08/31 08:32:49,5.5,434.6
6389,POS消费,地点21,开水,2014/08/31 09:03:11,4.5,430.1
6389,POS消费,地点1588,食堂,2014/08/31 11:59:15,7.6,422.5
6389,POS消费,地点1886,洗衣房,2014/08/31 12:23:36,3.6,418.9
6389,POS消费,地点1686,食堂,2014/08/31 18:18:47,9.0,409.9
6389,POS消费,地点1657,淋浴,2014/08/31 19:35:15,0.9,409.0
6389,POS消费,地点1657,淋浴,2014/08/31 20:26:30,0.7,408.3
6389,POS消费,地点1657,淋浴,2014/08/31 20:43:45,0.1,408.2
