6523,卡片开户,,,2014/07/14 09:51:10,0.0,0.0
6523,卡充值,,,2014/08/29 15:51:47,300.0,300.0
6523,POS消费,地点89,食堂,2014/08/29 17:58:39,4.5,295.5
6523,POS消费,地点243,食堂,2014/08/29 17:58:56,2.2,293.3
6523,POS消费,地点243,食堂,2014/08/29 17:59:10,2.2,291.1
6523,POS消费,地点1625,淋浴,2014/08/29 22:04:50,0.4,290.7
6523,POS消费,地点60,食堂,2014/08/30 08:51:03,0.3,290.4
6523,POS消费,地点1632,开水,2014/08/30 11:24:21,0.03,290.37
6523,POS消费,地点21,开水,2014/08/30 12:36:15,7.6,282.77
6523,POS消费,地点219,超市,2014/08/30 16:10:33,3.0,279.77
6523,POS消费,地点72,食堂,2014/08/30 16:51:14,5.6,274.17
6523,POS消费,地点1624,淋浴,2014/08/30 17:31:25,0.3,273.87
6523,POS消费,地点1631,开水,2014/08/31 07:45:10,0.01,273.86
6523,POS消费,地点1632,开水,2014/08/31 07:45:44,0.02,273.84
6523,POS消费,地点69,食堂,2014/08/31 08:13:21,3.2,270.64
6523,POS消费,地点242,食堂,2014/08/31 11:23:54,2.1,268.54
6523,POS消费,地点21,开水,2014/08/31 11:26:39,5.0,263.54
6523,POS消费,地点188,超市,2014/08/31 12:04:47,0.9,262.64
6523,POS消费,地点1961,超市,2014/08/31 12:49:35,4.5,258.14
6523,POS消费,地点1894,淋浴,2014/08/31 18:15:31,0.4,252.64
6523,POS消费,地点21,开水,2014/08/31 22:37:07,10.0,242.64
