6538,卡片开户,,,2014/07/19 11:14:30,0.0,0.0
6538,卡充值,,,2014/08/28 12:22:11,300.0,300.0
6538,POS消费,地点72,食堂,2014/08/28 12:30:04,8.6,291.4
6538,POS消费,地点72,食堂,2014/08/28 12:30:31,2.2,289.2
6538,POS消费,地点72,食堂,2014/08/28 12:30:51,8.6,280.6
6538,POS消费,地点251,食堂,2014/08/28 12:44:02,3.0,277.6
6538,POS消费,地点188,超市,2014/08/28 16:07:30,11.4,266.2
6538,POS消费,地点188,超市,2014/08/28 16:07:46,100.0,166.2
6538,POS消费,地点203,食堂,2014/08/28 18:49:06,6.5,159.7
6538,POS消费,地点168,食堂,2014/08/28 18:53:13,5.5,154.2
6538,POS消费,地点203,食堂,2014/08/28 18:53:43,10.0,144.2
6538,POS消费,地点61,食堂,2014/08/29 13:19:42,6.1,138.1
6538,POS消费,地点61,食堂,2014/08/29 13:19:57,8.6,129.5
6538,POS消费,地点89,食堂,2014/08/29 13:26:49,4.5,125.0
6538,POS消费,地点1631,开水,2014/08/30 20:17:04,0.03,124.97
6538,POS消费,地点1625,淋浴,2014/08/30 20:34:00,0.3,124.67
6538,POS消费,地点1588,食堂,2014/08/31 08:09:05,3.7,120.97
6538,POS消费,地点87,食堂,2014/08/31 11:48:57,4.6,116.37
6538,POS消费,地点1631,开水,2014/08/31 17:10:31,0.03,116.34
6538,卡充值,,,2014/08/31 17:44:25,500.0,616.34
6538,POS消费,地点232,食堂,2014/08/31 17:51:06,8.6,607.74
6538,POS消费,地点232,食堂,2014/08/31 17:57:03,20.0,587.74
6538,POS消费,地点1624,淋浴,2014/08/31 21:34:43,0.5,587.24
