6558,卡片开户,,,2014/07/17 08:52:30,0.0,0.0
6558,卡充值,,,2014/08/29 13:30:13,300.0,300.0
6558,POS消费,地点61,食堂,2014/08/29 13:48:43,9.6,290.4
6558,POS消费,地点61,食堂,2014/08/29 13:49:04,9.6,280.8
6558,POS消费,地点61,食堂,2014/08/29 13:49:22,8.6,272.2
6558,POS消费,地点1480,开水,2014/08/29 14:41:55,0.01,272.19
6558,POS消费,地点1480,开水,2014/08/29 14:42:42,0.01,272.18
6558,POS消费,地点1480,开水,2014/08/29 16:03:39,0.01,272.17
6558,POS消费,地点1480,开水,2014/08/29 16:04:02,0.01,272.16
6558,POS消费,地点1693,淋浴,2014/08/29 20:48:37,0.6,271.56
6558,POS消费,地点1480,开水,2014/08/29 22:12:41,0.01,271.55
6558,POS消费,地点69,食堂,2014/08/30 12:00:36,7.6,263.95
6558,POS消费,地点69,食堂,2014/08/30 12:01:10,8.6,255.35
6558,POS消费,地点184,食堂,2014/08/30 12:17:17,2.6,252.75
6558,POS消费,地点237,食堂,2014/08/30 17:22:46,2.9,249.85
6558,POS消费,地点1693,淋浴,2014/08/30 17:49:25,0.7,249.15
6558,POS消费,地点91,校车,2014/08/31 11:45:07,1.7,247.45
6558,POS消费,地点21,开水,2014/08/31 17:43:59,1.5,245.95
6558,POS消费,地点1674,食堂,2014/08/31 17:46:57,1.6,244.35
6558,POS消费,地点1694,淋浴,2014/08/31 19:24:54,0.6,243.75
