660,卡片开户,,,2014/07/22 11:09:19,0.0,0.0
660,卡充值,,,2014/08/31 11:38:19,400.0,400.0
660,POS消费,地点114,食堂,2014/08/31 11:40:42,3.0,397.0
660,POS消费,地点21,开水,2014/08/31 11:44:44,2.0,395.0
660,POS消费,地点114,食堂,2014/08/31 11:52:40,2.5,392.5
660,POS消费,地点1480,开水,2014/08/31 13:45:18,0.01,392.49
660,POS消费,地点204,食堂,2014/08/31 17:00:58,4.5,387.99
660,POS消费,地点114,食堂,2014/08/31 17:11:32,2.0,385.99
660,POS消费,地点1694,淋浴,2014/08/31 23:01:14,0.5,385.49
660,POS消费,地点1694,淋浴,2014/08/31 23:07:19,0.2,385.29
