6607,卡片开户,,,2014/07/17 09:04:36,0.0,0.0
6607,卡充值,,,2014/08/30 15:04:11,1000.0,1000.0
6607,POS消费,地点203,食堂,2014/08/30 16:50:43,6.5,993.5
6607,POS消费,地点21,开水,2014/08/30 18:31:18,23.2,970.3
6607,POS消费,地点21,开水,2014/08/30 18:31:22,0.1,970.2
6607,POS消费,地点21,开水,2014/08/30 18:34:15,2.0,968.2
6607,POS消费,地点21,开水,2014/08/30 18:34:36,-2.0,970.2
6607,POS消费,地点21,开水,2014/08/30 18:34:41,29.0,941.2
6607,POS消费,地点192,超市,2014/08/31 10:31:59,20.0,921.2
6607,POS消费,地点759,洗衣房,2014/08/31 11:02:56,3.6,917.6
6607,POS消费,地点168,食堂,2014/08/31 13:00:43,10.5,907.1
