661,卡片开户,,,2014/07/23 15:13:11,0.0,0.0
661,卡充值,,,2014/08/30 09:39:01,200.0,200.0
661,POS消费,地点91,校车,2014/08/30 12:33:31,10.0,182.0
661,POS消费,地点91,校车,2014/08/30 12:33:49,1.2,180.8
661,POS消费,地点232,食堂,2014/08/30 12:39:25,8.0,192.0
661,POS消费,地点232,食堂,2014/08/30 12:42:54,20.0,160.8
661,POS消费,地点232,食堂,2014/08/30 12:49:14,10.0,150.8
661,卡充值,,,2014/08/30 14:55:32,200.0,350.8
661,POS消费,地点21,开水,2014/08/30 15:28:46,24.6,326.2
661,POS消费,地点739,淋浴,2014/08/30 18:11:13,0.1,326.1
661,POS消费,地点21,开水,2014/08/30 19:19:20,97.0,229.1
661,POS消费,地点45,淋浴,2014/08/30 22:29:35,0.1,229.0
661,POS消费,地点103,食堂,2014/08/31 11:29:27,11.1,217.9
661,POS消费,地点203,食堂,2014/08/31 16:39:19,6.5,211.4
661,POS消费,地点307,食堂,2014/08/31 16:43:21,3.0,208.4
661,POS消费,地点740,淋浴,2014/08/31 22:17:37,0.2,208.2
661,POS消费,地点2,淋浴,2014/08/31 22:20:47,0.6,207.6
