6623,POS消费,地点26,图书馆,2014/07/03 11:53:31,0.0,0.0
6623,POS消费,地点26,图书馆,2014/07/03 11:53:31,0.12,1.82
6623,卡片开户,,,2014/07/19 11:28:56,0.0,0.0
6623,卡充值,,,2014/08/28 14:28:41,100.0,100.0
6623,POS消费,地点21,开水,2014/08/28 17:56:17,1.5,89.4
6623,POS消费,地点21,开水,2014/08/28 17:57:19,1.6,87.8
6623,POS消费,地点21,开水,2014/08/28 17:57:24,1.5,90.9
6623,POS消费,地点21,开水,2014/08/28 18:00:24,1.85,85.95
6623,POS消费,地点1588,食堂,2014/08/28 18:09:44,7.6,92.4
6623,POS消费,地点1890,开水,2014/08/29 11:39:06,0.07,85.88
6623,POS消费,地点91,校车,2014/08/29 11:57:38,19.0,66.88
6623,POS消费,地点232,食堂,2014/08/29 12:11:42,6.0,60.88
6623,卡充值,,,2014/08/29 13:19:19,200.0,260.88
6623,POS消费,地点91,校车,2014/08/29 17:07:02,5.2,255.68
6623,POS消费,地点1919,淋浴,2014/08/29 21:05:48,0.5,255.18
6623,POS消费,地点69,食堂,2014/08/30 07:28:12,3.0,252.18
6623,POS消费,地点114,食堂,2014/08/30 07:30:57,5.0,247.18
6623,POS消费,地点26,图书馆,2014/08/30 08:39:56,30.0,217.18
6623,POS消费,地点26,图书馆,2014/08/30 08:40:07,4.2,212.98
6623,POS消费,地点134,食堂,2014/08/30 12:03:12,4.2,208.78
6623,POS消费,地点1961,超市,2014/08/30 12:32:30,28.0,180.78
6623,POS消费,地点91,校车,2014/08/30 16:36:46,6.6,174.18
6623,POS消费,地点1890,开水,2014/08/30 20:35:09,0.17,174.01
6623,POS消费,地点1907,淋浴,2014/08/30 23:05:59,0.3,173.71
6623,POS消费,地点134,食堂,2014/08/31 08:20:49,1.7,172.01
6623,POS消费,地点248,超市,2014/08/31 11:03:13,10.4,161.61
6623,POS消费,地点21,开水,2014/08/31 11:04:49,3.0,158.61
6623,POS消费,地点168,食堂,2014/08/31 16:54:15,4.5,154.11
6623,POS消费,地点1907,淋浴,2014/08/31 19:13:42,0.5,153.61
