6704,卡片开户,,,2014/07/16 11:35:23,0.0,0.0
6704,卡充值,,,2014/08/29 12:16:49,400.0,400.0
6704,POS消费,地点6,淋浴,2014/08/29 12:23:44,2.0,398.0
6704,POS消费,地点283,食堂,2014/08/29 12:25:31,4.0,394.0
6704,POS消费,地点233,食堂,2014/08/29 12:26:03,2.0,392.0
6704,POS消费,地点21,开水,2014/08/29 18:05:07,10.0,382.0
6704,POS消费,地点21,开水,2014/08/29 18:05:12,0.6,381.4
6704,POS消费,地点192,超市,2014/08/29 18:20:47,28.2,353.2
6704,POS消费,地点192,超市,2014/08/29 19:56:51,23.3,329.9
6704,POS消费,地点21,开水,2014/08/29 21:46:50,2.9,327.0
6704,POS消费,地点1564,开水,2014/08/30 09:32:23,0.01,326.99
6704,POS消费,地点283,食堂,2014/08/30 12:09:32,5.5,321.49
6704,POS消费,地点26,图书馆,2014/08/30 21:39:02,35.7,285.79
6704,POS消费,地点188,超市,2014/08/30 22:09:04,33.4,252.39
6704,POS消费,地点72,食堂,2014/08/31 11:50:49,5.6,246.79
6704,POS消费,地点21,开水,2014/08/31 12:10:18,2.2,244.59
6704,POS消费,地点251,食堂,2014/08/31 12:14:16,1.0,243.59
6704,POS消费,地点192,超市,2014/08/31 21:38:44,5.0,238.59
