6706,卡片开户,,,2014/07/12 14:55:46,0.0,0.0
6706,卡充值,,,2014/08/30 11:09:12,300.0,300.0
6706,POS消费,地点21,开水,2014/08/30 14:46:37,26.1,273.9
6706,POS消费,地点21,开水,2014/08/30 17:00:12,12.7,261.2
6706,POS消费,地点26,图书馆,2014/08/30 17:11:56,15.3,245.9
6706,POS消费,地点19,开水,2014/08/30 17:32:01,0.17,245.73
6706,POS消费,地点69,食堂,2014/08/31 07:43:51,8.3,237.43
6706,POS消费,地点69,食堂,2014/08/31 16:49:25,9.6,227.83
6706,POS消费,地点114,食堂,2014/08/31 17:08:36,2.0,225.83
