6962,卡片开户,,,2014/07/18 15:58:35,0.0,0.0
6962,卡充值,,,2014/08/30 09:03:14,300.0,300.0
6962,POS消费,地点72,食堂,2014/08/30 12:49:55,8.4,291.6
6962,POS消费,地点72,食堂,2014/08/30 12:50:23,4.6,287.0
6962,POS消费,地点72,食堂,2014/08/30 12:51:15,4.6,282.4
6962,POS消费,地点72,食堂,2014/08/30 12:52:12,4.6,277.8
6962,POS消费,地点21,开水,2014/08/30 12:54:36,4.0,267.6
6962,POS消费,地点72,食堂,2014/08/30 12:56:09,0.6,267.0
6962,POS消费,地点253,食堂,2014/08/30 13:05:21,6.2,271.6
6962,POS消费,地点885,开水,2014/08/30 16:24:02,0.02,266.98
6962,POS消费,地点335,开水,2014/08/30 17:37:10,0.02,266.96
6962,POS消费,地点72,食堂,2014/08/30 18:23:35,5.4,261.56
6962,POS消费,地点188,超市,2014/08/30 18:42:16,10.8,250.76
6962,POS消费,地点146,校车,2014/08/30 19:16:27,1.0,249.76
6962,POS消费,地点454,淋浴,2014/08/30 23:19:41,0.4,249.36
6962,POS消费,地点335,开水,2014/08/31 07:28:13,0.02,249.34
6962,POS消费,地点65,食堂,2014/08/31 07:58:55,0.5,248.84
6962,POS消费,地点82,食堂,2014/08/31 12:20:24,8.2,240.64
6962,POS消费,地点335,开水,2014/08/31 12:23:44,0.01,240.63
6962,POS消费,地点248,超市,2014/08/31 17:29:37,10.4,230.23
6962,POS消费,地点335,开水,2014/08/31 18:10:44,0.01,230.22
6962,POS消费,地点460,淋浴,2014/08/31 21:16:00,1.2,229.02
