7054,卡片开户,,,2014/07/08 15:36:11,0.0,0.0
7054,卡充值,,,2014/08/29 11:49:20,600.0,600.0
7054,POS消费,地点192,超市,2014/08/29 12:07:18,22.1,577.9
7054,POS消费,地点192,超市,2014/08/29 12:07:32,29.0,548.9
7054,POS消费,地点219,超市,2014/08/29 18:13:05,4.0,544.9
7054,POS消费,地点188,超市,2014/08/29 21:00:17,4.5,540.4
7054,POS消费,地点61,食堂,2014/08/30 11:29:01,5.6,534.8
7054,POS消费,地点192,超市,2014/08/30 11:32:07,10.8,524.0
7054,POS消费,地点27,教务处,2014/08/30 16:04:37,10.0,514.0
7054,POS消费,地点192,超市,2014/08/30 17:44:10,2.8,511.2
7054,POS消费,地点89,食堂,2014/08/30 18:02:48,4.5,506.7
7054,POS消费,地点1853,开水,2014/08/30 21:17:47,0.05,506.65
7054,POS消费,地点91,校车,2014/08/31 08:19:12,2.6,504.05
7054,POS消费,地点21,开水,2014/08/31 10:46:50,1.5,502.55
7054,POS消费,地点157,食堂,2014/08/31 11:49:15,5.6,496.95
7054,POS消费,地点12,文印中心,2014/08/31 17:57:43,5.0,491.95
7054,POS消费,地点6,淋浴,2014/08/31 17:58:46,0.6,491.35
7054,POS消费,地点21,开水,2014/08/31 18:13:22,1.0,490.35
7054,POS消费,地点21,开水,2014/08/31 21:52:39,2.3,488.05
