7093,卡片开户,,,2014/07/19 11:50:26,0.0,0.0
7093,卡充值,,,2014/08/29 13:22:58,100.0,100.0
7093,POS消费,地点114,食堂,2014/08/29 13:23:48,3.0,97.0
7093,POS消费,地点526,食堂,2014/08/30 12:06:09,7.0,90.0
7093,POS消费,地点91,校车,2014/08/30 12:08:57,29.0,61.0
7093,POS消费,地点232,食堂,2014/08/30 12:22:11,20.0,41.0
7093,POS消费,地点91,校车,2014/08/30 12:32:37,9.0,32.0
7093,POS消费,地点21,开水,2014/08/30 12:42:53,3.8,28.2
7093,卡充值,,,2014/08/30 13:57:16,500.0,528.2
7093,POS消费,地点232,食堂,2014/08/30 18:06:10,22.0,506.2
7093,POS消费,地点21,开水,2014/08/30 18:11:38,14.0,492.2
7093,POS消费,地点141,开水,2014/08/30 18:52:09,0.02,492.18
7093,POS消费,地点35,淋浴,2014/08/30 19:52:17,0.9,491.28
7093,POS消费,地点65,食堂,2014/08/31 07:39:00,0.8,490.48
7093,POS消费,地点65,食堂,2014/08/31 07:39:11,0.6,489.88
7093,POS消费,地点61,食堂,2014/08/31 07:57:34,4.0,485.88
7093,POS消费,地点82,食堂,2014/08/31 11:13:47,11.6,474.28
7093,POS消费,地点91,校车,2014/08/31 17:27:14,10.0,436.28
7093,POS消费,地点232,食堂,2014/08/31 17:29:32,6.0,468.28
7093,POS消费,地点232,食堂,2014/08/31 17:31:28,22.0,446.28
7093,POS消费,地点91,校车,2014/08/31 17:34:44,4.0,432.28
7093,POS消费,地点756,淋浴,2014/08/31 20:27:36,0.7,431.58
