7210,卡片开户,,,2014/07/19 15:59:42,0.0,0.0
7210,卡充值,,,2014/08/28 18:15:58,800.0,800.0
7210,POS消费,地点168,食堂,2014/08/28 19:36:35,11.0,789.0
7210,POS消费,地点65,食堂,2014/08/29 12:28:31,4.6,784.4
7210,POS消费,地点65,食堂,2014/08/29 12:28:44,5.6,778.8
7210,POS消费,地点21,开水,2014/08/29 14:44:35,75.1,703.7
7210,POS消费,地点21,开水,2014/08/30 07:45:47,3.8,699.6
7210,POS消费,地点192,超市,2014/08/30 08:49:22,28.0,671.6
7210,POS消费,地点27,教务处,2014/08/30 08:55:27,15.0,656.6
7210,POS消费,地点69,食堂,2014/08/30 11:55:19,8.6,648.0
7210,POS消费,地点124,食堂,2014/08/30 17:30:35,3.0,645.0
7210,POS消费,地点21,开水,2014/08/30 19:55:46,3.4,641.6
7210,POS消费,地点1844,淋浴,2014/08/30 22:21:31,0.3,703.4
7210,POS消费,地点103,食堂,2014/08/31 08:18:30,4.2,637.4
7210,POS消费,地点232,食堂,2014/08/31 11:27:44,5.5,631.9
7210,POS消费,地点190,超市,2014/08/31 16:37:29,2.5,629.4
7210,POS消费,地点1674,食堂,2014/08/31 17:37:26,3.1,626.3
7210,POS消费,地点1846,淋浴,2014/08/31 22:04:03,0.1,626.2
