7249,卡片开户,,,2014/07/20 13:26:52,0.0,0.0
7249,卡充值,,,2014/08/29 12:00:41,500.0,500.0
7249,POS消费,地点61,食堂,2014/08/29 12:24:33,1.6,498.4
7249,POS消费,地点61,食堂,2014/08/29 12:24:38,9.0,489.4
7249,POS消费,地点157,食堂,2014/08/29 18:22:04,14.6,474.8
7249,POS消费,地点157,食堂,2014/08/29 18:23:15,9.6,465.2
7249,POS消费,地点1865,洗衣房,2014/08/30 07:13:28,1.2,462.7
7249,POS消费,地点1865,洗衣房,2014/08/30 07:43:27,1.2,461.5
7249,POS消费,地点1865,洗衣房,2014/08/30 07:53:13,-0.72,462.22
7249,POS消费,地点1852,开水,2014/08/30 08:43:06,0.01,462.21
7249,POS消费,地点21,开水,2014/08/30 09:16:38,4.0,458.21
7249,POS消费,地点87,食堂,2014/08/30 09:19:27,2.0,456.21
7249,POS消费,地点65,食堂,2014/08/30 09:20:14,0.8,455.41
7249,POS消费,地点91,校车,2014/08/31 11:17:51,11.9,443.51
7249,POS消费,地点21,开水,2014/08/31 11:45:44,3.0,440.51
7249,POS消费,地点89,食堂,2014/08/31 17:48:55,4.5,436.01
7249,POS消费,地点89,食堂,2014/08/31 17:58:35,2.5,433.51
7249,POS消费,地点192,超市,2014/08/31 21:27:59,7.5,426.01
7249,POS消费,地点1899,淋浴,2014/08/31 23:46:53,0.6,425.41
