727,POS消费,地点26,图书馆,2014/07/03 11:53:31,0.0,0.0
727,POS消费,地点26,图书馆,2014/07/03 11:53:31,0.12,3.1
727,卡片开户,,,2014/07/17 16:32:38,0.0,0.0
727,卡充值,,,2014/08/29 14:05:56,1000.0,1000.0
727,POS消费,地点114,食堂,2014/08/29 14:06:48,5.5,994.5
727,POS消费,地点21,开水,2014/08/29 17:08:05,3.0,991.5
727,POS消费,地点21,开水,2014/08/29 17:11:03,1.5,990.0
727,POS消费,地点1632,开水,2014/08/29 17:40:48,0.09,989.91
727,POS消费,地点1632,开水,2014/08/29 19:00:18,0.09,989.82
727,POS消费,地点203,食堂,2014/08/30 11:40:43,13.0,976.82
727,POS消费,地点188,超市,2014/08/30 14:10:56,30.5,946.32
727,POS消费,地点21,开水,2014/08/30 20:53:11,15.8,930.52
727,POS消费,地点1893,淋浴,2014/08/30 21:57:35,0.1,930.42
727,POS消费,地点1893,淋浴,2014/08/30 21:57:55,0.5,929.92
727,POS消费,地点1631,开水,2014/08/31 06:42:23,0.02,929.9
727,POS消费,地点1632,开水,2014/08/31 06:43:11,0.08,929.82
727,POS消费,地点6,淋浴,2014/08/31 07:58:22,4.45,925.37
727,POS消费,地点232,食堂,2014/08/31 08:07:11,0.5,924.87
727,POS消费,地点282,食堂,2014/08/31 11:04:48,4.6,920.27
727,POS消费,地点225,食堂,2014/08/31 11:05:11,4.0,916.27
727,POS消费,地点21,开水,2014/08/31 11:30:42,6.9,909.37
727,POS消费,地点1632,开水,2014/08/31 17:12:40,0.09,909.28
727,POS消费,地点1624,淋浴,2014/08/31 22:55:50,0.5,908.78
