7345,卡片开户,,,2014/07/14 09:37:19,0.0,0.0
7345,卡充值,,,2014/08/29 16:12:59,200.0,200.0
7345,POS消费,地点72,食堂,2014/08/29 18:40:47,8.6,191.4
7345,POS消费,地点314,食堂,2014/08/29 20:58:40,88.4,103.0
7345,POS消费,地点1899,淋浴,2014/08/29 21:44:49,0.1,102.8
7345,POS消费,地点1899,淋浴,2014/08/29 21:45:57,0.1,102.9
7345,POS消费,地点1899,淋浴,2014/08/29 21:46:09,0.8,102.0
7345,POS消费,地点65,食堂,2014/08/30 08:59:47,0.2,101.3
7345,POS消费,地点21,开水,2014/08/30 09:05:40,2.0,99.3
7345,POS消费,地点60,食堂,2014/08/30 09:08:00,0.5,101.5
7345,POS消费,地点249,食堂,2014/08/30 11:59:55,5.6,93.7
7345,POS消费,地点1852,开水,2014/08/30 12:18:11,0.01,93.69
7345,POS消费,地点1852,开水,2014/08/30 12:19:28,0.01,93.68
7345,POS消费,地点82,食堂,2014/08/30 17:40:53,8.1,85.58
7345,POS消费,地点314,食堂,2014/08/30 17:58:35,67.9,17.68
7345,POS消费,地点1852,开水,2014/08/30 18:44:26,0.01,17.67
7345,POS消费,地点1948,淋浴,2014/08/30 20:42:39,1.2,16.47
7345,POS消费,地点1852,开水,2014/08/30 20:53:59,0.01,16.46
7345,POS消费,地点89,食堂,2014/08/31 08:18:05,3.0,13.46
7345,POS消费,地点1700,食堂,2014/08/31 08:27:02,2.0,11.46
7345,POS消费,地点1852,开水,2014/08/31 08:33:28,0.01,11.44
7345,POS消费,地点1852,开水,2014/08/31 08:33:47,0.01,11.45
7345,POS消费,地点1852,开水,2014/08/31 08:34:40,0.01,11.43
7345,POS消费,地点213,食堂,2014/08/31 11:23:13,1.35,10.08
7345,POS消费,地点161,食堂,2014/08/31 17:44:56,6.4,3.68
7345,POS消费,地点1913,淋浴,2014/08/31 21:28:46,1.0,2.68
