7368,卡片开户,,,2014/07/18 12:12:49,0.0,0.0
7368,卡充值,,,2014/08/30 10:50:28,600.0,600.0
7368,POS消费,地点269,食堂,2014/08/30 11:31:52,10.6,589.4
7368,POS消费,地点269,食堂,2014/08/30 11:32:25,5.6,583.8
7368,POS消费,地点283,食堂,2014/08/30 11:32:49,5.5,578.3
7368,POS消费,地点233,食堂,2014/08/30 17:45:22,8.6,569.7
7368,POS消费,地点26,图书馆,2014/08/30 17:57:11,8.0,561.7
7368,POS消费,地点188,超市,2014/08/30 21:14:15,2.4,559.3
7368,POS消费,地点25,开水,2014/08/30 21:38:37,0.08,559.22
7368,POS消费,地点740,淋浴,2014/08/31 06:37:08,1.4,557.82
7368,POS消费,地点6,淋浴,2014/08/31 07:18:29,3.2,554.62
7368,POS消费,地点1547,食堂,2014/08/31 11:59:16,6.0,548.62
7368,POS消费,地点1547,食堂,2014/08/31 11:59:46,6.0,542.62
7368,POS消费,地点168,食堂,2014/08/31 16:52:49,6.5,536.12
7368,POS消费,地点21,开水,2014/08/31 16:55:55,9.0,527.12
7368,POS消费,地点21,开水,2014/08/31 17:20:05,26.0,501.12
7368,POS消费,地点21,开水,2014/08/31 21:46:50,2.0,499.12
