7448,卡片开户,,,2014/07/17 10:10:32,0.0,0.0
7448,卡充值,,,2014/08/29 12:05:24,400.0,400.0
7448,POS消费,地点213,食堂,2014/08/29 12:08:53,2.5,397.5
7448,POS消费,地点305,食堂,2014/08/29 12:22:19,6.0,379.2
7448,POS消费,地点1588,食堂,2014/08/29 12:32:04,4.1,393.4
7448,POS消费,地点1588,食堂,2014/08/29 12:32:24,7.6,385.8
7448,POS消费,地点1588,食堂,2014/08/29 12:32:34,0.6,385.2
7448,POS消费,地点236,食堂,2014/08/29 12:37:24,3.96,375.24
7448,POS消费,地点236,食堂,2014/08/29 12:37:53,5.7,369.54
7448,POS消费,地点1934,洗衣房,2014/08/29 14:25:15,3.6,365.94
7448,POS消费,地点1934,洗衣房,2014/08/29 14:25:15,-3.3,369.24
7448,POS消费,地点1529,洗衣房,2014/08/29 14:35:09,3.6,365.64
7448,POS消费,地点1529,洗衣房,2014/08/29 14:35:09,-0.84,366.48
7448,POS消费,地点1960,洗衣房,2014/08/30 09:56:38,3.6,362.88
7448,POS消费,地点566,开水,2014/08/30 10:11:39,0.01,362.87
7448,POS消费,地点1447,校车,2014/08/30 13:48:09,1.0,361.87
7448,POS消费,地点1447,校车,2014/08/30 13:48:15,1.0,360.87
7448,POS消费,地点1447,校车,2014/08/30 13:48:22,1.0,359.87
7448,POS消费,地点566,开水,2014/08/30 16:51:23,0.01,359.86
7448,POS消费,地点124,食堂,2014/08/30 17:12:03,3.0,356.86
7448,POS消费,地点1950,淋浴,2014/08/30 20:32:22,0.3,356.56
7448,POS消费,地点134,食堂,2014/08/31 07:25:15,0.8,355.76
7448,POS消费,地点134,食堂,2014/08/31 07:25:27,0.4,355.36
7448,POS消费,地点134,食堂,2014/08/31 07:25:35,1.2,354.16
7448,POS消费,地点1588,食堂,2014/08/31 07:26:17,3.2,350.96
7448,POS消费,地点179,食堂,2014/08/31 08:17:20,3.0,347.96
7448,POS消费,地点91,校车,2014/08/31 17:37:10,6.5,333.46
7448,POS消费,地点232,食堂,2014/08/31 17:41:22,8.0,339.96
7448,POS消费,地点1950,淋浴,2014/08/31 19:57:28,0.5,332.96
