7465,卡片开户,,,2014/07/12 16:38:28,0.0,0.0
7465,卡充值,,,2014/08/29 17:56:02,300.0,300.0
7465,POS消费,地点184,食堂,2014/08/29 18:28:49,4.1,295.9
7465,POS消费,地点253,食堂,2014/08/29 18:32:37,3.0,292.9
7465,POS消费,地点251,食堂,2014/08/29 18:34:03,2.0,290.9
7465,POS消费,地点21,开水,2014/08/29 18:38:30,0.35,290.55
7465,POS消费,地点21,开水,2014/08/29 18:41:19,0.35,290.2
7465,POS消费,地点184,食堂,2014/08/29 18:41:40,2.0,288.2
7465,POS消费,地点103,食堂,2014/08/30 09:24:04,4.15,284.05
7465,POS消费,地点134,食堂,2014/08/30 12:42:33,4.6,279.45
7465,POS消费,地点203,食堂,2014/08/30 20:44:02,6.5,272.95
7465,POS消费,地点188,超市,2014/08/31 08:31:39,5.4,267.55
7465,POS消费,地点1961,超市,2014/08/31 10:35:56,28.0,239.55
7465,POS消费,地点157,食堂,2014/08/31 12:06:02,5.6,233.95
7465,POS消费,地点21,开水,2014/08/31 18:08:17,1.8,232.11
7465,POS消费,地点1588,食堂,2014/08/31 18:23:55,1.6,230.51
