7495,卡片开户,,,2014/07/19 15:31:42,0.0,0.0
7495,卡充值,,,2014/08/29 11:45:27,100.0,100.0
7495,POS消费,地点1674,食堂,2014/08/29 11:52:50,1.2,96.6
7495,POS消费,地点21,开水,2014/08/29 11:53:08,3.0,89.7
7495,POS消费,地点21,开水,2014/08/29 11:53:24,3.9,92.7
7495,POS消费,地点21,开水,2014/08/29 12:03:14,2.0,87.7
7495,POS消费,地点1701,食堂,2014/08/29 12:14:30,1.8,98.2
7495,POS消费,地点1701,食堂,2014/08/29 12:15:43,0.4,97.8
7495,POS消费,地点21,开水,2014/08/29 12:17:32,3.0,84.7
7495,POS消费,地点1629,开水,2014/08/29 22:49:24,0.09,84.61
7495,POS消费,地点1906,洗衣房,2014/08/30 07:21:28,1.2,83.41
7495,POS消费,地点1861,洗衣房,2014/08/30 07:41:29,1.2,82.21
7495,POS消费,地点1906,洗衣房,2014/08/30 07:45:08,1.2,81.01
7495,POS消费,地点1906,洗衣房,2014/08/30 07:49:51,-0.9,81.91
7495,POS消费,地点1861,洗衣房,2014/08/30 08:02:56,1.2,80.71
7495,POS消费,地点1861,洗衣房,2014/08/30 08:09:40,-0.66,81.37
7495,POS消费,地点283,食堂,2014/08/30 10:47:31,4.0,77.37
7495,POS消费,地点218,食堂,2014/08/30 10:58:38,1.0,76.37
7495,POS消费,地点218,食堂,2014/08/30 10:58:41,1.0,75.37
7495,POS消费,地点1899,淋浴,2014/08/30 22:55:37,0.1,75.27
7495,POS消费,地点1899,淋浴,2014/08/30 22:59:48,0.3,74.97
7495,POS消费,地点69,食堂,2014/08/31 07:12:06,2.2,72.77
7495,POS消费,地点60,食堂,2014/08/31 07:24:42,0.8,71.97
7495,POS消费,地点264,食堂,2014/08/31 12:05:19,5.6,66.37
7495,POS消费,地点264,食堂,2014/08/31 12:05:24,5.0,61.37
7495,POS消费,地点1629,开水,2014/08/31 12:53:07,0.08,61.29
7495,POS消费,地点21,开水,2014/08/31 18:36:23,4.6,56.69
7495,POS消费,地点1911,淋浴,2014/08/31 23:41:58,0.5,56.19
