752,卡片开户,,,2014/07/18 11:03:54,0.0,0.0
752,卡充值,,,2014/08/27 12:00:47,200.0,200.0
752,POS消费,地点89,食堂,2014/08/27 12:14:54,3.0,197.0
752,POS消费,地点1472,校车,2014/08/27 17:50:29,1.0,196.0
752,POS消费,地点188,超市,2014/08/27 20:03:08,30.0,166.0
752,POS消费,地点188,超市,2014/08/27 20:03:13,30.0,136.0
752,POS消费,地点188,超市,2014/08/27 20:03:18,9.5,126.5
752,卡充值,,,2014/08/28 08:53:55,500.0,626.5
752,POS消费,地点21,开水,2014/08/28 09:01:09,2.4,624.1
752,POS消费,地点161,食堂,2014/08/28 09:01:32,0.8,623.3
752,POS消费,地点314,食堂,2014/08/28 09:37:50,25.9,597.4
752,POS消费,地点72,食堂,2014/08/28 11:38:21,4.7,592.7
752,POS消费,地点314,食堂,2014/08/28 18:23:44,14.8,577.9
752,POS消费,地点21,开水,2014/08/28 18:39:01,2.8,575.1
752,POS消费,地点21,开水,2014/08/28 18:39:58,3.0,572.1
752,POS消费,地点1908,淋浴,2014/08/28 22:40:25,0.1,572.0
752,POS消费,地点1908,淋浴,2014/08/28 22:42:00,0.7,571.3
752,POS消费,地点161,食堂,2014/08/29 09:15:55,2.0,569.3
752,POS消费,地点184,食堂,2014/08/29 12:52:22,1.7,567.6
752,POS消费,地点253,食堂,2014/08/29 12:52:50,3.3,564.3
752,POS消费,地点1155,食堂,2014/08/29 15:30:28,5.0,559.3
752,POS消费,地点1908,淋浴,2014/08/29 20:36:46,0.9,558.4
752,POS消费,地点60,食堂,2014/08/30 08:01:32,0.5,557.9
752,POS消费,地点21,开水,2014/08/30 08:15:59,0.02,557.88
752,POS消费,地点21,开水,2014/08/30 08:17:08,0.1,557.78
752,POS消费,地点314,食堂,2014/08/30 17:06:23,5.7,552.08
752,POS消费,地点82,食堂,2014/08/30 17:37:49,3.7,548.38
752,POS消费,地点87,食堂,2014/08/31 11:23:00,4.2,544.18
752,POS消费,地点87,食堂,2014/08/31 17:28:13,4.2,539.98
752,POS消费,地点1916,淋浴,2014/08/31 20:13:52,0.9,539.08
