7531,卡片开户,,,2014/07/19 11:33:00,0.0,0.0
7531,卡充值,,,2014/08/29 11:16:49,300.0,300.0
7531,POS消费,地点82,食堂,2014/08/29 12:10:54,6.3,293.7
7531,POS消费,地点82,食堂,2014/08/29 12:11:15,6.3,287.4
7531,POS消费,地点61,食堂,2014/08/29 12:14:48,6.6,280.8
7531,POS消费,地点61,食堂,2014/08/29 12:15:07,6.6,274.2
7531,POS消费,地点251,食堂,2014/08/29 12:28:58,1.5,272.7
7531,POS消费,地点568,开水,2014/08/29 15:52:21,0.01,272.69
7531,POS消费,地点568,开水,2014/08/29 15:53:40,0.01,272.68
7531,POS消费,地点91,校车,2014/08/29 18:54:32,24.0,248.68
7531,POS消费,地点91,校车,2014/08/29 18:54:45,8.0,240.68
7531,POS消费,地点1532,淋浴,2014/08/30 00:29:53,0.2,240.48
7531,POS消费,地点1532,淋浴,2014/08/30 00:37:33,0.4,240.08
7531,POS消费,地点568,开水,2014/08/30 07:14:11,0.01,240.07
7531,POS消费,地点260,食堂,2014/08/30 11:49:36,3.6,236.47
7531,POS消费,地点260,食堂,2014/08/30 11:49:59,3.7,232.77
7531,POS消费,地点21,开水,2014/08/30 11:53:36,7.6,225.17
7531,POS消费,地点21,开水,2014/08/30 11:53:59,10.6,214.57
7531,POS消费,地点568,开水,2014/08/30 15:53:09,0.01,214.56
7531,POS消费,地点1531,洗衣房,2014/08/30 16:59:02,-3.48,214.44
7531,POS消费,地点1531,洗衣房,2014/08/30 16:59:34,3.6,210.96
7531,POS消费,地点568,开水,2014/08/30 17:08:11,0.01,214.43
7531,POS消费,地点251,食堂,2014/08/30 17:52:45,0.5,213.93
7531,POS消费,地点1072,淋浴,2014/08/30 21:37:25,0.4,213.53
7531,POS消费,地点65,食堂,2014/08/31 08:10:43,0.3,213.23
7531,POS消费,地点1532,淋浴,2014/08/31 11:00:35,0.1,213.03
7531,POS消费,地点568,开水,2014/08/31 11:04:46,0.01,213.02
7531,POS消费,地点568,开水,2014/08/31 11:10:46,0.01,213.01
7531,POS消费,地点1527,淋浴,2014/08/31 11:11:49,0.1,213.13
7531,POS消费,地点91,校车,2014/08/31 12:20:05,8.0,205.01
7531,POS消费,地点227,食堂,2014/08/31 16:53:05,5.0,200.01
7531,POS消费,地点251,食堂,2014/08/31 17:02:13,0.6,199.41
7531,POS消费,地点192,超市,2014/08/31 17:10:21,1.5,197.91
7531,POS消费,地点1952,淋浴,2014/08/31 21:24:58,0.7,197.21
