7626,卡片开户,,,2014/07/19 11:46:43,0.0,0.0
7626,卡充值,,,2014/08/28 13:03:54,800.0,800.0
7626,POS消费,地点27,教务处,2014/08/28 13:53:30,25.0,775.0
7626,POS消费,地点228,食堂,2014/08/28 18:19:38,24.5,750.5
7626,POS消费,地点231,食堂,2014/08/28 18:33:11,1.2,749.3
7626,POS消费,地点21,开水,2014/08/28 18:40:19,13.87,735.43
7626,POS消费,地点192,超市,2014/08/28 18:47:59,17.5,717.93
7626,POS消费,地点1881,淋浴,2014/08/28 20:22:55,1.1,716.83
7626,POS消费,地点1906,洗衣房,2014/08/28 20:43:06,1.2,715.63
7626,POS消费,地点203,食堂,2014/08/29 08:25:05,6.5,709.13
7626,POS消费,地点1547,食堂,2014/08/29 08:43:51,0.6,708.53
7626,POS消费,地点89,食堂,2014/08/29 12:41:58,4.5,704.03
7626,POS消费,地点21,开水,2014/08/29 18:00:41,2.1,701.93
7626,POS消费,地点91,校车,2014/08/29 18:02:04,4.8,697.13
7626,POS消费,地点248,超市,2014/08/29 18:04:06,4.0,693.13
7626,POS消费,地点1881,淋浴,2014/08/29 21:52:05,0.1,692.93
7626,POS消费,地点1881,淋浴,2014/08/29 21:52:37,0.1,693.03
7626,POS消费,地点1881,淋浴,2014/08/29 21:54:05,0.6,692.33
7626,POS消费,地点1932,洗衣房,2014/08/29 22:13:34,1.2,691.13
7626,POS消费,地点1932,洗衣房,2014/08/29 23:32:07,1.2,689.93
7626,POS消费,地点91,校车,2014/08/30 08:51:25,4.2,685.73
7626,POS消费,地点192,超市,2014/08/30 09:39:15,14.0,671.73
7626,POS消费,地点228,食堂,2014/08/30 12:14:39,6.5,665.23
7626,POS消费,地点231,食堂,2014/08/30 12:29:53,0.6,664.63
7626,POS消费,地点1943,洗衣房,2014/08/30 23:14:36,1.2,663.43
7626,POS消费,地点21,开水,2014/08/31 08:13:09,3.4,660.03
7626,POS消费,地点1869,淋浴,2014/08/31 17:39:47,0.6,659.43
7626,POS消费,地点248,超市,2014/08/31 18:09:03,5.1,654.33
7626,POS消费,地点21,开水,2014/08/31 18:10:00,0.88,653.45
