7663,卡片开户,,,2014/07/14 10:17:58,0.0,0.0
7663,卡充值,,,2014/08/28 18:03:45,1000.0,1000.0
7663,POS消费,地点188,超市,2014/08/28 22:05:34,87.4,912.6
7663,POS消费,地点1852,开水,2014/08/28 22:15:20,0.01,912.59
7663,POS消费,地点1852,开水,2014/08/28 22:16:01,0.01,912.58
7663,POS消费,地点82,食堂,2014/08/29 11:37:34,8.1,904.48
7663,POS消费,地点188,超市,2014/08/29 18:45:13,100.0,804.48
7663,POS消费,地点188,超市,2014/08/29 18:45:27,86.8,717.68
7663,POS消费,地点168,食堂,2014/08/29 19:20:30,5.5,712.18
7663,POS消费,地点232,食堂,2014/08/30 08:26:51,1.4,710.78
7663,POS消费,地点21,开水,2014/08/30 11:02:08,3.0,707.78
7663,POS消费,地点91,校车,2014/08/30 11:03:09,5.6,702.18
7663,POS消费,地点232,食堂,2014/08/30 11:03:37,4.0,698.18
7663,POS消费,地点1852,开水,2014/08/30 14:00:55,0.01,698.17
7663,POS消费,地点230,食堂,2014/08/30 16:57:45,5.0,693.17
7663,POS消费,地点1852,开水,2014/08/31 07:42:51,0.01,692.36
7663,POS消费,地点87,食堂,2014/08/31 08:04:34,3.0,689.36
7663,POS消费,地点12,文印中心,2014/08/31 11:49:35,5.0,684.36
7663,POS消费,地点21,开水,2014/08/31 21:58:30,66.3,618.06
