7697,卡片开户,,,2014/07/16 11:08:28,0.0,0.0
7697,卡充值,,,2014/08/29 12:15:38,300.0,300.0
7697,POS消费,地点168,食堂,2014/08/29 12:25:06,4.5,295.5
7697,POS消费,地点21,开水,2014/08/29 18:05:29,8.1,287.4
7697,POS消费,地点188,超市,2014/08/29 19:18:56,100.0,187.4
7697,POS消费,地点188,超市,2014/08/29 19:19:13,31.3,156.1
7697,POS消费,地点1541,淋浴,2014/08/29 21:00:23,0.7,155.4
7697,POS消费,地点1929,洗衣房,2014/08/29 21:53:25,3.6,151.8
7697,POS消费,地点1938,洗衣房,2014/08/29 21:53:25,3.6,144.54
7697,POS消费,地点1929,洗衣房,2014/08/29 21:53:31,3.6,148.2
7697,POS消费,地点1929,洗衣房,2014/08/29 21:53:31,-3.54,151.74
7697,POS消费,地点1929,洗衣房,2014/08/29 21:53:37,3.6,148.14
7697,POS消费,地点1929,洗衣房,2014/08/29 21:53:37,-3.54,148.08
7697,POS消费,地点1929,洗衣房,2014/08/29 21:55:29,3.6,144.48
7697,POS消费,地点1565,开水,2014/08/30 08:56:10,0.01,144.47
7697,POS消费,地点1564,开水,2014/08/30 08:59:13,0.07,144.4
7697,POS消费,地点269,食堂,2014/08/30 12:06:42,6.6,137.8
7697,POS消费,地点1541,淋浴,2014/08/30 17:36:52,0.7,137.1
7697,POS消费,地点21,开水,2014/08/31 08:41:20,1.7,135.4
7697,POS消费,地点21,开水,2014/08/31 09:49:48,19.9,115.5
7697,POS消费,地点21,开水,2014/08/31 11:49:38,4.6,110.9
7697,POS消费,地点251,食堂,2014/08/31 12:08:59,1.0,109.9
7697,卡充值,,,2014/08/31 12:22:52,300.0,409.9
7697,POS消费,地点21,开水,2014/08/31 18:11:45,9.6,400.3
7697,POS消费,地点1564,开水,2014/08/31 19:10:13,0.03,400.27
7697,POS消费,地点232,食堂,2014/08/31 22:16:23,0.7,399.57
