7761,卡充值,,,2014/09/09 12:35:10,100.0,137.55
7761,POS消费,地点21,开水,2014/09/09 17:49:25,8.6,128.95
7761,POS消费,地点499,淋浴,2014/09/09 22:07:43,0.4,128.55
7761,POS消费,地点91,校车,2014/09/10 11:57:00,5.0,123.55
7761,POS消费,地点21,开水,2014/09/10 11:58:42,0.65,122.9
7761,POS消费,地点21,开水,2014/09/10 18:03:35,4.6,118.3
7761,POS消费,地点499,淋浴,2014/09/11 00:28:08,0.1,118.2
7761,POS消费,地点21,开水,2014/09/11 10:05:29,2.0,116.2
7761,POS消费,地点91,校车,2014/09/11 11:51:34,5.0,111.2
7761,POS消费,地点232,食堂,2014/09/11 11:53:33,4.2,107.0
7761,POS消费,地点26,图书馆,2014/09/11 12:19:29,1.8,105.2
7761,POS消费,地点21,开水,2014/09/11 18:23:43,5.6,99.6
7761,POS消费,地点21,开水,2014/09/11 21:00:10,3.0,96.6
7761,POS消费,地点499,淋浴,2014/09/12 00:37:15,0.1,96.5
7761,POS消费,地点21,开水,2014/09/12 10:03:03,2.0,94.5
7761,POS消费,地点91,校车,2014/09/12 11:50:09,2.0,92.5
7761,POS消费,地点91,校车,2014/09/12 11:51:35,5.0,87.5
7761,POS消费,地点499,淋浴,2014/09/15 00:39:20,0.1,87.4
7761,POS消费,地点21,开水,2014/09/15 18:00:54,0.5,86.9
7761,POS消费,地点499,淋浴,2014/09/16 00:03:29,0.3,86.6
7761,POS消费,地点91,校车,2014/09/16 11:42:39,8.0,78.6
7761,POS消费,地点499,淋浴,2014/09/17 00:12:33,0.1,78.5
7761,POS消费,地点21,开水,2014/09/17 12:05:09,9.6,68.9
7761,POS消费,地点86,开水,2014/09/17 12:34:38,0.07,68.83
7761,POS消费,地点499,淋浴,2014/09/17 23:16:28,0.4,68.43
7761,POS消费,地点232,食堂,2014/09/18 11:57:52,8.0,60.43
7761,POS消费,地点91,校车,2014/09/18 18:05:23,9.0,51.43
7761,POS消费,地点26,图书馆,2014/09/18 18:23:24,1.8,49.63
7761,POS消费,地点21,开水,2014/09/21 18:41:23,6.0,43.63
7761,POS消费,地点499,淋浴,2014/09/21 19:01:05,0.3,43.33
7761,POS消费,地点21,开水,2014/09/22 10:13:19,16.6,26.73
7761,POS消费,地点232,食堂,2014/09/22 18:02:57,8.6,18.13
7761,POS消费,地点232,食堂,2014/09/23 11:57:09,8.0,10.13
7761,POS消费,地点232,食堂,2014/09/23 17:58:09,7.6,2.53
7761,卡充值,,,2014/09/24 12:19:22,100.0,102.53
7761,POS消费,地点91,校车,2014/09/25 11:29:54,8.0,94.53
7761,POS消费,地点91,校车,2014/09/25 17:38:27,3.8,90.73
7761,POS消费,地点21,开水,2014/09/25 17:40:09,5.6,85.13
7761,POS消费,地点86,开水,2014/09/26 01:05:31,0.11,85.02
7761,POS消费,地点21,开水,2014/09/26 12:46:25,8.1,76.92
7761,POS消费,地点499,淋浴,2014/09/26 13:34:41,0.5,76.42
7761,POS消费,地点21,开水,2014/09/27 10:27:04,3.5,72.92
7761,POS消费,地点232,食堂,2014/09/27 17:31:01,8.0,64.92
7761,POS消费,地点26,图书馆,2014/09/27 17:42:32,1.8,63.12
7761,POS消费,地点21,开水,2014/09/28 08:35:52,5.8,57.32
7761,POS消费,地点248,超市,2014/09/29 10:44:15,4.0,53.32
7761,POS消费,地点91,校车,2014/09/29 10:47:55,3.6,49.72
7761,POS消费,地点91,校车,2014/09/29 10:49:24,5.25,44.47
7761,POS消费,地点91,校车,2014/09/29 10:50:00,11.25,33.22
7761,POS消费,地点499,淋浴,2014/09/29 17:26:46,0.5,32.72
7761,POS消费,地点21,开水,2014/09/30 11:50:53,5.0,27.72
7761,POS消费,地点21,开水,2014/09/30 11:51:04,1.5,26.22
7761,POS消费,地点499,淋浴,2014/10/07 23:15:56,0.1,26.12
7761,POS消费,地点21,开水,2014/10/08 08:10:32,0.8,25.32
7761,POS消费,地点232,食堂,2014/10/08 12:05:27,8.6,16.72
7761,POS消费,地点91,校车,2014/10/08 12:06:06,8.0,8.72
7761,卡充值,,,2014/10/08 18:01:21,100.0,108.72
7761,POS消费,地点26,图书馆,2014/10/08 18:06:19,8.8,99.92
7761,POS消费,地点91,校车,2014/10/08 18:10:17,1.0,98.92
7761,POS消费,地点26,图书馆,2014/10/08 18:20:36,4.5,94.42
7761,POS消费,地点499,淋浴,2014/10/08 22:29:55,0.4,94.02
7761,POS消费,地点232,食堂,2014/10/09 17:41:32,7.6,86.42
7761,POS消费,地点91,校车,2014/10/09 17:42:26,8.0,78.42
7761,POS消费,地点26,图书馆,2014/10/09 17:54:32,2.8,75.62
7761,POS消费,地点26,图书馆,2014/10/09 17:55:43,1.0,74.62
7761,POS消费,地点499,淋浴,2014/10/09 23:11:00,0.1,74.52
7761,POS消费,地点21,开水,2014/10/10 08:23:42,0.8,73.72
7761,POS消费,地点91,校车,2014/10/10 11:16:35,8.0,65.72
7761,POS消费,地点26,图书馆,2014/10/10 11:21:42,4.3,61.42
7761,POS消费,地点91,校车,2014/10/10 17:42:26,7.0,54.42
7761,POS消费,地点26,图书馆,2014/10/10 17:52:31,1.8,52.62
7761,POS消费,地点21,开水,2014/10/10 18:08:58,21.5,31.12
7761,POS消费,地点499,淋浴,2014/10/10 22:50:06,0.7,30.42
7761,POS消费,地点21,开水,2014/10/11 18:16:03,5.8,24.62
7761,POS消费,地点499,淋浴,2014/10/11 22:08:09,0.1,24.52
7761,POS消费,地点21,开水,2014/10/12 21:01:10,14.0,10.52
7761,POS消费,地点499,淋浴,2014/10/12 23:29:15,0.1,10.42
7761,卡充值,,,2014/10/13 10:11:22,100.0,105.39
7761,POS消费,地点21,开水,2014/10/13 10:12:58,5.03,5.39
7761,POS消费,地点232,食堂,2014/10/13 18:03:08,7.0,98.39
7761,POS消费,地点21,开水,2014/10/13 21:17:23,3.4,94.99
7761,POS消费,地点232,食堂,2014/10/14 17:58:00,10.0,84.99
7761,POS消费,地点499,淋浴,2014/10/15 00:14:54,0.1,84.89
7761,POS消费,地点499,淋浴,2014/10/15 13:49:01,0.5,84.39
7761,POS消费,地点21,开水,2014/10/15 14:16:30,5.8,78.59
7761,POS消费,地点21,开水,2014/10/15 18:02:00,2.1,76.49
7761,POS消费,地点499,淋浴,2014/10/15 23:50:40,0.1,76.39
7761,POS消费,地点21,开水,2014/10/16 06:31:54,2.0,74.39
7761,POS消费,地点21,开水,2014/10/16 17:29:33,5.8,68.59
7761,POS消费,地点232,食堂,2014/10/17 12:02:27,10.0,58.59
7761,POS消费,地点21,开水,2014/10/17 12:14:02,1.8,56.79
7761,POS消费,地点499,淋浴,2014/10/19 23:21:07,0.1,56.69
7761,POS消费,地点21,开水,2014/10/20 08:21:59,0.8,55.89
7761,POS消费,地点21,开水,2014/10/20 21:25:21,5.8,50.09
7761,POS消费,地点232,食堂,2014/10/21 12:02:51,8.0,41.99
7761,POS消费,地点91,校车,2014/10/22 11:17:37,9.0,32.99
7761,POS消费,地点26,图书馆,2014/10/22 11:29:59,1.8,31.19
7761,POS消费,地点499,淋浴,2014/10/22 14:34:25,0.1,49.99
7761,POS消费,地点91,校车,2014/10/22 17:30:07,13.0,18.19
7761,POS消费,地点499,淋浴,2014/10/22 22:08:38,1.1,17.09
7761,POS消费,地点91,校车,2014/10/23 12:06:14,10.0,7.09
7761,POS消费,地点21,开水,2014/10/23 14:25:21,2.8,4.29
7761,POS消费,地点499,淋浴,2014/10/23 23:42:27,0.1,4.19
7761,POS消费,地点21,开水,2014/10/24 08:21:42,2.33,1.86
7761,卡充值,,,2014/10/24 10:21:33,50.0,51.86
7761,POS消费,地点21,开水,2014/10/24 12:12:17,8.8,43.06
7761,POS消费,地点86,开水,2014/10/24 12:20:35,0.19,42.87
7761,POS消费,地点499,淋浴,2014/10/26 23:15:05,0.3,42.57
7761,POS消费,地点86,开水,2014/10/27 14:19:18,0.02,42.55
7761,POS消费,地点232,食堂,2014/10/27 18:08:05,8.0,34.55
7761,POS消费,地点86,开水,2014/10/27 23:01:59,0.16,34.39
7761,POS消费,地点21,开水,2014/10/28 22:11:27,7.8,26.59
7761,POS消费,地点21,开水,2014/10/29 08:30:01,2.3,24.29
7761,POS消费,地点499,淋浴,2014/10/29 17:35:02,0.6,23.69
7761,POS消费,地点21,开水,2014/10/29 17:55:17,5.4,18.29
7761,POS消费,地点91,校车,2014/10/30 11:57:46,2.5,10.14
7761,POS消费,地点21,开水,2014/10/30 12:01:28,0.65,17.64
7761,POS消费,地点91,校车,2014/10/30 12:03:38,5.0,12.64
7761,卡充值,,,2014/10/30 16:38:39,100.0,110.14
7761,POS消费,地点21,开水,2014/10/30 17:54:44,0.5,109.64
7761,POS消费,地点91,校车,2014/10/30 18:02:44,4.3,105.34
7761,POS消费,地点499,淋浴,2014/10/30 22:25:31,0.1,105.24
7761,POS消费,地点91,校车,2014/10/31 12:07:24,8.0,97.24
7761,POS消费,地点26,图书馆,2014/10/31 12:15:34,4.3,92.94
7761,POS消费,地点21,开水,2014/10/31 14:25:55,2.8,90.14
7761,POS消费,地点499,淋浴,2014/11/02 22:12:17,0.1,90.04
7761,POS消费,地点21,开水,2014/11/03 12:04:36,2.5,87.54
7761,POS消费,地点21,开水,2014/11/03 18:05:57,5.08,82.46
7761,POS消费,地点91,校车,2014/11/03 18:08:42,9.0,73.46
7761,POS消费,地点499,淋浴,2014/11/04 19:47:30,0.6,72.86
7761,POS消费,地点21,开水,2014/11/05 12:29:16,0.5,72.36
7761,POS消费,地点21,开水,2014/11/05 18:02:26,0.5,71.86
7761,POS消费,地点91,校车,2014/11/05 18:11:00,7.1,64.76
7761,POS消费,地点21,开水,2014/11/05 21:08:05,7.7,57.06
7761,POS消费,地点499,淋浴,2014/11/05 22:45:30,0.1,56.96
7761,POS消费,地点21,开水,2014/11/06 17:54:34,0.5,56.46
7761,POS消费,地点91,校车,2014/11/06 17:56:34,1.4,55.06
7761,POS消费,地点21,开水,2014/11/07 11:57:27,0.5,54.56
7761,POS消费,地点91,校车,2014/11/07 12:03:31,4.3,50.26
7761,POS消费,地点91,校车,2014/11/07 17:40:48,8.0,42.26
7761,POS消费,地点232,食堂,2014/11/10 12:13:21,7.6,34.66
7761,POS消费,地点21,开水,2014/11/10 21:15:40,5.8,28.86
7761,POS消费,地点21,开水,2014/11/11 10:15:49,2.1,26.76
7761,POS消费,地点21,开水,2014/11/11 17:35:56,0.5,26.26
7761,POS消费,地点21,开水,2014/11/11 17:36:12,3.5,22.76
7761,POS消费,地点21,开水,2014/11/11 20:50:56,5.8,16.96
7761,POS消费,地点499,淋浴,2014/11/11 23:37:32,0.1,16.86
7761,卡充值,,,2014/11/12 11:24:47,100.0,116.86
7761,POS消费,地点21,开水,2014/11/12 11:25:28,5.8,111.06
7761,POS消费,地点232,食堂,2014/11/12 11:26:06,6.0,105.06
7761,POS消费,地点21,开水,2014/11/12 11:26:16,0.5,104.56
7761,POS消费,地点21,开水,2014/11/12 11:26:26,0.2,104.36
7761,POS消费,地点91,校车,2014/11/12 17:16:47,13.0,91.36
7761,POS消费,地点91,校车,2014/11/13 11:37:28,8.0,83.36
7761,POS消费,地点26,图书馆,2014/11/13 11:43:26,7.7,75.66
7761,POS消费,地点26,图书馆,2014/11/13 11:45:52,3.6,72.06
7761,POS消费,地点21,开水,2014/11/13 11:58:15,1.8,70.26
7761,POS消费,地点499,淋浴,2014/11/13 21:19:08,0.5,69.76
7761,POS消费,地点232,食堂,2014/11/17 18:17:06,6.0,63.76
7761,POS消费,地点21,开水,2014/11/17 18:32:55,1.8,61.96
7761,POS消费,地点91,校车,2014/11/18 11:35:00,8.0,53.96
7761,POS消费,地点21,开水,2014/11/18 14:28:11,3.0,50.96
7761,POS消费,地点21,开水,2014/11/19 21:11:50,17.1,33.86
7761,POS消费,地点499,淋浴,2014/11/19 23:20:25,1.0,32.86
7761,POS消费,地点91,校车,2014/11/20 11:48:51,5.7,27.16
7761,POS消费,地点21,开水,2014/11/20 12:03:43,8.5,18.66
7761,POS消费,地点91,校车,2014/11/23 17:43:39,8.0,10.66
7761,POS消费,地点26,图书馆,2014/11/23 17:50:23,1.8,8.86
7761,POS消费,地点21,开水,2014/11/24 10:23:23,2.0,6.86
7761,POS消费,地点232,食堂,2014/11/24 12:01:54,6.16,0.7
7761,卡充值,,,2014/11/24 12:26:43,100.0,100.7
7761,POS消费,地点91,校车,2014/11/24 18:06:59,7.0,93.7
7761,POS消费,地点21,开水,2014/11/24 18:07:34,3.5,90.2
7761,POS消费,地点21,开水,2014/11/25 14:16:43,5.8,84.4
7761,POS消费,地点499,淋浴,2014/11/25 23:02:03,0.7,83.7
7761,POS消费,地点21,开水,2014/11/26 10:32:57,4.0,79.7
7761,POS消费,地点91,校车,2014/11/26 11:45:07,6.6,73.1
7761,POS消费,地点91,校车,2014/11/26 18:21:45,9.0,64.1
7761,POS消费,地点21,开水,2014/11/26 18:36:51,1.8,62.3
7761,POS消费,地点91,校车,2014/11/27 11:55:34,13.0,49.3
7761,POS消费,地点499,淋浴,2014/11/27 22:12:19,0.9,48.4
7761,卡充值,,,2014/11/30 17:53:56,100.0,148.4
7761,POS消费,地点21,开水,2014/11/30 17:55:15,3.5,144.9
7761,POS消费,地点91,校车,2014/12/01 11:50:14,5.6,139.3
7761,POS消费,地点21,开水,2014/12/01 11:50:42,0.5,138.8
7761,POS消费,地点21,开水,2014/12/01 18:06:58,5.3,133.5
7761,POS消费,地点91,校车,2014/12/01 18:07:44,4.8,128.7
7761,POS消费,地点21,开水,2014/12/01 18:08:23,0.8,127.9
7761,POS消费,地点499,淋浴,2014/12/01 21:41:49,0.6,127.3
7761,POS消费,地点91,校车,2014/12/02 17:25:42,13.0,114.3
7761,POS消费,地点91,校车,2014/12/02 17:30:03,3.0,111.3
7761,POS消费,地点91,校车,2014/12/03 17:24:45,14.0,97.3
7761,POS消费,地点21,开水,2014/12/03 17:43:17,1.8,95.5
7761,POS消费,地点499,淋浴,2014/12/03 20:16:31,0.1,95.4
7761,POS消费,地点21,开水,2014/12/04 09:40:43,0.8,94.6
7761,POS消费,地点21,开水,2014/12/04 09:42:09,1.0,93.6
7761,POS消费,地点21,开水,2014/12/04 11:52:14,7.0,86.6
7761,POS消费,地点21,开水,2014/12/08 07:30:39,6.5,80.1
7761,POS消费,地点499,淋浴,2014/12/09 23:42:31,0.5,79.6
7761,POS消费,地点91,校车,2014/12/10 17:55:24,6.4,73.2
7761,POS消费,地点21,开水,2014/12/10 17:55:43,0.85,72.35
7761,POS消费,地点21,开水,2014/12/10 18:10:21,19.5,52.85
7761,POS消费,地点21,开水,2014/12/11 12:30:03,7.0,45.85
7761,POS消费,地点91,校车,2014/12/22 17:21:03,13.0,32.85
7761,POS消费,地点86,开水,2014/12/22 22:39:35,0.47,32.38
7761,POS消费,地点91,校车,2014/12/23 11:24:03,5.4,26.98
7761,POS消费,地点21,开水,2014/12/23 11:24:47,5.0,21.98
7761,POS消费,地点21,开水,2014/12/23 11:25:25,1.8,20.18
7761,POS消费,地点232,食堂,2014/12/23 18:06:24,7.0,13.18
7761,POS消费,地点21,开水,2014/12/23 18:19:10,1.8,11.38
7761,POS消费,地点21,开水,2014/12/25 11:51:27,0.5,10.88
7761,POS消费,地点21,开水,2014/12/25 17:32:51,1.9,8.98
7761,POS消费,地点21,开水,2014/12/25 17:33:26,4.0,4.98
7761,POS消费,地点499,淋浴,2014/12/25 23:37:13,0.1,4.88
7761,POS消费,地点499,淋浴,2014/12/29 23:08:31,0.1,4.78
7761,POS消费,地点86,开水,2014/12/29 23:12:28,0.16,4.62
7761,卡充值,,,2014/12/30 17:31:44,50.0,54.62
7761,POS消费,地点21,开水,2014/12/30 17:33:26,3.4,51.22
7761,POS消费,地点21,开水,2014/12/30 17:45:45,1.8,49.42
7761,POS消费,地点499,淋浴,2014/12/30 21:58:27,1.5,47.92
7761,POS消费,地点499,淋浴,2014/12/31 17:34:38,0.1,47.82
7761,POS消费,地点232,食堂,2014/12/31 18:13:00,8.0,39.82
7761,POS消费,地点499,淋浴,2015/01/01 01:50:04,0.1,39.72
7761,POS消费,地点86,开水,2015/01/01 01:51:03,0.16,39.56
7761,POS消费,地点499,淋浴,2015/01/01 13:34:51,0.1,39.46
7761,POS消费,地点499,淋浴,2015/01/03 22:45:27,0.6,38.86
7761,POS消费,地点232,食堂,2015/01/04 17:53:14,8.0,30.86
7761,POS消费,地点21,开水,2015/01/04 18:04:14,2.8,28.06
7761,POS消费,地点21,开水,2015/01/05 19:26:36,4.6,23.46
7761,POS消费,地点21,开水,2015/01/06 09:12:02,2.0,21.46
7761,POS消费,地点91,校车,2015/01/06 11:00:49,9.0,12.46
7761,POS消费,地点21,开水,2015/01/06 18:08:14,1.8,10.66
7761,POS消费,地点21,开水,2015/01/07 08:59:59,0.8,9.86
7761,POS消费,地点21,开水,2015/01/07 09:02:06,3.0,6.86
7761,POS消费,地点21,开水,2015/01/07 15:55:23,4.0,2.86
7761,卡充值,,,2015/01/07 15:56:44,50.0,52.86
7761,POS消费,地点499,淋浴,2015/01/08 21:42:02,0.5,52.36
7761,POS消费,地点232,食堂,2015/01/09 17:59:49,8.0,44.36
7761,POS消费,地点21,开水,2015/01/09 18:00:34,3.0,41.36
7761,POS消费,地点21,开水,2015/01/09 18:08:42,2.8,38.56
7761,POS消费,地点499,淋浴,2015/01/09 23:53:28,0.1,38.46
7761,POS消费,地点86,开水,2015/01/09 23:56:05,0.15,38.31
7761,POS消费,地点21,开水,2015/01/10 12:34:17,8.4,29.91
7761,POS消费,地点21,开水,2015/01/10 12:34:55,1.5,28.41
7761,POS消费,地点91,校车,2015/01/10 17:54:02,8.0,20.41
7761,POS消费,地点499,淋浴,2015/01/10 20:22:03,0.2,20.21
7761,POS消费,地点21,开水,2015/01/11 08:59:05,0.6,19.61
7761,POS消费,地点91,校车,2015/01/11 11:46:44,8.0,11.61
7761,POS消费,地点499,淋浴,2015/01/14 23:36:06,0.1,11.51
7761,POS消费,地点499,淋浴,2015/01/15 23:32:36,0.8,10.71
7761,POS消费,地点21,开水,2015/01/16 08:10:02,3.8,6.91
7761,POS消费,地点21,开水,2015/07/26 12:50:31,1.6,5.31
7761,POS消费,地点499,淋浴,2015/07/26 22:15:35,0.4,4.91
7761,卡充值,,,2015/08/30 16:56:42,100.0,104.91
7761,POS消费,地点21,开水,2015/08/30 16:58:34,3.4,101.51
7761,POS消费,地点499,淋浴,2015/08/30 22:22:43,0.4,101.11
7761,POS消费,地点21,开水,2015/08/31 08:12:30,3.3,97.81
7761,POS消费,地点21,开水,2015/08/31 20:46:55,5.7,92.11
7761,POS消费,地点499,淋浴,2015/08/31 21:26:42,0.5,91.61
