795,卡片开户,,,2014/07/19 15:19:55,0.0,0.0
795,卡充值,,,2014/08/29 10:30:08,200.0,200.0
795,POS消费,地点61,食堂,2014/08/29 13:46:35,12.6,187.4
795,POS消费,地点61,食堂,2014/08/29 13:46:56,12.6,174.8
795,POS消费,地点61,食堂,2014/08/29 13:48:04,9.6,165.2
795,POS消费,地点36,开水,2014/08/29 14:24:42,0.02,165.18
795,POS消费,地点61,食堂,2014/08/29 18:27:58,11.2,153.98
795,POS消费,地点61,食堂,2014/08/29 18:28:14,8.6,145.38
795,POS消费,地点89,食堂,2014/08/30 18:10:48,4.5,140.88
795,POS消费,地点206,开水,2014/08/30 21:33:57,0.01,140.87
795,POS消费,地点206,开水,2014/08/30 21:34:53,0.01,140.86
795,POS消费,地点6,淋浴,2014/08/30 22:22:23,0.3,140.56
795,POS消费,地点6,淋浴,2014/08/30 22:24:51,0.1,140.46
795,POS消费,地点6,淋浴,2014/08/30 22:26:32,0.1,140.36
795,POS消费,地点179,食堂,2014/08/31 08:37:54,5.4,134.96
795,POS消费,地点264,食堂,2014/08/31 11:27:35,5.6,129.36
795,POS消费,地点188,超市,2014/08/31 20:53:28,5.0,124.36
