812,POS消费,地点1485,淋浴,2014/09/01 00:04:00,0.4,518.7
812,POS消费,地点190,超市,2014/09/01 11:49:22,16.0,502.7
812,POS消费,地点248,超市,2014/09/02 18:13:10,4.6,498.09
812,POS消费,地点21,开水,2014/09/02 18:22:55,4.3,493.79
812,POS消费,地点21,开水,2014/09/03 07:13:54,3.3,490.49
812,POS消费,地点91,校车,2014/09/03 11:42:00,4.5,485.99
812,POS消费,地点21,开水,2014/09/03 12:00:22,2.9,483.09
812,POS消费,地点91,校车,2014/09/03 17:47:34,8.6,474.49
812,POS消费,地点21,开水,2014/09/03 17:57:37,11.5,462.99
812,POS消费,地点292,超市,2014/09/03 20:39:06,16.0,446.99
812,POS消费,地点21,开水,2014/09/04 07:29:47,4.3,442.69
812,POS消费,地点21,开水,2014/09/04 11:35:18,9.6,433.09
812,POS消费,地点21,开水,2014/09/04 11:54:22,3.0,430.09
812,POS消费,地点232,食堂,2014/09/04 17:40:11,5.0,425.09
812,POS消费,地点21,开水,2014/09/04 17:59:16,4.9,420.19
812,POS消费,地点292,超市,2014/09/04 22:00:59,10.7,409.49
812,POS消费,地点248,超市,2014/09/05 07:00:36,5.1,404.39
812,POS消费,地点838,食堂,2014/09/05 11:11:26,8.6,395.79
812,POS消费,地点21,开水,2014/09/05 11:31:10,4.3,391.49
812,POS消费,地点219,超市,2014/09/05 15:12:05,4.0,387.49
812,POS消费,地点232,食堂,2014/09/05 17:14:22,5.4,382.09
812,POS消费,地点232,食堂,2014/09/05 17:15:01,8.6,373.49
812,POS消费,地点21,开水,2014/09/05 17:22:50,4.2,369.29
812,POS消费,地点21,开水,2014/09/06 06:58:56,4.1,365.19
812,POS消费,地点219,超市,2014/09/06 10:10:02,4.0,361.19
812,POS消费,地点248,超市,2014/09/06 11:16:51,4.6,356.59
812,POS消费,地点21,开水,2014/09/06 11:36:20,4.3,352.29
812,POS消费,地点219,超市,2014/09/06 16:07:10,8.0,344.29
812,POS消费,地点21,开水,2014/09/06 17:20:38,8.6,335.69
812,POS消费,地点91,校车,2014/09/07 07:36:42,3.8,331.89
812,POS消费,地点219,超市,2014/09/07 09:00:51,3.0,328.89
812,POS消费,地点217,食堂,2014/09/07 11:51:21,10.0,318.89
812,POS消费,地点21,开水,2014/09/07 12:01:34,4.5,314.39
812,POS消费,地点21,开水,2014/09/08 07:07:14,9.8,304.59
812,POS消费,地点219,超市,2014/09/08 09:07:04,6.0,298.59
812,POS消费,地点248,超市,2014/09/08 12:04:14,5.6,292.99
812,POS消费,地点21,开水,2014/09/08 12:14:36,12.0,280.99
812,POS消费,地点219,超市,2014/09/08 15:07:24,10.0,270.99
812,POS消费,地点219,超市,2014/09/08 16:07:53,4.0,266.99
812,POS消费,地点21,开水,2014/09/08 17:53:18,4.6,262.39
812,POS消费,地点21,开水,2014/09/08 18:12:31,4.3,258.09
812,POS消费,地点21,开水,2014/09/09 07:25:16,5.5,248.19
812,POS消费,地点219,超市,2014/09/09 10:15:04,4.0,244.19
812,POS消费,地点21,开水,2014/09/09 11:39:08,9.1,235.09
812,POS消费,地点21,开水,2014/09/09 11:54:47,3.0,232.09
812,POS消费,地点219,超市,2014/09/09 16:02:19,7.0,225.09
812,POS消费,地点256,食堂,2014/09/09 17:35:13,8.0,217.09
812,POS消费,地点21,开水,2014/09/09 17:48:41,4.0,213.09
812,POS消费,地点219,超市,2014/09/09 21:43:23,16.0,197.09
812,POS消费,地点190,超市,2014/09/09 22:03:02,11.7,185.39
812,POS消费,地点2003,淋浴,2014/09/09 22:20:38,0.5,184.89
812,POS消费,地点21,开水,2014/09/10 07:28:59,4.9,179.99
812,POS消费,地点219,超市,2014/09/10 09:11:32,4.0,175.99
812,POS消费,地点273,食堂,2014/09/10 11:46:37,15.4,160.59
812,POS消费,地点21,开水,2014/09/10 12:04:17,8.0,152.59
812,POS消费,地点219,超市,2014/09/10 15:07:55,8.0,144.59
812,POS消费,地点838,食堂,2014/09/10 17:42:51,8.1,136.49
812,POS消费,地点2004,淋浴,2014/09/10 18:05:07,0.1,136.39
812,POS消费,地点941,淋浴,2014/09/10 18:05:37,0.2,136.19
812,POS消费,地点2004,淋浴,2014/09/10 18:07:31,0.3,135.89
812,POS消费,地点2003,淋浴,2014/09/10 18:10:04,0.1,135.69
812,POS消费,地点2004,淋浴,2014/09/10 18:10:26,0.1,135.79
812,POS消费,地点2003,淋浴,2014/09/10 18:11:08,0.1,135.59
812,POS消费,地点21,开水,2014/09/11 17:19:49,4.0,131.59
812,POS消费,地点190,超市,2014/09/11 20:49:53,59.9,71.69
812,POS消费,地点190,超市,2014/09/11 20:51:40,1.1,70.59
812,POS消费,地点26,图书馆,2014/09/12 10:30:24,12.0,58.59
812,POS消费,地点909,淋浴,2014/09/12 22:28:38,0.5,58.09
812,POS消费,地点2003,淋浴,2014/09/13 11:34:32,0.3,57.79
812,POS消费,地点2003,淋浴,2014/09/13 18:00:13,0.2,57.59
812,POS消费,地点2003,淋浴,2014/09/13 18:02:20,0.1,57.49
812,POS消费,地点91,校车,2014/09/15 08:03:21,2.6,54.89
812,POS消费,地点2003,淋浴,2014/09/15 18:40:02,0.3,54.59
812,POS消费,地点2003,淋浴,2014/09/15 18:46:23,0.2,54.39
812,POS消费,地点256,食堂,2014/09/15 20:15:10,3.7,50.69
812,POS消费,地点258,食堂,2014/09/15 20:29:10,3.2,47.49
812,POS消费,地点91,校车,2014/09/16 07:47:33,2.63,44.86
812,POS消费,地点273,食堂,2014/09/16 12:07:36,10.1,34.76
812,POS消费,地点273,食堂,2014/09/16 12:08:21,9.2,25.56
812,POS消费,地点844,食堂,2014/09/16 12:08:31,2.4,23.16
812,POS消费,地点841,食堂,2014/09/16 12:21:39,2.9,20.26
812,POS消费,地点941,淋浴,2014/09/17 09:42:17,0.3,19.96
812,POS消费,地点941,淋浴,2014/09/17 09:46:07,0.3,19.66
812,POS消费,地点91,校车,2014/09/18 08:02:29,6.3,13.36
812,POS消费,地点232,食堂,2014/09/24 07:58:33,3.0,10.36
812,POS消费,地点909,淋浴,2014/09/25 00:06:42,0.7,9.66
812,POS消费,地点941,淋浴,2014/09/25 16:59:58,0.7,8.96
812,POS消费,地点941,淋浴,2014/09/27 12:11:20,1.3,7.66
812,POS消费,地点909,淋浴,2014/09/27 22:07:33,0.5,7.16
812,POS消费,地点232,食堂,2014/10/11 08:03:28,3.3,3.86
812,卡充值,,,2014/10/11 10:06:11,50.0,53.86
812,POS消费,地点21,开水,2014/10/11 10:08:07,3.0,50.86
812,POS消费,地点909,淋浴,2014/10/11 20:47:52,0.9,49.96
812,POS消费,地点941,淋浴,2014/10/12 20:35:50,1.0,48.96
812,POS消费,地点941,淋浴,2014/10/12 20:42:50,0.8,48.16
812,POS消费,地点909,淋浴,2014/10/13 12:43:52,0.7,47.46
812,POS消费,地点909,淋浴,2014/10/13 19:16:44,0.4,47.06
812,POS消费,地点941,淋浴,2014/10/13 21:21:33,0.5,46.56
812,POS消费,地点941,淋浴,2014/10/14 06:43:06,0.3,46.26
812,POS消费,地点941,淋浴,2014/10/15 12:00:23,0.3,45.96
812,POS消费,地点909,淋浴,2014/10/15 14:48:24,0.7,45.26
812,POS消费,地点941,淋浴,2014/10/15 14:59:49,0.7,44.56
812,POS消费,地点909,淋浴,2014/10/15 20:20:04,0.9,43.66
812,POS消费,地点941,淋浴,2014/10/16 07:03:12,0.3,43.36
812,POS消费,地点2003,淋浴,2014/10/16 08:06:01,0.1,43.26
812,POS消费,地点91,校车,2014/10/16 08:11:50,2.5,40.76
812,POS消费,地点91,校车,2014/10/16 08:12:03,10.1,30.66
812,POS消费,地点21,开水,2014/10/16 09:59:55,6.0,24.66
812,POS消费,地点941,淋浴,2014/10/16 18:56:14,0.6,24.06
812,POS消费,地点909,淋浴,2014/10/16 19:21:49,0.8,23.26
812,POS消费,地点941,淋浴,2014/10/17 07:01:11,0.3,22.96
812,POS消费,地点909,淋浴,2014/10/17 19:35:46,0.9,22.06
812,POS消费,地点941,淋浴,2014/10/17 20:21:18,0.6,21.46
812,POS消费,地点941,淋浴,2014/10/18 11:47:07,0.2,21.26
812,POS消费,地点2003,淋浴,2014/10/18 11:48:49,0.3,20.96
812,POS消费,地点941,淋浴,2014/10/19 08:55:45,0.1,20.86
812,POS消费,地点2003,淋浴,2014/10/19 08:56:43,0.4,20.46
812,POS消费,地点909,淋浴,2014/10/19 17:46:33,0.9,19.56
812,POS消费,地点2003,淋浴,2014/10/20 06:54:55,0.4,19.16
812,POS消费,地点909,淋浴,2014/10/20 12:03:27,1.2,17.96
812,POS消费,地点909,淋浴,2014/10/20 14:03:37,0.6,17.36
812,POS消费,地点91,校车,2014/10/21 07:58:17,7.9,9.46
812,POS消费,地点909,淋浴,2014/10/22 14:27:12,0.7,8.76
812,POS消费,地点941,淋浴,2014/10/22 22:56:30,1.8,6.96
812,POS消费,地点2004,淋浴,2014/10/28 20:49:40,1.1,5.86
812,POS消费,地点2003,淋浴,2014/10/28 21:37:07,0.5,5.36
812,POS消费,地点909,淋浴,2014/10/29 14:09:15,1.1,4.26
812,POS消费,地点2003,淋浴,2014/10/29 14:19:12,0.8,3.46
812,POS消费,地点909,淋浴,2014/10/29 19:32:54,1.0,2.46
812,POS消费,地点2003,淋浴,2014/10/30 07:14:56,0.4,2.06
812,POS消费,地点2004,淋浴,2014/10/30 17:50:27,1.0,1.06
812,POS消费,地点2004,淋浴,2014/10/30 17:59:50,0.1,0.96
812,POS消费,地点909,淋浴,2014/10/30 18:27:48,0.9,0.06
812,POS消费,地点1065,开水,2014/11/20 22:20:10,0.01,0.05
812,POS消费,地点1065,开水,2014/11/28 08:57:55,0.01,0.04
812,POS消费,地点2202,开水,2014/12/30 11:55:36,0.01,502.69
812,POS消费,地点1065,开水,2015/01/13 21:05:21,0.01,0.03
812,卡挂失,,,2015/03/25 10:19:13,0.0,0.0
812,卡补办,,,2015/08/26 12:58:54,60.0,45.03
812,更新卡信息,,,2015/08/26 12:59:40,0.0,0.0
812,POS消费,地点21,开水,2015/08/31 18:02:19,6.0,38.93
812,POS消费,地点21,开水,2015/08/31 18:02:24,4.0,34.93
