814,卡片开户,,,2014/07/12 14:57:10,0.0,0.0
814,卡充值,,,2014/08/29 10:25:57,500.0,500.0
814,POS消费,地点1439,开水,2014/08/29 10:51:57,0.14,499.86
814,POS消费,地点59,食堂,2014/08/29 11:53:53,0.6,499.26
814,POS消费,地点260,食堂,2014/08/29 12:08:26,2.0,497.26
814,POS消费,地点21,开水,2014/08/29 16:10:30,12.95,484.31
814,POS消费,地点161,食堂,2014/08/29 18:06:49,6.8,474.21
814,POS消费,地点89,食堂,2014/08/29 18:23:03,4.5,469.71
814,POS消费,地点65,食堂,2014/08/30 08:46:01,0.8,468.41
814,POS消费,地点61,食堂,2014/08/30 09:03:50,3.2,465.21
814,POS消费,地点60,食堂,2014/08/30 09:05:08,0.5,464.71
814,POS消费,地点228,食堂,2014/08/30 12:29:23,5.0,459.71
814,POS消费,地点231,食堂,2014/08/30 12:45:38,0.6,459.11
814,POS消费,地点188,超市,2014/08/30 20:49:54,11.8,447.31
814,POS消费,地点1310,洗衣房,2014/08/30 21:14:45,3.6,480.71
814,POS消费,地点1310,洗衣房,2014/08/30 21:14:56,-0.3,481.01
814,POS消费,地点192,超市,2014/08/31 10:11:22,2.4,444.61
814,POS消费,地点103,食堂,2014/08/31 12:23:16,3.7,440.91
814,POS消费,地点1847,食堂,2014/08/31 12:27:04,2.0,438.91
