8140,卡片开户,,,2014/07/12 10:55:08,0.0,0.0
8140,卡充值,,,2014/08/27 18:01:00,200.0,200.0
8140,POS消费,地点72,食堂,2014/08/28 12:23:21,8.6,191.4
8140,POS消费,地点72,食堂,2014/08/28 12:23:43,8.6,182.8
8140,POS消费,地点1442,校车,2014/08/28 13:08:18,1.0,181.8
8140,POS消费,地点1442,校车,2014/08/28 13:08:26,1.0,180.8
8140,POS消费,地点1451,校车,2014/08/28 16:35:55,1.0,179.8
8140,POS消费,地点1451,校车,2014/08/28 16:36:04,1.0,178.8
8140,POS消费,地点222,校车,2014/08/28 20:01:01,1.0,177.8
8140,POS消费,地点222,校车,2014/08/28 20:02:28,1.0,176.8
8140,POS消费,地点1451,校车,2014/08/29 07:36:27,1.0,175.8
8140,POS消费,地点1451,校车,2014/08/29 07:36:40,1.0,174.8
8140,POS消费,地点161,食堂,2014/08/29 13:17:14,7.6,154.6
8140,POS消费,地点61,食堂,2014/08/29 13:28:32,12.6,162.2
8140,POS消费,地点192,超市,2014/08/29 13:45:27,8.0,146.6
8140,POS消费,地点188,超市,2014/08/29 16:27:31,3.8,142.8
8140,POS消费,地点204,食堂,2014/08/29 18:49:00,11.0,131.8
8140,POS消费,地点88,食堂,2014/08/29 18:53:47,6.0,125.8
8140,POS消费,地点204,食堂,2014/08/29 18:58:51,12.0,113.8
8140,POS消费,地点222,校车,2014/08/29 19:25:23,1.0,112.8
8140,POS消费,地点222,校车,2014/08/29 19:27:37,1.0,111.8
8140,POS消费,地点146,校车,2014/08/30 08:17:26,1.0,110.8
8140,POS消费,地点146,校车,2014/08/30 10:07:19,1.0,109.8
8140,POS消费,地点157,食堂,2014/08/30 12:28:20,10.6,99.2
8140,POS消费,地点243,食堂,2014/08/30 12:46:58,3.5,95.7
8140,POS消费,地点222,校车,2014/08/30 16:36:31,1.0,94.7
8140,POS消费,地点168,食堂,2014/08/30 18:01:29,5.5,89.2
8140,POS消费,地点21,开水,2014/08/30 18:03:19,4.26,84.94
8140,POS消费,地点6,淋浴,2014/08/31 08:03:54,1.6,83.34
8140,POS消费,地点82,食堂,2014/08/31 11:14:29,6.9,76.44
8140,POS消费,地点188,超市,2014/08/31 16:37:14,0.4,76.04
8140,POS消费,地点51,洗衣房,2014/08/31 17:22:58,3.6,72.44
8140,POS消费,地点186,开水,2014/08/31 17:39:32,0.16,72.28
8140,POS消费,地点124,食堂,2014/08/31 18:13:38,4.5,67.78
8140,POS消费,地点1847,食堂,2014/08/31 18:33:56,4.0,63.78
8140,POS消费,地点51,洗衣房,2014/08/31 20:05:21,-2.82,63.0
8140,POS消费,地点51,洗衣房,2014/08/31 20:05:21,3.6,60.18
