8171,卡片开户,,,2014/07/10 15:54:04,0.0,0.0
8171,卡充值,,,2014/08/25 10:02:19,100.0,100.0
8171,POS消费,地点61,食堂,2014/08/25 11:54:11,8.6,91.4
8171,POS消费,地点192,超市,2014/08/25 12:07:03,2.8,88.6
8171,POS消费,地点192,超市,2014/08/25 14:26:20,7.2,81.4
8171,POS消费,地点192,超市,2014/08/25 14:29:48,2.0,79.4
8171,POS消费,地点87,食堂,2014/08/25 17:18:03,4.0,70.8
8171,POS消费,地点82,食堂,2014/08/25 17:33:33,4.6,74.8
8171,POS消费,地点188,超市,2014/08/25 21:16:25,4.5,66.3
8171,POS消费,地点945,淋浴,2014/08/25 22:05:06,0.6,65.7
8171,POS消费,地点806,开水,2014/08/25 22:57:13,0.01,65.69
8171,POS消费,地点69,食堂,2014/08/26 07:22:58,3.4,62.29
8171,POS消费,地点69,食堂,2014/08/26 07:23:31,3.4,58.89
8171,POS消费,地点60,食堂,2014/08/26 07:33:14,0.6,58.29
8171,POS消费,地点21,开水,2014/08/26 12:01:32,4.6,53.69
8171,POS消费,地点87,食堂,2014/08/26 12:04:29,4.0,49.69
8171,POS消费,地点12,文印中心,2014/08/26 17:13:42,5.0,44.69
8171,POS消费,地点248,超市,2014/08/26 17:18:24,0.6,44.09
8171,POS消费,地点69,食堂,2014/08/27 07:23:16,3.6,40.49
8171,POS消费,地点60,食堂,2014/08/27 07:33:15,0.5,39.99
8171,POS消费,地点87,食堂,2014/08/27 12:08:25,4.0,31.39
8171,POS消费,地点21,开水,2014/08/27 12:08:34,4.6,35.39
8171,卡充值,,,2014/08/27 16:38:07,100.0,131.39
8171,POS消费,地点1442,校车,2014/08/27 17:55:18,1.0,130.39
8171,POS消费,地点190,超市,2014/08/27 20:47:22,4.5,125.89
8171,POS消费,地点69,食堂,2014/08/28 07:29:23,5.0,120.89
8171,POS消费,地点60,食堂,2014/08/28 07:38:34,0.5,120.39
8171,POS消费,地点1442,校车,2014/08/28 13:01:55,1.0,119.39
8171,POS消费,地点222,校车,2014/08/28 18:57:59,1.0,118.39
8171,POS消费,地点1442,校车,2014/08/28 20:12:59,1.0,117.39
8171,POS消费,地点72,食堂,2014/08/29 11:31:51,8.6,108.79
8171,POS消费,地点72,食堂,2014/08/29 11:32:08,8.6,100.19
8171,POS消费,地点72,食堂,2014/08/29 11:32:25,8.6,91.59
8171,POS消费,地点87,食堂,2014/08/29 11:39:33,4.6,86.99
8171,POS消费,地点87,食堂,2014/08/29 11:39:39,4.0,82.99
8171,POS消费,地点211,校车,2014/08/29 17:08:49,1.0,81.99
8171,POS消费,地点61,食堂,2014/08/30 09:21:48,2.6,79.39
8171,POS消费,地点222,校车,2014/08/30 09:54:45,1.0,78.39
8171,POS消费,地点232,食堂,2014/08/30 12:13:25,12.0,66.39
8171,POS消费,地点1847,食堂,2014/08/30 12:21:34,3.0,63.39
8171,POS消费,地点61,食堂,2014/08/31 08:30:57,1.6,61.79
8171,POS消费,地点61,食堂,2014/08/31 08:31:06,1.0,60.79
8171,POS消费,地点12,文印中心,2014/08/31 10:47:26,5.0,55.79
8171,POS消费,地点21,开水,2014/08/31 10:49:54,0.6,55.19
8171,POS消费,地点1853,开水,2014/08/31 11:28:15,0.03,55.16
8171,POS消费,地点213,食堂,2014/08/31 14:44:03,8.4,46.76
8171,POS消费,地点1447,校车,2014/08/31 14:48:56,1.0,45.76
8171,POS消费,地点222,校车,2014/08/31 15:11:23,1.0,44.76
8171,POS消费,地点91,校车,2014/08/31 17:46:45,5.6,39.16
