8258,卡片开户,,,2014/07/16 11:38:41,0.0,0.0
8258,卡充值,,,2014/08/29 14:58:24,500.0,500.0
8258,POS消费,地点61,食堂,2014/08/29 18:30:17,6.6,493.4
8258,POS消费,地点60,食堂,2014/08/30 12:21:32,9.6,483.8
8258,POS消费,地点82,食堂,2014/08/30 17:55:36,8.1,475.7
8258,POS消费,地点1658,淋浴,2014/08/30 21:43:56,0.1,475.6
8258,POS消费,地点1658,淋浴,2014/08/30 21:59:48,0.6,475.0
8258,POS消费,地点1955,淋浴,2014/08/30 22:10:33,0.1,474.9
8258,POS消费,地点1955,淋浴,2014/08/30 22:11:09,0.2,474.7
8258,POS消费,地点82,食堂,2014/08/31 11:58:02,8.1,466.6
8258,POS消费,地点72,食堂,2014/08/31 18:15:34,4.6,462.0
8258,POS消费,地点188,超市,2014/08/31 18:25:44,3.0,459.0
