8261,卡片开户,,,2014/07/08 15:38:55,0.0,0.0
8261,卡充值,,,2014/08/28 19:33:37,100.0,100.0
8261,POS消费,地点746,洗衣房,2014/08/28 20:45:55,3.6,96.4
8261,POS消费,地点746,洗衣房,2014/08/28 21:49:47,3.6,92.8
8261,POS消费,地点746,洗衣房,2014/08/28 21:49:47,-3.12,95.92
8261,POS消费,地点230,食堂,2014/08/29 11:44:37,5.0,90.92
8261,POS消费,地点87,食堂,2014/08/29 12:50:38,0.6,90.32
8261,POS消费,地点59,食堂,2014/08/29 12:53:13,1.5,88.82
8261,POS消费,地点253,食堂,2014/08/29 13:06:33,5.25,83.57
8261,POS消费,地点251,食堂,2014/08/29 13:06:46,1.5,82.07
8261,POS消费,地点753,开水,2014/08/29 19:36:35,0.01,82.06
8261,POS消费,地点21,开水,2014/08/29 19:37:14,0.01,82.05
8261,POS消费,地点203,食堂,2014/08/29 19:54:13,5.5,76.55
8261,POS消费,地点204,食堂,2014/08/29 20:03:50,4.5,72.05
8261,POS消费,地点72,食堂,2014/08/30 09:35:12,3.0,69.05
8261,POS消费,地点168,食堂,2014/08/30 09:37:53,5.5,63.55
8261,POS消费,地点168,食堂,2014/08/30 09:39:29,1.0,62.55
8261,POS消费,地点65,食堂,2014/08/30 17:26:09,9.6,52.95
8261,POS消费,地点753,开水,2014/08/30 17:47:55,0.01,52.94
8261,POS消费,地点65,食堂,2014/08/31 07:48:49,0.8,52.14
8261,POS消费,地点161,食堂,2014/08/31 07:56:40,3.6,48.54
8261,POS消费,地点195,超市,2014/08/31 10:02:28,5.0,43.54
8261,POS消费,地点314,食堂,2014/08/31 10:31:24,2.2,41.34
8261,POS消费,地点314,食堂,2014/08/31 10:31:43,0.3,41.04
8261,POS消费,地点264,食堂,2014/08/31 10:51:07,10.6,30.44
8261,POS消费,地点1596,食堂,2014/08/31 11:18:18,0.2,30.24
8261,POS消费,地点746,洗衣房,2014/08/31 22:53:06,3.6,26.64
