8299,卡片开户,,,2014/07/18 11:34:22,0.0,0.0
8299,POS消费,地点27,教务处,2014/08/29 16:04:11,15.0,85.0
8299,卡充值,,,2014/08/29 16:04:20,100.0,100.0
8299,POS消费,地点1186,淋浴,2014/08/29 16:40:48,0.01,84.99
8299,POS消费,地点975,开水,2014/08/29 16:42:15,0.01,84.98
8299,POS消费,地点72,食堂,2014/08/29 18:56:13,8.2,76.78
8299,POS消费,地点1406,淋浴,2014/08/29 20:48:42,0.3,76.48
8299,POS消费,地点1518,洗衣房,2014/08/29 21:00:06,-1.14,74.02
8299,POS消费,地点1518,洗衣房,2014/08/29 21:00:06,3.6,72.88
8299,POS消费,地点1518,洗衣房,2014/08/29 21:41:13,3.6,70.42
8299,POS消费,地点1518,洗衣房,2014/08/29 21:41:13,-2.22,72.64
8299,POS消费,地点61,食堂,2014/08/30 09:28:13,3.4,69.24
8299,POS消费,地点60,食堂,2014/08/30 12:09:59,10.6,58.64
8299,POS消费,地点60,食堂,2014/08/30 12:10:47,5.6,53.04
8299,POS消费,地点192,超市,2014/08/30 12:39:45,2.9,50.14
8299,POS消费,地点91,校车,2014/08/30 17:51:06,8.0,42.14
8299,POS消费,地点218,食堂,2014/08/30 18:13:21,2.9,39.24
8299,POS消费,地点1406,淋浴,2014/08/30 21:24:40,0.6,38.64
8299,POS消费,地点89,食堂,2014/08/31 08:41:42,3.0,35.64
8299,POS消费,地点134,食堂,2014/08/31 11:34:07,5.4,30.24
8299,POS消费,地点840,食堂,2014/08/31 17:55:48,4.5,25.74
8299,POS消费,地点21,开水,2014/08/31 18:13:16,14.0,11.74
8299,POS消费,地点1406,淋浴,2014/08/31 19:22:44,0.4,11.34
8299,POS消费,地点1406,淋浴,2014/08/31 19:34:34,0.2,11.14
8299,POS消费,地点21,开水,2014/08/31 19:52:41,6.1,5.04
