8302,卡片开户,,,2014/07/19 11:52:56,0.0,0.0
8302,卡充值,,,2014/08/28 16:30:55,300.0,300.0
8302,POS消费,地点168,食堂,2014/08/28 19:22:46,22.0,278.0
8302,POS消费,地点168,食堂,2014/08/28 19:27:04,10.0,268.0
8302,POS消费,地点65,食堂,2014/08/29 13:09:32,12.6,255.4
8302,POS消费,地点65,食堂,2014/08/29 13:09:53,12.6,242.8
8302,POS消费,地点213,食堂,2014/08/29 13:36:49,2.0,240.8
8302,卡充值,,,2014/08/29 15:24:08,500.0,740.8
8302,POS消费,地点314,食堂,2014/08/30 10:14:37,3.0,737.8
8302,POS消费,地点21,开水,2014/08/30 11:39:49,6.0,731.8
8302,POS消费,地点21,开水,2014/08/30 11:41:45,1.5,730.3
8302,POS消费,地点195,超市,2014/08/30 13:20:24,9.8,720.5
8302,POS消费,地点1961,超市,2014/08/30 13:30:12,4.8,715.7
8302,POS消费,地点262,食堂,2014/08/30 17:15:18,3.0,711.1
8302,POS消费,地点21,开水,2014/08/30 17:28:25,1.6,714.1
8302,POS消费,地点242,食堂,2014/08/30 17:28:45,1.5,709.6
8302,POS消费,地点242,食堂,2014/08/30 17:29:13,1.5,708.1
8302,POS消费,地点21,开水,2014/08/30 17:30:40,0.35,707.75
8302,POS消费,地点251,食堂,2014/08/30 17:31:01,1.2,706.55
8302,POS消费,地点873,淋浴,2014/08/30 21:20:42,0.6,705.95
8302,POS消费,地点65,食堂,2014/08/31 12:07:09,5.4,700.55
8302,POS消费,地点124,食堂,2014/08/31 17:50:00,3.0,697.55
