8356,卡片开户,,,2014/07/12 11:05:11,0.0,0.0
8356,卡挂失,,,2014/08/28 15:55:05,0.0,0.0
8356,卡片开户,,,2014/08/28 15:56:30,100.0,85.0
8356,POS消费,地点283,食堂,2014/08/29 12:04:57,9.0,76.0
8356,POS消费,地点283,食堂,2014/08/29 12:05:05,-9.0,85.0
8356,POS消费,地点283,食堂,2014/08/29 12:05:13,6.0,79.0
8356,POS消费,地点48,淋浴,2014/08/29 15:08:31,1.2,77.8
8356,POS消费,地点744,开水,2014/08/29 22:44:29,0.01,77.77
8356,POS消费,地点744,开水,2014/08/29 22:45:18,0.03,77.74
8356,POS消费,地点69,食堂,2014/08/30 11:16:54,8.6,69.14
8356,POS消费,地点744,开水,2014/08/30 12:24:34,0.01,69.13
8356,POS消费,地点744,开水,2014/08/30 12:27:57,0.09,69.04
8356,POS消费,地点72,食堂,2014/08/30 17:42:38,5.6,63.44
8356,POS消费,地点744,开水,2014/08/31 08:07:27,0.09,63.35
8356,POS消费,地点83,食堂,2014/08/31 11:33:44,1.5,61.85
8356,POS消费,地点21,开水,2014/08/31 11:38:53,7.6,54.25
8356,POS消费,地点21,开水,2014/08/31 17:05:15,4.6,49.65
8356,POS消费,地点314,食堂,2014/08/31 21:15:00,1.4,48.25
