8374,卡片开户,,,2014/07/20 13:16:31,0.0,0.0
8374,卡充值,,,2014/08/28 17:18:08,300.0,300.0
8374,POS消费,地点146,校车,2014/08/29 11:42:39,1.0,299.0
8374,POS消费,地点72,食堂,2014/08/30 09:34:15,3.0,296.0
8374,POS消费,地点263,食堂,2014/08/30 11:46:36,5.6,290.4
8374,POS消费,地点188,超市,2014/08/30 12:07:14,30.0,260.4
8374,POS消费,地点188,超市,2014/08/30 12:07:18,5.0,255.4
8374,POS消费,地点82,食堂,2014/08/30 17:42:51,7.8,247.6
8374,POS消费,地点21,开水,2014/08/30 22:08:20,25.5,222.1
8374,POS消费,地点21,开水,2014/08/30 22:08:38,0.3,221.8
8374,POS消费,地点103,食堂,2014/08/31 08:26:22,1.4,220.4
8374,POS消费,地点21,开水,2014/08/31 11:21:01,5.6,214.8
8374,POS消费,地点213,食堂,2014/08/31 13:09:40,0.8,214.0
8374,POS消费,地点91,校车,2014/08/31 17:08:25,7.1,206.9
