8442,卡片开户,,,2014/07/14 10:17:04,0.0,0.0
8442,卡充值,,,2014/08/30 08:59:48,500.0,500.0
8442,POS消费,地点69,食堂,2014/08/30 12:11:51,4.6,495.39
8442,POS消费,地点1914,淋浴,2014/08/30 22:23:02,0.1,495.29
8442,POS消费,地点1914,淋浴,2014/08/30 22:28:53,0.5,494.79
8442,POS消费,地点91,校车,2014/08/31 11:11:06,4.6,490.19
8442,POS消费,地点21,开水,2014/08/31 11:39:09,1.8,488.39
8442,POS消费,地点69,食堂,2014/08/31 17:28:02,5.6,482.79
8442,POS消费,地点243,食堂,2014/08/31 17:40:41,1.0,481.79
