8494,卡片开户,,,2014/07/17 16:23:22,0.0,0.0
8494,更新卡信息,,,2014/07/17 16:43:59,0.0,0.0
8494,卡充值,,,2014/08/28 19:24:17,200.0,200.0
8494,POS消费,地点566,开水,2014/08/28 21:15:35,0.01,199.99
8494,POS消费,地点192,超市,2014/08/28 22:17:07,10.4,189.59
8494,POS消费,地点1472,校车,2014/08/29 09:02:31,1.0,188.59
8494,POS消费,地点1472,校车,2014/08/29 17:58:03,1.0,187.59
8494,POS消费,地点566,开水,2014/08/29 18:22:19,0.01,187.58
8494,POS消费,地点1448,校车,2014/08/29 19:17:58,1.0,186.58
8494,POS消费,地点1447,校车,2014/08/30 16:00:32,1.0,185.58
8494,POS消费,地点816,校车,2014/08/30 17:08:24,1.0,184.58
8494,POS消费,地点1472,校车,2014/08/30 17:50:04,1.0,183.58
8494,POS消费,地点190,超市,2014/08/30 18:12:49,28.0,155.58
8494,POS消费,地点566,开水,2014/08/30 18:28:43,0.01,155.57
8494,POS消费,地点87,食堂,2014/08/31 07:46:58,3.0,152.57
8494,POS消费,地点179,食堂,2014/08/31 12:11:41,5.6,146.97
8494,POS消费,地点1847,食堂,2014/08/31 12:15:18,2.2,144.77
8494,POS消费,地点243,食堂,2014/08/31 17:57:50,3.0,141.77
8494,POS消费,地点69,食堂,2014/08/31 18:02:41,5.6,136.17
8494,POS消费,地点1533,淋浴,2014/08/31 23:53:29,0.1,136.07
