8516,POS消费,地点21,开水,2013/09/01 07:57:45,3.6,132.3
8516,POS消费,地点162,食堂,2013/09/01 11:42:28,10.6,121.7
8516,POS消费,地点69,食堂,2013/09/02 07:11:50,1.4,119.5
8516,POS消费,地点580,淋浴,2013/09/02 08:29:06,0.1,121.5
8516,POS消费,地点580,淋浴,2013/09/02 08:29:06,0.1,121.6
8516,POS消费,地点580,淋浴,2013/09/02 08:29:07,0.6,120.9
8516,POS消费,地点273,食堂,2013/09/02 12:16:55,10.7,108.8
8516,POS消费,地点21,开水,2013/09/02 21:59:22,8.0,100.8
8516,POS消费,地点21,开水,2013/09/02 21:59:58,8.0,92.8
8516,POS消费,地点21,开水,2013/09/03 07:50:40,5.5,87.3
8516,POS消费,地点21,开水,2013/09/03 12:20:44,5.0,82.3
8516,POS消费,地点21,开水,2013/09/03 12:20:57,5.0,77.3
8516,POS消费,地点257,食堂,2013/09/03 12:26:52,1.8,75.5
8516,POS消费,地点841,食堂,2013/09/03 12:31:11,3.0,72.5
8516,POS消费,地点241,食堂,2013/09/03 18:13:06,8.6,63.9
8516,POS消费,地点241,食堂,2013/09/03 18:13:27,8.6,55.3
8516,POS消费,地点841,食堂,2013/09/03 18:15:19,2.2,53.1
8516,POS消费,地点578,淋浴,2013/09/03 18:27:48,0.1,53.0
8516,POS消费,地点578,淋浴,2013/09/03 18:35:07,0.4,52.6
8516,POS消费,地点267,食堂,2013/09/04 07:48:08,7.73,44.87
8516,POS消费,地点267,食堂,2013/09/04 07:48:23,3.63,41.24
8516,POS消费,地点232,食堂,2013/09/04 12:16:16,5.0,36.24
8516,POS消费,地点232,食堂,2013/09/04 12:16:23,5.0,31.24
8516,POS消费,地点841,食堂,2013/09/04 12:20:46,4.4,26.84
8516,POS消费,地点241,食堂,2013/09/04 18:12:52,8.6,18.24
8516,POS消费,地点241,食堂,2013/09/04 18:13:38,9.6,8.64
8516,POS消费,地点257,食堂,2013/09/04 18:16:48,2.2,6.44
8516,POS消费,地点241,食堂,2013/09/05 07:44:19,4.63,1.81
8516,卡充值,,,2013/09/05 12:06:29,150.0,151.81
8516,POS消费,地点21,开水,2013/09/05 12:16:13,10.6,132.61
8516,POS消费,地点21,开水,2013/09/05 12:16:28,8.6,143.21
8516,POS消费,地点841,食堂,2013/09/05 12:20:58,3.5,129.11
8516,POS消费,地点168,食堂,2013/09/05 18:05:17,5.5,123.61
8516,POS消费,地点842,食堂,2013/09/06 07:21:45,7.2,116.41
8516,POS消费,地点842,食堂,2013/09/06 07:22:16,4.0,112.41
8516,POS消费,地点168,食堂,2013/09/06 11:52:16,6.5,105.91
8516,POS消费,地点578,淋浴,2013/09/06 17:48:30,0.9,105.01
8516,POS消费,地点838,食堂,2013/09/07 07:12:51,7.53,97.48
8516,POS消费,地点838,食堂,2013/09/07 07:13:29,3.83,93.65
8516,POS消费,地点232,食堂,2013/09/07 11:32:38,6.0,87.65
8516,POS消费,地点232,食堂,2013/09/07 11:32:46,0.5,87.15
8516,POS消费,地点232,食堂,2013/09/07 11:33:15,0.5,86.65
8516,POS消费,地点840,食堂,2013/09/07 17:42:03,8.6,78.05
8516,POS消费,地点840,食堂,2013/09/08 07:31:54,3.63,74.42
8516,POS消费,地点578,淋浴,2013/09/08 12:01:45,0.7,73.72
8516,POS消费,地点114,食堂,2013/09/08 17:44:44,2.0,71.72
8516,POS消费,地点232,食堂,2013/09/09 07:33:24,4.03,67.69
8516,POS消费,地点151,开水,2013/09/09 07:56:53,0.01,67.68
8516,POS消费,地点842,食堂,2013/09/10 07:07:59,4.0,63.68
8516,POS消费,地点578,淋浴,2013/09/10 11:51:25,0.8,62.88
8516,POS消费,地点91,校车,2013/09/11 07:12:14,6.43,56.45
8516,POS消费,地点270,食堂,2013/09/11 11:34:54,11.0,45.45
8516,POS消费,地点21,开水,2013/09/11 17:33:43,4.6,36.25
8516,POS消费,地点240,食堂,2013/09/11 17:34:08,4.6,40.85
8516,POS消费,地点21,开水,2013/09/11 20:16:16,3.0,33.25
8516,POS消费,地点280,食堂,2013/09/11 20:16:32,0.6,32.65
8516,POS消费,地点254,食堂,2013/09/11 20:19:11,5.5,27.15
8516,POS消费,地点578,淋浴,2013/09/12 11:30:33,0.2,26.95
8516,POS消费,地点578,淋浴,2013/09/12 11:36:10,0.8,25.95
8516,POS消费,地点580,淋浴,2013/09/12 11:38:11,0.2,26.75
8516,POS消费,地点161,食堂,2013/09/13 07:08:59,4.3,21.65
8516,POS消费,地点161,食堂,2013/09/13 07:09:21,5.3,16.35
8516,POS消费,地点182,食堂,2013/09/13 07:20:02,1.0,15.35
8516,POS消费,地点578,淋浴,2013/09/13 17:18:24,1.0,14.35
8516,POS消费,地点578,淋浴,2013/09/13 17:29:53,0.1,14.25
8516,POS消费,地点232,食堂,2013/09/14 07:10:38,3.8,10.45
8516,POS消费,地点168,食堂,2013/09/14 17:24:10,4.5,5.95
8516,POS消费,地点204,食堂,2013/09/14 17:26:29,1.0,4.95
8516,卡充值,,,2013/09/14 17:37:15,200.0,204.95
8516,POS消费,地点243,食堂,2013/09/14 17:42:31,1.8,203.15
8516,POS消费,地点118,食堂,2013/09/14 17:46:27,3.1,200.05
8516,POS消费,地点580,淋浴,2013/09/16 12:11:11,0.5,199.55
8516,POS消费,地点21,开水,2013/09/16 18:35:00,4.5,195.05
8516,POS消费,地点118,食堂,2013/09/16 21:46:43,5.5,189.55
8516,POS消费,地点195,超市,2013/09/17 12:31:46,0.1,189.45
8516,POS消费,地点195,超市,2013/09/17 12:31:52,0.3,189.15
8516,POS消费,地点151,开水,2013/09/18 06:42:11,0.01,189.14
8516,POS消费,地点578,淋浴,2013/09/19 09:19:22,1.0,188.14
8516,POS消费,地点118,食堂,2013/09/19 22:03:54,4.2,183.94
8516,POS消费,地点578,淋浴,2013/09/21 10:39:08,0.8,183.14
8516,POS消费,地点244,食堂,2013/09/22 07:00:03,4.83,178.31
8516,POS消费,地点118,食堂,2013/09/22 09:39:48,2.9,175.41
8516,POS消费,地点578,淋浴,2013/09/22 18:51:49,0.5,174.91
8516,POS消费,地点279,食堂,2013/09/23 06:57:33,3.6,171.31
8516,POS消费,地点91,校车,2013/09/24 06:47:17,3.0,168.31
8516,POS消费,地点244,食堂,2013/09/25 06:56:05,4.6,163.71
8516,POS消费,地点219,超市,2013/09/25 12:31:11,4.0,159.71
8516,POS消费,地点268,食堂,2013/09/26 07:03:00,3.83,155.88
8516,POS消费,地点168,食堂,2013/09/26 19:21:28,5.5,150.38
8516,POS消费,地点203,食堂,2013/09/26 19:43:21,6.1,144.28
8516,POS消费,地点151,开水,2013/09/27 06:23:35,0.01,144.27
8516,POS消费,地点61,食堂,2013/09/27 07:05:32,4.2,140.07
8516,POS消费,地点260,食堂,2013/09/27 07:06:08,2.7,137.37
8516,POS消费,地点105,食堂,2013/09/27 18:37:54,5.6,131.77
8516,POS消费,地点217,食堂,2013/09/27 18:51:15,1.0,130.77
8516,POS消费,地点219,超市,2013/09/28 09:58:33,4.5,126.27
8516,POS消费,地点219,超市,2013/09/28 15:23:54,2.0,124.27
8516,POS消费,地点219,超市,2013/09/28 15:24:48,3.0,121.27
8516,POS消费,地点219,超市,2013/09/28 15:25:09,1.0,120.27
8516,POS消费,地点219,超市,2013/09/28 15:31:41,9.0,111.27
8516,POS消费,地点274,超市,2013/09/28 21:02:22,12.6,89.67
8516,POS消费,地点21,开水,2013/09/28 21:05:44,9.0,102.27
8516,POS消费,地点280,食堂,2013/09/28 21:15:08,3.0,86.67
8516,POS消费,地点258,食堂,2013/09/28 21:19:44,8.0,78.67
8516,POS消费,地点219,超市,2013/09/29 10:50:27,10.0,68.67
8516,POS消费,地点219,超市,2013/09/29 10:53:06,6.0,62.67
8516,POS消费,地点219,超市,2013/09/29 10:53:15,8.0,54.67
8516,POS消费,地点219,超市,2013/09/29 10:54:06,16.0,38.67
8516,POS消费,地点219,超市,2013/09/29 11:33:18,8.5,30.17
8516,POS消费,地点578,淋浴,2013/09/30 17:36:45,0.6,29.57
8516,POS消费,地点274,超市,2013/09/30 18:53:36,22.3,7.27
8516,POS消费,地点274,超市,2013/09/30 19:10:54,0.6,6.67
8516,POS消费,地点21,开水,2013/10/01 08:37:22,5.66,1.01
8516,卡充值,,,2013/10/09 12:11:55,100.0,101.01
8516,POS消费,地点219,超市,2013/10/09 12:27:40,5.0,96.01
8516,POS消费,地点12,文印中心,2013/10/10 06:58:01,3.0,93.01
8516,POS消费,地点578,淋浴,2013/10/10 12:09:53,0.3,92.71
8516,POS消费,地点1022,淋浴,2013/10/10 13:23:00,0.7,92.01
8516,POS消费,地点150,食堂,2013/10/10 18:29:45,4.5,87.51
8516,POS消费,地点182,食堂,2013/10/11 08:08:43,3.0,84.51
8516,POS消费,地点162,食堂,2013/10/11 11:10:05,8.6,75.91
8516,POS消费,地点21,开水,2013/10/11 11:18:41,2.9,73.01
8516,POS消费,地点226,食堂,2013/10/11 17:55:28,1.8,71.21
8516,POS消费,地点252,食堂,2013/10/11 17:57:07,5.6,65.61
8516,POS消费,地点226,食堂,2013/10/11 17:57:44,1.5,64.11
8516,POS消费,地点21,开水,2013/10/12 06:59:09,4.9,59.21
8516,POS消费,地点118,食堂,2013/10/12 21:13:28,19.0,40.21
8516,POS消费,地点118,食堂,2013/10/12 21:13:46,-19.0,59.21
8516,POS消费,地点118,食堂,2013/10/12 21:13:50,16.0,43.21
8516,POS消费,地点105,食堂,2013/10/13 18:41:54,7.6,34.61
8516,POS消费,地点21,开水,2013/10/14 08:10:49,3.0,31.61
8516,POS消费,地点21,开水,2013/10/14 08:11:32,1.0,30.61
8516,POS消费,地点219,超市,2013/10/14 10:54:13,6.0,24.61
8516,POS消费,地点250,食堂,2013/10/14 18:08:14,14.0,10.61
8516,POS消费,地点272,食堂,2013/10/14 18:11:00,9.0,1.61
8516,卡充值,,,2013/10/16 12:19:48,100.0,101.61
8516,POS消费,地点21,开水,2013/10/16 12:22:27,3.0,98.61
8516,POS消费,地点6,淋浴,2013/10/16 18:12:14,5.0,93.61
8516,POS消费,地点246,食堂,2013/10/16 18:16:39,0.8,92.81
8516,POS消费,地点21,开水,2013/10/17 06:59:59,3.0,89.81
8516,POS消费,地点228,食堂,2013/10/17 17:51:15,7.0,82.81
8516,POS消费,地点231,食堂,2013/10/17 17:52:11,0.6,82.21
8516,POS消费,地点21,开水,2013/10/18 07:00:15,4.0,78.21
8516,POS消费,地点105,食堂,2013/10/18 18:07:55,4.4,73.81
8516,POS消费,地点226,食堂,2013/10/18 18:08:29,1.2,72.61
8516,POS消费,地点118,食堂,2013/10/19 11:22:29,2.0,70.61
8516,POS消费,地点578,淋浴,2013/10/19 17:08:01,1.4,69.21
8516,POS消费,地点274,超市,2013/10/19 19:59:46,8.6,60.61
8516,POS消费,地点274,超市,2013/10/19 20:00:39,5.0,55.61
8516,POS消费,地点254,食堂,2013/10/19 20:19:16,7.0,48.61
8516,POS消费,地点247,食堂,2013/10/20 09:58:15,10.0,38.61
8516,POS消费,地点252,食堂,2013/10/20 18:30:49,5.6,33.01
8516,POS消费,地点21,开水,2013/10/20 18:32:37,4.9,28.11
8516,POS消费,地点21,开水,2013/10/21 07:02:32,4.3,23.81
8516,POS消费,地点21,开水,2013/10/21 17:59:56,3.0,20.81
8516,POS消费,地点21,开水,2013/10/22 07:01:04,2.8,18.01
8516,POS消费,地点21,开水,2013/10/22 07:01:53,0.5,17.51
8516,POS消费,地点154,食堂,2013/10/23 07:04:29,3.33,14.18
8516,POS消费,地点543,淋浴,2013/10/23 09:06:45,1.0,42.21
8516,POS消费,地点105,食堂,2013/10/23 18:50:35,4.6,9.58
8516,POS消费,地点21,开水,2013/10/24 07:00:11,4.33,5.25
8516,POS消费,地点91,校车,2013/10/25 07:05:54,3.03,2.22
8516,卡充值,,,2013/10/28 12:36:40,100.0,102.22
8516,POS消费,地点162,食堂,2013/10/28 18:02:19,11.2,91.02
8516,POS消费,地点91,校车,2013/10/29 07:05:39,3.83,86.39
8516,POS消费,地点182,食堂,2013/10/29 12:04:36,5.9,80.49
8516,POS消费,地点154,食堂,2013/10/29 17:34:00,7.7,72.79
8516,POS消费,地点246,食堂,2013/10/29 17:38:52,1.8,70.99
8516,POS消费,地点151,开水,2013/10/29 18:17:30,0.01,70.98
8516,POS消费,地点91,校车,2013/10/30 07:03:52,5.33,65.65
8516,POS消费,地点21,开水,2013/10/31 07:06:54,1.93,63.72
8516,POS消费,地点232,食堂,2013/10/31 11:37:38,5.6,58.12
8516,POS消费,地点150,食堂,2013/10/31 18:42:28,3.0,55.12
8516,POS消费,地点57,食堂,2013/11/01 07:06:08,3.83,51.29
8516,POS消费,地点526,食堂,2013/11/01 13:43:17,7.0,44.29
8516,POS消费,地点274,超市,2013/11/02 19:49:56,15.6,28.69
8516,POS消费,地点274,超市,2013/11/02 19:51:24,15.6,13.09
8516,POS消费,地点256,食堂,2013/11/02 19:55:13,1.5,11.59
8516,POS消费,地点274,超市,2013/11/02 20:09:58,0.2,11.39
8516,POS消费,地点254,食堂,2013/11/02 20:12:36,10.0,1.39
8516,卡充值,,,2013/11/04 12:10:33,100.0,101.39
8516,POS消费,地点105,食堂,2013/11/04 12:17:44,4.6,96.79
8516,POS消费,地点195,超市,2013/11/04 15:57:53,4.0,92.79
8516,POS消费,地点154,食堂,2013/11/05 07:01:54,6.4,86.39
8516,POS消费,地点182,食堂,2013/11/06 08:09:28,3.0,83.39
8516,POS消费,地点154,食堂,2013/11/06 08:18:32,1.5,81.89
8516,POS消费,地点21,开水,2013/11/07 07:02:11,4.0,77.89
8516,POS消费,地点240,食堂,2013/11/07 07:05:31,0.5,77.39
8516,POS消费,地点21,开水,2013/11/07 07:08:34,1.4,75.99
8516,POS消费,地点21,开水,2013/11/07 17:08:34,2.5,73.49
8516,POS消费,地点21,开水,2013/11/07 17:08:40,0.03,73.46
8516,POS消费,地点265,食堂,2013/11/07 17:10:07,1.8,71.66
8516,POS消费,地点21,开水,2013/11/07 17:17:19,5.0,66.66
8516,POS消费,地点57,食堂,2013/11/08 07:05:57,6.8,59.86
8516,POS消费,地点21,开水,2013/11/08 13:03:25,5.0,54.86
8516,POS消费,地点267,食堂,2013/11/09 11:45:54,7.1,47.76
8516,POS消费,地点578,淋浴,2013/11/09 21:01:08,0.8,46.96
8516,POS消费,地点154,食堂,2013/11/10 11:38:22,8.1,38.86
8516,POS消费,地点217,食堂,2013/11/10 11:51:21,2.9,35.96
8516,POS消费,地点21,开水,2013/11/11 08:07:53,3.0,32.96
8516,POS消费,地点21,开水,2013/11/11 08:08:07,2.0,30.96
8516,POS消费,地点21,开水,2013/11/11 08:08:28,2.0,28.96
8516,POS消费,地点543,淋浴,2013/11/11 10:28:28,0.8,90.22
8516,POS消费,地点6,淋浴,2013/11/12 17:46:29,5.0,23.96
8516,POS消费,地点305,食堂,2013/11/12 17:51:28,0.8,23.16
8516,POS消费,地点91,校车,2013/11/13 07:02:54,0.8,22.36
8516,POS消费,地点91,校车,2013/11/13 07:03:16,2.53,19.83
8516,POS消费,地点280,食堂,2013/11/13 20:18:43,1.5,13.33
8516,POS消费,地点280,食堂,2013/11/13 20:24:45,2.7,10.63
8516,POS消费,地点21,开水,2013/11/13 20:25:09,5.0,14.83
8516,POS消费,地点182,食堂,2013/11/14 08:09:31,4.0,6.63
8516,POS消费,地点162,食堂,2013/11/14 08:20:13,3.2,3.43
8516,卡充值,,,2013/11/14 18:04:21,100.0,103.43
8516,POS消费,地点21,开水,2013/11/14 18:07:54,3.0,100.43
8516,POS消费,地点246,食堂,2013/11/14 18:08:54,0.8,99.63
8516,POS消费,地点217,食堂,2013/11/14 18:16:41,1.8,97.83
8516,POS消费,地点59,食堂,2013/11/15 07:03:32,2.8,95.03
8516,POS消费,地点240,食堂,2013/11/15 07:07:07,0.5,94.53
8516,POS消费,地点91,校车,2013/11/15 11:56:04,6.8,87.73
8516,POS消费,地点118,食堂,2013/11/15 15:45:42,6.2,81.53
8516,POS消费,地点232,食堂,2013/11/16 12:11:58,4.5,77.03
8516,POS消费,地点283,食堂,2013/11/16 12:26:49,1.5,75.53
8516,POS消费,地点1022,淋浴,2013/11/17 17:56:18,1.6,73.93
8516,POS消费,地点21,开水,2013/11/17 18:34:48,6.6,67.33
8516,POS消费,地点21,开水,2013/11/18 06:54:40,3.5,63.83
8516,POS消费,地点21,开水,2013/11/18 06:56:24,0.7,63.13
8516,POS消费,地点182,食堂,2013/11/18 17:57:17,2.1,57.43
8516,POS消费,地点21,开水,2013/11/18 18:09:36,4.0,53.43
8516,POS消费,地点217,食堂,2013/11/18 18:13:23,1.8,51.63
8516,POS消费,地点27,教务处,2013/11/18 18:36:52,3.6,59.53
8516,POS消费,地点182,食堂,2013/11/19 07:02:05,3.0,48.63
8516,POS消费,地点162,食堂,2013/11/19 07:06:07,1.33,47.3
8516,POS消费,地点12,文印中心,2013/11/19 18:17:43,0.1,47.2
8516,POS消费,地点12,文印中心,2013/11/19 18:18:05,0.6,46.6
8516,POS消费,地点21,开水,2013/11/20 07:00:58,3.0,43.6
8516,POS消费,地点105,食堂,2013/11/20 07:01:30,0.7,42.9
8516,POS消费,地点217,食堂,2013/11/20 16:11:12,1.8,41.1
8516,POS消费,地点203,食堂,2013/11/20 16:26:20,5.5,35.6
8516,POS消费,地点283,食堂,2013/11/20 16:29:17,1.5,34.1
8516,POS消费,地点21,开水,2013/11/20 17:21:42,4.6,29.5
8516,POS消费,地点21,开水,2013/11/20 17:27:18,4.6,24.9
8516,POS消费,地点21,开水,2013/11/21 07:06:53,3.8,21.1
8516,POS消费,地点21,开水,2013/11/21 07:07:22,0.5,20.6
8516,POS消费,地点240,食堂,2013/11/21 07:10:27,0.7,19.9
8516,POS消费,地点265,食堂,2013/11/21 11:14:52,1.2,18.7
8516,POS消费,地点265,食堂,2013/11/21 11:15:02,1.2,17.5
8516,POS消费,地点6,淋浴,2013/11/21 11:16:52,7.0,10.5
8516,POS消费,地点21,开水,2013/11/21 18:01:22,3.0,7.5
8516,POS消费,地点91,校车,2013/11/22 06:59:57,3.8,3.7
8516,POS消费,地点91,校车,2013/11/22 07:00:14,2.5,1.2
8516,卡充值,,,2013/11/22 12:16:55,50.0,51.2
8516,POS消费,地点91,校车,2013/11/22 12:20:13,5.5,45.7
8516,POS消费,地点217,食堂,2013/11/22 12:28:45,1.8,43.9
8516,POS消费,地点21,开水,2013/11/22 21:34:08,5.0,38.9
8516,POS消费,地点57,食堂,2013/11/23 07:48:42,5.0,33.9
8516,POS消费,地点1022,淋浴,2013/11/23 20:04:07,1.3,32.6
8516,POS消费,地点21,开水,2013/11/24 07:24:14,3.3,29.3
8516,POS消费,地点21,开水,2013/11/24 07:24:31,3.8,25.5
8516,POS消费,地点21,开水,2013/11/24 07:25:00,5.5,20.0
8516,POS消费,地点21,开水,2013/11/24 07:25:20,3.05,16.95
8516,POS消费,地点21,开水,2013/11/24 07:35:07,2.3,14.65
8516,POS消费,地点226,食堂,2013/11/24 17:01:03,2.1,12.55
8516,POS消费,地点226,食堂,2013/11/24 17:01:07,1.9,10.65
8516,POS消费,地点246,食堂,2013/11/24 17:02:25,2.0,3.65
8516,POS消费,地点105,食堂,2013/11/24 17:02:35,5.0,5.65
8516,卡充值,,,2013/11/26 18:06:25,50.0,53.65
8516,POS消费,地点21,开水,2013/11/26 18:09:58,5.5,48.15
8516,POS消费,地点246,食堂,2013/11/26 18:17:07,1.05,47.1
8516,POS消费,地点158,食堂,2013/11/27 08:07:49,2.8,44.3
8516,POS消费,地点213,食堂,2013/11/27 15:17:24,0.45,43.85
8516,POS消费,地点247,食堂,2013/11/27 16:38:56,15.0,28.85
8516,POS消费,地点59,食堂,2013/11/28 07:08:08,3.43,25.42
8516,POS消费,地点158,食堂,2013/11/28 08:06:08,4.0,21.42
8516,POS消费,地点91,校车,2013/11/28 18:43:30,4.5,16.92
8516,POS消费,地点526,食堂,2013/11/28 18:56:35,3.5,13.42
8516,POS消费,地点182,食堂,2013/11/29 08:10:00,3.0,10.42
8516,POS消费,地点182,食堂,2013/11/29 08:10:11,3.0,7.42
8516,POS消费,地点1022,淋浴,2013/11/29 22:24:01,0.6,6.82
8516,POS消费,地点1026,淋浴,2013/11/29 22:31:17,0.9,5.92
8516,POS消费,地点540,淋浴,2013/11/29 23:14:11,1.3,4.62
8516,POS消费,地点91,校车,2013/12/01 18:30:33,3.0,1.62
8516,卡充值,,,2013/12/04 17:31:52,50.0,51.62
8516,POS消费,地点270,食堂,2013/12/04 17:37:18,5.5,46.12
8516,POS消费,地点217,食堂,2013/12/04 17:53:26,2.5,43.62
8516,POS消费,地点217,食堂,2013/12/04 17:53:32,0.03,43.59
8516,POS消费,地点21,开水,2013/12/05 07:10:15,4.33,39.26
8516,POS消费,地点182,食堂,2013/12/05 08:07:28,3.0,36.26
8516,POS消费,地点21,开水,2013/12/05 17:33:42,4.6,31.66
8516,POS消费,地点246,食堂,2013/12/05 17:39:22,2.8,28.86
8516,POS消费,地点91,校车,2013/12/06 08:05:29,3.9,24.96
8516,POS消费,地点146,校车,2013/12/07 19:57:04,1.0,23.96
8516,POS消费,地点21,开水,2013/12/08 12:33:38,3.0,20.96
8516,POS消费,地点91,校车,2013/12/08 12:36:01,2.0,18.96
8516,POS消费,地点21,开水,2013/12/08 12:37:19,4.2,14.76
8516,POS消费,地点162,食堂,2013/12/09 08:06:42,2.6,9.16
8516,POS消费,地点182,食堂,2013/12/09 08:06:42,3.0,11.76
8516,POS消费,地点21,开水,2013/12/10 07:08:24,7.13,2.03
8516,POS消费,地点151,开水,2013/12/10 08:16:44,0.01,2.02
8516,POS消费,地点584,开水,2013/12/11 06:54:43,0.01,2.01
8516,卡充值,,,2013/12/13 17:42:01,50.0,52.01
8516,POS消费,地点21,开水,2013/12/13 17:43:37,2.53,49.48
8516,POS消费,地点21,开水,2013/12/13 17:45:51,4.6,44.88
8516,POS消费,地点162,食堂,2013/12/13 17:51:15,4.0,40.88
8516,POS消费,地点57,食堂,2013/12/14 08:22:23,5.7,35.18
8516,POS消费,地点1026,淋浴,2013/12/14 12:42:45,1.1,34.08
8516,POS消费,地点222,校车,2013/12/14 13:35:10,1.0,33.08
8516,POS消费,地点222,校车,2013/12/14 13:50:58,1.0,32.08
8516,POS消费,地点222,校车,2013/12/14 14:08:07,1.0,31.08
8516,卡挂失,,,2013/12/21 07:27:02,0.0,0.0
8516,卡补办,,,2013/12/27 12:02:40,50.0,66.08
8516,更新卡信息,,,2013/12/27 12:03:02,0.0,0.0
8516,POS消费,地点21,开水,2013/12/27 12:07:18,4.0,62.08
8516,POS消费,地点1136,洗衣房,2013/12/27 12:24:56,3.0,59.08
8516,POS消费,地点58,淋浴,2013/12/27 12:31:46,2.0,57.08
8516,POS消费,地点996,图书馆,2013/12/27 16:36:07,5.2,51.88
8516,POS消费,地点21,开水,2013/12/28 08:33:29,3.8,48.08
8516,POS消费,地点1471,食堂,2013/12/28 08:34:38,1.5,46.58
8516,POS消费,地点222,校车,2013/12/29 14:25:26,1.0,45.58
8516,POS消费,地点526,食堂,2013/12/29 14:29:19,5.5,40.08
8516,POS消费,地点58,淋浴,2013/12/29 22:27:58,1.3,38.78
8516,POS消费,地点219,超市,2013/12/30 10:32:21,8.0,30.78
8516,POS消费,地点21,开水,2013/12/30 11:42:54,4.6,26.18
8516,POS消费,地点820,食堂,2013/12/30 17:04:47,5.6,20.58
8516,POS消费,地点821,食堂,2013/12/30 17:10:12,5.0,15.58
8516,POS消费,地点21,开水,2014/01/01 08:39:38,4.2,11.38
8516,POS消费,地点21,开水,2014/01/01 08:40:11,5.8,5.58
8516,POS消费,地点75,食堂,2014/01/01 08:44:53,0.5,5.08
8516,POS消费,地点75,食堂,2014/01/01 08:45:01,0.2,4.88
8516,POS消费,地点21,开水,2014/01/01 08:48:08,1.8,3.08
8516,POS消费,地点21,开水,2014/01/01 08:52:06,1.0,2.08
8516,卡充值,,,2014/01/04 17:57:55,50.0,52.08
8516,POS消费,地点91,校车,2014/01/04 18:01:17,3.0,49.08
8516,POS消费,地点252,食堂,2014/01/04 18:03:41,4.0,45.08
8516,POS消费,地点580,淋浴,2014/01/04 18:11:31,0.4,44.68
8516,POS消费,地点1022,淋浴,2014/01/04 18:15:48,0.1,44.58
8516,POS消费,地点1026,淋浴,2014/01/04 18:18:29,1.6,42.98
8516,POS消费,地点1136,洗衣房,2014/01/04 18:50:47,3.0,39.98
8516,POS消费,地点190,超市,2014/01/04 19:15:11,8.7,31.28
8516,POS消费,地点996,图书馆,2014/01/05 10:28:11,2.2,29.08
8516,POS消费,地点996,图书馆,2014/01/05 10:33:17,3.8,25.28
8516,POS消费,地点21,开水,2014/01/06 07:42:13,3.0,22.28
8516,POS消费,地点1466,食堂,2014/01/06 07:47:54,0.5,21.78
8516,POS消费,地点21,开水,2014/01/07 08:12:48,3.8,17.98
8516,POS消费,地点1466,食堂,2014/01/07 08:18:15,0.7,17.28
8516,POS消费,地点853,淋浴,2014/01/07 19:23:10,1.2,16.08
8516,POS消费,地点57,食堂,2014/01/08 07:06:57,3.8,12.28
8516,POS消费,地点21,开水,2014/01/08 07:08:11,0.7,11.58
8516,POS消费,地点21,开水,2014/01/08 07:14:53,0.8,10.78
8516,POS消费,地点996,图书馆,2014/01/08 09:22:04,3.9,6.88
8516,POS消费,地点21,开水,2014/01/10 08:11:25,3.4,3.48
8516,POS消费,地点1466,食堂,2014/01/10 08:15:48,0.7,2.78
8516,POS消费,地点543,淋浴,2014/01/10 08:29:48,0.1,2.68
8516,POS消费,地点853,淋浴,2014/01/10 08:30:17,0.1,2.58
8516,POS消费,地点543,淋浴,2014/01/10 08:30:42,1.4,1.18
8516,卡充值,,,2014/01/10 11:32:45,20.0,21.18
8516,POS消费,地点526,食堂,2014/01/10 11:39:09,4.2,16.98
8516,POS消费,地点57,食堂,2014/01/10 11:55:55,4.6,12.38
8516,POS消费,地点21,开水,2014/01/10 12:06:48,2.9,9.48
8516,POS消费,地点21,开水,2014/01/14 09:05:38,3.0,6.48
8516,POS消费,地点118,食堂,2014/01/14 10:09:07,1.0,5.48
8516,POS消费,地点543,淋浴,2014/01/14 10:25:48,0.1,5.38
8516,POS消费,地点580,淋浴,2014/01/14 10:26:43,0.1,5.28
8516,POS消费,地点578,淋浴,2014/01/14 10:27:00,1.3,3.98
8516,POS消费,地点578,淋浴,2014/01/16 13:08:11,1.1,2.88
8516,卡充值,,,2014/02/24 17:57:12,200.0,202.88
8516,POS消费,地点252,食堂,2014/02/24 18:04:38,6.1,196.78
8516,POS消费,地点252,食堂,2014/02/24 18:04:48,6.0,190.78
8516,POS消费,地点26,图书馆,2014/02/24 19:00:10,54.8,135.98
8516,POS消费,地点26,图书馆,2014/02/24 19:00:18,0.3,135.68
8516,POS消费,地点1149,洗衣房,2014/02/24 19:05:54,3.6,132.08
8516,POS消费,地点21,开水,2014/02/25 12:24:16,4.6,127.48
8516,POS消费,地点1149,洗衣房,2014/02/25 13:51:03,3.6,123.88
8516,POS消费,地点310,食堂,2014/02/26 17:01:53,4.6,119.28
8516,POS消费,地点158,食堂,2014/02/26 17:02:09,5.0,114.28
8516,POS消费,地点21,开水,2014/02/27 08:07:50,4.5,109.78
8516,POS消费,地点21,开水,2014/02/27 11:39:21,4.6,105.18
8516,POS消费,地点578,淋浴,2014/02/27 13:22:31,1.7,103.48
8516,POS消费,地点192,超市,2014/02/27 20:51:55,15.3,88.18
8516,POS消费,地点192,超市,2014/02/27 20:52:13,0.3,87.88
8516,POS消费,地点151,开水,2014/02/27 21:21:01,0.07,87.81
8516,POS消费,地点211,校车,2014/03/01 16:21:14,1.0,86.81
8516,POS消费,地点310,食堂,2014/03/03 11:02:24,5.9,80.91
8516,换卡,,,2014/03/03 13:37:00,0.0,0.0
8516,POS消费,地点853,淋浴,2014/03/03 21:04:55,1.6,79.31
8516,POS消费,地点578,淋浴,2014/03/05 12:33:16,1.0,74.71
8516,POS消费,地点1149,洗衣房,2014/03/05 13:09:38,3.6,75.71
8516,卡挂失,,,2014/03/07 11:52:54,0.0,0.0
8516,卡片开户,,,2014/03/07 11:54:35,115.0,100.0
8516,POS消费,地点228,食堂,2014/03/07 18:34:13,6.0,94.0
8516,POS消费,地点21,开水,2014/03/07 18:36:29,1.6,92.4
8516,POS消费,地点853,淋浴,2014/03/08 18:52:15,1.0,91.4
8516,POS消费,地点1448,校车,2014/03/09 18:53:23,1.0,88.4
8516,POS消费,地点118,食堂,2014/03/09 21:28:48,3.0,85.4
8516,POS消费,地点105,食堂,2014/03/10 17:59:37,4.4,81.0
8516,POS消费,地点21,开水,2014/03/11 08:08:19,5.3,75.7
8516,POS消费,地点21,开水,2014/03/11 08:08:30,5.0,70.7
8516,POS消费,地点21,开水,2014/03/11 08:11:02,1.5,69.2
8516,POS消费,地点853,淋浴,2014/03/12 15:39:28,0.7,68.5
8516,POS消费,地点219,超市,2014/03/13 11:11:45,4.0,64.5
8516,POS消费,地点1471,食堂,2014/03/13 11:48:20,7.1,57.4
8516,卡片销户,,,2014/03/13 12:35:44,57.4,0.0
8516,卡补办,,,2014/03/13 12:36:34,72.4,132.11
8516,更新卡信息,,,2014/03/13 12:37:03,0.0,0.0
8516,POS消费,地点816,校车,2014/03/13 17:12:58,1.0,131.11
8516,POS消费,地点816,校车,2014/03/13 17:14:20,1.0,130.11
8516,POS消费,地点21,开水,2014/03/14 08:03:46,1.5,128.61
8516,POS消费,地点526,食堂,2014/03/16 10:01:42,5.0,123.61
8516,POS消费,地点118,食堂,2014/03/16 10:01:58,2.5,121.11
8516,POS消费,地点118,食堂,2014/03/16 10:02:12,-2.5,123.61
8516,POS消费,地点118,食堂,2014/03/16 10:02:16,1.8,121.81
8516,POS消费,地点996,图书馆,2014/03/16 11:51:37,2.9,118.91
8516,POS消费,地点853,淋浴,2014/03/16 21:15:48,0.6,118.31
8516,卡挂失,,,2014/03/17 08:23:55,0.0,0.0
8516,卡补办,,,2014/03/23 15:58:59,20.0,123.31
8516,更新卡信息,,,2014/03/23 15:59:22,0.0,0.0
8516,POS消费,地点996,图书馆,2014/03/23 17:00:02,7.9,115.41
8516,POS消费,地点212,图书馆,2014/03/23 18:17:09,8.8,106.61
8516,POS消费,地点168,食堂,2014/03/23 18:34:13,4.5,102.11
8516,POS消费,地点204,食堂,2014/03/23 18:39:26,1.0,101.11
8516,POS消费,地点21,开水,2014/03/24 07:00:51,3.8,97.31
8516,POS消费,地点21,开水,2014/03/24 17:55:13,5.6,91.71
8516,POS消费,地点840,食堂,2014/03/25 07:01:25,3.0,88.71
8516,POS消费,地点247,食堂,2014/03/25 11:30:02,20.0,68.71
8516,POS消费,地点105,食堂,2014/03/25 17:58:27,5.6,63.11
8516,POS消费,地点105,食堂,2014/03/25 17:58:40,4.6,58.51
8516,POS消费,地点21,开水,2014/03/26 07:03:00,7.13,51.38
8516,POS消费,地点21,开水,2014/03/27 08:03:15,3.0,48.38
8516,POS消费,地点21,开水,2014/03/27 08:06:37,2.0,46.38
8516,POS消费,地点118,食堂,2014/03/27 21:39:21,6.8,39.58
8516,POS消费,地点578,淋浴,2014/03/28 11:18:54,1.3,38.28
8516,POS消费,地点151,开水,2014/03/29 17:50:13,0.14,38.14
8516,POS消费,地点146,校车,2014/03/30 10:29:49,1.0,37.14
8516,POS消费,地点146,校车,2014/03/30 10:32:19,1.0,36.14
8516,POS消费,地点146,校车,2014/03/30 10:33:30,1.0,35.14
8516,POS消费,地点21,开水,2014/03/30 17:40:08,5.6,29.54
8516,POS消费,地点996,图书馆,2014/03/30 18:04:00,4.5,25.04
8516,POS消费,地点996,图书馆,2014/03/30 18:04:40,3.8,21.24
8516,POS消费,地点996,图书馆,2014/03/30 20:01:23,7.6,13.64
8516,POS消费,地点57,食堂,2014/03/31 07:03:04,4.1,9.54
8516,POS消费,地点21,开水,2014/03/31 18:04:01,5.1,4.44
8516,POS消费,地点217,食堂,2014/03/31 18:11:44,1.8,2.64
8516,POS消费,地点151,开水,2014/04/06 12:11:22,0.14,2.5
8516,POS消费,地点581,开水,2014/04/08 07:55:37,0.01,2.49
8516,POS消费,地点816,校车,2014/04/08 20:34:39,1.0,1.49
8516,POS消费,地点816,校车,2014/04/08 20:38:29,1.0,0.49
8516,POS消费,地点151,开水,2014/04/08 22:58:16,0.01,0.48
8516,POS消费,地点578,淋浴,2014/04/09 17:42:36,0.7,29.78
8516,卡充值,,,2014/04/09 17:45:35,30.0,30.48
8516,POS消费,地点1149,洗衣房,2014/04/09 18:39:39,3.6,26.18
8516,POS消费,地点578,淋浴,2014/04/09 21:14:13,0.9,25.28
8516,POS消费,地点305,食堂,2014/04/10 06:28:01,4.33,20.95
8516,POS消费,地点1471,食堂,2014/04/10 06:33:41,1.0,19.95
8516,POS消费,地点305,食堂,2014/04/10 06:35:13,3.2,16.75
8516,POS消费,地点1451,校车,2014/04/11 09:03:24,1.0,15.75
8516,POS消费,地点118,食堂,2014/04/11 22:13:22,4.0,11.75
8516,POS消费,地点578,淋浴,2014/04/12 23:18:09,0.6,11.15
8516,POS消费,地点232,食堂,2014/04/14 08:04:51,3.5,7.65
8516,POS消费,地点21,开水,2014/04/14 08:07:19,1.5,6.15
8516,POS消费,地点151,开水,2014/04/14 22:47:06,0.01,6.14
8516,POS消费,地点57,食堂,2014/04/15 07:11:18,2.63,3.51
8516,POS消费,地点57,食堂,2014/04/15 07:11:21,1.0,2.51
8516,POS消费,地点151,开水,2014/04/15 22:44:44,0.14,2.37
8516,POS消费,地点211,校车,2014/04/16 18:47:50,1.0,1.37
8516,POS消费,地点151,开水,2014/04/18 06:15:04,0.14,1.23
8516,卡充值,,,2014/04/19 11:09:36,50.0,51.23
8516,,,,2014/04/19 11:16:14,10.0,0.0
8516,,,,2014/04/19 11:19:04,10.0,41.23
8516,POS消费,地点837,校车,2014/04/19 16:03:35,1.0,40.23
8516,POS消费,地点837,校车,2014/04/19 16:04:36,1.0,39.23
8516,POS消费,地点1442,校车,2014/04/19 16:50:29,1.0,38.23
8516,POS消费,地点1442,校车,2014/04/19 16:57:50,1.0,37.23
8516,POS消费,地点578,淋浴,2014/04/20 12:02:01,1.0,36.23
8516,POS消费,地点21,开水,2014/04/20 17:26:17,5.8,30.43
8516,POS消费,地点1466,食堂,2014/04/20 17:28:13,0.8,29.63
8516,POS消费,地点158,食堂,2014/04/22 08:04:11,2.8,26.83
8516,POS消费,地点158,食堂,2014/04/22 08:04:19,0.8,26.03
8516,POS消费,地点21,开水,2014/04/22 20:41:50,20.4,5.63
8516,POS消费,地点151,开水,2014/04/22 22:56:57,0.01,5.62
8516,POS消费,地点21,开水,2014/04/24 08:03:37,3.0,2.62
8516,POS消费,地点1368,食堂,2014/04/24 08:05:30,1.0,1.62
8516,POS消费,地点151,开水,2014/04/24 08:11:15,0.01,1.61
8516,POS消费,地点1472,校车,2014/05/01 12:34:09,1.0,0.61
8516,POS消费,地点143,开水,2014/05/04 21:32:23,0.01,0.6
8516,卡充值,,,2014/05/06 17:50:28,50.0,50.6
8516,POS消费,地点996,图书馆,2014/05/06 19:55:12,2.8,47.8
8516,POS消费,地点996,图书馆,2014/05/06 19:55:26,1.2,46.6
8516,POS消费,地点57,食堂,2014/05/07 08:34:30,4.5,42.1
8516,POS消费,地点1466,食堂,2014/05/07 08:37:12,0.5,41.6
8516,POS消费,地点1471,食堂,2014/05/09 07:06:36,4.13,37.47
8516,POS消费,地点1471,食堂,2014/05/09 07:06:49,3.5,33.97
8516,POS消费,地点240,食堂,2014/05/09 07:09:28,0.7,33.27
8516,POS消费,地点305,食堂,2014/05/10 07:19:49,2.43,30.84
8516,POS消费,地点816,校车,2014/05/10 14:25:37,1.0,29.84
8516,POS消费,地点21,开水,2014/05/10 20:04:49,7.0,22.84
8516,POS消费,地点256,食堂,2014/05/10 20:09:19,3.5,19.34
8516,POS消费,地点258,食堂,2014/05/10 20:24:12,1.5,17.84
8516,POS消费,地点1149,洗衣房,2014/05/10 21:43:39,3.6,14.24
8516,POS消费,地点151,开水,2014/05/11 09:59:07,0.27,13.97
8516,POS消费,地点1451,校车,2014/05/11 10:48:46,1.0,12.97
8516,POS消费,地点1451,校车,2014/05/11 10:53:26,1.0,11.97
8516,POS消费,地点12,文印中心,2014/05/11 11:52:40,6.0,5.97
8516,POS消费,地点1395,校车,2014/05/11 12:23:30,2.0,3.97
8516,POS消费,地点222,校车,2014/05/11 17:35:01,1.0,2.97
8516,POS消费,地点222,校车,2014/05/11 17:36:22,1.0,1.97
8516,POS消费,地点581,开水,2014/05/23 16:04:19,0.01,1.96
8516,POS消费,地点151,开水,2014/05/24 17:50:49,0.02,1.94
8516,POS消费,地点578,淋浴,2014/05/27 20:35:22,0.7,1.24
8516,卡充值,,,2014/05/28 11:16:38,50.0,51.24
8516,POS消费,地点270,食堂,2014/05/28 11:20:31,4.5,46.74
8516,POS消费,地点21,开水,2014/05/28 11:29:10,2.0,44.74
8516,POS消费,地点150,食堂,2014/05/29 10:48:29,6.6,38.14
8516,POS消费,地点217,食堂,2014/05/29 11:03:01,2.5,35.64
8516,POS消费,地点151,开水,2014/05/29 18:42:46,0.06,35.58
8516,POS消费,地点526,食堂,2014/05/29 19:57:20,4.5,31.08
8516,POS消费,地点526,食堂,2014/05/29 19:57:30,2.0,29.08
8516,POS消费,地点21,开水,2014/05/30 18:35:44,8.1,20.98
8516,POS消费,地点297,校车,2014/05/31 09:22:56,4.0,16.98
8516,POS消费,地点297,校车,2014/05/31 09:24:42,4.0,12.98
8516,POS消费,地点1368,食堂,2014/06/04 08:07:10,3.0,9.98
8516,POS消费,地点305,食堂,2014/06/04 08:15:16,1.83,8.15
8516,POS消费,地点21,开水,2014/06/04 18:38:58,4.6,3.55
8516,卡充值,,,2014/06/06 08:04:31,100.0,103.55
8516,POS消费,地点161,食堂,2014/06/06 08:08:48,2.2,101.35
8516,POS消费,地点578,淋浴,2014/06/06 12:07:16,0.7,100.65
8516,POS消费,地点154,食堂,2014/06/09 17:54:59,1.1,99.55
8516,POS消费,地点161,食堂,2014/06/10 07:59:38,2.6,96.95
8516,POS消费,地点240,食堂,2014/06/10 08:03:30,0.7,96.25
8516,POS消费,地点578,淋浴,2014/06/10 23:27:50,0.5,95.75
8516,POS消费,地点21,开水,2014/06/11 11:14:58,9.1,86.65
8516,POS消费,地点1368,食堂,2014/06/13 08:02:59,5.0,81.65
8516,POS消费,地点21,开水,2014/06/15 12:14:09,4.6,77.05
8516,POS消费,地点21,开水,2014/06/15 12:15:45,4.4,72.65
8516,POS消费,地点21,开水,2014/06/15 12:18:31,2.9,69.75
8516,POS消费,地点543,淋浴,2014/06/16 13:32:23,0.6,69.15
8516,POS消费,地点222,校车,2014/06/16 14:13:03,1.0,68.15
8516,POS消费,地点222,校车,2014/06/16 18:30:15,1.0,67.15
8516,POS消费,地点21,开水,2014/06/17 12:04:12,6.7,60.45
8516,POS消费,地点21,开水,2014/06/17 12:05:20,9.9,50.55
8516,POS消费,地点21,开水,2014/06/17 12:07:00,8.6,41.95
8516,POS消费,地点526,食堂,2014/06/17 19:15:21,3.5,27.65
8516,POS消费,地点118,食堂,2014/06/17 19:17:58,10.8,31.15
8516,POS消费,地点305,食堂,2014/06/18 08:03:25,2.4,25.25
8516,POS消费,地点60,食堂,2014/06/18 11:37:05,9.1,8.55
8516,POS消费,地点21,开水,2014/06/18 11:37:52,7.6,17.65
8516,POS消费,地点996,图书馆,2014/06/19 14:17:32,5.1,3.45
8516,卡充值,,,2014/06/19 16:46:29,50.0,53.45
8516,POS消费,地点270,食堂,2014/06/19 16:49:12,5.0,48.45
8516,POS消费,地点270,食堂,2014/06/19 16:49:44,3.0,45.45
8516,POS消费,地点1471,食堂,2014/06/21 11:00:34,4.6,40.85
8516,POS消费,地点21,开水,2014/06/21 11:04:38,4.1,36.75
8516,POS消费,地点265,食堂,2014/06/21 11:05:25,1.5,35.25
8516,POS消费,地点280,食堂,2014/06/21 18:21:49,1.5,30.25
8516,POS消费,地点280,食堂,2014/06/21 18:22:22,5.7,24.55
8516,POS消费,地点256,食堂,2014/06/21 18:25:49,3.5,31.75
8516,POS消费,地点254,食堂,2014/06/21 18:31:02,7.0,17.55
8516,POS消费,地点258,食堂,2014/06/21 18:31:57,1.8,15.75
8516,POS消费,地点578,淋浴,2014/06/21 21:03:37,0.4,15.35
8516,POS消费,地点213,食堂,2014/06/23 16:20:54,0.6,14.75
8516,POS消费,地点118,食堂,2014/06/23 16:28:15,3.5,11.25
8516,POS消费,地点286,食堂,2014/06/23 16:29:39,1.2,10.05
8516,POS消费,地点226,食堂,2014/06/23 16:31:08,3.0,7.05
8516,POS消费,地点262,食堂,2014/06/23 16:33:33,0.8,6.25
8516,POS消费,地点306,食堂,2014/06/23 16:33:37,1.52,4.73
8516,POS消费,地点305,食堂,2014/06/24 07:28:03,1.8,2.93
8516,POS消费,地点105,食堂,2014/06/24 07:32:14,0.2,2.03
8516,POS消费,地点1466,食堂,2014/06/24 07:32:49,0.7,2.23
8516,POS消费,地点1442,校车,2014/06/27 14:06:28,1.0,1.03
8516,POS消费,地点1448,校车,2014/06/27 14:57:05,1.0,0.03
8516,卡充值,,,2014/06/27 17:41:31,30.0,30.03
8516,POS消费,地点305,食堂,2014/06/27 17:42:33,5.6,24.43
8516,POS消费,地点192,超市,2014/06/29 21:28:30,5.4,19.03
8516,POS消费,地点580,淋浴,2014/06/29 23:26:06,0.7,18.33
8516,POS消费,地点280,食堂,2014/06/30 19:46:48,6.6,6.73
8516,POS消费,地点256,食堂,2014/06/30 19:49:49,1.5,16.83
8516,POS消费,地点256,食堂,2014/06/30 19:50:08,3.5,13.33
8516,POS消费,地点578,淋浴,2014/06/30 20:06:59,0.6,6.13
8516,POS消费,地点240,食堂,2014/07/01 17:16:29,5.1,1.03
8516,卡充值,,,2014/07/02 17:55:40,30.0,31.03
8516,POS消费,地点21,开水,2014/07/02 17:58:43,5.6,25.43
8516,POS消费,地点21,开水,2014/07/02 17:59:08,5.6,19.83
8516,POS消费,地点21,开水,2014/07/03 12:33:27,7.0,12.83
8516,POS消费,地点280,食堂,2014/07/03 12:34:56,1.5,11.33
8516,POS消费,地点996,图书馆,2014/07/03 14:49:47,5.0,6.33
8516,POS消费,地点996,图书馆,2014/07/03 18:40:42,3.0,3.33
8516,POS消费,地点578,淋浴,2014/07/05 13:34:22,0.6,2.73
8516,POS消费,地点1472,校车,2014/07/06 15:34:10,1.0,1.73
8516,POS消费,地点21,开水,2014/07/07 10:56:00,5.6,16.13
8516,卡充值,,,2014/07/07 10:56:38,20.0,21.73
8516,POS消费,地点21,开水,2014/07/07 11:00:37,4.0,12.13
8516,POS消费,地点21,开水,2014/07/07 17:04:06,6.6,5.53
8516,POS消费,地点578,淋浴,2014/07/08 13:37:02,0.5,5.03
8516,POS消费,地点578,淋浴,2014/07/08 13:44:57,0.1,4.93
8516,POS消费,地点1149,洗衣房,2014/07/08 13:50:47,3.6,1.33
8516,POS消费,地点1451,校车,2014/08/30 14:52:40,1.0,0.33
8516,卡充值,,,2014/08/31 17:20:59,100.0,100.33
8516,POS消费,地点21,开水,2014/08/31 18:09:13,5.9,94.43
