8591,卡片开户,,,2014/07/13 11:01:27,0.0,0.0
8591,换卡,,,2014/07/13 11:06:53,0.0,0.0
8591,换卡,,,2014/07/13 11:10:28,0.0,0.0
8591,更新卡信息,,,2014/07/13 11:10:43,0.0,0.0
8591,换卡,,,2014/07/13 11:10:55,0.0,0.0
8591,卡充值,,,2014/08/29 08:43:18,2000.0,2000.0
8591,POS消费,地点91,校车,2014/08/29 12:34:33,8.0,1992.0
8591,POS消费,地点91,校车,2014/08/29 12:34:54,5.5,1986.5
8591,POS消费,地点232,食堂,2014/08/29 12:35:59,5.5,1981.0
8591,POS消费,地点232,食堂,2014/08/29 12:58:24,5.5,1975.5
8591,POS消费,地点218,食堂,2014/08/29 13:15:25,1.0,1974.5
8591,POS消费,地点1448,校车,2014/08/29 15:21:25,1.0,1973.5
8591,POS消费,地点1448,校车,2014/08/29 15:21:34,1.0,1972.5
8591,POS消费,地点1448,校车,2014/08/29 15:21:42,1.0,1971.5
8591,POS消费,地点941,淋浴,2014/08/30 22:55:10,0.3,1966.6
8591,POS消费,地点21,开水,2014/08/31 06:50:59,13.6,1953.0
8591,POS消费,地点248,超市,2014/08/31 17:44:21,5.6,1947.4
8591,POS消费,地点91,校车,2014/08/31 17:44:33,3.9,1943.5
8591,POS消费,地点232,食堂,2014/08/31 17:45:10,4.0,1939.5
8591,POS消费,地点941,淋浴,2014/08/31 18:28:21,0.4,1939.1
8591,POS消费,地点314,食堂,2014/08/31 21:34:19,25.4,1913.7
