8680,卡片开户,,,2014/07/19 10:17:24,0.0,0.0
8680,卡充值,,,2014/08/29 18:04:20,200.0,200.0
8680,POS消费,地点36,开水,2014/08/29 21:35:05,0.01,199.99
8680,POS消费,地点65,食堂,2014/08/30 07:49:24,1.6,198.39
8680,POS消费,地点21,开水,2014/08/30 08:04:40,5.2,193.19
8680,POS消费,地点36,开水,2014/08/30 08:27:05,0.01,193.18
8680,POS消费,地点61,食堂,2014/08/30 13:08:15,8.6,184.58
8680,POS消费,地点61,食堂,2014/08/30 13:08:33,8.6,175.98
8680,POS消费,地点789,开水,2014/08/30 15:57:59,0.01,175.97
8680,POS消费,地点87,食堂,2014/08/30 17:59:16,4.6,171.37
8680,POS消费,地点87,食堂,2014/08/30 17:59:21,4.6,166.77
8680,POS消费,地点36,开水,2014/08/30 19:37:45,0.03,166.74
8680,POS消费,地点157,食堂,2014/08/31 08:12:44,1.6,165.14
8680,POS消费,地点1409,食堂,2014/08/31 08:15:57,5.2,159.94
8680,POS消费,地点36,开水,2014/08/31 09:51:21,0.01,159.93
8680,POS消费,地点1961,超市,2014/08/31 11:52:35,23.0,136.93
8680,POS消费,地点195,超市,2014/08/31 12:03:31,13.7,123.23
8680,POS消费,地点69,食堂,2014/08/31 12:24:22,8.6,114.63
8680,POS消费,地点69,食堂,2014/08/31 12:24:44,8.6,106.03
8680,POS消费,地点206,开水,2014/08/31 22:11:04,0.02,106.01
