8700,卡充值,,,2014/10/11 16:12:42,100.0,100.65
8700,POS消费,地点21,开水,2014/10/12 18:54:22,14.9,85.75
8700,POS消费,地点914,淋浴,2014/10/12 22:40:03,3.1,82.65
8700,POS消费,地点21,开水,2014/10/13 12:33:16,6.0,76.65
8700,POS消费,地点232,食堂,2014/10/13 18:32:28,8.6,68.05
8700,POS消费,地点26,图书馆,2014/10/13 18:33:59,4.8,63.25
8700,POS消费,地点91,校车,2014/10/13 18:42:57,0.4,62.85
8700,POS消费,地点91,校车,2014/10/14 11:56:20,3.0,59.85
8700,POS消费,地点91,校车,2014/10/14 12:01:47,12.0,47.85
8700,POS消费,地点914,淋浴,2014/10/14 23:15:31,5.0,42.85
8700,POS消费,地点21,开水,2014/10/15 10:18:22,8.8,34.05
8700,POS消费,地点21,开水,2014/10/15 11:46:59,5.6,28.45
8700,POS消费,地点914,淋浴,2014/10/15 15:52:39,1.7,26.75
8700,POS消费,地点21,开水,2014/10/15 17:06:03,4.6,22.15
8700,POS消费,地点21,开水,2014/10/15 17:06:16,1.0,21.15
8700,POS消费,地点232,食堂,2014/10/15 17:46:06,7.6,13.55
8700,POS消费,地点26,图书馆,2014/10/15 17:48:27,5.4,8.15
8700,POS消费,地点26,图书馆,2014/10/15 17:48:29,4.5,3.65
8700,POS消费,地点914,淋浴,2014/10/15 23:27:05,0.1,3.55
8700,POS消费,地点914,淋浴,2014/10/16 23:44:37,2.9,0.65
8700,POS消费,地点914,淋浴,2014/10/22 14:34:03,0.6,0.05
8700,卡充值,,,2014/10/23 12:28:41,100.0,100.05
8700,POS消费,地点21,开水,2014/10/23 13:07:38,11.5,88.55
8700,POS消费,地点914,淋浴,2014/10/23 15:33:34,4.3,84.25
8700,POS消费,地点91,校车,2014/10/23 17:37:16,8.0,76.25
8700,POS消费,地点21,开水,2014/10/23 17:48:41,1.8,74.45
8700,POS消费,地点21,开水,2014/10/23 17:49:05,1.8,72.65
8700,POS消费,地点21,开水,2014/10/23 21:40:54,14.9,57.75
8700,POS消费,地点91,校车,2014/10/24 12:22:28,9.4,48.35
8700,POS消费,地点914,淋浴,2014/10/24 17:18:08,2.4,45.95
8700,POS消费,地点232,食堂,2014/10/24 18:11:16,7.6,35.15
8700,POS消费,地点21,开水,2014/10/24 18:14:54,3.2,42.75
8700,POS消费,地点26,图书馆,2014/10/24 18:23:07,7.2,27.95
8700,POS消费,地点91,校车,2014/10/24 18:33:33,0.4,27.55
8700,POS消费,地点26,图书馆,2014/10/24 18:42:06,3.5,24.05
8700,POS消费,地点91,校车,2014/10/24 21:01:08,3.0,21.05
8700,POS消费,地点104,开水,2014/10/26 10:14:12,0.13,20.92
8700,POS消费,地点91,校车,2014/10/26 11:30:07,10.0,10.92
8700,POS消费,地点26,图书馆,2014/10/26 11:30:21,8.6,2.32
8700,POS消费,地点914,淋浴,2014/10/26 19:35:40,2.3,0.02
8700,卡充值,,,2014/10/28 18:07:21,50.0,50.02
8700,POS消费,地点21,开水,2014/10/28 18:10:11,2.4,47.62
8700,POS消费,地点21,开水,2014/10/28 21:33:32,19.1,28.52
8700,POS消费,地点914,淋浴,2014/10/28 23:46:17,3.1,25.42
8700,POS消费,地点21,开水,2014/10/29 16:52:24,4.6,20.82
8700,POS消费,地点21,开水,2014/10/29 16:52:46,2.0,18.82
8700,POS消费,地点21,开水,2014/10/29 16:53:38,2.9,15.92
8700,POS消费,地点914,淋浴,2014/10/29 21:01:18,5.7,10.22
8700,POS消费,地点104,开水,2014/10/30 13:40:53,0.14,10.08
8700,POS消费,地点91,校车,2014/10/30 14:23:58,3.0,7.08
8700,POS消费,地点21,开水,2014/10/30 17:21:41,1.8,5.28
8700,POS消费,地点21,开水,2014/10/30 17:21:46,1.8,3.48
8700,POS消费,地点914,淋浴,2014/10/30 21:26:28,3.4,0.08
8700,卡充值,,,2014/11/10 18:03:59,50.0,50.08
8700,POS消费,地点232,食堂,2014/11/10 18:09:50,12.0,38.08
8700,POS消费,地点232,食堂,2014/11/10 18:10:22,5.0,33.08
8700,POS消费,地点21,开水,2014/11/10 18:21:27,0.65,32.43
8700,POS消费,地点21,开水,2014/11/10 18:21:32,0.65,31.78
8700,POS消费,地点21,开水,2014/11/10 18:22:01,0.65,31.13
8700,POS消费,地点21,开水,2014/11/10 18:22:32,2.2,28.93
8700,POS消费,地点914,淋浴,2014/11/10 20:20:14,4.6,24.33
8700,POS消费,地点914,淋浴,2014/11/11 23:29:17,4.6,19.73
8700,POS消费,地点91,校车,2014/11/12 11:40:12,6.0,13.73
8700,POS消费,地点914,淋浴,2014/11/12 18:13:59,3.0,10.73
8700,POS消费,地点914,淋浴,2014/11/14 00:08:49,3.3,7.43
8700,POS消费,地点914,淋浴,2014/11/15 14:19:00,6.5,0.93
8700,POS消费,地点914,淋浴,2014/11/16 23:39:02,0.9,0.03
8700,卡充值,,,2014/11/17 12:12:51,100.0,100.03
8700,POS消费,地点21,开水,2014/11/17 12:13:49,5.6,94.43
8700,POS消费,地点91,校车,2014/11/17 12:14:50,4.4,90.03
8700,POS消费,地点91,校车,2014/11/17 12:23:03,3.0,87.03
8700,POS消费,地点91,校车,2014/11/17 18:06:43,24.0,63.03
8700,POS消费,地点914,淋浴,2014/11/17 22:23:54,7.7,55.33
8700,POS消费,地点914,淋浴,2014/11/18 15:30:05,3.3,52.03
8700,POS消费,地点6,淋浴,2014/11/18 17:11:46,9.0,43.03
8700,POS消费,地点6,淋浴,2014/11/18 17:12:40,8.0,35.03
8700,POS消费,地点26,图书馆,2014/11/18 17:13:36,4.4,30.63
8700,POS消费,地点26,图书馆,2014/11/18 17:15:24,1.8,28.83
8700,POS消费,地点21,开水,2014/11/19 16:19:11,10.8,18.03
8700,POS消费,地点914,淋浴,2014/11/25 17:13:54,2.2,15.83
8700,POS消费,地点21,开水,2014/11/26 12:22:21,5.0,10.83
8700,POS消费,地点914,淋浴,2014/11/26 17:05:44,2.6,8.23
8700,POS消费,地点21,开水,2014/11/27 07:34:11,2.2,6.03
8700,POS消费,地点21,开水,2014/11/27 07:34:28,3.53,2.5
8700,POS消费,地点914,淋浴,2014/11/27 16:11:39,2.5,0.0
8700,卡充值,,,2014/12/10 18:11:05,100.0,100.0
8700,POS消费,地点232,食堂,2014/12/10 18:13:31,7.6,92.4
8700,POS消费,地点26,图书馆,2014/12/10 18:15:35,7.5,84.9
8700,POS消费,地点232,食堂,2014/12/10 18:27:10,0.4,84.5
8700,POS消费,地点21,开水,2014/12/10 18:39:33,27.3,57.2
8700,POS消费,地点914,淋浴,2014/12/11 16:40:30,6.1,51.1
8700,POS消费,地点104,开水,2014/12/13 13:20:50,0.01,51.09
8700,POS消费,地点215,开水,2014/12/13 13:21:34,0.23,50.86
8700,POS消费,地点91,校车,2014/12/13 17:26:00,10.0,40.86
8700,POS消费,地点91,校车,2014/12/13 17:26:28,9.0,31.86
8700,POS消费,地点21,开水,2014/12/13 17:45:56,16.7,15.16
8700,POS消费,地点914,淋浴,2014/12/13 17:57:37,6.0,9.16
8700,POS消费,地点104,开水,2014/12/15 13:28:15,0.01,9.15
8700,POS消费,地点215,开水,2014/12/15 13:28:42,0.1,9.05
8700,POS消费,地点914,淋浴,2014/12/15 22:30:48,5.1,3.95
8700,POS消费,地点21,开水,2014/12/16 12:35:12,1.8,2.15
8700,POS消费,地点914,淋浴,2014/12/17 17:13:34,2.1,0.05
8700,卡充值,,,2015/01/05 14:36:59,100.0,100.05
8700,POS消费,地点21,开水,2015/01/05 14:40:16,14.4,85.65
8700,POS消费,地点914,淋浴,2015/01/05 18:35:35,4.2,81.45
8700,POS消费,地点21,开水,2015/01/05 22:12:02,6.5,74.95
8700,POS消费,地点914,淋浴,2015/01/06 17:25:19,0.1,74.85
8700,POS消费,地点104,开水,2015/01/06 17:29:10,0.09,74.76
8700,POS消费,地点232,食堂,2015/01/06 18:05:12,8.6,66.16
8700,POS消费,地点26,图书馆,2015/01/06 18:09:44,6.8,59.36
8700,POS消费,地点232,食堂,2015/01/06 18:16:22,0.2,59.16
8700,POS消费,地点21,开水,2015/01/07 13:32:11,7.4,51.76
8700,POS消费,地点91,校车,2015/01/07 19:48:24,7.5,44.26
8700,POS消费,地点21,开水,2015/01/07 19:51:13,3.0,41.26
8700,POS消费,地点21,开水,2015/01/07 19:51:20,30.0,11.26
8700,POS消费,地点21,开水,2015/01/07 19:51:24,3.8,7.46
8700,POS消费,地点21,开水,2015/01/07 19:51:29,0.3,7.16
8700,POS消费,地点914,淋浴,2015/01/08 18:12:39,2.6,4.56
8700,POS消费,地点914,淋浴,2015/01/10 17:34:16,3.0,1.56
8700,POS消费,地点914,淋浴,2015/01/11 16:19:03,1.5,0.06
8700,卡充值,,,2015/07/10 14:24:11,100.0,100.06
8700,POS消费,地点21,开水,2015/07/10 14:37:13,6.0,94.06
8700,POS消费,地点2259,洗衣房,2015/07/10 15:13:11,3.6,90.46
8700,POS消费,地点21,开水,2015/07/10 16:17:24,6.3,84.16
8700,POS消费,地点2259,洗衣房,2015/07/10 16:20:13,3.6,80.56
8700,POS消费,地点232,食堂,2015/07/10 18:22:00,7.6,72.96
8700,POS消费,地点21,开水,2015/07/10 18:24:18,4.0,68.96
8700,POS消费,地点21,开水,2015/07/10 18:43:32,19.4,49.56
8700,POS消费,地点914,淋浴,2015/07/10 23:10:23,0.7,48.86
8700,POS消费,地点21,开水,2015/07/11 12:14:33,3.0,45.86
8700,POS消费,地点6,淋浴,2015/07/11 12:16:09,5.28,40.58
8700,POS消费,地点21,开水,2015/07/11 12:17:09,1.8,38.78
8700,POS消费,地点914,淋浴,2015/07/11 22:32:24,3.5,35.28
8700,POS消费,地点914,淋浴,2015/07/11 23:20:56,0.5,34.78
8700,POS消费,地点21,开水,2015/07/12 18:31:35,3.0,31.78
8700,POS消费,地点914,淋浴,2015/07/13 16:43:36,0.6,31.18
8700,POS消费,地点21,开水,2015/07/14 14:46:03,5.5,25.68
8700,POS消费,地点914,淋浴,2015/07/14 23:00:21,1.1,24.58
8700,POS消费,地点232,食堂,2015/07/15 12:34:51,12.0,12.58
8700,POS消费,地点271,校医院,2015/07/15 12:37:18,2.5,10.08
8700,POS消费,地点914,淋浴,2015/07/15 22:12:27,0.8,9.28
8700,POS消费,地点914,淋浴,2015/07/27 00:09:23,1.7,7.58
8700,POS消费,地点914,淋浴,2015/07/29 21:10:08,3.4,4.18
8700,POS消费,地点914,淋浴,2015/07/31 22:55:58,4.1,0.08
8700,卡充值,,,2015/08/11 12:23:03,100.0,100.08
8700,POS消费,地点6,淋浴,2015/08/11 12:25:08,4.6,95.48
8700,POS消费,地点91,校车,2015/08/11 12:26:10,4.8,90.68
8700,POS消费,地点21,开水,2015/08/11 12:28:00,4.0,86.68
8700,POS消费,地点21,开水,2015/08/11 18:11:28,5.6,81.08
8700,POS消费,地点91,校车,2015/08/11 18:12:12,4.2,76.88
8700,POS消费,地点21,开水,2015/08/11 18:14:12,3.0,73.88
8700,POS消费,地点914,淋浴,2015/08/12 19:25:02,4.3,69.58
8700,POS消费,地点2259,洗衣房,2015/08/12 19:56:34,3.6,65.98
8700,POS消费,地点2259,洗衣房,2015/08/12 19:56:37,3.6,62.38
8700,POS消费,地点914,淋浴,2015/08/12 23:25:31,16.9,45.48
8700,POS消费,地点914,淋浴,2015/08/19 10:26:58,4.7,40.78
8700,POS消费,地点914,淋浴,2015/08/19 10:26:59,9.7,31.08
8700,POS消费,地点914,淋浴,2015/08/19 18:23:16,6.9,24.18
8700,POS消费,地点2259,洗衣房,2015/08/19 20:36:21,3.6,20.58
8700,POS消费,地点914,淋浴,2015/08/19 23:25:21,6.0,14.58
8700,POS消费,地点914,淋浴,2015/08/21 01:33:25,7.2,7.38
8700,POS消费,地点914,淋浴,2015/08/22 22:58:41,5.4,1.98
8700,POS消费,地点914,淋浴,2015/08/24 23:41:03,1.9,0.08
8700,卡充值,,,2015/08/29 15:59:05,100.0,100.08
8700,POS消费,地点21,开水,2015/08/29 16:09:52,4.0,96.08
8700,POS消费,地点21,开水,2015/08/29 18:49:20,6.5,89.58
8700,POS消费,地点914,淋浴,2015/08/31 01:28:28,0.3,89.28
8700,POS消费,地点21,开水,2015/08/31 18:20:41,7.1,82.18
8700,POS消费,地点914,淋浴,2015/08/31 22:23:19,4.7,77.48
