8732,卡片开户,,,2014/07/18 11:56:40,0.0,0.0
8732,卡充值,,,2014/08/29 14:08:20,100.0,100.0
8732,POS消费,地点168,食堂,2014/08/29 17:36:31,5.5,94.5
8732,POS消费,地点188,超市,2014/08/30 21:30:23,4.5,90.0
8732,POS消费,地点1894,淋浴,2014/08/30 21:51:11,0.3,89.7
8732,POS消费,地点6,淋浴,2014/08/31 07:50:47,0.45,89.25
8732,POS消费,地点232,食堂,2014/08/31 07:53:12,3.0,86.25
8732,POS消费,地点203,食堂,2014/08/31 11:03:08,6.5,79.75
8732,POS消费,地点232,食堂,2014/08/31 17:56:27,4.0,75.75
8732,POS消费,地点218,食堂,2014/08/31 18:12:34,4.0,71.75
8732,POS消费,地点1894,淋浴,2014/08/31 21:46:30,0.3,71.45
