8784,POS消费,地点12,文印中心,2014/07/03 11:53:31,0.0,0.0
8784,POS消费,地点12,文印中心,2014/07/03 11:53:31,0.13,3.52
8784,卡片开户,,,2014/07/14 10:24:22,0.0,0.0
8784,卡充值,,,2014/08/28 13:40:43,300.0,300.0
8784,POS消费,地点228,食堂,2014/08/28 17:56:38,13.5,286.5
8784,POS消费,地点231,食堂,2014/08/28 18:11:47,1.0,285.5
8784,POS消费,地点231,食堂,2014/08/28 18:12:07,0.4,285.1
8784,POS消费,地点975,开水,2014/08/28 22:13:29,0.01,284.59
8784,POS消费,地点975,开水,2014/08/29 16:22:32,0.01,284.58
8784,POS消费,地点230,食堂,2014/08/29 17:25:27,5.0,279.58
8784,POS消费,地点192,超市,2014/08/29 20:11:37,2.8,276.78
8784,POS消费,地点1365,淋浴,2014/08/29 20:32:28,0.8,275.98
8784,POS消费,地点192,超市,2014/08/29 21:32:59,12.0,263.98
8784,POS消费,地点192,超市,2014/08/29 21:56:01,10.3,253.68
8784,POS消费,地点72,食堂,2014/08/30 12:51:35,8.6,245.08
8784,POS消费,地点72,食堂,2014/08/30 12:51:48,4.6,240.48
8784,POS消费,地点975,开水,2014/08/30 22:19:58,0.01,240.47
8784,POS消费,地点1406,淋浴,2014/08/30 22:32:16,0.6,239.87
8784,POS消费,地点89,食堂,2014/08/31 08:49:11,3.0,236.87
8784,POS消费,地点21,开水,2014/08/31 12:03:17,1.8,235.07
8784,POS消费,地点179,食堂,2014/08/31 12:05:48,4.0,231.07
8784,POS消费,地点204,食堂,2014/08/31 19:07:35,5.5,225.57
8784,POS消费,地点1961,超市,2014/08/31 19:33:03,3.0,222.57
8784,POS消费,地点975,开水,2014/08/31 21:34:59,0.01,222.56
