8826,卡片开户,,,2014/07/18 12:10:54,0.0,0.0
8826,卡充值,,,2014/08/29 13:48:21,400.0,400.0
8826,POS消费,地点69,食堂,2014/08/29 13:54:19,8.0,392.0
8826,POS消费,地点69,食堂,2014/08/29 13:54:22,0.6,391.4
8826,POS消费,地点69,食堂,2014/08/29 13:54:42,8.6,382.8
8826,POS消费,地点26,图书馆,2014/08/29 16:05:46,30.0,352.8
8826,POS消费,地点26,图书馆,2014/08/29 16:05:50,1.9,350.9
8826,POS消费,地点182,食堂,2014/08/29 17:35:46,9.6,341.3
8826,POS消费,地点192,超市,2014/08/29 20:17:05,5.6,335.7
8826,POS消费,地点1894,淋浴,2014/08/29 22:00:47,0.2,335.5
8826,POS消费,地点1894,淋浴,2014/08/29 22:03:05,0.1,335.4
8826,POS消费,地点1894,淋浴,2014/08/29 22:05:32,0.2,335.2
8826,POS消费,地点134,食堂,2014/08/30 08:29:31,0.9,334.3
8826,POS消费,地点26,图书馆,2014/08/30 09:28:26,105.5,228.8
8826,POS消费,地点211,校车,2014/08/30 09:46:35,1.0,227.8
8826,POS消费,地点232,食堂,2014/08/30 11:42:51,10.9,216.9
8826,POS消费,地点243,食堂,2014/08/30 12:15:33,2.9,214.0
8826,POS消费,地点232,食堂,2014/08/30 17:27:25,30.0,184.0
8826,POS消费,地点232,食堂,2014/08/30 17:27:36,5.0,179.0
8826,POS消费,地点157,食堂,2014/08/31 08:14:55,0.8,178.2
8826,POS消费,地点1409,食堂,2014/08/31 08:17:29,2.6,175.6
8826,POS消费,地点218,食堂,2014/08/31 12:35:18,4.3,158.4
8826,POS消费,地点195,超市,2014/08/31 21:09:28,30.0,128.4
8826,POS消费,地点195,超市,2014/08/31 21:09:32,15.4,113.0
8826,POS消费,地点1900,洗衣房,2014/08/31 21:45:19,3.6,109.4
8826,POS消费,地点1900,洗衣房,2014/08/31 21:45:19,-0.9,110.3
8826,POS消费,地点1624,淋浴,2014/08/31 22:40:23,0.5,109.8
