8882,卡片开户,,,2014/07/20 10:27:02,0.0,0.0
8882,卡充值,,,2014/08/28 20:23:21,500.0,500.0
8882,POS消费,地点139,开水,2014/08/30 10:03:59,0.06,499.94
8882,POS消费,地点168,食堂,2014/08/30 11:17:19,16.55,483.39
8882,POS消费,地点269,食堂,2014/08/30 11:21:50,18.4,464.99
8882,POS消费,地点816,校车,2014/08/30 17:51:16,1.0,463.99
8882,POS消费,地点188,超市,2014/08/30 20:53:57,3.9,460.09
8882,POS消费,地点166,淋浴,2014/08/30 21:44:27,0.5,459.59
8882,POS消费,地点232,食堂,2014/08/31 07:38:02,4.85,454.74
8882,POS消费,地点89,食堂,2014/08/31 12:13:00,9.0,445.74
8882,POS消费,地点27,教务处,2014/08/31 16:38:08,25.0,420.74
8882,POS消费,地点21,开水,2014/08/31 17:44:20,4.6,416.14
8882,POS消费,地点756,淋浴,2014/08/31 21:14:31,0.7,415.44
