8886,卡挂失,,,2014/09/13 11:50:04,0.0,0.0
8886,卡补办,,,2014/09/16 17:57:15,15.0,14.43
8886,POS消费,地点233,食堂,2014/09/24 16:35:07,3.0,11.43
8886,POS消费,地点212,图书馆,2014/09/28 10:07:53,5.0,6.43
8886,POS消费,地点1472,校车,2014/09/28 12:32:38,1.0,5.43
8886,POS消费,地点1542,校车,2014/11/30 09:35:35,4.0,1.43
8886,POS消费,地点1989,校车,2015/02/26 22:05:10,4.0,4.63
8886,卡充值,,,2015/03/04 11:59:03,200.0,201.43
8886,POS消费,地点279,食堂,2015/03/05 11:31:34,9.6,191.83
8886,POS消费,地点841,食堂,2015/03/05 11:40:46,7.0,184.83
8886,POS消费,地点841,食堂,2015/03/05 11:55:58,2.0,182.83
8886,POS消费,地点211,校车,2015/03/06 12:17:52,1.0,181.83
8886,POS消费,地点1472,校车,2015/03/06 12:30:56,1.0,180.83
8886,POS消费,地点996,图书馆,2015/03/07 09:52:57,11.8,169.03
8886,POS消费,地点279,食堂,2015/03/08 17:36:21,10.8,158.23
8886,POS消费,地点841,食堂,2015/03/08 17:45:40,1.0,157.23
8886,POS消费,地点841,食堂,2015/03/08 17:45:44,1.0,156.23
8886,POS消费,地点241,食堂,2015/03/09 11:49:15,9.6,146.63
8886,POS消费,地点841,食堂,2015/03/09 12:06:16,2.0,144.63
8886,POS消费,地点275,食堂,2015/03/10 11:45:18,12.0,132.63
8886,POS消费,地点1036,食堂,2015/03/10 11:46:37,1.5,131.13
8886,POS消费,地点277,食堂,2015/03/10 11:47:14,14.0,117.13
8886,POS消费,地点279,食堂,2015/03/11 17:42:40,8.6,108.53
8886,POS消费,地点841,食堂,2015/03/11 17:52:14,1.8,106.73
8886,POS消费,地点841,食堂,2015/03/11 17:52:23,1.8,104.93
8886,POS消费,地点841,食堂,2015/03/11 18:06:47,2.0,102.93
8886,POS消费,地点118,食堂,2015/03/12 08:19:38,15.0,87.93
8886,POS消费,地点219,超市,2015/03/12 12:01:55,13.0,74.93
8886,POS消费,地点118,食堂,2015/03/16 15:36:50,10.0,64.93
8886,POS消费,地点83,食堂,2015/03/19 08:16:57,25.0,39.93
8886,POS消费,地点901,校车,2015/03/20 16:05:19,4.0,33.93
8886,POS消费,地点841,食堂,2015/03/24 17:47:53,4.0,29.93
8886,POS消费,地点238,食堂,2015/03/24 17:51:31,10.0,19.93
8886,POS消费,地点996,图书馆,2015/03/26 16:06:34,1.9,18.03
8886,POS消费,地点996,图书馆,2015/03/26 16:14:51,5.0,13.03
8886,POS消费,地点996,图书馆,2015/03/27 10:30:23,1.9,11.13
8886,POS消费,地点295,校车,2015/03/27 12:38:42,4.0,7.13
8886,POS消费,地点220,校车,2015/03/27 17:02:39,4.0,3.13
8886,卡充值,,,2015/03/30 11:53:36,50.0,53.13
8886,POS消费,地点60,食堂,2015/03/30 11:55:13,4.9,48.23
8886,POS消费,地点61,食堂,2015/03/30 11:55:41,3.0,45.23
8886,POS消费,地点249,食堂,2015/03/31 11:50:14,5.6,39.63
8886,POS消费,地点179,食堂,2015/03/31 11:50:54,4.0,35.63
8886,POS消费,地点235,食堂,2015/03/31 11:51:29,1.5,34.13
8886,POS消费,地点195,超市,2015/03/31 16:12:50,2.7,31.43
8886,POS消费,地点1389,校车,2015/03/31 17:03:15,2.0,29.43
8886,POS消费,地点219,超市,2015/04/02 15:31:31,5.5,23.93
8886,POS消费,地点219,超市,2015/04/02 16:55:53,4.0,19.93
8886,POS消费,地点219,超市,2015/04/02 18:08:17,5.0,14.93
8886,POS消费,地点996,图书馆,2015/04/06 10:41:33,6.3,8.63
8886,卡充值,,,2015/05/14 10:54:28,100.0,104.63
8886,POS消费,地点91,校车,2015/05/14 10:56:52,10.6,94.03
8886,POS消费,地点21,开水,2015/05/14 11:10:21,2.9,91.13
8886,POS消费,地点217,食堂,2015/05/15 11:15:00,10.0,81.13
8886,POS消费,地点996,图书馆,2015/05/17 09:33:24,3.8,77.33
8886,POS消费,地点996,图书馆,2015/05/22 11:13:56,1.9,75.43
8886,POS消费,地点2059,校车,2015/05/23 14:53:31,4.0,71.43
8886,POS消费,地点2059,校车,2015/05/23 14:53:39,4.0,67.43
8886,POS消费,地点2059,校车,2015/05/23 14:53:45,4.0,63.43
8886,POS消费,地点1478,校车,2015/05/27 10:19:50,4.0,59.43
8886,POS消费,地点21,开水,2015/05/27 15:02:19,6.5,52.93
8886,POS消费,地点21,开水,2015/05/27 17:17:41,10.0,42.93
8886,POS消费,地点996,图书馆,2015/05/30 10:30:34,9.0,33.93
8886,POS消费,地点187,校车,2015/05/30 17:21:44,4.0,29.93
8886,POS消费,地点187,校车,2015/05/30 17:21:52,4.0,25.93
8886,POS消费,地点187,校车,2015/05/30 17:21:59,4.0,21.93
8886,POS消费,地点187,校车,2015/05/30 17:22:05,4.0,17.93
8886,POS消费,地点1405,校车,2015/05/30 20:33:21,2.0,15.93
8886,POS消费,地点1405,校车,2015/05/30 20:33:36,2.0,13.93
8886,POS消费,地点83,食堂,2015/05/30 21:58:38,5.6,8.33
8886,POS消费,地点673,开水,2015/06/14 09:10:12,0.02,8.31
8886,POS消费,地点795,开水,2015/06/14 18:12:45,0.02,8.29
8886,POS消费,地点680,开水,2015/06/15 14:23:23,0.01,8.28
8886,POS消费,地点796,开水,2015/06/16 18:32:44,0.02,8.26
