892,卡片开户,,,2014/07/19 11:15:41,0.0,0.0
892,POS消费,地点114,食堂,2014/08/29 14:36:26,15.0,185.0
892,卡充值,,,2014/08/29 14:36:27,200.0,200.0
892,POS消费,地点195,超市,2014/08/29 17:30:26,0.8,184.2
892,POS消费,地点1596,食堂,2014/08/30 17:45:06,4.6,179.6
892,POS消费,地点218,食堂,2014/08/30 18:08:04,1.0,178.6
892,POS消费,地点1155,食堂,2014/08/30 20:13:34,11.8,166.8
892,POS消费,地点1155,食堂,2014/08/30 20:13:38,1.5,165.3
892,POS消费,地点21,开水,2014/08/31 08:24:07,30.0,135.3
892,POS消费,地点21,开水,2014/08/31 08:24:11,30.0,105.3
892,POS消费,地点21,开水,2014/08/31 08:24:16,13.4,91.9
892,POS消费,地点91,校车,2014/08/31 12:02:37,4.5,87.4
892,POS消费,地点91,校车,2014/08/31 12:02:55,3.5,83.9
892,POS消费,地点91,校车,2014/08/31 12:04:14,0.6,83.3
892,POS消费,地点21,开水,2014/08/31 12:05:23,0.8,82.5
892,POS消费,地点251,食堂,2014/08/31 18:02:45,0.5,82.0
892,POS消费,地点21,开水,2014/08/31 18:05:31,0.75,81.25
892,POS消费,地点21,开水,2014/08/31 18:33:29,27.2,54.05
892,POS消费,地点188,超市,2014/08/31 21:31:38,11.0,43.05
