8928,卡片开户,,,2014/07/16 11:55:33,0.0,0.0
8928,卡充值,,,2014/08/29 14:15:25,300.0,300.0
8928,POS消费,地点72,食堂,2014/08/29 14:18:35,8.6,291.4
8928,POS消费,地点1472,校车,2014/08/29 17:02:46,1.0,290.4
8928,POS消费,地点1472,校车,2014/08/29 17:42:59,1.0,289.4
8928,POS消费,地点1954,淋浴,2014/08/29 21:49:05,0.3,289.1
8928,POS消费,地点1913,淋浴,2014/08/29 22:10:56,0.2,288.6
8928,POS消费,地点1913,淋浴,2014/08/29 22:11:33,0.2,288.9
8928,POS消费,地点1913,淋浴,2014/08/29 22:11:51,0.1,288.8
8928,POS消费,地点1913,淋浴,2014/08/29 22:12:45,0.1,288.5
8928,POS消费,地点1913,淋浴,2014/08/29 22:19:26,0.2,288.3
8928,POS消费,地点1913,淋浴,2014/08/29 22:19:32,0.3,288.0
8928,POS消费,地点61,食堂,2014/08/30 08:15:29,2.4,285.6
8928,POS消费,地点1448,校车,2014/08/30 08:25:48,1.0,284.6
8928,POS消费,地点89,食堂,2014/08/30 12:20:27,9.0,275.6
8928,POS消费,地点192,超市,2014/08/30 19:08:35,15.5,260.1
8928,POS消费,地点1954,淋浴,2014/08/30 20:04:32,0.4,259.7
8928,POS消费,地点61,食堂,2014/08/31 08:17:42,2.4,257.3
8928,POS消费,地点65,食堂,2014/08/31 11:24:58,8.6,248.7
8928,POS消费,地点65,食堂,2014/08/31 11:25:16,8.6,240.1
8928,POS消费,地点69,食堂,2014/08/31 17:00:57,10.6,229.5
8928,POS消费,地点69,食堂,2014/08/31 17:01:21,10.6,218.9
8928,POS消费,地点1911,淋浴,2014/08/31 21:29:25,0.1,218.8
8928,POS消费,地点1911,淋浴,2014/08/31 21:29:44,0.1,218.7
8928,POS消费,地点1911,淋浴,2014/08/31 21:36:39,0.5,218.2
