8981,卡片开户,,,2014/07/16 14:02:17,0.0,0.0
8981,POS消费,地点248,超市,2014/08/29 18:15:27,10.8,1989.2
8981,POS消费,地点248,超市,2014/08/29 18:16:01,7.3,1981.9
8981,POS消费,地点248,超市,2014/08/29 18:16:19,10.8,1971.1
8981,卡充值,,,2014/08/29 18:18:56,2000.0,2000.0
8981,POS消费,地点1448,校车,2014/08/30 09:33:22,1.0,1970.1
8981,POS消费,地点1448,校车,2014/08/30 09:33:29,1.0,1969.1
8981,POS消费,地点1448,校车,2014/08/30 09:33:38,1.0,1968.1
8981,POS消费,地点1867,洗衣房,2014/08/30 10:45:55,1.2,1966.9
8981,POS消费,地点21,开水,2014/08/30 11:15:06,3.6,1963.23
8981,POS消费,地点91,校车,2014/08/30 11:15:16,3.3,1959.93
8981,POS消费,地点248,超市,2014/08/30 11:16:28,4.6,1955.33
8981,POS消费,地点6,淋浴,2014/08/30 11:18:52,1.5,1953.83
8981,POS消费,地点1867,洗衣房,2014/08/30 11:49:20,1.2,1952.63
8981,POS消费,地点1867,洗衣房,2014/08/30 11:53:23,-0.78,1953.41
8981,POS消费,地点1884,开水,2014/08/30 12:20:06,0.01,1966.89
8981,POS消费,地点1884,开水,2014/08/30 12:26:19,0.01,1966.88
8981,POS消费,地点1884,开水,2014/08/30 12:28:32,0.01,1966.87
8981,POS消费,地点1884,开水,2014/08/30 12:28:56,0.01,1966.86
8981,POS消费,地点1884,开水,2014/08/30 12:31:18,0.01,1966.85
8981,POS消费,地点1884,开水,2014/08/30 12:39:13,0.01,1966.84
8981,POS消费,地点1884,开水,2014/08/30 12:51:10,0.01,1966.83
8981,POS消费,地点1447,校车,2014/08/30 13:34:13,1.0,1952.41
8981,POS消费,地点1884,开水,2014/08/30 14:25:22,0.01,1952.4
8981,POS消费,地点1884,开水,2014/08/30 14:26:15,0.01,1952.39
8981,POS消费,地点1884,开水,2014/08/30 14:28:07,0.01,1952.38
8981,POS消费,地点1884,开水,2014/08/30 14:32:21,0.01,1952.37
8981,POS消费,地点21,开水,2014/08/30 17:10:18,2.1,1950.27
8981,POS消费,地点21,开水,2014/08/30 17:12:47,5.0,1945.27
8981,POS消费,地点190,超市,2014/08/30 21:14:11,40.4,1904.87
8981,POS消费,地点190,超市,2014/08/30 21:14:24,100.0,1804.87
8981,POS消费,地点72,食堂,2014/08/31 08:01:13,7.3,1797.57
8981,POS消费,地点1884,开水,2014/08/31 08:56:15,0.01,1797.56
8981,POS消费,地点1884,开水,2014/08/31 08:56:55,0.01,1797.55
8981,POS消费,地点1884,开水,2014/08/31 08:57:24,0.01,1797.54
8981,POS消费,地点21,开水,2014/08/31 11:03:08,3.1,1794.44
8981,POS消费,地点91,校车,2014/08/31 11:07:03,4.0,1790.44
8981,POS消费,地点6,淋浴,2014/08/31 17:43:53,1.2,1789.24
8981,POS消费,地点6,淋浴,2014/08/31 17:48:17,4.5,1784.74
8981,POS消费,地点21,开水,2014/08/31 17:56:51,3.0,1781.74
