9017,卡片开户,,,2014/07/16 12:21:58,0.0,0.0
9017,卡充值,,,2014/08/27 14:09:05,500.0,500.0
9017,POS消费,地点168,食堂,2014/08/29 12:18:45,5.5,494.5
9017,POS消费,地点168,食堂,2014/08/29 12:18:53,4.5,490.0
9017,POS消费,地点168,食堂,2014/08/29 12:20:06,4.5,485.5
9017,POS消费,地点314,食堂,2014/08/29 14:57:17,28.0,457.5
9017,POS消费,地点168,食堂,2014/08/30 18:07:13,9.5,448.0
9017,POS消费,地点264,食堂,2014/08/31 11:29:37,15.6,431.1
9017,POS消费,地点1847,食堂,2014/08/31 11:33:24,1.0,430.1
9017,POS消费,地点1847,食堂,2014/08/31 11:33:30,2.9,427.2
9017,POS消费,地点87,食堂,2014/08/31 18:12:13,4.6,422.59
