907,卡片开户,,,2014/07/16 15:07:40,0.0,0.0
907,卡充值,,,2014/08/30 15:01:45,100.0,100.0
907,POS消费,地点82,食堂,2014/08/30 17:50:30,8.1,91.9
907,POS消费,地点82,食堂,2014/08/30 17:50:49,7.6,84.3
907,POS消费,地点314,食堂,2014/08/30 20:48:32,2.7,81.6
907,POS消费,地点69,食堂,2014/08/31 08:12:07,3.4,78.2
907,POS消费,地点192,超市,2014/08/31 12:30:10,10.0,68.2
907,POS消费,地点61,食堂,2014/08/31 18:02:57,7.6,60.6
907,POS消费,地点188,超市,2014/08/31 19:55:46,23.2,37.4
