9150,卡片开户,,,2014/07/14 10:18:36,0.0,0.0
9150,卡充值,,,2014/08/29 10:30:37,500.0,500.0
9150,POS消费,地点184,食堂,2014/08/29 12:07:18,3.2,496.8
9150,POS消费,地点184,食堂,2014/08/29 12:07:52,8.6,488.2
9150,POS消费,地点184,食堂,2014/08/29 12:11:13,6.1,482.1
9150,POS消费,地点184,食堂,2014/08/29 12:11:42,3.6,478.5
9150,POS消费,地点253,食堂,2014/08/29 12:14:08,14.7,463.8
9150,POS消费,地点184,食堂,2014/08/29 18:30:15,3.4,460.4
9150,POS消费,地点314,食堂,2014/08/29 18:38:16,6.5,453.9
9150,POS消费,地点314,食堂,2014/08/29 18:38:23,-6.5,460.4
9150,POS消费,地点314,食堂,2014/08/29 18:38:28,6.5,453.9
9150,POS消费,地点114,食堂,2014/08/30 08:28:53,4.5,449.4
9150,POS消费,地点114,食堂,2014/08/30 08:29:02,3.5,445.9
9150,POS消费,地点314,食堂,2014/08/30 09:03:48,4.6,441.3
9150,POS消费,地点1961,超市,2014/08/30 11:03:21,2.7,438.6
9150,POS消费,地点69,食堂,2014/08/30 11:56:55,9.4,429.2
9150,POS消费,地点21,开水,2014/08/30 13:21:54,8.6,420.6
9150,POS消费,地点21,开水,2014/08/30 13:22:51,8.6,412.0
9150,POS消费,地点21,开水,2014/08/30 13:23:14,8.6,403.4
9150,POS消费,地点911,淋浴,2014/08/31 07:50:55,1.5,401.9
9150,POS消费,地点134,食堂,2014/08/31 08:33:42,0.8,401.1
9150,POS消费,地点1596,食堂,2014/08/31 08:35:42,0.8,400.3
9150,POS消费,地点134,食堂,2014/08/31 08:39:45,1.15,399.15
9150,POS消费,地点124,食堂,2014/08/31 11:39:28,4.5,394.65
9150,POS消费,地点1847,食堂,2014/08/31 11:46:05,3.0,391.65
9150,POS消费,地点26,图书馆,2014/08/31 12:09:39,42.6,349.05
9150,POS消费,地点239,食堂,2014/08/31 17:50:56,7.9,341.15
