9291,卡片开户,,,2014/07/12 10:58:15,0.0,0.0
9291,卡充值,,,2014/08/29 12:25:56,200.0,200.0
9291,POS消费,地点237,食堂,2014/08/29 12:30:39,5.1,194.9
9291,POS消费,地点237,食堂,2014/08/29 12:33:01,6.0,188.9
9291,POS消费,地点237,食堂,2014/08/29 12:33:06,0.3,188.6
9291,POS消费,地点21,开水,2014/08/29 12:48:24,9.1,179.5
9291,POS消费,地点243,食堂,2014/08/29 12:53:43,3.0,176.5
9291,POS消费,地点21,开水,2014/08/29 17:48:33,2.6,173.9
9291,POS消费,地点21,开水,2014/08/29 17:52:37,10.6,163.3
9291,POS消费,地点61,食堂,2014/08/30 07:34:48,3.4,159.9
9291,POS消费,地点21,开水,2014/08/30 09:14:55,30.0,129.9
9291,POS消费,地点21,开水,2014/08/30 09:15:00,22.8,107.1
9291,POS消费,地点72,食堂,2014/08/30 11:32:36,9.6,97.5
9291,卡充值,,,2014/08/30 11:50:51,500.0,597.5
9291,POS消费,地点192,超市,2014/08/30 12:58:28,5.4,592.1
9291,POS消费,地点61,食堂,2014/08/30 18:27:24,8.6,583.5
9291,POS消费,地点243,食堂,2014/08/31 11:28:34,3.0,580.5
9291,POS消费,地点82,食堂,2014/08/31 12:00:06,7.6,572.9
9291,POS消费,地点218,食堂,2014/08/31 18:06:15,2.0,570.9
9291,POS消费,地点192,超市,2014/08/31 18:28:36,8.2,562.7
9291,POS消费,地点1910,淋浴,2014/08/31 19:02:58,0.1,562.6
9291,POS消费,地点1910,淋浴,2014/08/31 19:04:44,0.1,562.5
9291,POS消费,地点1910,淋浴,2014/08/31 19:06:56,0.2,562.3
