9305,卡片开户,,,2014/07/13 11:18:14,0.0,0.0
9305,卡充值,,,2014/08/29 08:59:53,500.0,500.0
9305,POS消费,地点203,食堂,2014/08/29 12:05:35,6.5,493.5
9305,POS消费,地点168,食堂,2014/08/29 12:13:01,5.5,488.0
9305,POS消费,地点1930,洗衣房,2014/08/29 14:25:59,3.6,484.4
9305,POS消费,地点1930,洗衣房,2014/08/29 14:32:45,3.6,480.8
9305,POS消费,地点1930,洗衣房,2014/08/29 14:37:42,-3.24,484.04
9305,POS消费,地点1626,淋浴,2014/08/29 20:48:10,0.1,483.94
9305,POS消费,地点1917,淋浴,2014/08/29 20:54:30,0.3,483.64
9305,POS消费,地点1561,开水,2014/08/29 21:06:33,0.12,483.52
9305,POS消费,地点27,教务处,2014/08/30 11:44:26,15.0,468.52
9305,POS消费,地点103,食堂,2014/08/30 12:22:31,7.6,460.92
9305,POS消费,地点103,食堂,2014/08/30 12:22:48,7.6,453.32
9305,POS消费,地点188,超市,2014/08/30 12:34:15,44.0,409.32
9305,POS消费,地点83,食堂,2014/08/30 14:31:58,2.8,406.52
9305,POS消费,地点195,超市,2014/08/30 15:56:24,28.0,378.52
9305,POS消费,地点21,开水,2014/08/30 16:48:49,4.1,374.42
9305,POS消费,地点21,开水,2014/08/31 11:32:25,3.6,370.82
9305,POS消费,地点6,淋浴,2014/08/31 11:33:17,5.0,365.82
9305,POS消费,地点188,超市,2014/08/31 12:05:48,3.4,362.42
9305,POS消费,地点192,超市,2014/08/31 16:52:00,2.0,360.42
9305,POS消费,地点248,超市,2014/08/31 18:17:28,5.6,354.82
9305,POS消费,地点248,超市,2014/08/31 18:17:37,6.6,348.22
