9326,卡片开户,,,2014/07/18 16:18:13,0.0,0.0
9326,卡充值,,,2014/08/30 10:55:11,500.0,500.0
9326,POS消费,地点21,开水,2014/08/30 18:23:35,1.8,498.19
9326,POS消费,地点218,食堂,2014/08/30 18:30:51,2.9,495.29
9326,POS消费,地点1065,开水,2014/08/30 18:43:35,0.01,499.99
9326,POS消费,地点21,开水,2014/08/31 07:34:11,12.3,482.99
9326,POS消费,地点314,食堂,2014/08/31 12:15:10,30.0,452.99
9326,POS消费,地点314,食堂,2014/08/31 12:15:15,12.9,440.09
9326,POS消费,地点168,食堂,2014/08/31 18:07:02,5.0,435.09
9326,POS消费,地点168,食堂,2014/08/31 18:07:05,0.5,434.59
9326,POS消费,地点12,文印中心,2014/08/31 21:22:18,0.3,434.29
