9474,卡片开户,,,2014/07/16 12:08:43,0.0,0.0
9474,卡充值,,,2014/08/28 18:57:10,500.0,500.0
9474,POS消费,地点314,食堂,2014/08/28 20:36:24,53.8,446.2
9474,POS消费,地点407,淋浴,2014/08/28 23:33:58,0.7,445.5
9474,POS消费,地点356,开水,2014/08/29 01:02:21,0.01,445.49
9474,POS消费,地点260,食堂,2014/08/29 11:39:15,2.2,443.29
9474,POS消费,地点239,食堂,2014/08/29 11:39:57,4.1,439.19
9474,POS消费,地点356,开水,2014/08/29 21:10:22,0.01,439.18
9474,POS消费,地点407,淋浴,2014/08/30 00:37:18,0.4,438.78
9474,POS消费,地点21,开水,2014/08/30 09:08:12,1.6,437.18
9474,POS消费,地点72,食堂,2014/08/30 13:29:16,7.6,429.58
9474,POS消费,地点72,食堂,2014/08/30 13:29:58,8.6,420.98
9474,POS消费,地点195,超市,2014/08/30 22:15:52,4.9,416.08
9474,POS消费,地点356,开水,2014/08/30 22:42:47,0.01,416.07
9474,POS消费,地点328,淋浴,2014/08/30 23:42:19,0.6,415.47
9474,POS消费,地点103,食堂,2014/08/31 08:33:30,0.8,414.67
9474,POS消费,地点188,超市,2014/08/31 11:47:31,6.2,408.47
9474,POS消费,地点21,开水,2014/08/31 12:10:05,1.2,403.17
9474,POS消费,地点103,食堂,2014/08/31 12:10:40,4.1,404.37
9474,POS消费,地点1847,食堂,2014/08/31 12:15:11,1.5,401.67
9474,POS消费,地点435,淋浴,2014/08/31 22:34:24,0.4,400.77
