9502,卡充值,,,2014/09/10 16:56:23,100.0,106.15
9502,POS消费,地点232,食堂,2014/09/10 17:10:15,19.0,87.15
9502,POS消费,地点232,食堂,2014/09/10 17:11:07,4.0,83.15
9502,POS消费,地点21,开水,2014/09/10 17:11:49,5.0,78.15
9502,POS消费,地点6,淋浴,2014/09/10 17:16:35,15.2,62.95
9502,POS消费,地点21,开水,2014/09/10 17:17:03,1.3,61.65
9502,POS消费,地点91,校车,2014/09/11 11:56:09,10.0,51.65
9502,POS消费,地点91,校车,2014/09/11 11:56:39,11.0,40.65
9502,POS消费,地点232,食堂,2014/09/15 12:26:05,10.9,29.75
9502,POS消费,地点6,淋浴,2014/09/15 12:26:45,8.76,20.99
9502,POS消费,地点91,校车,2014/09/15 12:27:34,12.0,8.99
9502,POS消费,地点91,校车,2014/09/15 12:32:11,1.0,7.99
9502,POS消费,地点21,开水,2014/09/15 12:37:06,2.0,5.99
9502,POS消费,地点21,开水,2014/09/15 12:37:11,2.2,3.79
9502,卡充值,,,2014/09/15 17:54:31,50.0,53.79
9502,POS消费,地点6,淋浴,2014/09/15 18:02:05,12.0,41.79
9502,POS消费,地点271,校医院,2014/09/15 18:02:34,0.5,41.29
9502,POS消费,地点91,校车,2014/09/15 18:11:49,7.6,33.69
9502,POS消费,地点232,食堂,2014/09/15 18:14:36,8.5,25.19
9502,POS消费,地点91,校车,2014/09/15 18:23:03,1.0,24.19
9502,POS消费,地点248,超市,2014/09/15 18:36:55,5.9,18.29
9502,POS消费,地点248,超市,2014/09/15 18:54:03,4.1,14.19
9502,POS消费,地点248,超市,2014/09/17 14:58:42,2.7,11.49
9502,卡充值,,,2014/09/17 17:09:20,50.0,61.49
9502,POS消费,地点6,淋浴,2014/09/17 17:29:23,12.0,49.49
9502,POS消费,地点232,食堂,2014/09/17 17:32:01,6.0,43.49
9502,POS消费,地点91,校车,2014/09/17 17:32:14,2.0,41.49
9502,POS消费,地点21,开水,2014/09/17 17:32:45,2.0,39.49
9502,POS消费,地点6,淋浴,2014/09/17 17:37:39,6.0,33.49
9502,POS消费,地点6,淋浴,2014/09/18 17:06:15,14.7,18.79
9502,POS消费,地点91,校车,2014/09/18 17:08:08,1.0,17.79
9502,POS消费,地点91,校车,2014/09/18 17:11:00,10.0,7.79
9502,POS消费,地点21,开水,2014/09/18 17:12:12,2.0,5.79
9502,卡充值,,,2014/09/22 18:00:31,50.0,55.79
9502,POS消费,地点6,淋浴,2014/09/22 18:08:15,24.0,31.79
9502,POS消费,地点21,开水,2014/09/22 18:09:01,1.5,30.29
9502,POS消费,地点91,校车,2014/09/23 10:48:14,22.0,8.29
9502,POS消费,地点26,图书馆,2014/09/23 11:02:47,3.6,4.69
9502,POS消费,地点21,开水,2014/09/23 11:44:00,2.53,2.16
9502,卡充值,,,2014/09/25 10:54:35,30.0,32.16
9502,POS消费,地点223,淋浴,2014/09/26 21:48:16,0.1,32.06
9502,POS消费,地点223,淋浴,2014/09/26 23:38:18,0.4,31.66
9502,POS消费,地点21,开水,2014/09/27 14:04:22,3.5,28.16
9502,POS消费,地点21,开水,2014/09/27 20:29:50,3.4,24.76
9502,POS消费,地点223,淋浴,2014/09/27 22:44:56,0.5,24.26
9502,POS消费,地点232,食堂,2014/09/28 12:27:10,8.6,15.66
9502,POS消费,地点91,校车,2014/09/28 12:42:14,3.0,12.66
9502,POS消费,地点223,淋浴,2014/09/29 00:31:07,0.7,11.96
9502,POS消费,地点223,淋浴,2014/09/29 23:40:04,0.7,11.26
9502,POS消费,地点21,开水,2014/09/30 13:25:49,6.5,4.76
9502,POS消费,地点21,开水,2014/10/06 10:29:45,1.8,2.96
9502,POS消费,地点21,开水,2014/10/06 10:32:11,1.0,1.96
9502,卡充值,,,2014/10/06 11:32:21,50.0,51.96
9502,POS消费,地点91,校车,2014/10/06 11:35:39,11.0,40.96
9502,POS消费,地点91,校车,2014/10/06 11:36:08,14.0,26.96
9502,POS消费,地点232,食堂,2014/10/08 11:42:54,15.36,11.6
9502,POS消费,地点91,校车,2014/10/08 11:45:59,4.0,7.6
9502,POS消费,地点21,开水,2014/10/08 11:46:48,3.6,4.0
9502,卡充值,,,2014/10/09 12:04:46,50.0,54.0
9502,POS消费,地点91,校车,2014/10/09 12:10:53,19.0,35.0
9502,POS消费,地点26,图书馆,2014/10/09 12:12:48,1.0,34.0
9502,POS消费,地点232,食堂,2014/10/09 17:58:57,13.9,20.1
9502,POS消费,地点21,开水,2014/10/09 18:02:49,1.6,18.5
9502,POS消费,地点91,校车,2014/10/09 18:04:29,8.0,10.5
9502,POS消费,地点26,图书馆,2014/10/09 18:25:06,10.4,0.1
9502,卡充值,,,2014/10/13 11:59:51,50.0,50.1
9502,POS消费,地点232,食堂,2014/10/13 12:08:11,16.4,33.7
9502,POS消费,地点21,开水,2014/10/13 12:08:48,3.6,30.1
9502,POS消费,地点91,校车,2014/10/13 12:14:33,9.0,21.1
9502,POS消费,地点6,淋浴,2014/10/13 18:07:24,12.0,9.1
9502,卡充值,,,2014/10/14 15:55:16,50.0,59.1
9502,POS消费,地点248,超市,2014/10/14 18:06:57,1.0,58.1
9502,POS消费,地点326,洗衣房,2014/10/14 18:08:23,6.0,52.1
9502,POS消费,地点6,淋浴,2014/10/14 18:20:49,15.0,37.1
9502,POS消费,地点6,淋浴,2014/10/14 18:20:54,12.0,25.1
9502,POS消费,地点232,食堂,2014/10/16 17:53:03,14.0,11.1
9502,POS消费,地点232,食堂,2014/10/16 17:53:39,-14.0,25.1
9502,POS消费,地点232,食堂,2014/10/16 17:53:43,12.0,13.1
9502,POS消费,地点91,校车,2014/10/16 17:56:05,2.0,11.1
9502,POS消费,地点232,食堂,2014/10/16 18:06:51,4.0,7.1
9502,卡充值,,,2014/10/20 11:41:08,50.0,57.1
9502,POS消费,地点271,校医院,2014/10/20 11:44:40,30.0,27.1
9502,POS消费,地点271,校医院,2014/10/20 11:44:43,2.0,25.1
9502,POS消费,地点248,超市,2014/10/20 15:25:02,3.8,21.3
9502,卡充值,,,2014/10/20 17:02:33,40.0,61.3
9502,POS消费,地点91,校车,2014/10/20 17:11:50,6.0,55.3
9502,POS消费,地点232,食堂,2014/10/20 17:14:33,20.2,35.1
9502,POS消费,地点91,校车,2014/10/20 17:16:19,10.0,25.1
9502,卡充值,,,2014/10/22 11:43:24,50.0,75.1
9502,POS消费,地点91,校车,2014/10/22 12:23:42,6.0,69.1
9502,POS消费,地点21,开水,2014/10/22 12:24:56,0.5,68.6
9502,POS消费,地点91,校车,2014/10/22 12:27:14,12.0,56.6
9502,POS消费,地点248,超市,2014/10/22 12:46:21,9.1,47.5
9502,POS消费,地点21,开水,2014/10/22 15:48:45,3.0,44.5
9502,POS消费,地点232,食堂,2014/10/23 11:32:19,8.4,36.1
9502,POS消费,地点6,淋浴,2014/10/23 11:33:18,8.28,27.82
9502,POS消费,地点91,校车,2014/10/23 11:40:19,5.0,22.82
9502,POS消费,地点21,开水,2014/10/23 11:41:44,2.0,20.82
9502,POS消费,地点91,校车,2014/10/23 11:42:35,6.0,14.82
9502,POS消费,地点248,超市,2014/10/23 12:25:29,3.8,11.02
9502,POS消费,地点21,开水,2014/10/26 17:46:19,1.53,9.49
9502,POS消费,地点21,开水,2014/10/26 17:47:56,2.0,7.49
9502,卡充值,,,2014/10/28 12:11:12,50.0,57.49
9502,POS消费,地点91,校车,2014/10/28 12:13:29,6.0,51.49
9502,POS消费,地点232,食堂,2014/10/28 12:17:53,17.3,34.19
9502,POS消费,地点91,校车,2014/10/28 12:21:06,2.0,32.19
9502,POS消费,地点21,开水,2014/10/28 12:22:40,1.8,30.39
9502,POS消费,地点91,校车,2014/10/29 12:20:44,23.0,7.39
9502,POS消费,地点21,开水,2014/11/02 18:07:12,2.0,5.39
9502,POS消费,地点232,食堂,2014/11/03 12:00:12,10.0,45.39
9502,卡充值,,,2014/11/03 12:03:52,50.0,55.39
9502,POS消费,地点248,超市,2014/11/03 16:22:31,4.7,40.69
9502,POS消费,地点232,食堂,2014/11/03 18:20:07,7.2,33.49
9502,POS消费,地点6,淋浴,2014/11/03 18:20:31,5.16,28.33
9502,POS消费,地点91,校车,2014/11/03 18:21:41,6.0,22.33
9502,POS消费,地点91,校车,2014/11/03 18:25:20,2.0,20.33
9502,POS消费,地点91,校车,2014/11/07 18:10:19,6.0,14.33
9502,POS消费,地点21,开水,2014/11/07 18:11:05,1.5,12.83
9502,POS消费,地点21,开水,2014/11/07 18:12:08,1.5,11.33
9502,POS消费,地点21,开水,2014/11/07 18:12:46,1.6,9.73
9502,POS消费,地点232,食堂,2014/11/07 18:18:34,4.2,5.53
9502,POS消费,地点91,校车,2014/11/10 17:51:07,3.0,2.53
9502,POS消费,地点21,开水,2014/11/11 10:48:34,0.5,2.03
9502,卡充值,,,2014/11/20 17:53:48,30.0,32.03
9502,POS消费,地点91,校车,2014/11/20 17:59:38,10.0,22.03
9502,POS消费,地点6,淋浴,2014/11/20 18:00:48,8.0,14.03
9502,POS消费,地点26,图书馆,2014/11/20 18:17:03,1.8,12.23
9502,POS消费,地点21,开水,2014/11/22 11:57:27,6.0,6.23
9502,卡充值,,,2014/11/22 17:49:03,30.0,36.23
9502,POS消费,地点6,淋浴,2014/11/22 18:07:37,13.5,22.73
9502,POS消费,地点91,校车,2014/11/22 18:21:09,1.0,21.73
9502,POS消费,地点21,开水,2014/11/22 18:37:31,18.5,3.23
9502,卡充值,,,2014/11/24 12:18:59,50.0,53.23
9502,POS消费,地点6,淋浴,2014/11/24 12:21:47,17.6,35.63
9502,POS消费,地点91,校车,2014/11/24 12:27:04,12.0,23.63
9502,POS消费,地点91,校车,2014/11/24 12:27:09,1.0,22.63
9502,POS消费,地点21,开水,2014/11/24 12:58:10,4.6,18.03
9502,POS消费,地点91,校车,2014/11/25 10:17:58,3.0,15.03
9502,卡充值,,,2014/11/25 11:39:56,20.0,35.03
9502,POS消费,地点91,校车,2014/11/25 11:46:15,22.0,13.03
9502,POS消费,地点21,开水,2014/11/25 11:48:31,4.0,9.03
9502,POS消费,地点21,开水,2014/11/26 18:02:43,0.83,8.2
9502,卡充值,,,2014/11/27 17:36:48,20.0,28.2
9502,POS消费,地点91,校车,2014/11/27 17:59:51,6.0,22.2
9502,POS消费,地点91,校车,2014/11/27 18:04:44,12.0,10.2
9502,POS消费,地点26,图书馆,2014/11/27 18:11:23,3.0,7.2
9502,卡充值,,,2014/11/28 12:25:59,50.0,57.2
9502,POS消费,地点91,校车,2014/11/28 12:31:07,20.0,37.2
9502,POS消费,地点21,开水,2014/11/28 12:31:45,1.8,35.4
9502,POS消费,地点21,开水,2014/11/28 12:33:58,0.8,34.6
9502,POS消费,地点91,校车,2014/11/29 18:34:49,10.0,24.6
9502,POS消费,地点6,淋浴,2014/11/29 18:37:19,13.5,11.1
9502,POS消费,地点91,校车,2014/11/29 18:39:49,1.0,10.1
9502,卡充值,,,2014/11/30 16:50:37,30.0,40.1
9502,更新卡信息,,,2014/11/30 16:52:48,0.0,0.0
9502,POS消费,地点21,开水,2014/11/30 16:54:37,4.0,36.1
9502,POS消费,地点6,淋浴,2014/11/30 17:30:30,15.0,21.1
9502,POS消费,地点91,校车,2014/11/30 17:33:27,9.0,12.1
9502,POS消费,地点91,校车,2014/11/30 17:33:32,1.0,11.1
9502,卡充值,,,2014/12/01 11:39:38,30.0,41.1
9502,POS消费,地点91,校车,2014/12/01 11:42:22,10.0,31.1
9502,POS消费,地点91,校车,2014/12/01 11:42:33,3.0,28.1
9502,POS消费,地点91,校车,2014/12/01 11:45:25,10.0,18.1
9502,POS消费,地点6,淋浴,2014/12/01 11:47:24,8.0,10.1
9502,POS消费,地点26,图书馆,2014/12/01 11:58:55,1.8,8.3
9502,POS消费,地点91,校车,2014/12/01 17:35:47,6.0,2.3
9502,POS消费,地点21,开水,2014/12/03 18:27:39,0.83,1.47
9502,卡充值,,,2014/12/04 18:15:49,50.0,51.47
9502,POS消费,地点21,开水,2014/12/04 18:19:43,1.5,49.97
9502,POS消费,地点21,开水,2014/12/04 18:20:31,4.0,45.97
9502,POS消费,地点91,校车,2014/12/04 18:25:18,10.0,35.97
9502,POS消费,地点232,食堂,2014/12/05 17:57:31,6.0,22.47
9502,POS消费,地点232,食堂,2014/12/05 18:01:12,6.0,28.47
9502,POS消费,地点91,校车,2014/12/05 18:01:14,1.5,34.47
9502,POS消费,地点91,校车,2014/12/05 18:28:20,3.0,19.47
9502,卡充值,,,2014/12/08 16:55:56,50.0,69.47
9502,POS消费,地点91,校车,2014/12/08 16:58:17,10.0,59.47
9502,POS消费,地点91,校车,2014/12/08 17:01:03,19.0,40.47
9502,POS消费,地点91,校车,2014/12/08 17:02:20,6.0,34.47
9502,POS消费,地点91,校车,2014/12/09 12:47:45,10.0,24.47
9502,POS消费,地点232,食堂,2014/12/09 12:48:53,7.6,16.87
9502,POS消费,地点91,校车,2014/12/09 12:54:16,3.0,13.87
9502,POS消费,地点26,图书馆,2014/12/11 15:08:20,0.3,13.57
9502,卡充值,,,2014/12/11 18:18:41,30.0,43.57
9502,POS消费,地点91,校车,2014/12/11 18:20:41,6.0,37.57
9502,POS消费,地点91,校车,2014/12/11 18:23:26,14.0,23.57
9502,POS消费,地点91,校车,2014/12/11 18:25:35,12.0,11.57
9502,卡充值,,,2014/12/14 17:36:44,20.0,31.57
9502,POS消费,地点26,图书馆,2014/12/14 17:40:29,8.6,22.97
9502,POS消费,地点91,校车,2014/12/14 17:43:39,11.0,11.97
9502,卡充值,,,2014/12/19 17:00:32,20.0,31.97
9502,POS消费,地点21,开水,2014/12/19 17:03:38,1.5,30.47
9502,POS消费,地点232,食堂,2014/12/19 17:06:28,10.0,20.47
9502,POS消费,地点21,开水,2014/12/19 17:07:48,3.0,17.47
9502,POS消费,地点21,开水,2014/12/19 17:09:49,1.2,16.27
9502,POS消费,地点21,开水,2014/12/19 17:16:59,2.0,14.27
9502,POS消费,地点21,开水,2014/12/19 17:19:53,1.63,12.64
9502,卡充值,,,2014/12/26 18:04:03,20.0,32.64
9502,POS消费,地点232,食堂,2014/12/26 18:05:20,7.6,25.04
9502,POS消费,地点21,开水,2014/12/26 18:28:43,11.5,13.54
9502,POS消费,地点21,开水,2014/12/27 09:53:46,2.0,11.54
9502,POS消费,地点21,开水,2014/12/27 10:03:35,5.83,5.71
9502,POS消费,地点223,淋浴,2014/12/27 20:51:08,0.8,4.91
9502,卡充值,,,2014/12/29 12:42:58,50.0,54.91
9502,POS消费,地点91,校车,2014/12/29 12:44:07,10.0,44.91
9502,POS消费,地点232,食堂,2014/12/29 12:44:28,9.6,35.31
9502,POS消费,地点232,食堂,2014/12/29 12:44:33,-9.6,44.91
9502,POS消费,地点232,食堂,2014/12/29 12:44:38,8.6,36.31
9502,POS消费,地点223,淋浴,2014/12/30 23:06:11,0.7,35.61
9502,POS消费,地点223,淋浴,2015/01/01 04:58:20,0.1,35.51
9502,POS消费,地点91,校车,2015/01/04 14:03:23,3.0,32.51
9502,POS消费,地点223,淋浴,2015/01/04 16:08:58,0.1,32.41
9502,POS消费,地点21,开水,2015/01/09 20:52:20,3.0,29.41
9502,POS消费,地点91,校车,2015/01/10 12:30:40,10.0,19.41
9502,POS消费,地点6,淋浴,2015/01/10 12:34:56,8.0,11.41
9502,卡充值,,,2015/01/14 12:17:19,20.0,31.41
9502,POS消费,地点6,淋浴,2015/01/14 12:20:58,12.0,19.41
9502,POS消费,地点91,校车,2015/01/14 12:21:16,10.0,9.41
9502,POS消费,地点91,校车,2015/01/14 12:21:22,1.0,8.41
9502,POS消费,地点6,淋浴,2015/01/14 12:35:13,1.0,7.41
9502,POS消费,地点1472,校车,2015/03/29 12:28:07,1.0,6.41
9502,POS消费,地点1472,校车,2015/03/29 12:28:16,1.0,5.41
9502,POS消费,地点1996,校车,2015/03/29 13:09:00,1.0,4.41
9502,POS消费,地点1996,校车,2015/03/29 13:09:06,1.0,3.41
9502,POS消费,地点1472,校车,2015/03/29 15:46:11,1.0,2.41
9502,POS消费,地点1472,校车,2015/03/29 15:46:22,1.0,1.41
9502,卡充值,,,2015/05/11 11:48:18,30.0,31.41
9502,POS消费,地点91,校车,2015/05/11 11:49:43,24.0,7.41
9502,POS消费,地点21,开水,2015/05/11 12:28:06,6.7,0.71
9502,卡充值,,,2015/07/17 12:25:13,50.0,50.71
9502,POS消费,地点21,开水,2015/07/17 12:27:34,10.0,40.71
9502,POS消费,地点21,开水,2015/07/17 12:27:58,10.0,30.71
9502,POS消费,地点26,图书馆,2015/07/17 12:30:35,5.1,25.61
9502,POS消费,地点26,图书馆,2015/07/18 20:44:09,3.0,22.61
9502,POS消费,地点223,淋浴,2015/07/19 00:03:20,0.8,21.81
9502,POS消费,地点223,淋浴,2015/07/19 21:59:37,0.4,21.41
9502,POS消费,地点21,开水,2015/07/20 08:12:38,3.06,18.35
9502,POS消费,地点223,淋浴,2015/07/21 00:02:03,1.0,17.35
9502,POS消费,地点223,淋浴,2015/07/22 00:40:02,0.6,16.75
9502,POS消费,地点223,淋浴,2015/07/22 23:55:48,0.7,16.05
9502,POS消费,地点223,淋浴,2015/07/26 01:49:44,0.7,15.35
9502,POS消费,地点26,图书馆,2015/07/26 22:03:14,3.0,12.35
9502,POS消费,地点223,淋浴,2015/07/27 00:52:13,0.7,11.65
9502,POS消费,地点223,淋浴,2015/07/30 01:22:18,0.6,11.05
9502,POS消费,地点223,淋浴,2015/07/30 21:51:37,0.9,10.15
9502,POS消费,地点223,淋浴,2015/07/30 22:02:58,0.4,9.75
9502,POS消费,地点223,淋浴,2015/08/01 19:23:46,0.7,9.05
9502,POS消费,地点223,淋浴,2015/08/01 19:34:31,0.1,8.95
9502,POS消费,地点223,淋浴,2015/08/01 19:35:46,0.1,8.85
9502,POS消费,地点223,淋浴,2015/08/03 00:35:13,0.6,8.25
9502,POS消费,地点223,淋浴,2015/08/03 12:39:25,0.2,8.05
9502,POS消费,地点223,淋浴,2015/08/03 22:46:46,0.9,7.15
9502,POS消费,地点223,淋浴,2015/08/05 00:37:42,0.7,6.45
9502,POS消费,地点223,淋浴,2015/08/05 23:40:41,0.7,5.75
9502,POS消费,地点223,淋浴,2015/08/06 00:21:39,0.4,5.35
9502,POS消费,地点223,淋浴,2015/08/12 19:24:33,0.5,4.85
9502,POS消费,地点223,淋浴,2015/08/12 19:24:35,0.5,4.35
9502,POS消费,地点223,淋浴,2015/08/12 19:24:37,0.3,4.05
9502,POS消费,地点223,淋浴,2015/08/12 19:24:39,0.6,3.45
9502,POS消费,地点223,淋浴,2015/08/12 19:24:41,0.7,2.75
9502,POS消费,地点223,淋浴,2015/08/12 19:24:46,0.9,1.85
9502,POS消费,地点223,淋浴,2015/08/12 19:56:12,0.8,1.05
9502,POS消费,地点223,淋浴,2015/08/12 19:56:12,0.8,0.25
9502,POS消费,地点223,淋浴,2015/08/12 19:56:15,0.2,0.05
