9605,卡片开户,,,2014/07/16 15:46:27,0.0,0.0
9605,卡充值,,,2014/08/30 11:20:38,300.0,300.0
9605,POS消费,地点218,食堂,2014/08/30 11:22:48,6.9,293.1
9605,POS消费,地点1588,食堂,2014/08/30 11:37:34,15.2,277.9
9605,POS消费,地点188,超市,2014/08/30 12:50:10,6.3,271.6
9605,POS消费,地点214,超市,2014/08/31 10:16:08,3.0,268.6
9605,POS消费,地点214,超市,2014/08/31 10:16:48,3.0,265.6
9605,POS消费,地点243,食堂,2014/08/31 11:36:45,3.0,262.6
9605,POS消费,地点249,食堂,2014/08/31 11:55:06,5.6,257.0
