9714,卡片开户,,,2014/07/14 09:23:59,0.0,0.0
9714,卡充值,,,2014/08/27 14:59:14,500.0,500.0
9714,POS消费,地点26,图书馆,2014/08/27 15:07:14,100.0,400.0
9714,POS消费,地点26,图书馆,2014/08/27 15:07:27,81.4,318.6
9714,POS消费,地点26,图书馆,2014/08/27 15:08:14,25.5,293.1
9714,POS消费,地点26,图书馆,2014/08/27 15:09:40,0.5,292.6
9714,POS消费,地点26,图书馆,2014/08/27 15:12:34,38.0,254.6
9714,POS消费,地点27,教务处,2014/08/27 15:24:01,5.8,248.8
9714,POS消费,地点61,食堂,2014/08/27 17:56:25,3.6,245.2
9714,POS消费,地点61,食堂,2014/08/27 17:57:56,5.2,240.0
9714,POS消费,地点61,食堂,2014/08/27 17:58:27,12.6,227.4
9714,POS消费,地点21,开水,2014/08/27 18:20:56,1.63,225.77
9714,POS消费,地点1451,校车,2014/08/29 10:13:16,1.0,224.77
9714,POS消费,地点1451,校车,2014/08/29 10:13:31,1.0,223.77
9714,POS消费,地点253,食堂,2014/08/29 11:59:54,5.85,217.92
9714,POS消费,地点242,食堂,2014/08/29 12:00:59,3.0,214.92
9714,POS消费,地点239,食堂,2014/08/29 12:01:06,5.8,209.12
9714,POS消费,地点242,食堂,2014/08/29 12:02:09,1.5,207.62
9714,POS消费,地点251,食堂,2014/08/29 12:02:12,2.0,205.62
9714,POS消费,地点21,开水,2014/08/29 12:24:11,2.83,202.79
9714,POS消费,地点188,超市,2014/08/30 10:09:31,47.3,155.49
9714,POS消费,地点264,食堂,2014/08/30 11:36:44,10.4,145.09
9714,POS消费,地点213,食堂,2014/08/30 14:24:12,0.15,144.94
9714,POS消费,地点168,食堂,2014/08/30 17:40:48,5.5,139.44
9714,POS消费,地点204,食堂,2014/08/30 17:45:54,5.0,134.44
9714,POS消费,地点21,开水,2014/08/30 18:21:18,74.0,60.44
9714,POS消费,地点1659,淋浴,2014/08/30 19:00:30,0.6,59.76
9714,POS消费,地点1592,开水,2014/08/30 19:08:27,0.08,60.36
9714,POS消费,地点1365,淋浴,2014/08/30 23:13:51,0.2,59.56
9714,POS消费,地点168,食堂,2014/08/31 08:08:55,5.5,54.06
9714,POS消费,地点1472,校车,2014/08/31 09:06:01,1.0,53.06
9714,POS消费,地点1451,校车,2014/08/31 13:00:51,1.0,52.06
9714,POS消费,地点1592,开水,2014/08/31 13:29:12,0.04,52.02
9714,POS消费,地点232,食堂,2014/08/31 17:35:00,8.0,44.02
9714,POS消费,地点1886,洗衣房,2014/08/31 19:54:39,3.6,40.42
9714,POS消费,地点1886,洗衣房,2014/08/31 19:57:31,3.6,36.82
9714,POS消费,地点12,文印中心,2014/08/31 20:00:10,0.4,36.42
