986,卡片开户,,,2014/07/10 14:32:53,0.0,0.0
986,卡充值,,,2014/08/18 16:06:36,200.0,200.0
986,POS消费,地点264,食堂,2014/08/18 17:45:29,5.6,188.8
986,POS消费,地点249,食堂,2014/08/18 17:58:30,5.6,194.4
986,POS消费,地点157,食堂,2014/08/18 17:58:55,5.0,183.8
986,POS消费,地点21,开水,2014/08/18 18:33:16,10.0,173.8
986,POS消费,地点69,食堂,2014/08/19 06:38:35,2.6,171.2
986,POS消费,地点69,食堂,2014/08/19 06:38:51,2.6,168.6
986,POS消费,地点21,开水,2014/08/19 13:07:47,9.8,158.8
986,POS消费,地点89,食堂,2014/08/20 18:28:19,4.5,154.3
986,POS消费,地点72,食堂,2014/08/21 07:03:14,4.6,149.7
986,POS消费,地点65,食堂,2014/08/21 11:47:35,9.6,140.1
986,POS消费,地点60,食堂,2014/08/21 12:02:00,2.9,137.2
986,POS消费,地点21,开水,2014/08/21 12:49:23,3.5,133.7
986,POS消费,地点82,食堂,2014/08/21 17:42:48,8.1,125.6
986,POS消费,地点21,开水,2014/08/21 18:27:21,5.0,120.6
