9944,POS消费,地点211,校车,2015/05/24 19:41:49,1.0,107.03
9944,POS消费,地点211,校车,2015/05/24 19:42:00,1.0,106.03
9944,支付领取,,,2015/05/24 20:45:58,100.0,108.03
9944,POS消费,地点437,淋浴,2015/05/24 21:53:29,0.1,105.93
9944,POS消费,地点343,淋浴,2015/05/24 22:02:15,0.7,105.23
9944,POS消费,地点21,开水,2015/05/25 09:03:07,1.8,103.43
9944,POS消费,地点446,淋浴,2015/05/25 23:39:56,0.6,102.63
9944,POS消费,地点91,校车,2015/05/26 08:16:12,1.6,101.03
9944,POS消费,地点688,开水,2015/05/26 10:12:42,0.01,101.02
9944,POS消费,地点83,食堂,2015/05/26 13:26:32,3.2,97.82
9944,POS消费,地点2172,文印中心,2015/05/26 15:48:25,1.5,96.32
9944,POS消费,地点1472,校车,2015/05/26 18:16:09,1.0,95.32
9944,POS消费,地点83,食堂,2015/05/26 21:40:17,3.0,92.32
9944,POS消费,地点343,淋浴,2015/05/27 10:10:03,0.9,91.42
9944,POS消费,地点83,食堂,2015/05/27 19:42:57,5.2,86.22
9944,POS消费,地点418,淋浴,2015/05/28 23:09:04,0.6,85.62
9944,POS消费,地点83,食堂,2015/05/29 09:37:02,3.2,82.42
9944,POS消费,地点21,开水,2015/05/29 11:54:11,23.0,57.42
9944,POS消费,地点1036,食堂,2015/05/29 12:01:23,2.0,80.42
9944,POS消费,地点418,淋浴,2015/05/30 07:55:00,1.2,56.22
9944,POS消费,地点21,开水,2015/05/30 08:54:37,2.0,54.22
9944,POS消费,地点72,食堂,2015/05/30 08:59:12,4.8,49.42
9944,POS消费,地点391,开水,2015/05/30 11:50:56,0.02,49.4
9944,POS消费,地点418,淋浴,2015/05/31 16:52:20,0.8,48.6
9944,POS消费,地点61,食堂,2015/06/01 08:47:24,2.4,46.2
9944,POS消费,地点222,校车,2015/06/01 16:59:59,1.0,45.2
9944,POS消费,地点417,淋浴,2015/06/01 22:59:59,0.6,44.6
9944,POS消费,地点83,食堂,2015/06/02 08:22:12,3.2,39.3
9944,POS消费,地点1997,食堂,2015/06/02 09:31:00,2.1,42.5
9944,POS消费,地点417,淋浴,2015/06/02 14:35:09,1.0,38.3
9944,POS消费,地点211,校车,2015/06/02 17:01:17,1.0,37.3
9944,POS消费,地点1996,校车,2015/06/02 18:21:27,1.0,36.3
9944,POS消费,地点222,校车,2015/06/10 14:46:40,1.0,35.3
9944,POS消费,地点222,校车,2015/06/10 14:48:08,1.0,34.3
9944,POS消费,地点91,校车,2015/06/10 18:08:36,9.5,24.8
9944,POS消费,地点1961,超市,2015/06/10 18:47:17,3.0,21.8
9944,POS消费,地点343,淋浴,2015/06/10 21:48:19,0.1,21.7
9944,POS消费,地点437,淋浴,2015/06/10 21:48:38,0.1,21.6
9944,POS消费,地点418,淋浴,2015/06/10 21:51:17,0.7,20.9
9944,POS消费,地点60,食堂,2015/06/11 09:07:58,0.5,20.4
9944,POS消费,地点69,食堂,2015/06/11 09:08:28,0.83,19.57
9944,POS消费,地点60,食堂,2015/06/11 09:10:31,0.2,19.37
9944,POS消费,地点83,食堂,2015/06/11 11:33:29,3.7,15.67
9944,POS消费,地点418,淋浴,2015/06/11 20:48:07,0.6,15.07
9944,POS消费,地点1997,食堂,2015/06/12 09:50:41,2.2,12.87
9944,POS消费,地点837,校车,2015/06/12 14:30:05,1.0,11.87
9944,卡充值,,,2015/06/12 14:43:49,50.0,61.87
9944,POS消费,地点418,淋浴,2015/06/12 18:27:53,1.2,60.67
9944,POS消费,地点391,开水,2015/06/13 08:10:41,0.01,60.66
9944,POS消费,地点1387,校车,2015/06/14 14:31:38,2.0,54.66
9944,POS消费,地点1387,校车,2015/06/14 14:31:44,2.0,52.66
9944,POS消费,地点1387,校车,2015/06/14 14:31:52,2.0,50.66
9944,POS消费,地点1387,校车,2015/06/14 14:31:58,2.0,48.66
9944,POS消费,地点1387,校车,2015/06/14 14:32:04,2.0,46.66
9944,POS消费,地点1447,校车,2015/06/14 15:21:59,1.0,45.66
9944,POS消费,地点1447,校车,2015/06/14 15:22:08,1.0,44.66
9944,POS消费,地点21,开水,2015/06/14 16:01:29,19.57,25.09
9944,POS消费,地点418,淋浴,2015/06/14 16:59:18,0.7,24.39
9944,POS消费,地点414,开水,2015/06/15 08:14:35,0.01,24.38
9944,POS消费,地点83,食堂,2015/06/15 18:24:32,3.2,21.18
9944,POS消费,地点417,淋浴,2015/06/15 22:20:33,0.6,20.58
9944,POS消费,地点414,开水,2015/06/16 07:17:15,0.01,20.57
9944,POS消费,地点65,食堂,2015/06/16 08:00:22,0.4,18.67
9944,POS消费,地点60,食堂,2015/06/16 08:02:39,1.0,19.57
9944,POS消费,地点60,食堂,2015/06/16 08:02:47,0.5,19.07
9944,POS消费,地点795,开水,2015/06/16 09:17:39,0.01,18.66
9944,POS消费,地点688,开水,2015/06/16 11:11:58,0.01,18.65
9944,POS消费,地点83,食堂,2015/06/16 11:34:07,3.7,14.95
9944,卡充值,,,2015/06/16 17:14:37,100.0,114.95
9944,POS消费,地点218,食堂,2015/06/16 17:15:01,1.8,113.15
9944,POS消费,地点243,食堂,2015/06/16 17:15:09,2.53,110.62
9944,POS消费,地点243,食堂,2015/06/16 17:15:47,2.0,108.62
9944,POS消费,地点21,开水,2015/06/16 17:18:43,7.4,101.22
9944,POS消费,地点246,食堂,2015/06/16 20:53:26,30.0,71.22
9944,POS消费,地点227,食堂,2015/06/16 21:04:42,4.3,66.92
9944,POS消费,地点418,淋浴,2015/06/16 23:28:39,0.7,66.22
9944,POS消费,地点418,淋浴,2015/06/17 09:43:03,1.1,65.12
9944,POS消费,地点72,食堂,2015/06/24 08:46:34,1.6,63.52
9944,POS消费,地点418,淋浴,2015/06/24 14:46:00,1.0,62.52
9944,POS消费,地点83,食堂,2015/06/24 18:36:54,3.2,59.32
9944,POS消费,地点69,食堂,2015/06/25 09:00:47,1.6,57.72
9944,POS消费,地点418,淋浴,2015/06/25 17:04:31,0.3,57.42
9944,POS消费,地点1961,超市,2015/06/26 16:01:09,5.1,52.32
9944,POS消费,地点418,淋浴,2015/06/26 20:56:26,1.0,51.32
9944,POS消费,地点61,食堂,2015/06/27 07:49:24,1.6,49.72
9944,POS消费,地点61,食堂,2015/06/27 07:49:43,1.4,48.32
9944,POS消费,地点418,淋浴,2015/06/27 22:59:17,0.6,47.72
9944,POS消费,地点1542,校车,2015/06/28 10:39:05,4.0,43.72
9944,POS消费,地点1542,校车,2015/06/28 10:40:31,4.0,39.72
9944,POS消费,地点83,食堂,2015/06/28 17:17:55,3.2,36.52
9944,POS消费,地点192,超市,2015/06/28 17:27:45,4.6,31.92
9944,POS消费,地点21,开水,2015/06/28 21:10:31,3.0,28.92
9944,POS消费,地点184,食堂,2015/06/29 11:21:24,4.0,24.92
9944,POS消费,地点83,食堂,2015/06/29 14:17:36,3.2,21.72
9944,POS消费,地点83,食堂,2015/06/29 20:52:38,3.2,18.52
9944,POS消费,地点417,淋浴,2015/06/29 21:06:13,0.9,17.62
9944,POS消费,地点83,食堂,2015/06/30 13:18:39,3.8,13.82
9944,POS消费,地点83,食堂,2015/07/01 12:48:40,5.0,8.82
9944,POS消费,地点439,淋浴,2015/07/01 21:16:27,0.8,8.02
9944,POS消费,地点265,食堂,2015/07/02 08:58:44,1.4,6.62
9944,卡充值,,,2015/07/02 11:39:39,70.0,76.62
9944,POS消费,地点230,食堂,2015/07/02 11:42:20,4.5,72.12
9944,POS消费,地点83,食堂,2015/07/02 16:33:00,3.0,69.12
9944,POS消费,地点418,淋浴,2015/07/03 09:29:26,1.2,67.92
9944,POS消费,地点83,食堂,2015/07/03 13:22:04,3.2,64.72
9944,POS消费,地点21,开水,2015/07/03 18:46:29,7.0,57.72
9944,POS消费,地点61,食堂,2015/07/04 08:31:51,2.2,55.52
9944,POS消费,地点83,食堂,2015/07/04 13:22:57,5.7,49.82
9944,POS消费,地点72,食堂,2015/07/05 08:42:11,1.3,48.52
9944,POS消费,地点60,食堂,2015/07/05 08:48:03,0.8,47.72
9944,POS消费,地点188,超市,2015/07/05 18:03:13,11.5,36.22
9944,POS消费,地点446,淋浴,2015/07/05 20:12:32,0.9,35.32
9944,POS消费,地点225,食堂,2015/07/06 11:22:34,5.7,29.62
9944,POS消费,地点21,开水,2015/07/06 12:00:24,16.8,12.82
9944,POS消费,地点118,食堂,2015/07/06 13:25:17,1.5,11.32
9944,POS消费,地点446,淋浴,2015/07/07 07:08:45,1.1,10.22
9944,POS消费,地点446,淋浴,2015/07/07 07:19:39,0.1,10.12
9944,POS消费,地点446,淋浴,2015/07/07 07:19:58,0.1,10.02
9944,POS消费,地点265,食堂,2015/07/07 08:28:15,1.83,8.19
9944,POS消费,地点1997,食堂,2015/07/07 10:36:15,1.6,6.59
9944,卡充值,,,2015/07/07 11:30:21,100.0,106.59
9944,POS消费,地点232,食堂,2015/07/07 11:34:17,8.6,97.99
9944,POS消费,地点83,食堂,2015/07/07 17:57:35,3.2,94.79
9944,POS消费,地点418,淋浴,2015/07/07 21:19:53,0.6,94.19
9944,POS消费,地点83,食堂,2015/07/08 14:03:32,3.2,90.99
9944,POS消费,地点439,淋浴,2015/07/08 21:28:48,0.5,90.49
9944,POS消费,地点230,食堂,2015/07/09 11:27:59,5.0,85.49
9944,POS消费,地点417,淋浴,2015/07/09 17:23:40,1.1,84.39
9944,POS消费,地点83,食堂,2015/07/10 14:13:29,3.7,80.69
9944,POS消费,地点417,淋浴,2015/07/11 07:33:25,0.2,80.49
9944,POS消费,地点417,淋浴,2015/07/11 07:34:53,0.2,80.29
9944,POS消费,地点439,淋浴,2015/07/11 07:36:25,0.8,79.49
9944,POS消费,地点72,食堂,2015/07/11 08:09:59,2.56,76.93
9944,POS消费,地点83,食堂,2015/07/11 08:10:36,3.2,73.73
9944,POS消费,地点72,食堂,2015/07/12 09:09:00,1.1,72.63
9944,POS消费,地点60,食堂,2015/07/12 09:15:57,0.3,72.33
9944,POS消费,地点2172,文印中心,2015/07/12 12:25:15,1.2,71.13
9944,POS消费,地点439,淋浴,2015/07/12 19:33:42,1.1,70.03
9944,POS消费,地点72,食堂,2015/07/13 08:54:37,1.1,68.93
9944,POS消费,地点60,食堂,2015/07/13 09:01:57,0.3,68.63
9944,POS消费,地点418,淋浴,2015/07/13 18:26:33,0.5,68.13
9944,POS消费,地点83,食堂,2015/07/14 17:57:22,3.2,64.93
9944,POS消费,地点417,淋浴,2015/07/14 22:18:01,0.7,64.23
9944,POS消费,地点61,食堂,2015/07/15 08:11:28,2.2,62.03
9944,POS消费,地点2172,文印中心,2015/07/15 14:26:11,1.2,60.83
9944,POS消费,地点83,食堂,2015/07/15 19:21:31,3.2,57.63
9944,POS消费,地点21,开水,2015/07/15 19:25:18,3.0,54.63
9944,POS消费,地点417,淋浴,2015/07/15 20:21:23,0.2,54.43
9944,POS消费,地点439,淋浴,2015/07/15 20:23:20,1.1,53.33
9944,POS消费,地点439,淋浴,2015/07/15 20:34:22,0.1,53.23
9944,POS消费,地点439,淋浴,2015/07/16 21:08:05,0.6,52.63
9944,POS消费,地点69,食堂,2015/07/17 08:45:17,2.1,50.53
9944,POS消费,地点439,淋浴,2015/07/17 22:32:53,0.8,49.73
9944,POS消费,地点60,食堂,2015/07/18 08:50:03,0.8,48.93
9944,POS消费,地点439,淋浴,2015/07/18 22:19:42,0.6,48.33
9944,POS消费,地点87,食堂,2015/07/19 08:19:30,2.0,46.33
9944,POS消费,地点69,食堂,2015/07/19 08:20:57,0.8,45.53
9944,POS消费,地点1130,淋浴,2015/07/19 21:01:24,1.2,44.33
9944,POS消费,地点87,食堂,2015/07/20 08:48:53,3.5,40.83
9944,POS消费,地点230,食堂,2015/07/20 16:59:33,5.0,35.83
9944,POS消费,地点1997,食堂,2015/07/21 10:03:26,1.7,34.13
9944,POS消费,地点83,食堂,2015/07/21 17:21:33,3.2,30.93
9944,POS消费,地点230,食堂,2015/07/21 17:22:23,5.0,25.93
9944,POS消费,地点363,淋浴,2015/07/21 22:06:39,0.8,25.13
9944,POS消费,地点83,食堂,2015/07/23 09:05:39,3.2,20.33
9944,POS消费,地点1997,食堂,2015/07/23 10:29:15,1.6,23.53
9944,POS消费,地点192,超市,2015/07/23 12:17:52,5.7,14.63
9944,POS消费,地点363,淋浴,2015/07/23 20:53:46,1.3,13.33
9944,POS消费,地点72,食堂,2015/07/24 08:50:35,2.2,11.13
9944,卡充值,,,2015/07/24 11:28:11,20.0,31.13
9944,POS消费,地点237,食堂,2015/07/24 11:32:07,5.5,25.63
9944,POS消费,地点319,淋浴,2015/07/24 21:34:27,0.1,25.53
9944,POS消费,地点319,淋浴,2015/07/24 21:34:36,1.0,24.53
9944,POS消费,地点87,食堂,2015/07/25 08:38:21,3.0,21.53
9944,POS消费,地点83,食堂,2015/07/25 12:18:37,3.2,18.33
9944,POS消费,地点1520,淋浴,2015/07/25 23:11:03,0.8,17.53
9944,POS消费,地点60,食堂,2015/07/26 08:50:05,0.8,16.73
9944,POS消费,地点83,食堂,2015/07/26 10:12:34,4.3,12.43
9944,POS消费,地点1520,淋浴,2015/07/26 21:08:05,1.2,11.23
9944,POS消费,地点89,食堂,2015/07/27 08:40:28,3.0,8.23
9944,POS消费,地点237,食堂,2015/07/27 12:01:16,2.5,5.73
9944,POS消费,地点83,食堂,2015/07/27 13:37:22,3.8,1.93
9944,POS消费,地点319,淋浴,2015/07/27 23:33:23,0.6,1.33
9944,POS消费,地点69,食堂,2015/07/28 07:46:56,2.26,39.07
9944,支付领取,,,2015/07/28 08:51:28,40.0,41.33
9944,POS消费,地点83,食堂,2015/07/28 09:57:22,2.5,36.57
9944,POS消费,地点387,淋浴,2015/07/28 23:38:21,0.5,36.07
9944,POS消费,地点61,食堂,2015/07/29 08:50:39,2.2,33.87
9944,POS消费,地点83,食堂,2015/07/29 11:27:47,0.5,33.37
9944,POS消费,地点265,食堂,2015/07/29 11:30:11,6.7,26.67
9944,POS消费,地点319,淋浴,2015/07/29 20:37:26,0.1,26.57
9944,POS消费,地点1369,淋浴,2015/07/30 23:41:10,0.7,24.67
9944,POS消费,地点83,食堂,2015/07/31 16:36:43,1.0,23.67
9944,POS消费,地点361,淋浴,2015/08/01 19:31:23,1.3,22.37
9944,POS消费,地点1520,淋浴,2015/08/02 23:08:00,0.8,21.57
9944,POS消费,地点1387,校车,2015/08/03 08:13:31,2.0,19.57
9944,POS消费,地点1214,校车,2015/08/03 17:00:06,2.0,17.57
9944,POS消费,地点192,超市,2015/08/05 12:30:34,2.5,10.07
9944,,,,2015/08/05 13:23:36,5.0,12.57
9944,POS消费,地点21,开水,2015/08/07 09:03:10,2.8,7.27
9944,POS消费,地点1214,校车,2015/08/07 15:09:40,2.0,5.27
9944,卡充值,,,2015/08/29 12:34:55,150.0,155.27
9944,POS消费,地点21,开水,2015/08/29 12:35:55,3.0,152.27
9944,POS消费,地点70,食堂,2015/08/29 18:52:11,6.0,146.27
9944,POS消费,地点61,食堂,2015/08/31 07:51:41,1.23,145.04
9944,POS消费,地点21,开水,2015/08/31 07:55:10,2.0,143.04
9944,POS消费,地点91,校车,2015/08/31 12:15:20,7.0,136.04
9944,POS消费,地点230,食堂,2015/08/31 17:31:47,5.0,131.04
