9990,卡片开户,,,2014/07/19 11:20:07,0.0,0.0
9990,卡充值,,,2014/08/29 10:07:46,100.0,100.0
9990,POS消费,地点21,开水,2014/08/29 18:30:43,1.4,98.6
9990,POS消费,地点21,开水,2014/08/29 18:32:05,1.5,97.1
9990,POS消费,地点227,食堂,2014/08/29 18:37:18,8.0,88.44
9990,POS消费,地点231,食堂,2014/08/29 18:38:31,0.66,96.44
9990,POS消费,地点72,食堂,2014/08/30 13:23:02,8.6,79.84
9990,POS消费,地点72,食堂,2014/08/30 13:28:05,8.6,71.24
9990,POS消费,地点195,超市,2014/08/30 13:58:09,5.8,65.44
9990,卡充值,,,2014/08/30 14:09:17,200.0,265.44
9990,POS消费,地点1182,洗衣房,2014/08/30 15:06:26,3.6,261.84
9990,POS消费,地点1182,洗衣房,2014/08/30 15:54:59,-0.66,262.5
9990,POS消费,地点168,食堂,2014/08/30 16:43:45,5.5,257.0
9990,POS消费,地点21,开水,2014/08/30 16:45:00,1.95,255.05
9990,POS消费,地点21,开水,2014/08/30 16:47:01,0.5,254.55
9990,POS消费,地点283,食堂,2014/08/30 16:48:10,4.0,250.55
9990,POS消费,地点72,食堂,2014/08/31 08:12:50,1.6,248.45
9990,POS消费,地点60,食堂,2014/08/31 08:15:52,0.5,250.05
9990,POS消费,地点65,食堂,2014/08/31 11:50:44,9.4,239.05
9990,POS消费,地点192,超市,2014/08/31 12:27:07,3.2,235.85
9990,POS消费,地点89,食堂,2014/08/31 17:36:09,3.0,232.85
9990,POS消费,地点319,淋浴,2014/08/31 17:56:40,0.1,232.75
9990,POS消费,地点319,淋浴,2014/08/31 17:57:52,0.2,232.15
9990,POS消费,地点319,淋浴,2014/08/31 17:59:51,0.2,232.35
9990,POS消费,地点319,淋浴,2014/08/31 18:01:31,0.2,232.55
