10685,卡充值,,,2014/09/01 17:37:39,10.0,10.37
10685,POS消费,地点21,开水,2014/09/01 17:42:39,1.0,9.37
10685,POS消费,地点886,淋浴,2014/09/02 00:03:01,0.7,8.67
10685,POS消费,地点21,开水,2014/09/02 19:35:09,1.0,7.67
10685,POS消费,地点886,淋浴,2014/09/03 00:11:51,0.6,7.07
10685,POS消费,地点91,校车,2014/09/04 17:33:02,3.0,4.07
10685,POS消费,地点104,开水,2014/09/04 20:41:54,0.08,3.99
10685,POS消费,地点886,淋浴,2014/09/05 00:01:27,0.8,3.19
10685,卡充值,,,2014/09/05 16:57:12,50.0,53.19
10685,POS消费,地点21,开水,2014/09/05 17:03:06,15.5,37.69
10685,POS消费,地点104,开水,2014/09/06 18:28:45,0.05,37.64
10685,POS消费,地点886,淋浴,2014/09/07 00:14:12,0.4,37.24
10685,POS消费,地点91,校车,2014/09/07 18:51:56,3.0,34.24
10685,POS消费,地点21,开水,2014/09/07 18:57:38,14.8,19.44
10685,POS消费,地点886,淋浴,2014/09/07 19:33:14,0.1,19.34
10685,POS消费,地点104,开水,2014/09/08 17:24:08,0.03,19.31
10685,POS消费,地点886,淋浴,2014/09/08 19:40:48,1.2,18.11
10685,POS消费,地点91,校车,2014/09/09 19:51:40,3.0,15.11
10685,POS消费,地点886,淋浴,2014/09/10 23:23:24,0.8,14.31
10685,POS消费,地点21,开水,2014/09/11 15:19:04,7.4,6.91
10685,POS消费,地点886,淋浴,2014/09/11 23:53:23,1.1,5.81
10685,POS消费,地点104,开水,2014/09/12 00:23:40,0.03,5.78
10685,POS消费,地点104,开水,2014/09/12 20:25:03,0.05,5.73
10685,POS消费,地点886,淋浴,2014/09/14 09:21:47,1.3,4.39
10685,POS消费,地点886,淋浴,2014/09/14 09:23:42,1.2,3.13
10685,POS消费,地点104,开水,2014/09/14 09:33:19,0.04,5.69
10685,POS消费,地点104,开水,2014/09/14 09:33:34,0.06,4.33
10685,卡充值,,,2014/09/14 13:57:29,50.0,50.13
10685,POS消费,地点91,校车,2014/09/14 13:57:52,3.0,0.13
10685,POS消费,地点21,开水,2014/09/14 14:03:05,14.8,35.33
10685,POS消费,地点104,开水,2014/09/14 18:44:37,0.03,35.3
10685,POS消费,地点886,淋浴,2014/09/14 23:48:41,0.8,34.5
10685,POS消费,地点91,校车,2014/09/15 13:58:19,3.0,31.5
10685,POS消费,地点886,淋浴,2014/09/15 23:40:03,0.9,30.6
10685,POS消费,地点104,开水,2014/09/16 00:51:41,0.03,30.57
10685,POS消费,地点104,开水,2014/10/09 02:02:29,0.03,30.54
10685,POS消费,地点886,淋浴,2014/10/09 23:36:27,0.5,30.04
10685,POS消费,地点21,开水,2014/10/10 13:26:02,13.8,16.24
10685,POS消费,地点21,开水,2014/10/10 13:26:58,2.0,14.24
10685,POS消费,地点21,开水,2014/10/10 20:07:07,5.0,9.24
10685,POS消费,地点104,开水,2014/10/10 20:30:53,0.03,9.21
10685,POS消费,地点886,淋浴,2014/10/10 22:45:03,0.7,8.51
10685,卡充值,,,2014/10/11 16:12:31,100.0,108.51
10685,POS消费,地点21,开水,2014/10/11 16:26:13,28.9,79.61
10685,POS消费,地点21,开水,2014/10/11 18:56:46,11.9,67.71
10685,POS消费,地点886,淋浴,2014/10/11 23:31:44,0.9,66.81
10685,POS消费,地点91,校车,2014/10/12 11:40:34,10.0,56.81
10685,POS消费,地点21,开水,2014/10/12 17:24:32,6.0,50.81
10685,POS消费,地点886,淋浴,2014/10/12 23:05:00,0.7,50.11
10685,POS消费,地点21,开水,2014/10/13 20:26:54,13.0,37.11
10685,POS消费,地点886,淋浴,2014/10/13 22:59:10,0.9,36.21
10685,POS消费,地点91,校车,2014/10/14 16:05:53,3.0,33.21
10685,POS消费,地点26,图书馆,2014/10/15 20:25:00,13.4,19.81
10685,POS消费,地点21,开水,2014/10/15 20:25:51,3.2,16.61
10685,POS消费,地点21,开水,2014/10/15 20:25:56,1.8,14.81
10685,POS消费,地点21,开水,2014/10/15 20:26:09,3.2,11.61
10685,POS消费,地点21,开水,2014/10/15 20:26:15,1.8,9.81
10685,POS消费,地点886,淋浴,2014/10/15 22:08:07,1.0,8.81
10685,POS消费,地点26,图书馆,2014/10/16 18:51:57,8.8,0.01
10685,卡充值,,,2014/10/17 15:23:14,100.0,100.01
10685,POS消费,地点886,淋浴,2014/10/17 22:37:40,1.0,99.01
10685,POS消费,地点886,淋浴,2014/10/18 23:25:19,0.8,98.21
10685,POS消费,地点91,校车,2014/10/19 23:02:05,3.0,95.21
10685,POS消费,地点21,开水,2014/10/20 15:30:14,3.4,91.81
10685,POS消费,地点26,图书馆,2014/10/20 19:58:56,9.9,81.91
10685,POS消费,地点21,开水,2014/10/20 20:02:40,9.6,72.31
10685,POS消费,地点886,淋浴,2014/10/22 14:34:41,1.2,71.11
10685,POS消费,地点886,淋浴,2014/10/22 14:35:28,0.1,71.01
10685,POS消费,地点886,淋浴,2014/10/22 22:49:41,1.2,69.81
10685,POS消费,地点21,开水,2014/10/23 16:50:22,12.5,57.31
10685,POS消费,地点886,淋浴,2014/10/23 23:03:33,0.8,56.51
10685,POS消费,地点886,淋浴,2014/10/24 22:08:18,0.7,55.81
10685,POS消费,地点21,开水,2014/10/25 11:36:22,4.5,51.31
10685,POS消费,地点91,校车,2014/10/25 21:12:23,3.0,48.31
10685,POS消费,地点21,开水,2014/10/25 21:22:23,17.8,30.51
10685,POS消费,地点886,淋浴,2014/10/25 23:44:55,0.9,29.61
10685,POS消费,地点886,淋浴,2014/10/26 22:49:16,0.8,28.81
10685,POS消费,地点91,校车,2014/10/27 16:11:35,3.0,25.81
10685,POS消费,地点21,开水,2014/10/27 16:22:44,14.9,10.91
10685,POS消费,地点886,淋浴,2014/10/27 23:15:43,0.4,10.51
10685,POS消费,地点91,校车,2014/10/28 17:32:47,3.0,7.51
10685,卡充值,,,2014/10/28 17:38:47,100.0,107.51
10685,POS消费,地点886,淋浴,2014/10/28 23:14:39,0.9,106.61
10685,POS消费,地点104,开水,2014/10/28 23:36:23,0.04,106.57
10685,POS消费,地点886,淋浴,2014/10/29 23:03:57,0.8,105.77
10685,POS消费,地点232,食堂,2014/10/30 12:04:43,6.0,99.77
10685,POS消费,地点21,开水,2014/10/30 12:07:12,23.8,75.97
10685,POS消费,地点953,校车,2014/10/30 12:46:23,4.0,71.97
10685,POS消费,地点295,校车,2014/10/30 18:22:04,4.0,67.97
10685,POS消费,地点21,开水,2014/10/30 19:22:13,2.5,65.47
10685,POS消费,地点26,图书馆,2014/10/30 19:24:00,9.5,55.97
10685,POS消费,地点26,图书馆,2014/10/30 19:26:07,1.5,54.47
10685,POS消费,地点886,淋浴,2014/10/30 22:35:12,1.2,53.27
10685,POS消费,地点91,校车,2014/11/01 20:10:32,3.0,50.27
10685,POS消费,地点21,开水,2014/11/01 20:18:32,30.0,20.27
10685,POS消费,地点21,开水,2014/11/01 20:18:37,6.6,13.67
10685,POS消费,地点886,淋浴,2014/11/01 23:37:52,1.0,12.67
10685,POS消费,地点21,开水,2014/11/02 16:06:11,7.0,5.67
10685,POS消费,地点26,图书馆,2014/11/02 19:38:22,1.5,4.17
10685,POS消费,地点886,淋浴,2014/11/02 22:28:09,0.9,3.27
10685,POS消费,地点886,淋浴,2014/11/03 23:00:43,1.0,2.27
10685,卡充值,,,2014/11/04 16:34:17,100.0,102.27
10685,POS消费,地点21,开水,2014/11/04 16:38:06,9.0,93.27
10685,POS消费,地点21,开水,2014/11/04 16:38:21,9.9,83.37
10685,POS消费,地点886,淋浴,2014/11/04 23:39:54,0.1,83.27
10685,POS消费,地点886,淋浴,2014/11/04 23:41:09,0.1,83.17
10685,POS消费,地点21,开水,2014/11/05 14:07:29,3.4,79.77
10685,POS消费,地点21,开水,2014/11/05 16:11:55,13.5,66.27
10685,POS消费,地点886,淋浴,2014/11/05 22:46:39,0.7,65.57
10685,POS消费,地点21,开水,2014/11/06 13:36:33,7.0,58.57
10685,POS消费,地点21,开水,2014/11/06 17:10:43,5.0,53.57
10685,POS消费,地点886,淋浴,2014/11/06 23:01:08,0.8,52.77
10685,POS消费,地点21,开水,2014/11/07 19:00:00,20.3,32.47
10685,POS消费,地点886,淋浴,2014/11/07 23:13:47,1.2,31.27
10685,POS消费,地点26,图书馆,2014/11/08 19:29:12,14.9,16.37
10685,POS消费,地点21,开水,2014/11/08 19:43:03,11.6,4.77
10685,POS消费,地点886,淋浴,2014/11/09 00:10:09,0.8,3.97
10685,卡充值,,,2014/11/09 16:50:04,100.0,103.97
10685,POS消费,地点21,开水,2014/11/09 16:54:37,22.7,81.27
10685,POS消费,地点21,开水,2014/11/09 16:54:45,18.0,63.27
10685,POS消费,地点21,开水,2014/11/09 16:54:59,1.0,62.27
10685,POS消费,地点886,淋浴,2014/11/09 22:59:02,1.1,61.17
10685,POS消费,地点21,开水,2014/11/10 20:24:14,18.0,43.17
10685,POS消费,地点886,淋浴,2014/11/10 23:11:56,0.6,42.57
10685,POS消费,地点886,淋浴,2014/11/11 23:06:45,0.9,41.67
10685,POS消费,地点21,开水,2014/11/13 11:57:10,6.0,35.67
10685,POS消费,地点21,开水,2014/11/13 11:59:12,11.0,24.67
10685,POS消费,地点886,淋浴,2014/11/13 23:10:26,0.9,23.77
10685,POS消费,地点26,图书馆,2014/11/14 18:58:35,13.4,10.37
10685,POS消费,地点21,开水,2014/11/14 19:23:32,8.9,1.47
10685,POS消费,地点886,淋浴,2014/11/14 23:40:03,1.0,0.47
10685,卡充值,,,2014/11/15 17:44:45,100.0,100.47
10685,POS消费,地点21,开水,2014/11/15 19:59:55,30.0,70.47
10685,POS消费,地点21,开水,2014/11/15 20:00:00,5.4,65.07
10685,POS消费,地点886,淋浴,2014/11/16 22:59:46,1.0,64.07
10685,POS消费,地点21,开水,2014/11/17 20:15:42,3.0,61.07
10685,POS消费,地点21,开水,2014/11/18 14:31:23,6.0,55.07
10685,POS消费,地点886,淋浴,2014/11/18 23:11:34,0.4,54.67
10685,POS消费,地点104,开水,2014/11/19 04:56:03,0.03,54.64
10685,POS消费,地点26,图书馆,2014/11/19 19:07:18,12.4,42.24
10685,POS消费,地点21,开水,2014/11/19 19:25:07,12.5,29.74
10685,POS消费,地点886,淋浴,2014/11/19 23:29:19,0.1,29.64
10685,POS消费,地点21,开水,2014/11/20 12:05:04,6.0,23.64
10685,POS消费,地点21,开水,2014/11/20 12:07:41,11.1,12.54
10685,POS消费,地点886,淋浴,2014/11/20 23:09:58,0.7,11.84
10685,卡充值,,,2014/11/21 16:36:33,100.0,111.84
10685,POS消费,地点21,开水,2014/11/21 16:41:08,30.0,81.84
10685,POS消费,地点21,开水,2014/11/21 16:41:13,1.0,80.84
10685,POS消费,地点886,淋浴,2014/11/21 21:46:09,0.8,80.04
10685,POS消费,地点21,开水,2014/11/22 12:19:56,6.5,73.54
10685,POS消费,地点297,校车,2014/11/22 12:46:15,4.0,69.54
10685,POS消费,地点288,校车,2014/11/22 16:30:07,4.0,65.54
10685,POS消费,地点91,校车,2014/11/22 17:36:56,6.0,59.54
10685,POS消费,地点21,开水,2014/11/22 17:38:12,7.2,52.34
10685,POS消费,地点886,淋浴,2014/11/22 22:37:19,1.1,51.24
10685,POS消费,地点21,开水,2014/11/23 20:18:19,7.2,44.04
10685,POS消费,地点886,淋浴,2014/11/23 23:07:25,0.8,43.24
10685,POS消费,地点21,开水,2014/11/24 16:19:07,12.7,30.54
10685,POS消费,地点886,淋浴,2014/11/24 23:07:38,1.1,29.44
10685,POS消费,地点886,淋浴,2014/11/25 23:06:25,1.3,28.14
10685,POS消费,地点886,淋浴,2014/11/26 22:23:24,1.4,26.74
10685,POS消费,地点21,开水,2014/11/27 09:33:29,8.03,18.71
10685,POS消费,地点21,开水,2014/11/27 09:35:00,6.5,12.21
10685,卡充值,,,2014/11/27 18:00:58,100.0,112.21
10685,POS消费,地点21,开水,2014/11/27 18:02:47,30.0,82.21
10685,POS消费,地点21,开水,2014/11/27 18:02:51,6.6,75.61
10685,POS消费,地点91,校车,2014/11/27 21:54:30,3.0,72.61
10685,POS消费,地点886,淋浴,2014/11/27 23:01:30,0.9,71.71
10685,POS消费,地点91,校车,2014/11/28 19:33:52,3.0,68.71
10685,POS消费,地点21,开水,2014/11/28 19:36:32,9.5,59.21
10685,POS消费,地点886,淋浴,2014/11/28 23:37:47,1.0,58.21
10685,POS消费,地点21,开水,2014/11/29 21:40:45,12.0,46.21
10685,POS消费,地点886,淋浴,2014/11/29 23:19:56,0.8,45.41
10685,POS消费,地点91,校车,2014/12/01 20:06:53,8.0,37.41
10685,POS消费,地点21,开水,2014/12/01 20:08:43,7.4,30.01
10685,POS消费,地点886,淋浴,2014/12/01 22:54:27,1.3,28.71
10685,POS消费,地点886,淋浴,2014/12/02 23:25:22,0.3,28.41
10685,POS消费,地点232,食堂,2014/12/03 17:26:24,8.6,19.81
10685,POS消费,地点91,校车,2014/12/03 17:28:12,3.0,16.81
10685,POS消费,地点1386,校车,2014/12/03 17:57:54,2.0,14.81
10685,POS消费,地点21,开水,2014/12/03 22:17:32,13.0,1.81
10685,POS消费,地点886,淋浴,2014/12/03 23:11:33,0.6,1.21
10685,POS消费,地点886,淋浴,2014/12/04 23:04:24,0.9,0.31
10685,POS消费,地点886,淋浴,2014/12/05 23:32:00,0.3,0.01
10685,卡充值,,,2014/12/17 17:47:50,100.0,100.01
10685,POS消费,地点6,淋浴,2014/12/17 17:50:53,10.5,89.51
10685,POS消费,地点6,淋浴,2014/12/17 17:50:58,0.5,89.01
10685,POS消费,地点6,淋浴,2014/12/17 17:55:50,1.5,87.51
10685,POS消费,地点91,校车,2014/12/17 18:05:05,3.0,84.51
10685,POS消费,地点21,开水,2014/12/17 18:09:22,30.0,54.51
10685,POS消费,地点21,开水,2014/12/17 18:09:27,18.7,35.81
10685,POS消费,地点91,校车,2014/12/18 17:49:13,5.5,30.31
10685,POS消费,地点886,淋浴,2014/12/18 23:32:44,0.1,30.21
10685,POS消费,地点91,校车,2014/12/19 11:47:56,13.4,16.81
10685,POS消费,地点21,开水,2014/12/19 11:50:00,7.0,9.81
10685,POS消费,地点886,淋浴,2014/12/19 19:54:53,1.3,8.51
10685,POS消费,地点21,开水,2014/12/20 13:37:23,7.0,1.51
10685,POS消费,地点886,淋浴,2014/12/20 23:33:41,0.7,0.81
10685,POS消费,地点886,淋浴,2014/12/21 21:51:01,0.8,0.01
10685,卡充值,,,2014/12/23 16:53:09,50.0,50.01
10685,POS消费,地点886,淋浴,2014/12/23 22:38:09,0.9,49.11
10685,POS消费,地点232,食堂,2014/12/24 12:06:42,21.0,28.11
10685,POS消费,地点232,食堂,2014/12/24 12:08:24,0.1,28.01
10685,POS消费,地点21,开水,2014/12/24 19:44:28,5.2,22.81
10685,POS消费,地点886,淋浴,2014/12/24 23:06:54,0.8,22.01
10685,POS消费,地点886,淋浴,2014/12/25 23:42:30,0.1,21.91
10685,POS消费,地点91,校车,2014/12/26 10:56:45,14.8,7.11
10685,POS消费,地点21,开水,2014/12/26 14:22:42,6.5,0.61
10685,POS消费,地点886,淋浴,2014/12/26 22:00:57,0.6,0.01
10685,卡充值,,,2014/12/29 17:52:12,100.0,100.01
10685,POS消费,地点6,淋浴,2014/12/29 17:55:18,14.5,85.51
10685,POS消费,地点21,开水,2014/12/29 18:10:00,30.0,55.51
10685,POS消费,地点21,开水,2014/12/29 18:10:05,15.4,40.11
10685,POS消费,地点886,淋浴,2014/12/29 23:08:24,0.3,39.81
10685,POS消费,地点91,校车,2014/12/30 21:09:53,13.0,26.81
10685,POS消费,地点21,开水,2014/12/30 21:11:32,10.5,16.31
10685,POS消费,地点886,淋浴,2014/12/30 23:06:10,0.7,15.61
10685,POS消费,地点886,淋浴,2015/01/01 00:25:53,0.7,14.91
10685,POS消费,地点91,校车,2015/01/01 17:36:41,12.4,2.51
10685,POS消费,地点886,淋浴,2015/01/01 21:53:10,1.1,1.41
10685,卡充值,,,2015/01/02 15:58:35,50.0,51.41
10685,POS消费,地点21,开水,2015/01/02 16:00:57,3.4,48.01
10685,POS消费,地点886,淋浴,2015/01/02 23:44:49,1.1,46.91
10685,POS消费,地点91,校车,2015/01/03 18:23:00,9.4,37.51
10685,POS消费,地点91,校车,2015/01/04 15:45:30,3.0,34.51
10685,POS消费,地点21,开水,2015/01/04 15:49:27,25.6,8.91
10685,POS消费,地点886,淋浴,2015/01/04 23:05:17,1.2,7.71
10685,POS消费,地点886,淋浴,2015/01/05 22:58:53,1.0,6.71
10685,卡充值,,,2015/01/06 18:17:05,50.0,56.71
10685,POS消费,地点21,开水,2015/01/06 22:34:59,5.8,50.91
10685,POS消费,地点886,淋浴,2015/01/08 15:45:11,1.2,49.71
10685,POS消费,地点21,开水,2015/01/08 17:26:46,5.0,44.71
10685,POS消费,地点91,校车,2015/01/09 19:33:27,3.0,41.71
10685,POS消费,地点21,开水,2015/01/09 19:35:57,30.0,11.71
10685,POS消费,地点21,开水,2015/01/09 19:36:02,1.6,10.11
10685,POS消费,地点21,开水,2015/01/09 19:36:40,0.3,9.81
10685,POS消费,地点886,淋浴,2015/01/09 23:56:39,1.0,8.81
10685,POS消费,地点886,淋浴,2015/01/11 19:34:43,0.7,8.11
10685,POS消费,地点886,淋浴,2015/01/11 20:18:47,1.1,7.01
10685,POS消费,地点21,开水,2015/01/12 19:36:16,4.0,3.01
10685,POS消费,地点886,淋浴,2015/01/13 22:40:42,1.2,1.81
10685,POS消费,地点104,开水,2015/01/14 11:11:13,0.05,1.76
10685,POS消费,地点21,开水,2015/03/02 07:12:49,1.76,0.0
10685,卡充值,,,2015/03/04 12:34:53,50.0,50.0
10685,POS消费,地点21,开水,2015/03/05 07:26:20,5.83,44.17
10685,POS消费,地点886,淋浴,2015/03/05 21:23:20,0.1,44.07
10685,POS消费,地点21,开水,2015/03/06 07:29:20,4.03,40.04
10685,POS消费,地点91,校车,2015/03/06 20:04:47,3.0,37.04
10685,POS消费,地点886,淋浴,2015/03/06 23:03:08,1.2,35.84
10685,POS消费,地点91,校车,2015/03/07 20:53:50,6.3,29.54
10685,POS消费,地点886,淋浴,2015/03/07 22:26:34,1.1,28.44
10685,POS消费,地点21,开水,2015/03/09 07:30:58,4.83,23.61
10685,POS消费,地点83,食堂,2015/03/09 14:16:43,2.9,20.71
10685,POS消费,地点886,淋浴,2015/03/09 22:07:43,1.1,19.61
10685,POS消费,地点21,开水,2015/03/10 07:30:14,5.0,14.61
10685,POS消费,地点91,校车,2015/03/10 20:11:54,3.0,11.61
10685,POS消费,地点21,开水,2015/03/11 07:27:26,3.83,7.78
10685,POS消费,地点21,开水,2015/03/11 07:27:31,-3.83,11.61
10685,POS消费,地点21,开水,2015/03/11 07:27:36,2.83,8.78
10685,POS消费,地点886,淋浴,2015/03/11 22:07:29,1.3,7.48
10685,POS消费,地点21,开水,2015/03/12 07:31:54,4.03,3.45
10685,POS消费,地点21,开水,2015/03/13 07:34:25,1.83,1.62
10685,POS消费,地点886,淋浴,2015/03/14 00:24:07,0.1,1.52
10685,POS消费,地点886,淋浴,2015/03/14 22:49:22,1.1,0.42
10685,卡充值,,,2015/06/13 17:38:50,30.0,30.42
10685,POS消费,地点21,开水,2015/06/13 17:40:51,10.4,20.02
10685,POS消费,地点886,淋浴,2015/08/02 00:51:51,1.1,18.92
