10823,POS消费,地点1428,淋浴,2014/09/01 00:15:37,0.2,47.49
10823,POS消费,地点91,校车,2014/09/01 11:40:10,5.6,41.89
10823,POS消费,地点91,校车,2014/09/01 11:40:23,6.0,35.89
10823,POS消费,地点1428,淋浴,2014/09/01 23:08:25,0.3,35.59
10823,POS消费,地点21,开水,2014/09/02 12:10:21,8.0,27.59
10823,POS消费,地点21,开水,2014/09/02 12:12:57,4.0,23.59
10823,POS消费,地点91,校车,2014/09/02 18:01:37,14.0,9.59
10823,POS消费,地点1428,淋浴,2014/09/02 21:47:26,0.2,9.39
10823,POS消费,地点21,开水,2014/09/03 08:10:11,5.13,4.26
10823,POS消费,地点1428,淋浴,2014/09/03 22:55:50,0.2,4.06
10823,POS消费,地点1428,淋浴,2014/09/05 00:20:56,0.3,3.76
10823,POS消费,地点1428,淋浴,2014/09/09 22:22:30,0.3,3.46
10823,POS消费,地点1428,淋浴,2014/09/10 22:47:14,0.3,3.16
10823,POS消费,地点1428,淋浴,2014/09/14 22:41:43,0.3,2.86
10823,卡充值,,,2014/09/15 17:09:08,50.0,52.86
10823,POS消费,地点91,校车,2014/09/15 17:12:37,13.0,39.86
10823,POS消费,地点1428,淋浴,2014/09/16 22:01:50,0.3,39.56
10823,POS消费,地点232,食堂,2014/09/17 11:41:41,5.6,33.96
10823,POS消费,地点91,校车,2014/09/17 11:42:30,5.3,28.66
10823,POS消费,地点21,开水,2014/09/17 11:50:15,4.6,24.06
10823,POS消费,地点91,校车,2014/09/17 17:57:49,13.0,11.06
10823,POS消费,地点91,校车,2014/09/17 18:20:43,3.0,8.06
10823,POS消费,地点21,开水,2014/09/17 18:22:02,5.8,2.26
10823,POS消费,地点1428,淋浴,2014/09/18 23:45:05,0.3,1.96
10823,POS消费,地点1428,淋浴,2014/09/21 23:47:48,0.2,1.76
10823,POS消费,地点1428,淋浴,2014/09/22 23:56:30,0.3,1.46
10823,卡充值,,,2014/09/23 11:13:07,50.0,51.46
10823,POS消费,地点21,开水,2014/09/23 11:15:33,6.0,45.46
10823,POS消费,地点21,开水,2014/09/23 17:33:48,3.1,42.36
10823,POS消费,地点21,开水,2014/09/23 17:34:53,5.0,37.36
10823,POS消费,地点1428,淋浴,2014/09/24 00:14:49,0.3,37.06
10823,POS消费,地点91,校车,2014/09/24 11:48:33,6.0,31.06
10823,POS消费,地点21,开水,2014/09/24 18:18:29,5.6,25.46
10823,POS消费,地点21,开水,2014/09/25 12:01:13,6.0,19.46
10823,POS消费,地点21,开水,2014/09/25 12:03:30,2.8,16.66
10823,POS消费,地点21,开水,2014/09/25 22:22:16,5.8,10.86
10823,POS消费,地点1428,淋浴,2014/09/26 00:19:01,0.3,10.56
10823,POS消费,地点91,校车,2014/09/27 12:26:45,7.0,3.56
10823,卡充值,,,2014/09/28 12:46:07,50.0,53.56
10823,POS消费,地点1428,淋浴,2014/09/28 13:46:16,0.4,53.16
10823,POS消费,地点248,超市,2014/09/28 16:06:05,2.8,50.36
10823,POS消费,地点91,校车,2014/09/28 18:25:45,5.1,45.26
10823,POS消费,地点21,开水,2014/09/28 18:26:30,2.1,43.16
10823,POS消费,地点1428,淋浴,2014/09/28 23:44:59,0.2,42.96
10823,POS消费,地点21,开水,2014/09/29 12:39:58,6.0,36.96
10823,POS消费,地点21,开水,2014/09/29 18:31:46,5.6,31.36
10823,POS消费,地点91,校车,2014/09/29 18:32:22,4.5,26.86
10823,POS消费,地点21,开水,2014/09/29 20:05:10,3.5,23.36
10823,POS消费,地点1428,淋浴,2014/09/29 22:41:34,0.4,22.96
10823,POS消费,地点1428,淋浴,2014/09/30 22:06:15,0.2,22.76
10823,POS消费,地点91,校车,2014/10/08 18:26:29,13.0,9.76
10823,POS消费,地点26,图书馆,2014/10/08 18:40:58,3.0,6.76
10823,卡充值,,,2014/10/09 11:44:25,100.0,106.76
10823,POS消费,地点232,食堂,2014/10/09 11:48:45,6.0,100.76
10823,POS消费,地点21,开水,2014/10/09 11:50:11,5.5,95.26
10823,POS消费,地点21,开水,2014/10/09 21:36:30,21.5,73.76
10823,POS消费,地点1428,淋浴,2014/10/09 22:35:06,0.2,73.56
10823,POS消费,地点21,开水,2014/10/10 08:43:01,3.6,69.96
10823,POS消费,地点91,校车,2014/10/10 11:37:45,9.0,60.96
10823,POS消费,地点26,图书馆,2014/10/10 11:44:06,1.8,59.16
10823,POS消费,地点91,校车,2014/10/10 18:19:21,5.6,53.56
10823,POS消费,地点91,校车,2014/10/10 18:20:06,4.6,48.96
10823,POS消费,地点21,开水,2014/10/10 18:35:27,6.5,42.46
10823,POS消费,地点1428,淋浴,2014/10/10 23:19:47,0.2,42.26
10823,POS消费,地点91,校车,2014/10/11 16:16:21,2.3,39.96
10823,POS消费,地点21,开水,2014/10/11 16:17:13,2.0,37.96
10823,POS消费,地点232,食堂,2014/10/11 18:11:21,10.0,27.96
10823,POS消费,地点21,开水,2014/10/11 18:23:30,9.6,18.36
10823,POS消费,地点1428,淋浴,2014/10/12 00:38:00,0.3,18.06
10823,POS消费,地点21,开水,2014/10/12 08:51:18,5.13,12.93
10823,POS消费,地点21,开水,2014/10/12 11:22:45,0.65,12.28
10823,POS消费,地点232,食堂,2014/10/12 11:22:51,6.0,6.28
10823,POS消费,地点91,校车,2014/10/12 11:23:24,2.5,3.78
10823,POS消费,地点1428,淋浴,2014/10/12 21:44:58,0.4,3.38
10823,卡充值,,,2014/10/13 16:07:15,100.0,103.38
10823,POS消费,地点21,开水,2014/10/13 16:13:05,28.3,75.08
10823,POS消费,地点21,开水,2014/10/13 22:29:14,4.8,70.28
10823,POS消费,地点21,开水,2014/10/14 10:05:25,3.5,66.78
10823,POS消费,地点21,开水,2014/10/14 12:03:51,6.0,60.78
10823,POS消费,地点91,校车,2014/10/14 18:09:06,9.0,51.78
10823,POS消费,地点91,校车,2014/10/14 18:10:29,3.0,48.78
10823,POS消费,地点91,校车,2014/10/14 18:24:52,3.5,45.28
10823,POS消费,地点21,开水,2014/10/14 18:25:27,3.4,41.88
10823,POS消费,地点1428,淋浴,2014/10/14 22:57:52,0.3,41.58
10823,POS消费,地点21,开水,2014/10/15 11:25:52,5.6,35.98
10823,POS消费,地点21,开水,2014/10/15 11:26:49,2.5,33.48
10823,POS消费,地点21,开水,2014/10/15 18:06:25,4.9,28.58
10823,POS消费,地点21,开水,2014/10/15 18:10:11,1.8,26.78
10823,POS消费,地点1428,淋浴,2014/10/15 23:00:18,0.5,26.28
10823,POS消费,地点232,食堂,2014/10/16 11:33:22,10.0,16.28
10823,POS消费,地点21,开水,2014/10/16 11:44:26,3.0,13.28
10823,POS消费,地点232,食堂,2014/10/16 18:33:17,10.6,2.68
10823,卡充值,,,2014/10/17 11:43:56,50.0,52.68
10823,POS消费,地点232,食堂,2014/10/17 11:48:24,6.0,46.68
10823,POS消费,地点21,开水,2014/10/17 22:24:21,24.0,22.68
10823,POS消费,地点1428,淋浴,2014/10/18 00:34:01,0.2,22.48
10823,POS消费,地点232,食堂,2014/10/20 11:29:20,5.6,16.88
10823,POS消费,地点21,开水,2014/10/20 11:47:10,13.1,3.78
10823,POS消费,地点21,开水,2014/10/20 16:08:17,8.6,45.18
10823,卡充值,,,2014/10/20 16:13:42,50.0,53.78
10823,POS消费,地点91,校车,2014/10/21 12:03:00,9.0,36.18
10823,POS消费,地点26,图书馆,2014/10/21 12:04:33,1.8,34.38
10823,POS消费,地点232,食堂,2014/10/21 17:37:40,10.0,24.38
10823,POS消费,地点91,校车,2014/10/21 17:40:56,3.0,21.38
10823,POS消费,地点91,校车,2014/10/22 11:59:50,9.0,11.78
10823,POS消费,地点26,图书馆,2014/10/22 12:01:42,1.8,9.98
10823,POS消费,地点1428,淋浴,2014/10/22 14:34:41,0.6,20.78
10823,POS消费,地点232,食堂,2014/10/22 17:53:38,5.6,4.38
10823,POS消费,地点21,开水,2014/10/22 17:54:12,2.0,2.38
10823,卡充值,,,2014/10/23 12:09:01,50.0,52.38
10823,POS消费,地点232,食堂,2014/10/23 12:13:18,10.0,42.38
10823,POS消费,地点248,超市,2014/10/23 14:28:54,2.3,40.08
10823,POS消费,地点91,校车,2014/10/23 18:08:50,9.0,31.08
10823,POS消费,地点91,校车,2014/10/23 18:14:02,3.0,28.08
10823,POS消费,地点1428,淋浴,2014/10/23 22:57:35,0.3,27.78
10823,POS消费,地点232,食堂,2014/10/24 12:20:34,10.0,17.78
10823,POS消费,地点91,校车,2014/10/24 17:28:14,9.0,8.78
10823,POS消费,地点26,图书馆,2014/10/24 17:28:45,1.8,6.98
10823,POS消费,地点21,开水,2014/10/25 09:19:42,4.83,2.15
10823,POS消费,地点1428,淋浴,2014/10/26 22:43:50,0.4,1.75
10823,卡充值,,,2014/10/27 16:17:41,50.0,51.75
10823,POS消费,地点232,食堂,2014/10/27 18:00:48,10.0,41.75
10823,POS消费,地点1428,淋浴,2014/10/27 21:56:56,0.3,41.45
10823,POS消费,地点91,校车,2014/10/28 11:48:30,6.0,35.45
10823,POS消费,地点91,校车,2014/10/28 17:56:07,13.0,22.45
10823,POS消费,地点26,图书馆,2014/10/28 17:57:29,1.8,20.65
10823,POS消费,地点21,开水,2014/10/29 12:15:00,6.0,14.65
10823,POS消费,地点1428,淋浴,2014/10/29 23:02:15,0.3,14.35
10823,POS消费,地点232,食堂,2014/10/30 12:00:59,5.6,8.75
10823,POS消费,地点21,开水,2014/10/30 12:10:42,3.0,5.75
10823,卡充值,,,2014/10/31 11:26:45,100.0,105.75
10823,POS消费,地点91,校车,2014/10/31 11:28:35,8.0,97.75
10823,POS消费,地点1428,淋浴,2014/10/31 22:43:03,0.3,97.45
10823,POS消费,地点86,开水,2014/11/01 01:36:05,0.02,97.43
10823,POS消费,地点91,校车,2014/11/02 12:39:06,14.0,83.43
10823,POS消费,地点26,图书馆,2014/11/02 12:45:30,1.8,81.63
10823,POS消费,地点21,开水,2014/11/02 17:28:34,5.0,76.63
10823,POS消费,地点21,开水,2014/11/02 17:28:53,2.0,74.63
10823,POS消费,地点21,开水,2014/11/02 22:42:48,5.0,69.63
10823,POS消费,地点1428,淋浴,2014/11/02 23:09:25,0.4,69.23
10823,POS消费,地点21,开水,2014/11/03 11:43:31,6.0,63.23
10823,POS消费,地点1428,淋浴,2014/11/03 22:55:24,0.3,62.93
10823,POS消费,地点232,食堂,2014/11/04 12:40:19,10.0,52.93
10823,POS消费,地点91,校车,2014/11/04 12:45:54,3.0,49.93
10823,POS消费,地点91,校车,2014/11/04 17:35:40,5.6,44.33
10823,POS消费,地点91,校车,2014/11/04 17:36:32,6.7,37.63
10823,POS消费,地点1428,淋浴,2014/11/04 21:52:51,0.2,37.43
10823,POS消费,地点21,开水,2014/11/05 11:54:30,6.0,31.43
10823,POS消费,地点91,校车,2014/11/05 18:29:37,7.5,23.93
10823,POS消费,地点26,图书馆,2014/11/05 18:30:17,1.8,22.13
10823,POS消费,地点91,校车,2014/11/06 12:01:27,8.0,14.13
10823,POS消费,地点21,开水,2014/11/06 14:19:32,3.9,10.23
10823,POS消费,地点91,校车,2014/11/07 18:18:55,9.0,1.23
10823,POS消费,地点1428,淋浴,2014/11/07 23:35:52,0.3,0.93
10823,POS消费,地点1428,淋浴,2014/11/10 14:33:09,0.1,0.83
10823,POS消费,地点1428,淋浴,2014/11/10 23:17:14,0.4,0.43
10823,POS消费,地点1428,淋浴,2014/11/12 22:33:42,0.4,0.03
10823,卡充值,,,2014/11/13 17:56:26,100.0,100.03
10823,POS消费,地点232,食堂,2014/11/13 17:57:07,5.6,94.43
10823,POS消费,地点91,校车,2014/11/13 17:57:57,4.2,90.23
10823,POS消费,地点91,校车,2014/11/13 22:06:41,3.0,87.23
10823,POS消费,地点21,开水,2014/11/13 22:08:55,25.7,61.53
10823,POS消费,地点1428,淋浴,2014/11/13 23:13:42,0.4,61.13
10823,POS消费,地点1428,淋浴,2014/11/13 23:21:20,0.6,60.53
10823,POS消费,地点232,食堂,2014/11/14 18:01:12,10.0,50.53
10823,POS消费,地点1428,淋浴,2014/11/15 23:57:19,0.3,50.23
10823,POS消费,地点6,淋浴,2014/11/16 11:48:40,12.0,38.23
10823,POS消费,地点21,开水,2014/11/17 12:38:10,5.0,33.23
10823,POS消费,地点21,开水,2014/11/17 12:38:35,1.8,31.43
10823,POS消费,地点21,开水,2014/11/17 12:40:27,3.5,27.93
10823,POS消费,地点1428,淋浴,2014/11/17 23:22:45,0.3,27.63
10823,POS消费,地点12,文印中心,2014/11/18 11:41:26,8.0,19.63
10823,POS消费,地点26,图书馆,2014/11/18 11:44:10,1.8,17.83
10823,POS消费,地点232,食堂,2014/11/18 17:50:55,10.0,7.83
10823,POS消费,地点21,开水,2014/11/18 18:03:43,4.8,3.03
10823,卡充值,,,2014/11/19 12:37:49,20.0,23.03
10823,POS消费,地点21,开水,2014/11/19 12:38:37,6.0,17.03
10823,POS消费,地点21,开水,2014/11/19 14:49:04,3.8,13.23
10823,POS消费,地点21,开水,2014/11/19 18:10:24,5.0,8.23
10823,POS消费,地点1428,淋浴,2014/11/19 22:55:52,0.4,7.83
10823,POS消费,地点21,开水,2014/11/20 12:24:47,5.1,2.73
10823,POS消费,地点86,开水,2014/11/20 12:27:49,0.03,2.7
10823,卡充值,,,2014/11/24 11:14:30,50.0,52.7
10823,POS消费,地点91,校车,2014/11/24 11:16:02,13.0,39.7
10823,POS消费,地点21,开水,2014/11/24 11:38:33,6.9,32.8
10823,POS消费,地点12,文印中心,2014/11/24 17:59:03,0.65,32.15
10823,POS消费,地点12,文印中心,2014/11/24 17:59:08,0.65,31.5
10823,POS消费,地点232,食堂,2014/11/24 18:06:09,4.0,27.5
10823,POS消费,地点91,校车,2014/11/26 18:06:10,13.0,14.5
10823,POS消费,地点91,校车,2014/11/26 18:06:37,9.0,5.5
10823,POS消费,地点21,开水,2014/11/27 07:15:03,4.03,1.47
10823,POS消费,地点1428,淋浴,2014/11/27 23:12:35,0.4,1.07
10823,卡充值,,,2014/12/02 15:29:34,100.0,101.07
10823,POS消费,地点21,开水,2014/12/02 15:59:12,27.7,73.37
10823,POS消费,地点1428,淋浴,2014/12/02 23:06:13,0.4,72.97
10823,POS消费,地点232,食堂,2014/12/03 12:32:39,10.4,62.57
10823,POS消费,地点21,开水,2014/12/03 15:29:51,7.2,55.37
10823,POS消费,地点91,校车,2014/12/03 17:38:52,6.0,49.37
10823,POS消费,地点21,开水,2014/12/03 22:14:08,8.8,40.57
10823,POS消费,地点1428,淋浴,2014/12/03 22:52:11,0.3,40.27
10823,POS消费,地点91,校车,2014/12/04 12:25:53,9.0,31.27
10823,POS消费,地点91,校车,2014/12/04 12:35:35,9.4,21.87
10823,POS消费,地点232,食堂,2014/12/04 17:21:31,6.0,15.87
10823,POS消费,地点232,食堂,2014/12/04 17:22:26,1.0,14.87
10823,POS消费,地点86,开水,2014/12/04 21:02:22,0.03,14.84
10823,POS消费,地点21,开水,2014/12/05 18:00:07,3.1,11.74
10823,POS消费,地点21,开水,2014/12/05 18:00:26,2.0,9.74
10823,POS消费,地点21,开水,2014/12/05 18:00:57,4.6,5.14
10823,POS消费,地点21,开水,2014/12/05 18:01:21,2.5,2.64
10823,POS消费,地点1428,淋浴,2014/12/05 22:35:32,0.2,2.44
10823,POS消费,地点1428,淋浴,2014/12/07 22:42:14,0.4,2.04
10823,卡充值,,,2014/12/10 10:12:17,50.0,52.04
10823,POS消费,地点6,淋浴,2014/12/10 11:32:43,5.0,47.04
10823,POS消费,地点232,食堂,2014/12/10 11:34:11,6.0,41.04
10823,POS消费,地点248,超市,2014/12/10 11:39:43,2.0,39.04
10823,POS消费,地点21,开水,2014/12/10 11:41:59,2.5,36.54
10823,POS消费,地点12,文印中心,2014/12/10 12:05:06,6.9,29.64
10823,POS消费,地点21,开水,2014/12/10 17:40:52,0.45,28.54
10823,POS消费,地点21,开水,2014/12/10 17:46:02,0.65,28.99
10823,POS消费,地点91,校车,2014/12/10 17:46:49,5.0,23.54
10823,POS消费,地点91,校车,2014/12/10 17:47:47,4.0,19.54
10823,POS消费,地点232,食堂,2014/12/10 17:47:59,4.0,15.54
10823,POS消费,地点1428,淋浴,2014/12/11 21:42:11,0.3,15.24
10823,POS消费,地点21,开水,2014/12/12 15:43:35,3.8,11.44
10823,POS消费,地点91,校车,2014/12/15 17:34:52,8.0,3.44
10823,POS消费,地点1428,淋浴,2014/12/15 21:57:50,0.4,3.04
10823,POS消费,地点1428,淋浴,2014/12/17 22:57:06,0.4,2.64
10823,POS消费,地点1428,淋浴,2014/12/19 21:13:48,0.4,2.24
10823,POS消费,地点1428,淋浴,2014/12/21 22:45:10,0.1,2.14
10823,POS消费,地点881,淋浴,2014/12/21 23:10:11,0.2,1.94
10823,卡充值,,,2014/12/23 12:27:58,100.0,101.94
10823,POS消费,地点232,食堂,2014/12/23 12:30:58,10.4,91.54
10823,POS消费,地点91,校车,2014/12/23 18:36:00,10.0,81.54
10823,POS消费,地点21,开水,2014/12/23 18:55:21,6.4,75.14
10823,POS消费,地点1428,淋浴,2014/12/24 14:58:33,0.1,75.04
10823,POS消费,地点1428,淋浴,2014/12/24 15:00:41,0.5,74.54
10823,POS消费,地点21,开水,2014/12/25 17:25:38,8.3,66.24
10823,POS消费,地点91,校车,2014/12/25 18:11:34,9.0,57.24
10823,POS消费,地点21,开水,2014/12/25 18:31:31,3.4,53.84
10823,POS消费,地点232,食堂,2014/12/26 12:34:23,1.0,52.84
10823,POS消费,地点232,食堂,2014/12/26 12:34:28,9.0,43.84
10823,POS消费,地点91,校车,2014/12/26 12:35:33,7.5,36.34
10823,POS消费,地点21,开水,2014/12/26 12:49:39,7.1,29.24
10823,POS消费,地点1428,淋浴,2014/12/27 00:08:57,0.1,29.14
10823,POS消费,地点1428,淋浴,2014/12/27 00:12:27,0.3,28.84
10823,POS消费,地点1428,淋浴,2014/12/28 22:50:25,0.5,28.34
10823,POS消费,地点1428,淋浴,2014/12/28 23:12:18,0.8,27.54
10823,POS消费,地点232,食堂,2014/12/30 18:15:26,10.0,17.54
10823,POS消费,地点21,开水,2014/12/30 21:09:36,4.0,13.54
10823,POS消费,地点1428,淋浴,2014/12/30 21:18:20,1.2,12.34
10823,POS消费,地点1428,淋浴,2014/12/30 23:07:34,0.3,12.04
10823,POS消费,地点91,校车,2014/12/31 12:10:38,9.0,3.04
10823,POS消费,地点21,开水,2014/12/31 12:33:17,2.2,0.84
10823,卡充值,,,2015/07/02 11:41:57,100.0,100.84
10823,POS消费,地点6,淋浴,2015/07/02 11:43:24,12.0,88.84
10823,POS消费,地点21,开水,2015/07/09 12:10:46,5.6,83.24
10823,POS消费,地点91,校车,2015/07/09 12:12:27,4.3,78.94
10823,POS消费,地点21,开水,2015/08/29 15:45:27,9.6,69.34
10823,POS消费,地点21,开水,2015/08/29 21:46:44,27.8,41.54
