16129,POS消费,地点114,食堂,2014/09/01 07:54:02,2.0,268.02
16129,POS消费,地点184,食堂,2014/09/01 07:59:25,1.7,270.02
16129,POS消费,地点255,食堂,2014/09/01 11:57:36,5.7,262.32
16129,POS消费,地点813,开水,2014/09/01 16:00:14,0.01,262.31
16129,POS消费,地点184,食堂,2014/09/01 18:13:41,7.4,254.91
16129,POS消费,地点472,淋浴,2014/09/01 20:19:56,1.1,253.8
16129,POS消费,地点423,开水,2014/09/01 22:16:47,0.01,254.9
16129,POS消费,地点65,食堂,2014/09/02 06:51:40,0.8,251.2
16129,POS消费,地点61,食堂,2014/09/02 07:04:22,1.8,252.0
16129,POS消费,地点673,开水,2014/09/02 08:31:54,0.01,251.19
16129,POS消费,地点789,开水,2014/09/02 09:34:32,0.01,251.18
16129,POS消费,地点21,开水,2014/09/02 12:08:10,5.7,241.28
16129,POS消费,地点1997,食堂,2014/09/02 12:23:39,4.2,246.98
16129,POS消费,地点148,开水,2014/09/02 15:54:37,0.01,241.27
16129,POS消费,地点225,食堂,2014/09/02 17:59:08,7.7,233.57
16129,POS消费,地点423,开水,2014/09/02 20:48:48,0.01,233.56
16129,POS消费,地点472,淋浴,2014/09/02 21:11:28,0.6,232.96
16129,POS消费,地点61,食堂,2014/09/03 07:02:47,3.0,229.96
16129,POS消费,地点673,开水,2014/09/03 09:20:31,0.01,229.95
16129,POS消费,地点233,食堂,2014/09/03 11:59:05,4.9,225.05
16129,POS消费,地点21,开水,2014/09/03 12:00:40,1.0,224.05
16129,POS消费,地点72,食堂,2014/09/03 17:57:58,4.7,219.35
16129,POS消费,地点423,开水,2014/09/03 18:50:07,0.01,219.34
16129,POS消费,地点472,淋浴,2014/09/03 19:20:48,1.3,218.04
16129,POS消费,地点1188,洗衣房,2014/09/03 19:29:34,3.6,214.44
16129,POS消费,地点423,开水,2014/09/04 06:43:51,0.01,214.43
16129,POS消费,地点61,食堂,2014/09/04 07:02:05,2.2,212.23
16129,POS消费,地点836,开水,2014/09/04 08:13:30,0.01,212.22
16129,POS消费,地点423,开水,2014/09/04 11:12:19,0.01,212.21
16129,POS消费,地点21,开水,2014/09/04 11:17:14,7.5,204.71
16129,POS消费,地点225,食堂,2014/09/04 17:14:36,5.2,199.51
16129,POS消费,地点83,食堂,2014/09/04 21:48:12,5.5,194.01
16129,POS消费,地点423,开水,2014/09/04 21:53:28,0.01,194.0
16129,POS消费,地点466,淋浴,2014/09/04 22:05:50,0.6,193.4
16129,POS消费,地点61,食堂,2014/09/05 07:02:31,2.2,191.2
16129,POS消费,地点72,食堂,2014/09/05 12:01:59,4.4,186.79
16129,POS消费,地点21,开水,2014/09/05 12:16:46,3.0,183.79
16129,POS消费,地点673,开水,2014/09/05 15:01:00,0.01,191.19
16129,POS消费,地点232,食堂,2014/09/05 17:30:13,5.5,178.29
16129,POS消费,地点21,开水,2014/09/05 17:59:12,3.0,175.29
16129,POS消费,地点423,开水,2014/09/05 21:06:48,0.01,175.28
16129,POS消费,地点388,淋浴,2014/09/05 21:15:05,1.1,174.18
16129,POS消费,地点91,校车,2014/09/06 11:10:50,5.5,168.68
16129,POS消费,地点21,开水,2014/09/06 11:52:08,3.0,165.68
16129,POS消费,地点21,开水,2014/09/06 12:03:07,11.9,153.78
16129,POS消费,地点423,开水,2014/09/06 15:40:14,0.01,153.77
16129,POS消费,地点423,开水,2014/09/06 21:21:48,0.01,153.76
16129,POS消费,地点72,食堂,2014/09/07 08:18:18,2.63,151.13
16129,POS消费,地点114,食堂,2014/09/07 08:18:45,2.0,149.13
16129,POS消费,地点472,淋浴,2014/09/07 18:59:32,1.4,147.73
16129,POS消费,地点423,开水,2014/09/07 19:06:38,0.01,147.72
16129,POS消费,地点192,超市,2014/09/07 19:50:00,9.8,137.92
16129,POS消费,地点1198,洗衣房,2014/09/08 10:33:45,3.6,134.32
16129,POS消费,地点423,开水,2014/09/08 11:09:22,0.01,134.31
16129,POS消费,地点21,开水,2014/09/08 11:23:16,6.6,127.71
16129,POS消费,地点195,超市,2014/09/08 17:43:41,40.5,87.21
16129,POS消费,地点423,开水,2014/09/08 20:00:49,0.01,87.2
16129,POS消费,地点472,淋浴,2014/09/08 20:39:46,0.6,86.6
16129,POS消费,地点61,食堂,2014/09/09 07:00:12,2.2,84.4
16129,POS消费,地点680,开水,2014/09/09 08:05:53,0.01,84.39
16129,POS消费,地点72,食堂,2014/09/09 11:53:06,5.6,78.79
16129,POS消费,地点423,开水,2014/09/09 15:37:55,0.01,78.78
16129,POS消费,地点423,开水,2014/09/09 18:09:31,0.01,78.77
16129,POS消费,地点388,淋浴,2014/09/09 20:31:13,1.2,77.57
16129,POS消费,地点423,开水,2014/09/09 20:52:58,0.01,77.56
16129,POS消费,地点423,开水,2014/09/09 20:54:12,0.01,77.55
16129,POS消费,地点61,食堂,2014/09/10 07:00:24,2.2,75.35
16129,POS消费,地点673,开水,2014/09/10 08:01:47,0.01,75.34
16129,POS消费,地点673,开水,2014/09/10 08:43:48,0.01,75.33
16129,POS消费,地点673,开水,2014/09/10 09:53:12,0.01,75.32
16129,POS消费,地点225,食堂,2014/09/10 11:57:44,7.7,67.62
16129,POS消费,地点21,开水,2014/09/10 17:52:56,6.8,60.82
16129,POS消费,地点423,开水,2014/09/10 18:19:10,0.01,60.81
16129,POS消费,地点388,淋浴,2014/09/10 19:20:52,0.6,60.21
16129,POS消费,地点423,开水,2014/09/10 20:27:41,0.01,60.2
16129,POS消费,地点69,食堂,2014/09/11 06:49:31,1.4,58.8
16129,POS消费,地点65,食堂,2014/09/11 06:50:40,0.8,58.0
16129,POS消费,地点114,食堂,2014/09/11 06:58:20,2.0,56.0
16129,POS消费,地点1961,超市,2014/09/11 10:22:42,9.8,46.2
16129,卡充值,,,2014/09/11 11:09:01,200.0,246.2
16129,POS消费,地点91,校车,2014/09/11 11:10:13,5.5,240.7
16129,POS消费,地点21,开水,2014/09/11 16:48:44,20.3,220.4
16129,POS消费,地点472,淋浴,2014/09/11 19:54:16,1.1,219.29
16129,POS消费,地点423,开水,2014/09/12 04:19:42,0.01,220.39
16129,POS消费,地点65,食堂,2014/09/12 06:49:45,0.8,217.09
16129,POS消费,地点83,食堂,2014/09/12 06:58:53,2.9,214.19
16129,POS消费,地点61,食堂,2014/09/12 07:02:33,1.4,217.89
16129,POS消费,地点83,食堂,2014/09/12 13:38:48,2.9,211.29
16129,POS消费,地点388,淋浴,2014/09/12 21:51:39,1.1,210.08
16129,POS消费,地点468,淋浴,2014/09/12 22:04:58,0.1,211.18
16129,POS消费,地点423,开水,2014/09/12 22:17:20,0.01,211.28
16129,POS消费,地点61,食堂,2014/09/13 08:32:38,2.6,207.48
16129,POS消费,地点233,食堂,2014/09/13 11:47:40,2.9,204.58
16129,POS消费,地点69,食堂,2014/09/13 16:50:41,4.2,200.38
16129,POS消费,地点161,食堂,2014/09/13 16:51:08,1.2,199.18
16129,POS消费,地点114,食堂,2014/09/13 17:04:30,2.0,197.18
16129,POS消费,地点423,开水,2014/09/13 17:08:55,0.01,197.17
16129,POS消费,地点118,食堂,2014/09/13 20:25:25,5.5,191.67
16129,POS消费,地点388,淋浴,2014/09/13 21:04:11,0.6,191.07
16129,POS消费,地点423,开水,2014/09/13 21:08:45,0.01,191.06
16129,POS消费,地点114,食堂,2014/09/14 08:20:47,2.0,186.86
16129,POS消费,地点61,食堂,2014/09/14 08:33:05,2.2,188.86
16129,POS消费,地点21,开水,2014/09/14 11:35:27,10.3,176.56
16129,POS消费,地点423,开水,2014/09/14 12:03:33,0.01,171.85
16129,POS消费,地点1997,食堂,2014/09/14 12:23:23,4.7,171.86
16129,POS消费,地点1451,校车,2014/09/14 17:17:04,1.0,170.85
16129,POS消费,地点1188,洗衣房,2014/09/14 20:16:13,3.6,167.25
16129,POS消费,地点472,淋浴,2014/09/14 21:05:48,1.2,166.05
16129,POS消费,地点423,开水,2014/09/14 21:10:58,0.01,166.04
16129,POS消费,地点69,食堂,2014/09/15 07:48:41,1.9,164.14
16129,POS消费,地点676,开水,2014/09/15 08:06:49,0.01,164.13
16129,POS消费,地点677,开水,2014/09/15 09:08:35,0.01,164.12
16129,POS消费,地点184,食堂,2014/09/15 12:10:35,3.7,160.42
16129,POS消费,地点182,食堂,2014/09/15 18:10:04,5.7,154.72
16129,POS消费,地点423,开水,2014/09/15 18:41:46,0.01,154.71
16129,POS消费,地点472,淋浴,2014/09/15 22:35:58,0.6,154.11
16129,POS消费,地点423,开水,2014/09/15 22:54:48,0.01,154.1
16129,POS消费,地点114,食堂,2014/09/16 08:24:38,2.0,150.7
16129,POS消费,地点184,食堂,2014/09/16 08:35:39,1.4,152.7
16129,POS消费,地点787,开水,2014/09/16 09:15:45,0.01,150.69
16129,POS消费,地点787,开水,2014/09/16 09:46:04,0.01,150.68
16129,POS消费,地点72,食堂,2014/09/16 11:53:02,5.2,145.48
16129,POS消费,地点673,开水,2014/09/16 15:57:36,0.01,145.47
16129,POS消费,地点72,食堂,2014/09/16 17:54:34,5.2,140.27
16129,POS消费,地点423,开水,2014/09/16 18:39:43,0.01,140.26
16129,POS消费,地点388,淋浴,2014/09/16 22:50:09,1.2,139.06
16129,POS消费,地点423,开水,2014/09/16 23:09:30,0.01,139.05
16129,POS消费,地点21,开水,2014/09/17 08:23:35,2.5,135.72
16129,POS消费,地点72,食堂,2014/09/17 08:29:25,0.83,138.22
16129,POS消费,地点61,食堂,2014/09/17 12:31:47,5.2,130.52
16129,POS消费,地点423,开水,2014/09/17 14:07:26,0.01,130.51
16129,POS消费,地点61,食堂,2014/09/17 18:09:36,6.4,124.11
16129,POS消费,地点423,开水,2014/09/17 18:19:04,0.01,124.1
16129,POS消费,地点472,淋浴,2014/09/17 22:45:37,0.7,123.4
16129,POS消费,地点423,开水,2014/09/17 22:49:09,0.01,123.39
16129,POS消费,地点69,食堂,2014/09/18 07:52:02,2.2,121.19
16129,POS消费,地点835,开水,2014/09/18 08:08:10,0.01,121.18
16129,POS消费,地点835,开水,2014/09/18 09:05:36,0.01,121.17
16129,POS消费,地点21,开水,2014/09/18 10:09:30,3.0,118.17
16129,POS消费,地点65,食堂,2014/09/18 11:16:16,9.2,108.97
16129,POS消费,地点219,超市,2014/09/18 14:17:48,4.0,104.97
16129,POS消费,地点21,开水,2014/09/18 17:40:08,3.0,99.77
16129,POS消费,地点260,食堂,2014/09/18 17:40:14,2.2,102.77
16129,POS消费,地点423,开水,2014/09/18 19:45:59,0.01,99.76
16129,POS消费,地点388,淋浴,2014/09/18 20:11:18,1.2,98.56
16129,POS消费,地点61,食堂,2014/09/19 08:01:43,2.2,96.36
16129,POS消费,地点673,开水,2014/09/19 08:07:40,0.01,96.35
16129,POS消费,地点195,超市,2014/09/19 12:38:02,22.8,73.55
16129,POS消费,地点423,开水,2014/09/19 15:55:19,0.01,73.54
16129,POS消费,地点232,食堂,2014/09/19 17:22:17,5.5,68.04
16129,POS消费,地点21,开水,2014/09/19 17:23:37,4.0,64.04
16129,POS消费,地点1188,洗衣房,2014/09/19 19:38:00,3.6,60.44
16129,POS消费,地点472,淋浴,2014/09/19 19:59:04,0.6,59.84
16129,POS消费,地点423,开水,2014/09/19 20:10:14,0.01,59.83
16129,POS消费,地点69,食堂,2014/09/20 08:07:30,2.23,57.6
16129,POS消费,地点423,开水,2014/09/20 14:32:44,0.01,57.59
16129,POS消费,地点21,开水,2014/09/20 20:28:52,9.3,48.29
16129,POS消费,地点1842,开水,2014/09/20 22:37:21,0.15,48.14
16129,POS消费,地点472,淋浴,2014/09/20 22:55:57,1.2,46.94
16129,POS消费,地点423,开水,2014/09/21 12:49:15,0.01,46.93
16129,卡充值,,,2014/09/21 17:08:00,100.0,146.93
16129,POS消费,地点21,开水,2014/09/21 17:12:39,15.5,131.43
16129,POS消费,地点1961,超市,2014/09/21 17:51:26,17.7,113.73
16129,POS消费,地点72,食堂,2014/09/22 07:42:03,3.0,110.73
16129,POS消费,地点677,开水,2014/09/22 08:02:35,0.01,110.72
16129,POS消费,地点233,食堂,2014/09/22 12:00:54,8.7,102.02
16129,POS消费,地点423,开水,2014/09/22 12:18:52,0.01,102.01
16129,POS消费,地点195,超市,2014/09/22 18:25:07,4.8,97.21
16129,POS消费,地点836,开水,2014/09/22 19:52:42,0.01,97.2
16129,POS消费,地点470,淋浴,2014/09/22 22:54:50,1.3,95.9
16129,POS消费,地点423,开水,2014/09/22 23:04:47,0.01,95.89
16129,POS消费,地点114,食堂,2014/09/23 08:30:36,3.0,92.89
16129,POS消费,地点69,食堂,2014/09/23 08:32:56,2.6,90.29
16129,POS消费,地点685,开水,2014/09/23 08:52:29,0.01,90.28
16129,POS消费,地点681,开水,2014/09/23 09:46:21,0.01,90.27
16129,POS消费,地点21,开水,2014/09/23 11:52:12,6.8,83.47
16129,POS消费,地点314,食堂,2014/09/23 12:07:19,3.0,80.47
16129,POS消费,地点114,食堂,2014/09/23 17:54:31,3.0,77.47
16129,POS消费,地点472,淋浴,2014/09/23 23:24:17,0.6,76.87
16129,POS消费,地点114,食堂,2014/09/24 07:59:37,2.0,70.07
16129,POS消费,地点423,开水,2014/09/24 08:00:53,0.01,70.06
16129,POS消费,地点1997,食堂,2014/09/24 08:22:53,2.6,74.27
16129,POS消费,地点1997,食堂,2014/09/24 08:23:21,2.2,72.07
16129,POS消费,地点674,开水,2014/09/24 10:02:23,0.01,70.05
16129,POS消费,地点182,食堂,2014/09/24 12:06:17,7.7,62.35
16129,POS消费,地点182,食堂,2014/09/24 12:06:46,5.7,56.65
16129,POS消费,地点148,开水,2014/09/24 16:56:15,0.01,56.64
16129,POS消费,地点314,食堂,2014/09/24 17:53:43,9.0,47.64
16129,POS消费,地点114,食堂,2014/09/24 17:55:59,6.0,41.64
16129,POS消费,地点834,开水,2014/09/24 20:04:05,0.01,41.63
16129,POS消费,地点423,开水,2014/09/24 21:36:38,0.01,41.62
16129,POS消费,地点472,淋浴,2014/09/24 21:59:14,1.2,40.42
16129,POS消费,地点69,食堂,2014/09/25 07:48:06,1.4,39.02
16129,POS消费,地点835,开水,2014/09/25 08:02:07,0.01,39.01
16129,POS消费,地点314,食堂,2014/09/25 10:04:19,5.2,33.81
16129,卡充值,,,2014/09/25 11:08:28,100.0,133.81
16129,POS消费,地点69,食堂,2014/09/25 11:12:40,3.0,128.61
16129,POS消费,地点184,食堂,2014/09/25 11:24:55,2.2,131.61
16129,POS消费,地点114,食堂,2014/09/25 11:27:46,3.0,125.61
16129,POS消费,地点21,开水,2014/09/25 17:52:17,9.3,116.31
16129,POS消费,地点423,开水,2014/09/25 23:35:09,0.01,116.3
16129,POS消费,地点388,淋浴,2014/09/25 23:41:04,1.1,115.2
16129,POS消费,地点114,食堂,2014/09/26 07:43:24,2.0,111.6
16129,POS消费,地点61,食堂,2014/09/26 07:55:36,1.6,113.6
16129,POS消费,地点21,开水,2014/09/26 17:29:06,9.3,102.3
16129,POS消费,地点423,开水,2014/09/26 21:42:42,0.01,102.29
16129,POS消费,地点114,食堂,2014/09/27 09:02:31,2.0,100.29
16129,POS消费,地点69,食堂,2014/09/27 09:06:15,1.13,99.16
16129,POS消费,地点565,开水,2014/09/27 09:19:25,0.01,99.15
16129,POS消费,地点565,开水,2014/09/27 10:01:49,0.01,99.14
16129,POS消费,地点565,开水,2014/09/27 10:38:14,0.01,99.13
16129,POS消费,地点218,食堂,2014/09/27 11:12:43,0.8,98.33
16129,POS消费,地点237,食堂,2014/09/27 11:17:11,2.2,96.13
16129,POS消费,地点423,开水,2014/09/27 12:15:30,0.01,96.12
16129,POS消费,地点182,食堂,2014/09/27 16:45:40,2.2,93.92
16129,POS消费,地点314,食堂,2014/09/27 16:56:43,3.0,90.92
16129,POS消费,地点423,开水,2014/09/27 19:32:06,0.01,90.91
16129,POS消费,地点472,淋浴,2014/09/27 20:00:55,1.3,89.61
16129,POS消费,地点69,食堂,2014/09/28 07:47:38,2.2,87.41
16129,POS消费,地点677,开水,2014/09/28 08:04:24,0.01,87.4
16129,POS消费,地点225,食堂,2014/09/28 12:02:52,5.9,81.5
16129,POS消费,地点1188,洗衣房,2014/09/28 12:23:31,3.6,77.9
16129,POS消费,地点423,开水,2014/09/28 14:00:14,0.01,77.89
16129,POS消费,地点676,开水,2014/09/28 15:09:24,0.01,77.88
16129,POS消费,地点72,食堂,2014/09/28 18:06:15,5.2,72.68
16129,POS消费,地点314,食堂,2014/09/28 18:17:00,3.0,69.68
16129,POS消费,地点423,开水,2014/09/28 18:58:22,0.01,69.67
16129,POS消费,地点423,开水,2014/09/28 22:45:03,0.01,69.66
16129,POS消费,地点388,淋浴,2014/09/28 22:52:00,0.6,69.06
16129,POS消费,地点69,食堂,2014/09/29 07:49:00,2.2,66.86
16129,POS消费,地点677,开水,2014/09/29 08:03:33,0.01,66.85
16129,POS消费,地点1997,食堂,2014/09/29 12:34:03,5.2,61.65
16129,POS消费,地点1188,洗衣房,2014/09/29 12:48:54,3.6,58.05
16129,POS消费,地点676,开水,2014/09/29 14:19:37,0.01,58.04
16129,POS消费,地点676,开水,2014/09/29 15:07:45,0.01,58.03
16129,POS消费,地点423,开水,2014/09/29 19:06:34,0.01,58.02
16129,POS消费,地点314,食堂,2014/09/29 20:16:55,3.0,55.02
16129,POS消费,地点423,开水,2014/09/29 22:52:38,0.01,55.01
16129,POS消费,地点472,淋浴,2014/09/29 23:12:02,1.1,53.91
16129,POS消费,地点114,食堂,2014/09/30 08:33:45,2.5,50.01
16129,POS消费,地点1997,食堂,2014/09/30 09:06:48,1.4,52.51
16129,POS消费,地点72,食堂,2014/09/30 11:53:09,4.2,45.81
16129,POS消费,地点423,开水,2014/09/30 15:37:35,0.01,45.8
16129,POS消费,地点673,开水,2014/09/30 16:00:35,0.01,45.79
16129,POS消费,地点72,食堂,2014/09/30 17:55:05,4.2,41.59
16129,POS消费,地点314,食堂,2014/09/30 18:02:18,3.0,38.59
16129,POS消费,地点423,开水,2014/09/30 18:06:52,0.01,38.58
16129,POS消费,地点21,开水,2014/09/30 22:02:31,27.8,10.78
16129,POS消费,地点467,淋浴,2014/09/30 23:35:03,1.0,9.78
16129,POS消费,地点1472,校车,2014/10/04 19:23:37,1.0,8.78
16129,POS消费,地点423,开水,2014/10/04 21:05:07,0.01,8.77
16129,POS消费,地点472,淋浴,2014/10/04 22:16:24,1.4,7.37
16129,POS消费,地点423,开水,2014/10/04 22:37:43,0.01,7.36
16129,卡充值,,,2014/10/05 08:36:43,200.0,207.36
16129,POS消费,地点103,食堂,2014/10/05 08:57:24,2.13,205.23
16129,POS消费,地点195,超市,2014/10/05 13:12:28,10.5,194.73
16129,POS消费,地点423,开水,2014/10/05 14:10:11,0.01,194.72
16129,POS消费,地点1842,开水,2014/10/05 22:19:34,0.15,194.57
16129,POS消费,地点472,淋浴,2014/10/05 22:49:25,0.5,194.07
16129,POS消费,地点188,超市,2014/10/06 09:38:39,6.5,187.57
16129,POS消费,地点423,开水,2014/10/06 12:43:19,0.01,187.56
16129,POS消费,地点677,开水,2014/10/06 15:47:45,0.01,187.55
16129,POS消费,地点677,开水,2014/10/06 18:11:11,0.01,187.54
16129,POS消费,地点423,开水,2014/10/06 21:35:45,0.01,187.53
16129,POS消费,地点1409,食堂,2014/10/07 08:54:53,1.6,185.93
16129,POS消费,地点314,食堂,2014/10/07 12:29:03,3.0,182.93
16129,POS消费,地点423,开水,2014/10/07 14:04:11,0.01,182.92
16129,POS消费,地点263,食堂,2014/10/07 17:25:13,4.9,178.02
16129,POS消费,地点472,淋浴,2014/10/07 19:43:45,1.5,176.52
16129,POS消费,地点423,开水,2014/10/07 20:15:19,0.01,176.51
16129,POS消费,地点72,食堂,2014/10/08 08:46:00,2.43,174.08
16129,POS消费,地点674,开水,2014/10/08 10:04:23,0.01,174.07
16129,POS消费,地点1997,食堂,2014/10/08 12:46:59,4.7,169.37
16129,POS消费,地点1842,开水,2014/10/08 14:01:08,0.01,169.36
16129,POS消费,地点188,超市,2014/10/08 19:05:41,3.0,166.36
16129,POS消费,地点423,开水,2014/10/08 19:40:29,0.01,166.35
16129,POS消费,地点388,淋浴,2014/10/08 19:55:29,0.6,165.75
16129,POS消费,地点69,食堂,2014/10/09 07:45:57,2.2,163.55
16129,POS消费,地点836,开水,2014/10/09 08:02:03,0.01,163.54
16129,POS消费,地点1961,超市,2014/10/09 10:20:01,5.2,158.34
16129,POS消费,地点184,食堂,2014/10/09 11:21:11,3.9,154.44
16129,POS消费,地点832,开水,2014/10/09 16:20:55,0.01,154.43
16129,POS消费,地点1997,食堂,2014/10/09 19:16:18,4.9,149.53
16129,POS消费,地点423,开水,2014/10/09 19:35:24,0.01,149.52
16129,POS消费,地点472,淋浴,2014/10/09 20:14:25,1.5,148.02
16129,POS消费,地点69,食堂,2014/10/10 07:49:03,2.4,145.62
16129,POS消费,地点673,开水,2014/10/10 08:07:24,0.01,145.61
16129,POS消费,地点233,食堂,2014/10/10 12:02:29,5.2,140.41
16129,POS消费,地点260,食堂,2014/10/10 17:56:51,2.7,137.71
16129,POS消费,地点423,开水,2014/10/10 19:33:39,0.01,137.7
16129,POS消费,地点814,开水,2014/10/10 21:05:47,0.01,137.69
16129,POS消费,地点796,开水,2014/10/10 21:13:41,0.01,137.68
16129,POS消费,地点463,淋浴,2014/10/10 22:35:11,0.7,136.98
16129,POS消费,地点423,开水,2014/10/10 22:47:07,0.01,136.97
16129,POS消费,地点69,食堂,2014/10/11 08:35:41,2.2,134.77
16129,POS消费,地点565,开水,2014/10/11 08:51:46,0.01,134.76
16129,POS消费,地点678,开水,2014/10/11 09:46:35,0.01,134.75
16129,POS消费,地点423,开水,2014/10/11 15:53:11,0.01,134.74
16129,POS消费,地点61,食堂,2014/10/11 18:43:43,4.4,130.34
16129,POS消费,地点423,开水,2014/10/11 18:52:09,0.01,130.33
16129,POS消费,地点472,淋浴,2014/10/11 22:49:05,1.6,128.73
16129,POS消费,地点423,开水,2014/10/11 22:58:27,0.01,128.72
16129,POS消费,地点69,食堂,2014/10/12 08:54:11,1.4,127.32
16129,POS消费,地点65,食堂,2014/10/12 08:55:53,0.88,126.44
16129,POS消费,地点65,食堂,2014/10/12 08:55:58,-0.88,127.32
16129,POS消费,地点65,食堂,2014/10/12 08:56:01,0.8,126.52
16129,POS消费,地点794,开水,2014/10/12 09:08:43,0.01,126.51
16129,POS消费,地点232,食堂,2014/10/12 11:32:12,15.0,111.51
16129,POS消费,地点254,食堂,2014/10/12 15:09:35,7.0,104.51
16129,POS消费,地点423,开水,2014/10/12 20:55:01,0.01,104.5
16129,POS消费,地点388,淋浴,2014/10/12 21:06:45,0.9,103.6
16129,POS消费,地点69,食堂,2014/10/13 07:47:35,2.2,101.4
16129,POS消费,地点677,开水,2014/10/13 08:02:20,0.01,101.39
16129,POS消费,地点148,开水,2014/10/13 10:10:25,0.01,101.38
16129,POS消费,地点61,食堂,2014/10/13 12:17:59,6.2,95.18
16129,POS消费,地点817,开水,2014/10/13 16:01:16,0.01,95.17
16129,POS消费,地点1198,洗衣房,2014/10/13 19:26:48,3.6,91.57
16129,POS消费,地点423,开水,2014/10/13 19:32:40,0.01,91.56
16129,POS消费,地点472,淋浴,2014/10/13 20:09:04,1.6,89.96
16129,POS消费,地点1842,开水,2014/10/13 22:26:28,0.15,89.81
16129,POS消费,地点69,食堂,2014/10/14 08:23:36,2.2,87.61
16129,POS消费,地点565,开水,2014/10/14 08:40:03,0.01,87.6
16129,POS消费,地点565,开水,2014/10/14 09:25:51,0.01,87.59
16129,POS消费,地点1997,食堂,2014/10/14 12:36:19,4.2,83.39
16129,POS消费,地点423,开水,2014/10/14 14:16:30,0.01,83.38
16129,POS消费,地点1997,食堂,2014/10/14 18:45:46,4.2,79.18
16129,POS消费,地点423,开水,2014/10/14 22:06:30,0.01,79.17
16129,POS消费,地点468,淋浴,2014/10/14 22:22:08,0.1,78.97
16129,POS消费,地点466,淋浴,2014/10/14 22:25:25,0.1,79.07
16129,POS消费,地点1520,淋浴,2014/10/14 22:38:02,0.7,78.27
16129,POS消费,地点69,食堂,2014/10/15 08:49:30,3.2,75.07
16129,POS消费,地点678,开水,2014/10/15 09:01:25,0.01,75.06
16129,POS消费,地点677,开水,2014/10/15 09:56:08,0.01,75.05
16129,POS消费,地点225,食堂,2014/10/15 11:59:25,5.7,69.35
16129,POS消费,地点677,开水,2014/10/15 14:01:12,0.01,69.34
16129,POS消费,地点673,开水,2014/10/15 16:07:56,0.01,69.33
16129,POS消费,地点148,开水,2014/10/15 17:02:19,0.01,69.32
16129,POS消费,地点314,食堂,2014/10/15 18:14:31,3.0,59.12
16129,POS消费,地点423,开水,2014/10/15 18:35:38,0.01,59.11
16129,POS消费,地点1997,食堂,2014/10/15 18:37:22,7.2,62.12
16129,POS消费,地点1842,开水,2014/10/15 22:05:33,0.14,58.97
16129,POS消费,地点388,淋浴,2014/10/15 22:12:40,0.1,58.87
16129,POS消费,地点388,淋浴,2014/10/15 22:37:31,1.8,57.07
16129,POS消费,地点69,食堂,2014/10/16 07:48:51,2.2,54.87
16129,POS消费,地点836,开水,2014/10/16 08:05:43,0.01,54.86
16129,POS消费,地点314,食堂,2014/10/16 10:04:02,3.0,51.86
16129,POS消费,地点184,食堂,2014/10/16 11:34:12,4.7,47.16
16129,支付领取,,,2014/10/16 15:58:39,100.0,147.16
16129,POS消费,地点168,食堂,2014/10/16 17:14:05,7.1,140.06
16129,POS消费,地点423,开水,2014/10/16 21:56:59,0.01,140.05
16129,POS消费,地点472,淋浴,2014/10/16 22:34:47,0.7,139.35
16129,POS消费,地点69,食堂,2014/10/17 07:45:00,1.6,137.75
16129,POS消费,地点69,食堂,2014/10/17 07:45:03,0.6,137.15
16129,POS消费,地点680,开水,2014/10/17 07:59:55,0.01,137.14
16129,POS消费,地点836,开水,2014/10/17 10:05:33,0.01,137.13
16129,POS消费,地点21,开水,2014/10/17 18:09:13,1.63,135.5
16129,POS消费,地点494,淋浴,2014/10/17 22:05:25,0.1,135.4
16129,POS消费,地点387,淋浴,2014/10/17 22:05:53,0.1,135.3
16129,POS消费,地点423,开水,2014/10/17 22:42:13,0.01,133.49
16129,POS消费,地点21,开水,2014/10/18 08:46:51,2.5,129.36
16129,POS消费,地点69,食堂,2014/10/18 08:49:45,1.63,131.86
16129,POS消费,地点673,开水,2014/10/18 09:06:26,0.01,129.35
16129,POS消费,地点148,开水,2014/10/18 09:54:07,0.01,129.34
16129,POS消费,地点673,开水,2014/10/18 11:36:45,0.01,129.33
16129,POS消费,地点21,开水,2014/10/18 12:33:35,1.63,127.7
16129,POS消费,地点423,开水,2014/10/18 15:31:33,0.01,127.69
16129,POS消费,地点188,超市,2014/10/18 18:57:16,3.0,124.69
16129,POS消费,地点314,食堂,2014/10/18 19:02:14,3.0,121.69
16129,POS消费,地点83,食堂,2014/10/18 19:05:48,2.5,119.19
16129,POS消费,地点787,开水,2014/10/19 07:52:45,0.01,119.18
16129,POS消费,地点27,教务处,2014/10/19 10:54:56,5.8,113.38
16129,POS消费,地点27,教务处,2014/10/19 10:55:04,8.3,105.08
16129,POS消费,地点423,开水,2014/10/19 11:18:12,0.01,105.07
16129,POS消费,地点314,食堂,2014/10/19 18:16:48,3.0,102.07
16129,POS消费,地点814,开水,2014/10/19 19:17:05,0.01,102.06
16129,POS消费,地点388,淋浴,2014/10/19 22:05:23,1.6,100.26
16129,POS消费,地点468,淋浴,2014/10/19 22:05:26,0.1,101.96
16129,POS消费,地点467,淋浴,2014/10/19 22:05:32,0.1,101.86
16129,POS消费,地点388,淋浴,2014/10/19 22:45:36,1.9,98.26
16129,POS消费,地点470,淋浴,2014/10/19 22:48:26,0.1,100.16
16129,POS消费,地点69,食堂,2014/10/20 07:45:25,3.0,95.26
16129,POS消费,地点676,开水,2014/10/20 08:03:00,0.01,95.25
16129,POS消费,地点118,食堂,2014/10/20 12:48:17,12.0,83.25
16129,POS消费,地点815,开水,2014/10/20 13:50:24,0.01,83.24
16129,POS消费,地点674,开水,2014/10/20 15:15:57,0.01,83.23
16129,POS消费,地点817,开水,2014/10/20 16:00:48,0.01,83.22
16129,POS消费,地点168,食堂,2014/10/20 18:02:36,5.5,77.72
16129,POS消费,地点204,食堂,2014/10/20 18:09:44,1.0,76.72
16129,POS消费,地点314,食堂,2014/10/20 18:42:45,18.5,178.22
16129,支付领取,,,2014/10/20 18:45:10,120.0,196.72
16129,POS消费,地点388,淋浴,2014/10/20 21:23:16,0.7,177.52
16129,POS消费,地点1188,洗衣房,2014/10/20 22:04:12,3.6,173.92
16129,POS消费,地点423,开水,2014/10/20 23:27:55,0.01,173.91
16129,POS消费,地点161,食堂,2014/10/21 08:43:32,2.23,171.68
16129,POS消费,地点21,开水,2014/10/21 08:53:15,2.5,169.18
16129,POS消费,地点565,开水,2014/10/21 09:09:15,0.01,169.17
16129,POS消费,地点681,开水,2014/10/21 10:07:40,0.01,169.16
16129,POS消费,地点1997,食堂,2014/10/21 12:35:15,4.2,164.96
16129,POS消费,地点423,开水,2014/10/21 15:56:35,0.01,164.95
16129,POS消费,地点72,食堂,2014/10/21 18:10:15,4.2,160.75
16129,POS消费,地点388,淋浴,2014/10/21 23:24:40,1.4,159.35
16129,POS消费,地点423,开水,2014/10/21 23:58:03,0.01,159.34
16129,POS消费,地点21,开水,2014/10/22 08:40:00,2.5,154.61
16129,POS消费,地点565,开水,2014/10/22 08:58:21,0.01,154.6
16129,POS消费,地点1997,食堂,2014/10/22 09:09:41,2.23,157.11
16129,POS消费,地点684,开水,2014/10/22 09:48:54,0.01,154.59
16129,POS消费,地点683,开水,2014/10/22 09:49:17,0.01,154.58
16129,POS消费,地点225,食堂,2014/10/22 12:05:31,4.9,149.68
16129,POS消费,地点677,开水,2014/10/22 14:28:20,0.01,149.67
16129,POS消费,地点674,开水,2014/10/22 16:06:15,0.01,149.66
16129,POS消费,地点72,食堂,2014/10/22 17:56:12,4.6,145.06
16129,POS消费,地点319,淋浴,2014/10/22 22:29:49,0.7,144.36
16129,POS消费,地点423,开水,2014/10/22 22:41:10,0.01,144.35
16129,POS消费,地点72,食堂,2014/10/23 07:50:46,2.23,142.12
16129,POS消费,地点21,开水,2014/10/23 07:58:48,2.5,139.62
16129,POS消费,地点836,开水,2014/10/23 08:15:44,0.01,139.61
16129,POS消费,地点836,开水,2014/10/23 10:04:31,0.01,139.6
16129,POS消费,地点1194,洗衣房,2014/10/23 10:24:46,3.6,136.0
16129,POS消费,地点237,食堂,2014/10/23 11:18:19,3.2,133.04
16129,POS消费,地点1194,洗衣房,2014/10/23 11:20:25,-0.24,136.24
16129,POS消费,地点91,校车,2014/10/23 17:11:24,3.0,130.04
16129,POS消费,地点232,食堂,2014/10/23 17:20:08,3.0,127.04
16129,POS消费,地点423,开水,2014/10/23 18:01:44,0.01,127.03
16129,POS消费,地点472,淋浴,2014/10/23 23:19:39,2.0,125.03
16129,POS消费,地点1188,洗衣房,2014/10/23 23:33:15,3.6,121.43
16129,POS消费,地点1188,洗衣房,2014/10/23 23:45:13,-2.88,124.31
16129,POS消费,地点423,开水,2014/10/23 23:47:05,0.01,124.3
16129,POS消费,地点69,食堂,2014/10/24 07:49:40,2.23,122.07
16129,POS消费,地点21,开水,2014/10/24 07:59:52,2.5,119.57
16129,POS消费,地点673,开水,2014/10/24 08:14:57,0.01,119.56
16129,POS消费,地点836,开水,2014/10/24 10:12:31,0.01,119.55
16129,POS消费,地点182,食堂,2014/10/24 12:07:10,4.9,114.65
16129,POS消费,地点21,开水,2014/10/24 14:11:33,19.3,95.35
16129,POS消费,地点21,开水,2014/10/24 14:11:43,9.7,85.65
16129,POS消费,地点204,食堂,2014/10/24 18:17:11,5.5,80.15
16129,POS消费,地点314,食堂,2014/10/24 18:59:51,14.2,65.95
16129,POS消费,地点472,淋浴,2014/10/25 00:32:16,0.7,65.25
16129,POS消费,地点423,开水,2014/10/25 00:33:26,0.01,65.24
16129,POS消费,地点69,食堂,2014/10/25 09:11:32,2.4,62.83
16129,POS消费,地点423,开水,2014/10/25 09:15:02,0.01,65.23
16129,POS消费,地点21,开水,2014/10/25 09:21:30,2.5,60.33
16129,POS消费,地点673,开水,2014/10/25 10:01:39,0.01,60.32
16129,POS消费,地点673,开水,2014/10/25 11:01:13,0.01,60.31
16129,POS消费,地点673,开水,2014/10/25 11:33:11,0.01,60.3
16129,POS消费,地点21,开水,2014/10/25 12:31:46,6.1,54.2
16129,POS消费,地点21,开水,2014/10/25 12:31:51,1.6,52.6
16129,POS消费,地点423,开水,2014/10/25 15:39:15,0.01,52.59
16129,POS消费,地点1520,淋浴,2014/10/25 22:46:57,1.9,50.69
16129,POS消费,地点423,开水,2014/10/25 23:43:32,0.01,50.68
16129,POS消费,地点72,食堂,2014/10/26 08:15:07,1.63,49.05
16129,POS消费,地点21,开水,2014/10/26 08:22:58,2.5,46.55
16129,POS消费,地点787,开水,2014/10/26 08:43:53,0.01,46.54
16129,POS消费,地点787,开水,2014/10/26 09:20:41,0.01,46.53
16129,POS消费,地点789,开水,2014/10/26 09:46:34,0.01,46.52
16129,POS消费,地点789,开水,2014/10/26 10:48:55,0.01,46.51
16129,POS消费,地点789,开水,2014/10/26 11:13:56,0.01,46.5
16129,POS消费,地点21,开水,2014/10/26 12:05:07,6.3,40.2
16129,卡充值,,,2014/10/26 12:37:57,100.0,140.2
16129,POS消费,地点314,食堂,2014/10/26 12:41:26,16.5,123.7
16129,POS消费,地点789,开水,2014/10/26 14:22:44,0.01,123.69
16129,POS消费,地点789,开水,2014/10/26 15:31:11,0.01,123.68
16129,POS消费,地点789,开水,2014/10/26 16:32:19,0.01,123.67
16129,POS消费,地点1188,洗衣房,2014/10/26 22:28:16,3.6,120.07
16129,POS消费,地点363,淋浴,2014/10/26 22:49:29,0.8,119.27
16129,POS消费,地点423,开水,2014/10/26 23:00:55,0.01,119.26
16129,POS消费,地点72,食堂,2014/10/27 07:47:58,2.23,117.03
16129,POS消费,地点21,开水,2014/10/27 07:56:06,2.5,114.53
16129,POS消费,地点677,开水,2014/10/27 08:19:33,0.01,114.52
16129,POS消费,地点677,开水,2014/10/27 10:12:04,0.01,114.51
16129,POS消费,地点148,开水,2014/10/27 11:08:07,0.01,114.5
16129,POS消费,地点21,开水,2014/10/27 12:15:42,5.2,109.3
16129,POS消费,地点423,开水,2014/10/27 14:01:34,0.01,109.29
16129,POS消费,地点813,开水,2014/10/27 16:07:57,0.01,109.28
16129,POS消费,地点232,食堂,2014/10/27 17:26:43,5.5,103.78
16129,POS消费,地点21,开水,2014/10/27 17:30:00,2.5,101.28
16129,POS消费,地点314,食堂,2014/10/27 17:49:50,15.1,86.18
16129,POS消费,地点254,食堂,2014/10/27 21:01:53,7.0,79.18
16129,POS消费,地点319,淋浴,2014/10/27 23:02:16,1.7,77.48
16129,POS消费,地点1184,洗衣房,2014/10/27 23:17:38,3.6,73.88
16129,POS消费,地点1184,洗衣房,2014/10/27 23:34:03,-2.58,76.46
16129,POS消费,地点423,开水,2014/10/27 23:44:12,0.01,76.45
16129,POS消费,地点260,食堂,2014/10/28 08:32:45,2.2,74.25
16129,POS消费,地点836,开水,2014/10/28 08:44:28,0.01,74.24
16129,POS消费,地点836,开水,2014/10/28 09:31:23,0.01,74.23
16129,POS消费,地点681,开水,2014/10/28 10:00:19,0.01,74.22
16129,POS消费,地点681,开水,2014/10/28 11:08:38,0.01,74.21
16129,POS消费,地点21,开水,2014/10/28 12:00:43,9.8,64.41
16129,POS消费,地点673,开水,2014/10/28 16:01:16,0.01,64.4
16129,POS消费,地点21,开水,2014/10/28 18:23:02,1.63,62.77
16129,POS消费,地点423,开水,2014/10/28 23:16:39,0.01,62.76
16129,POS消费,地点69,食堂,2014/10/29 08:35:55,1.4,61.36
16129,POS消费,地点65,食堂,2014/10/29 08:45:26,0.8,60.56
16129,POS消费,地点686,开水,2014/10/29 09:02:54,0.01,60.55
16129,POS消费,地点686,开水,2014/10/29 10:05:09,0.01,60.54
16129,POS消费,地点686,开水,2014/10/29 10:44:23,0.01,60.53
16129,POS消费,地点272,食堂,2014/10/29 11:12:54,8.0,252.53
16129,卡充值,,,2014/10/29 11:16:43,200.0,260.53
16129,POS消费,地点423,开水,2014/10/29 14:16:34,0.01,252.52
16129,POS消费,地点148,开水,2014/10/29 16:07:51,0.01,252.51
16129,POS消费,地点21,开水,2014/10/29 18:15:54,1.63,250.88
16129,POS消费,地点423,开水,2014/10/29 19:12:55,0.01,250.87
16129,POS消费,地点254,食堂,2014/10/29 19:27:45,7.0,243.87
16129,POS消费,地点363,淋浴,2014/10/29 23:11:24,1.7,242.17
16129,POS消费,地点1184,洗衣房,2014/10/29 23:48:25,3.6,238.57
16129,POS消费,地点1184,洗衣房,2014/10/30 00:01:52,-2.76,241.33
16129,POS消费,地点72,食堂,2014/10/30 07:48:21,2.2,239.13
16129,POS消费,地点835,开水,2014/10/30 08:10:01,0.01,239.12
16129,POS消费,地点21,开水,2014/10/30 11:21:28,2.63,236.49
16129,POS消费,地点260,食堂,2014/10/30 11:23:15,1.0,235.49
16129,POS消费,地点226,食堂,2014/10/30 17:48:39,3.33,232.16
16129,POS消费,地点423,开水,2014/10/30 18:07:22,0.01,232.15
16129,POS消费,地点26,图书馆,2014/10/30 19:32:22,48.5,183.65
16129,POS消费,地点314,食堂,2014/10/30 19:35:36,6.1,177.55
16129,POS消费,地点388,淋浴,2014/10/30 20:08:21,0.5,177.05
16129,POS消费,地点423,开水,2014/10/30 23:17:47,0.01,177.04
16129,POS消费,地点61,食堂,2014/10/31 07:50:20,2.2,174.84
16129,POS消费,地点680,开水,2014/10/31 08:14:42,0.01,174.83
16129,POS消费,地点673,开水,2014/10/31 10:13:47,0.01,174.82
16129,POS消费,地点789,开水,2014/10/31 11:05:45,0.01,174.81
16129,POS消费,地点233,食堂,2014/10/31 11:58:24,3.7,171.11
16129,POS消费,地点21,开水,2014/10/31 12:09:42,1.0,170.11
16129,POS消费,地点21,开水,2014/10/31 16:58:18,6.8,163.31
16129,POS消费,地点318,淋浴,2014/10/31 21:42:10,0.1,163.21
16129,POS消费,地点1180,洗衣房,2014/10/31 21:46:33,3.6,159.61
16129,POS消费,地点318,淋浴,2014/10/31 22:07:08,1.7,157.91
16129,POS消费,地点1180,洗衣房,2014/10/31 22:36:01,-0.6,158.51
16129,POS消费,地点423,开水,2014/10/31 23:18:18,0.01,158.5
16129,POS消费,地点464,淋浴,2014/11/01 01:49:44,0.6,157.9
16129,POS消费,地点83,食堂,2014/11/01 09:45:05,8.2,149.7
16129,POS消费,地点836,开水,2014/11/01 10:09:09,0.01,149.69
16129,POS消费,地点836,开水,2014/11/01 10:58:04,0.01,149.68
16129,POS消费,地点836,开水,2014/11/01 12:07:05,0.01,149.67
16129,POS消费,地点836,开水,2014/11/01 13:22:39,0.01,149.66
16129,POS消费,地点118,食堂,2014/11/01 13:48:08,4.0,145.66
16129,POS消费,地点836,开水,2014/11/01 14:07:54,0.01,145.65
16129,POS消费,地点836,开水,2014/11/01 14:24:08,0.01,145.64
16129,POS消费,地点836,开水,2014/11/01 15:07:24,0.01,145.63
16129,POS消费,地点836,开水,2014/11/01 15:45:03,0.01,145.62
16129,POS消费,地点836,开水,2014/11/01 16:44:11,0.01,145.61
16129,POS消费,地点836,开水,2014/11/01 17:06:56,0.01,145.6
16129,POS消费,地点836,开水,2014/11/01 17:42:20,0.01,145.59
16129,POS消费,地点233,食堂,2014/11/01 17:55:09,5.4,140.19
16129,POS消费,地点314,食堂,2014/11/01 18:18:58,8.7,131.49
16129,POS消费,地点423,开水,2014/11/01 23:03:16,0.01,131.48
16129,POS消费,地点464,淋浴,2014/11/02 00:40:27,0.5,130.98
16129,POS消费,地点72,食堂,2014/11/02 07:57:15,2.2,128.78
16129,POS消费,地点72,食堂,2014/11/02 07:57:26,1.6,127.18
16129,POS消费,地点65,食堂,2014/11/02 08:04:43,0.8,126.38
16129,POS消费,地点681,开水,2014/11/02 08:19:09,0.01,126.37
16129,POS消费,地点21,开水,2014/11/02 12:14:53,6.3,120.07
16129,POS消费,地点787,开水,2014/11/02 14:20:29,0.01,120.06
16129,POS消费,地点204,食堂,2014/11/02 18:35:39,5.5,114.56
16129,POS消费,地点204,食堂,2014/11/02 18:38:02,1.0,113.56
16129,POS消费,地点423,开水,2014/11/02 22:26:41,0.01,113.55
16129,POS消费,地点319,淋浴,2014/11/02 22:32:23,1.6,111.95
16129,POS消费,地点1184,洗衣房,2014/11/02 23:03:34,3.6,108.35
16129,POS消费,地点1184,洗衣房,2014/11/02 23:17:34,-2.76,111.11
16129,POS消费,地点69,食堂,2014/11/03 07:51:02,1.4,107.21
16129,POS消费,地点21,开水,2014/11/03 07:57:26,2.5,108.61
16129,POS消费,地点83,食堂,2014/11/03 08:01:32,4.3,102.91
16129,POS消费,地点677,开水,2014/11/03 08:18:44,0.01,102.9
16129,POS消费,地点831,开水,2014/11/03 09:17:12,0.01,102.89
16129,POS消费,地点673,开水,2014/11/03 10:21:22,0.02,102.87
16129,POS消费,地点148,开水,2014/11/03 11:06:13,0.01,102.86
16129,POS消费,地点233,食堂,2014/11/03 11:59:43,5.9,96.96
16129,POS消费,地点688,开水,2014/11/03 15:08:20,0.01,96.95
16129,POS消费,地点813,开水,2014/11/03 16:04:53,0.01,96.94
16129,POS消费,地点1997,食堂,2014/11/03 18:46:17,4.2,92.74
16129,POS消费,地点83,食堂,2014/11/03 18:54:45,4.6,88.14
16129,POS消费,地点830,开水,2014/11/03 19:15:11,0.01,88.13
16129,POS消费,地点830,开水,2014/11/03 20:06:16,0.01,88.12
16129,POS消费,地点1520,淋浴,2014/11/03 22:53:36,0.7,87.42
16129,POS消费,地点423,开水,2014/11/03 23:02:03,0.01,87.41
16129,POS消费,地点237,食堂,2014/11/04 08:24:25,1.43,83.48
16129,POS消费,地点21,开水,2014/11/04 08:28:14,2.5,84.91
16129,POS消费,地点795,开水,2014/11/04 08:44:46,0.01,83.47
16129,POS消费,地点565,开水,2014/11/04 09:52:35,0.01,83.46
16129,POS消费,地点1997,食堂,2014/11/04 12:42:40,4.4,79.06
16129,POS消费,地点83,食堂,2014/11/04 15:55:33,5.5,73.56
16129,POS消费,地点680,开水,2014/11/04 16:11:41,0.01,73.55
16129,POS消费,地点314,食堂,2014/11/04 18:08:37,11.2,62.35
16129,POS消费,地点243,食堂,2014/11/04 18:09:07,2.53,59.82
16129,POS消费,地点1188,洗衣房,2014/11/04 23:09:00,3.6,54.42
16129,POS消费,地点1188,洗衣房,2014/11/04 23:24:05,-2.7,57.12
16129,POS消费,地点423,开水,2014/11/04 23:26:02,0.01,57.11
16129,POS消费,地点69,食堂,2014/11/05 08:30:47,2.2,54.91
16129,POS消费,地点21,开水,2014/11/05 08:41:07,2.5,52.41
16129,POS消费,地点694,开水,2014/11/05 09:01:18,0.01,52.4
16129,POS消费,地点694,开水,2014/11/05 09:57:07,0.01,52.39
16129,POS消费,地点796,开水,2014/11/05 10:51:30,0.01,52.38
16129,POS消费,地点21,开水,2014/11/05 11:28:44,7.5,44.88
16129,POS消费,地点243,食堂,2014/11/05 11:36:59,2.53,42.35
16129,POS消费,地点148,开水,2014/11/05 16:13:10,0.01,42.34
16129,POS消费,地点255,食堂,2014/11/05 17:57:22,1.5,35.94
16129,POS消费,地点182,食堂,2014/11/05 18:05:43,4.9,37.44
16129,POS消费,地点83,食堂,2014/11/05 19:01:18,4.3,31.63
16129,POS消费,地点423,开水,2014/11/05 19:04:45,0.01,35.93
16129,POS消费,地点423,开水,2014/11/05 22:46:19,0.01,31.62
16129,POS消费,地点72,食堂,2014/11/06 07:41:32,1.75,29.87
16129,POS消费,地点21,开水,2014/11/06 07:49:28,2.5,27.37
16129,POS消费,地点836,开水,2014/11/06 08:05:20,0.01,27.36
16129,POS消费,地点423,开水,2014/11/06 12:03:28,0.01,27.35
16129,支付领取,,,2014/11/06 18:41:31,100.0,127.35
16129,POS消费,地点314,食堂,2014/11/06 18:43:38,10.7,116.65
16129,POS消费,地点318,淋浴,2014/11/06 20:24:57,1.5,115.15
16129,POS消费,地点423,开水,2014/11/06 21:09:17,0.01,115.14
16129,POS消费,地点69,食堂,2014/11/07 07:46:57,2.23,112.91
16129,POS消费,地点21,开水,2014/11/07 07:57:16,2.5,110.41
16129,POS消费,地点83,食堂,2014/11/07 07:59:37,5.5,102.91
16129,POS消费,地点21,开水,2014/11/07 08:04:32,2.0,108.41
16129,POS消费,地点673,开水,2014/11/07 08:17:49,0.01,102.9
16129,POS消费,地点673,开水,2014/11/07 09:38:32,0.01,102.89
16129,POS消费,地点836,开水,2014/11/07 10:21:15,0.01,102.88
16129,POS消费,地点182,食堂,2014/11/07 12:01:15,4.7,98.18
16129,POS消费,地点182,食堂,2014/11/07 12:01:53,4.9,93.28
16129,POS消费,地点91,校车,2014/11/07 17:07:19,6.3,86.98
16129,POS消费,地点21,开水,2014/11/07 17:16:29,7.1,79.88
16129,POS消费,地点464,淋浴,2014/11/07 20:57:10,0.1,79.78
16129,POS消费,地点468,淋浴,2014/11/07 21:06:57,0.6,79.18
16129,POS消费,地点423,开水,2014/11/07 21:07:59,0.01,79.17
16129,POS消费,地点61,食堂,2014/11/08 08:04:30,2.23,76.94
16129,POS消费,地点21,开水,2014/11/08 08:14:49,2.5,74.44
16129,POS消费,地点836,开水,2014/11/08 08:36:16,0.01,74.43
16129,POS消费,地点21,开水,2014/11/08 11:19:24,8.8,65.63
16129,POS消费,地点233,食堂,2014/11/08 16:36:52,4.4,61.23
16129,POS消费,地点88,食堂,2014/11/08 16:37:44,1.0,60.23
16129,POS消费,地点21,开水,2014/11/08 16:58:12,23.0,37.23
16129,POS消费,地点423,开水,2014/11/08 18:04:47,0.01,37.22
16129,POS消费,地点468,淋浴,2014/11/08 19:33:58,1.6,35.62
16129,POS消费,地点69,食堂,2014/11/09 08:08:22,1.63,33.99
16129,POS消费,地点65,食堂,2014/11/09 08:17:58,0.6,33.39
16129,POS消费,地点21,开水,2014/11/09 08:18:48,2.5,30.89
16129,POS消费,地点21,开水,2014/11/09 11:51:12,7.1,23.78
16129,POS消费,地点423,开水,2014/11/09 12:29:12,0.01,23.77
16129,POS消费,地点21,开水,2014/11/09 17:32:35,10.3,13.47
16129,POS消费,地点423,开水,2014/11/10 00:12:20,0.01,13.46
16129,POS消费,地点69,食堂,2014/11/10 07:55:47,1.43,110.03
16129,POS消费,地点21,开水,2014/11/10 08:01:39,2.0,111.46
16129,支付领取,,,2014/11/10 08:02:47,100.0,113.46
16129,POS消费,地点83,食堂,2014/11/10 08:03:36,5.5,104.53
16129,POS消费,地点677,开水,2014/11/10 08:21:48,0.01,104.52
16129,POS消费,地点182,食堂,2014/11/10 12:09:48,5.2,99.28
16129,POS消费,地点423,开水,2014/11/10 14:46:47,0.01,99.27
16129,POS消费,地点263,食堂,2014/11/10 17:04:29,1.0,92.77
16129,POS消费,地点283,食堂,2014/11/10 17:05:10,5.5,93.77
16129,POS消费,地点472,淋浴,2014/11/10 19:41:14,1.6,91.17
16129,POS消费,地点423,开水,2014/11/10 23:29:00,0.01,91.16
16129,POS消费,地点21,开水,2014/11/11 08:35:57,2.5,88.66
16129,POS消费,地点789,开水,2014/11/11 10:07:51,0.01,88.65
16129,POS消费,地点789,开水,2014/11/11 11:07:15,0.01,88.64
16129,POS消费,地点225,食堂,2014/11/11 11:50:14,4.4,84.24
16129,POS消费,地点2119,食堂,2014/11/11 12:54:46,1.63,82.61
16129,POS消费,地点836,开水,2014/11/11 12:57:31,0.01,30.88
16129,POS消费,地点677,开水,2014/11/11 14:10:31,0.01,104.51
16129,POS消费,地点680,开水,2014/11/11 14:10:48,0.02,104.49
16129,POS消费,地点148,开水,2014/11/11 14:10:59,0.01,104.48
16129,POS消费,地点184,食堂,2014/11/11 18:05:56,5.2,77.41
16129,POS消费,地点423,开水,2014/11/11 23:34:35,0.01,77.4
16129,POS消费,地点72,食堂,2014/11/12 08:25:09,2.2,75.2
16129,POS消费,地点790,开水,2014/11/12 08:47:33,0.01,75.19
16129,POS消费,地点790,开水,2014/11/12 09:20:12,0.01,75.18
16129,POS消费,地点676,开水,2014/11/12 10:12:14,0.01,75.17
16129,POS消费,地点676,开水,2014/11/12 11:39:49,0.01,75.16
16129,POS消费,地点2119,食堂,2014/11/12 12:49:54,1.63,73.53
16129,POS消费,地点677,开水,2014/11/12 14:23:02,0.01,73.52
16129,POS消费,地点148,开水,2014/11/12 17:07:24,0.01,73.51
16129,POS消费,地点2119,食堂,2014/11/12 18:54:26,1.63,71.88
16129,POS消费,地点21,开水,2014/11/12 19:00:17,15.4,56.48
16129,POS消费,地点472,淋浴,2014/11/12 20:29:09,1.3,55.18
16129,POS消费,地点423,开水,2014/11/12 23:08:20,0.01,55.14
16129,POS消费,地点1842,开水,2014/11/12 23:08:27,0.03,55.15
16129,POS消费,地点103,食堂,2014/11/13 08:03:26,2.6,52.54
16129,POS消费,地点21,开水,2014/11/13 08:04:54,2.5,50.04
16129,POS消费,地点836,开水,2014/11/13 08:15:11,0.01,50.03
16129,POS消费,地点243,食堂,2014/11/13 11:38:30,2.53,47.5
16129,POS消费,地点83,食堂,2014/11/13 15:55:21,5.5,42.0
16129,POS消费,地点423,开水,2014/11/13 17:27:19,0.01,41.99
16129,POS消费,地点423,开水,2014/11/13 20:58:12,0.01,41.98
16129,POS消费,地点134,食堂,2014/11/14 08:00:35,1.3,40.68
16129,POS消费,地点673,开水,2014/11/14 08:15:04,0.01,40.17
16129,POS消费,地点1998,食堂,2014/11/14 08:28:21,0.5,40.18
16129,POS消费,地点423,开水,2014/11/14 15:29:48,0.01,40.16
16129,POS消费,地点168,食堂,2014/11/14 17:53:24,7.1,33.06
16129,POS消费,地点468,淋浴,2014/11/14 22:54:20,1.7,31.36
16129,POS消费,地点423,开水,2014/11/14 23:09:17,0.01,31.35
16129,POS消费,地点69,食堂,2014/11/15 08:59:54,2.2,29.15
16129,POS消费,地点677,开水,2014/11/15 09:20:58,0.01,29.14
16129,POS消费,地点677,开水,2014/11/15 11:21:18,0.01,29.13
16129,POS消费,地点61,食堂,2014/11/15 12:28:09,4.4,24.73
16129,POS消费,地点61,食堂,2014/11/15 12:28:12,1.0,23.73
16129,POS消费,地点423,开水,2014/11/15 19:05:51,0.01,23.72
16129,POS消费,地点21,开水,2014/11/16 09:14:00,2.5,21.22
16129,POS消费,地点69,食堂,2014/11/16 09:17:12,1.83,419.39
16129,支付领取,,,2014/11/16 09:17:26,400.0,421.22
16129,POS消费,地点677,开水,2014/11/16 09:31:16,0.01,419.38
16129,POS消费,地点677,开水,2014/11/16 10:08:11,0.01,419.37
16129,POS消费,地点677,开水,2014/11/16 11:05:33,0.01,419.36
16129,POS消费,地点1198,洗衣房,2014/11/16 12:33:05,3.6,415.76
16129,POS消费,地点423,开水,2014/11/16 12:48:49,0.01,415.75
16129,POS消费,地点225,食堂,2014/11/16 16:54:26,4.9,360.35
16129,POS消费,地点1961,超市,2014/11/16 16:57:18,50.5,365.25
16129,POS消费,地点472,淋浴,2014/11/16 20:09:45,1.6,358.75
16129,POS消费,地点423,开水,2014/11/16 23:41:40,0.01,358.74
16129,POS消费,地点72,食堂,2014/11/17 07:53:23,2.4,356.34
16129,POS消费,地点72,食堂,2014/11/17 07:53:47,3.0,353.34
16129,POS消费,地点677,开水,2014/11/17 08:17:14,0.01,353.33
16129,POS消费,地点677,开水,2014/11/17 09:16:27,0.01,353.32
16129,POS消费,地点21,开水,2014/11/17 12:14:34,2.8,350.52
16129,POS消费,地点796,开水,2014/11/17 14:34:59,0.01,350.51
16129,POS消费,地点817,开水,2014/11/17 16:09:29,0.01,350.5
16129,POS消费,地点72,食堂,2014/11/17 18:06:32,4.2,346.3
16129,POS消费,地点21,开水,2014/11/17 18:52:15,20.0,326.29
16129,POS消费,地点423,开水,2014/11/17 18:58:48,0.01,346.29
16129,POS消费,地点423,开水,2014/11/17 23:46:32,0.01,326.28
16129,POS消费,地点69,食堂,2014/11/18 08:46:30,1.63,324.65
16129,POS消费,地点69,食堂,2014/11/18 08:46:36,0.83,323.82
16129,POS消费,地点21,开水,2014/11/18 08:48:06,2.5,321.32
16129,POS消费,地点243,食堂,2014/11/18 11:58:32,2.53,318.79
16129,POS消费,地点680,开水,2014/11/18 16:11:14,0.01,318.78
16129,POS消费,地点237,食堂,2014/11/18 18:03:36,1.1,317.68
16129,POS消费,地点423,开水,2014/11/18 22:24:44,0.01,316.17
16129,POS消费,地点468,淋浴,2014/11/18 22:31:34,1.5,316.18
16129,POS消费,地点21,开水,2014/11/19 08:44:25,2.5,313.67
16129,POS消费,地点69,食堂,2014/11/19 08:47:30,1.8,311.87
16129,POS消费,地点685,开水,2014/11/19 09:01:56,0.01,311.86
16129,POS消费,地点685,开水,2014/11/19 10:05:20,0.01,311.85
16129,POS消费,地点685,开水,2014/11/19 10:53:40,0.01,311.84
16129,POS消费,地点685,开水,2014/11/19 11:31:42,0.01,311.83
16129,POS消费,地点243,食堂,2014/11/19 12:20:58,2.53,309.3
16129,POS消费,地点677,开水,2014/11/19 14:27:03,0.01,309.29
16129,POS消费,地点677,开水,2014/11/19 15:18:54,0.01,309.28
16129,POS消费,地点680,开水,2014/11/19 16:12:56,0.02,309.26
16129,POS消费,地点2119,食堂,2014/11/19 18:38:19,1.63,307.63
16129,POS消费,地点836,开水,2014/11/19 19:26:14,0.01,307.62
16129,POS消费,地点836,开水,2014/11/19 21:31:26,0.01,307.61
16129,POS消费,地点423,开水,2014/11/19 22:43:04,0.01,307.6
16129,POS消费,地点21,开水,2014/11/20 07:50:53,2.5,305.1
16129,POS消费,地点69,食堂,2014/11/20 07:51:50,1.43,303.67
16129,POS消费,地点836,开水,2014/11/20 08:09:54,0.01,303.66
16129,POS消费,地点233,食堂,2014/11/20 17:17:55,8.7,289.46
16129,POS消费,地点204,食堂,2014/11/20 17:17:58,4.5,299.16
16129,POS消费,地点204,食堂,2014/11/20 17:19:01,1.0,298.16
16129,POS消费,地点1194,洗衣房,2014/11/20 18:40:13,3.6,285.86
16129,POS消费,地点1194,洗衣房,2014/11/20 19:34:38,-0.36,284.92
16129,POS消费,地点468,淋浴,2014/11/20 19:39:42,1.3,284.56
16129,POS消费,地点423,开水,2014/11/21 00:17:17,0.01,284.91
16129,POS消费,地点72,食堂,2014/11/21 07:50:34,1.2,281.21
16129,POS消费,地点21,开水,2014/11/21 07:54:04,2.5,282.41
16129,POS消费,地点103,食堂,2014/11/21 08:08:45,0.83,280.38
16129,POS消费,地点673,开水,2014/11/21 08:20:42,0.01,280.37
16129,POS消费,地点835,开水,2014/11/21 10:17:25,0.01,280.36
16129,POS消费,地点835,开水,2014/11/21 11:07:47,0.01,280.35
16129,POS消费,地点233,食堂,2014/11/21 11:55:10,7.7,272.65
16129,POS消费,地点423,开水,2014/11/21 18:28:15,0.01,272.64
16129,POS消费,地点423,开水,2014/11/21 22:18:48,0.01,272.63
16129,POS消费,地点69,食堂,2014/11/22 09:17:41,1.63,271.0
16129,POS消费,地点21,开水,2014/11/22 09:18:56,2.5,268.5
16129,POS消费,地点677,开水,2014/11/22 09:36:46,0.01,268.49
16129,POS消费,地点677,开水,2014/11/22 10:33:18,0.01,268.48
16129,POS消费,地点677,开水,2014/11/22 12:07:49,0.01,268.47
16129,POS消费,地点204,食堂,2014/11/22 12:41:45,4.5,263.97
16129,POS消费,地点204,食堂,2014/11/22 12:44:33,1.0,262.97
16129,POS消费,地点243,食堂,2014/11/22 17:35:37,2.53,260.44
16129,POS消费,地点423,开水,2014/11/22 18:29:50,0.01,260.43
16129,POS消费,地点468,淋浴,2014/11/22 22:50:08,1.5,258.93
16129,POS消费,地点423,开水,2014/11/22 23:15:41,0.01,258.92
16129,POS消费,地点21,开水,2014/11/23 08:05:43,2.5,256.42
16129,POS消费,地点69,食堂,2014/11/23 08:08:23,1.4,255.02
16129,POS消费,地点681,开水,2014/11/23 08:28:16,0.01,255.01
16129,POS消费,地点675,开水,2014/11/23 11:06:05,0.01,255.0
16129,POS消费,地点232,食堂,2014/11/23 11:52:06,4.5,250.5
16129,POS消费,地点184,食堂,2014/11/23 17:47:01,3.9,246.6
16129,POS消费,地点423,开水,2014/11/23 18:17:33,0.01,246.59
16129,POS消费,地点423,开水,2014/11/23 23:25:14,0.01,245.98
16129,POS消费,地点463,淋浴,2014/11/23 23:45:17,0.6,245.99
16129,POS消费,地点69,食堂,2014/11/24 07:57:11,2.23,243.75
16129,POS消费,地点21,开水,2014/11/24 07:58:32,2.5,241.25
16129,POS消费,地点831,开水,2014/11/24 08:16:39,0.01,241.24
16129,POS消费,地点677,开水,2014/11/24 09:16:17,0.01,241.23
16129,POS消费,地点673,开水,2014/11/24 10:29:24,0.01,241.22
16129,POS消费,地点148,开水,2014/11/24 11:08:25,0.01,241.21
16129,POS消费,地点423,开水,2014/11/24 12:55:17,0.01,241.2
16129,POS消费,地点685,开水,2014/11/24 14:43:56,0.01,241.19
16129,POS消费,地点685,开水,2014/11/24 15:29:53,0.01,241.18
16129,POS消费,地点813,开水,2014/11/24 16:04:27,0.01,241.17
16129,POS消费,地点263,食堂,2014/11/24 17:57:32,8.9,232.27
16129,POS消费,地点468,淋浴,2014/11/24 20:05:36,1.2,231.07
16129,POS消费,地点423,开水,2014/11/24 22:33:44,0.01,231.06
16129,POS消费,地点21,开水,2014/11/25 08:42:38,2.5,228.56
16129,POS消费,地点21,开水,2014/11/25 08:52:39,2.2,226.36
16129,POS消费,地点565,开水,2014/11/25 08:59:11,0.01,226.35
16129,POS消费,地点565,开水,2014/11/25 09:57:35,0.01,226.34
16129,POS消费,地点233,食堂,2014/11/25 11:54:00,6.1,220.24
16129,POS消费,地点423,开水,2014/11/25 13:53:20,0.01,220.23
16129,POS消费,地点103,食堂,2014/11/25 18:15:57,3.7,216.53
16129,POS消费,地点472,淋浴,2014/11/26 00:04:08,0.6,215.93
16129,POS消费,地点423,开水,2014/11/26 00:05:26,0.01,215.92
16129,POS消费,地点21,开水,2014/11/26 08:44:48,2.5,213.42
16129,POS消费,地点69,食堂,2014/11/26 08:48:02,1.4,212.02
16129,POS消费,地点685,开水,2014/11/26 10:02:40,0.01,212.01
16129,POS消费,地点685,开水,2014/11/26 11:00:05,0.01,212.0
16129,POS消费,地点184,食堂,2014/11/26 11:32:10,4.9,207.1
16129,POS消费,地点677,开水,2014/11/26 15:00:26,0.01,207.09
16129,POS消费,地点677,开水,2014/11/26 15:46:33,0.01,207.08
16129,POS消费,地点673,开水,2014/11/26 16:28:55,0.01,207.07
16129,POS消费,地点148,开水,2014/11/26 17:06:11,0.01,207.06
16129,POS消费,地点259,食堂,2014/11/26 17:58:14,4.0,201.46
16129,POS消费,地点21,开水,2014/11/26 18:09:04,1.6,205.46
16129,POS消费,地点423,开水,2014/11/26 18:35:58,0.01,201.45
16129,POS消费,地点363,淋浴,2014/11/26 23:04:53,1.6,199.85
16129,POS消费,地点1184,洗衣房,2014/11/26 23:27:51,3.6,196.25
16129,POS消费,地点1184,洗衣房,2014/11/26 23:40:19,-2.82,199.07
16129,POS消费,地点72,食堂,2014/11/27 07:47:58,1.4,195.17
16129,POS消费,地点21,开水,2014/11/27 07:52:18,2.5,196.57
16129,POS消费,地点836,开水,2014/11/27 08:14:58,0.01,195.16
16129,POS消费,地点1188,洗衣房,2014/11/27 10:25:39,3.6,191.56
16129,POS消费,地点184,食堂,2014/11/27 11:22:06,2.4,189.16
16129,POS消费,地点260,食堂,2014/11/27 11:25:52,1.0,188.16
16129,POS消费,地点423,开水,2014/11/27 12:12:59,0.01,188.15
16129,POS消费,地点21,开水,2014/11/27 17:42:24,7.0,181.15
16129,POS消费,地点472,淋浴,2014/11/27 20:00:50,0.8,180.35
16129,POS消费,地点423,开水,2014/11/27 22:33:17,0.01,180.34
16129,POS消费,地点21,开水,2014/11/28 07:53:57,2.5,177.84
16129,POS消费,地点61,食堂,2014/11/28 07:56:43,2.2,175.64
16129,POS消费,地点673,开水,2014/11/28 08:15:22,0.01,175.63
16129,POS消费,地点836,开水,2014/11/28 10:12:20,0.01,175.62
16129,POS消费,地点423,开水,2014/11/28 17:49:14,0.01,175.61
16129,POS消费,地点468,淋浴,2014/11/28 19:48:14,1.3,174.31
16129,POS消费,地点1842,开水,2014/11/28 22:57:07,0.08,174.23
16129,POS消费,地点21,开水,2014/11/29 09:06:44,2.5,171.73
16129,POS消费,地点677,开水,2014/11/29 09:27:28,0.01,170.09
16129,POS消费,地点1997,食堂,2014/11/29 09:48:15,1.63,170.1
16129,POS消费,地点677,开水,2014/11/29 10:33:56,0.01,170.08
16129,POS消费,地点677,开水,2014/11/29 10:54:30,0.01,170.07
16129,POS消费,地点243,食堂,2014/11/29 12:06:42,2.53,167.54
16129,POS消费,地点21,开水,2014/11/29 20:14:24,19.0,148.54
16129,POS消费,地点423,开水,2014/11/29 23:08:05,0.01,148.53
16129,POS消费,地点72,食堂,2014/11/30 08:29:43,1.63,144.4
16129,POS消费,地点21,开水,2014/11/30 08:32:11,2.5,146.03
16129,POS消费,地点677,开水,2014/11/30 08:50:23,0.01,144.39
16129,POS消费,地点677,开水,2014/11/30 10:21:22,0.01,144.38
16129,POS消费,地点232,食堂,2014/11/30 11:20:35,6.0,138.38
16129,POS消费,地点423,开水,2014/11/30 15:24:34,0.01,138.37
16129,POS消费,地点188,超市,2014/11/30 17:04:32,16.5,121.87
16129,POS消费,地点21,开水,2014/11/30 17:15:32,5.9,115.97
16129,POS消费,地点1194,洗衣房,2014/11/30 23:09:36,3.6,110.77
16129,POS消费,地点1194,洗衣房,2014/11/30 23:15:53,-3.18,113.95
16129,POS消费,地点423,开水,2014/11/30 23:18:09,0.01,113.94
16129,POS消费,地点472,淋浴,2014/11/30 23:31:50,1.6,114.37
16129,POS消费,地点72,食堂,2014/12/01 07:50:38,1.4,110.04
16129,POS消费,地点21,开水,2014/12/01 07:55:19,2.5,111.44
16129,POS消费,地点677,开水,2014/12/01 08:11:41,0.01,110.03
16129,POS消费,地点677,开水,2014/12/01 09:18:17,0.01,110.02
16129,POS消费,地点674,开水,2014/12/01 10:09:00,0.01,110.01
16129,POS消费,地点148,开水,2014/12/01 11:06:38,0.01,110.0
16129,POS消费,地点233,食堂,2014/12/01 17:58:10,1.0,104.1
16129,POS消费,地点182,食堂,2014/12/01 18:08:25,4.9,105.1
16129,POS消费,地点423,开水,2014/12/01 18:51:11,0.01,104.09
16129,POS消费,地点468,淋浴,2014/12/02 04:33:08,0.4,103.69
16129,POS消费,地点21,开水,2014/12/02 08:50:53,2.5,101.19
16129,POS消费,地点1588,食堂,2014/12/02 08:59:02,1.4,99.79
16129,POS消费,地点790,开水,2014/12/02 09:11:21,0.01,99.78
16129,POS消费,地点678,开水,2014/12/02 09:58:05,0.01,99.77
16129,POS消费,地点233,食堂,2014/12/02 11:54:43,6.7,93.07
16129,POS消费,地点233,食堂,2014/12/02 11:55:02,4.9,88.17
16129,POS消费,地点88,食堂,2014/12/02 11:56:26,1.0,87.17
16129,POS消费,地点423,开水,2014/12/02 13:20:52,0.01,87.16
16129,POS消费,地点171,食堂,2014/12/02 17:59:00,4.5,82.66
16129,POS消费,地点171,食堂,2014/12/02 17:59:41,1.0,81.66
16129,POS消费,地点21,开水,2014/12/02 21:13:27,3.0,78.66
16129,POS消费,地点463,淋浴,2014/12/03 04:32:01,1.6,77.06
16129,POS消费,地点423,开水,2014/12/03 04:36:26,0.01,77.05
16129,POS消费,地点21,开水,2014/12/03 08:45:49,22.0,105.05
16129,POS消费,地点21,开水,2014/12/03 08:46:01,-22.0,127.05
16129,POS消费,地点21,开水,2014/12/03 08:46:05,2.0,125.05
16129,POS消费,地点21,开水,2014/12/03 08:46:24,0.5,124.55
16129,POS消费,地点161,食堂,2014/12/03 08:50:54,1.83,122.72
16129,支付领取,,,2014/12/03 08:52:46,50.0,127.05
16129,POS消费,地点685,开水,2014/12/03 09:09:38,0.01,122.71
16129,POS消费,地点687,开水,2014/12/03 11:09:35,0.01,122.7
16129,POS消费,地点182,食堂,2014/12/03 11:52:31,2.4,120.3
16129,POS消费,地点677,开水,2014/12/03 14:23:10,0.01,120.29
16129,POS消费,地点677,开水,2014/12/03 15:17:07,0.01,120.28
16129,POS消费,地点676,开水,2014/12/03 16:08:06,0.01,120.27
16129,POS消费,地点148,开水,2014/12/03 17:07:42,0.01,120.26
16129,POS消费,地点233,食堂,2014/12/03 17:53:29,7.7,112.56
16129,POS消费,地点233,食堂,2014/12/03 17:53:55,5.9,106.66
16129,POS消费,地点1188,洗衣房,2014/12/04 06:01:33,3.6,103.05
16129,POS消费,地点423,开水,2014/12/04 06:02:03,0.01,106.65
16129,POS消费,地点468,淋浴,2014/12/04 06:02:46,0.6,102.45
16129,POS消费,地点21,开水,2014/12/04 07:48:31,2.5,99.95
16129,POS消费,地点61,食堂,2014/12/04 07:50:21,1.4,98.55
16129,POS消费,地点836,开水,2014/12/04 08:12:54,0.01,98.54
16129,POS消费,地点233,食堂,2014/12/04 11:10:32,2.0,93.14
16129,POS消费,地点269,食堂,2014/12/04 11:11:00,3.4,95.14
16129,POS消费,地点423,开水,2014/12/04 13:32:01,0.01,93.13
16129,POS消费,地点203,食堂,2014/12/04 18:17:48,8.1,85.03
16129,POS消费,地点468,淋浴,2014/12/05 04:34:20,1.7,83.33
16129,POS消费,地点21,开水,2014/12/05 07:55:11,2.5,80.68
16129,POS消费,地点61,食堂,2014/12/05 07:57:19,1.4,79.28
16129,POS消费,地点673,开水,2014/12/05 08:12:13,0.01,79.27
16129,POS消费,地点830,开水,2014/12/05 10:18:23,0.01,79.26
16129,POS消费,地点830,开水,2014/12/05 11:07:19,0.01,79.25
16129,POS消费,地点233,食堂,2014/12/05 11:54:23,4.7,74.55
16129,POS消费,地点2107,食堂,2014/12/05 12:44:39,1.0,73.55
16129,POS消费,地点171,食堂,2014/12/05 18:31:23,4.5,69.05
16129,POS消费,地点171,食堂,2014/12/05 18:32:39,1.0,68.05
16129,POS消费,地点21,开水,2014/12/05 18:49:01,12.46,55.59
16129,POS消费,地点526,食堂,2014/12/05 19:34:10,10.0,45.59
16129,POS消费,地点388,淋浴,2014/12/05 23:11:18,0.1,45.49
16129,POS消费,地点467,淋浴,2014/12/05 23:56:31,0.6,44.89
16129,POS消费,地点72,食堂,2014/12/06 08:45:57,1.4,140.99
16129,POS消费,地点21,开水,2014/12/06 08:47:03,2.5,42.39
16129,支付领取,,,2014/12/06 08:55:32,100.0,142.39
16129,POS消费,地点423,开水,2014/12/06 12:20:30,0.01,140.98
16129,POS消费,地点1961,超市,2014/12/06 17:38:24,59.1,81.88
16129,POS消费,地点157,食堂,2014/12/06 18:11:43,5.4,76.48
16129,POS消费,地点1188,洗衣房,2014/12/06 23:22:32,3.6,72.88
16129,POS消费,地点472,淋浴,2014/12/06 23:45:38,1.2,71.68
16129,POS消费,地点1188,洗衣房,2014/12/07 00:07:49,-0.84,72.52
16129,POS消费,地点423,开水,2014/12/07 00:08:13,0.01,72.51
16129,POS消费,地点1842,开水,2014/12/07 00:25:52,0.06,72.45
16129,POS消费,地点21,开水,2014/12/07 08:45:05,2.5,69.95
16129,POS消费,地点69,食堂,2014/12/07 08:47:17,1.4,68.55
16129,POS消费,地点673,开水,2014/12/07 09:02:09,0.01,68.54
16129,POS消费,地点21,开水,2014/12/07 11:14:50,7.3,61.24
16129,POS消费,地点213,食堂,2014/12/07 14:38:07,0.9,60.34
16129,POS消费,地点21,开水,2014/12/07 14:57:31,11.46,48.88
16129,POS消费,地点226,食堂,2014/12/07 16:43:11,2.8,46.08
16129,POS消费,地点423,开水,2014/12/07 16:58:27,0.01,46.07
16129,POS消费,地点468,淋浴,2014/12/07 21:47:21,0.5,45.57
16129,POS消费,地点423,开水,2014/12/07 21:58:21,0.01,45.56
16129,POS消费,地点21,开水,2014/12/08 07:57:43,2.5,43.06
16129,POS消费,地点677,开水,2014/12/08 08:17:18,0.01,41.65
16129,POS消费,地点1997,食堂,2014/12/08 08:42:03,1.4,41.66
16129,POS消费,地点677,开水,2014/12/08 09:17:49,0.01,41.64
16129,POS消费,地点680,开水,2014/12/08 10:12:13,0.01,41.63
16129,POS消费,地点673,开水,2014/12/08 11:09:39,0.01,41.62
16129,POS消费,地点182,食堂,2014/12/08 12:09:09,4.9,36.72
16129,POS消费,地点1842,开水,2014/12/08 16:06:57,0.01,36.71
16129,POS消费,地点1700,食堂,2014/12/08 18:15:52,4.2,32.51
16129,POS消费,地点423,开水,2014/12/08 18:58:02,0.01,32.5
16129,POS消费,地点468,淋浴,2014/12/08 22:52:05,1.3,31.2
16129,POS消费,地点21,开水,2014/12/09 08:54:04,2.5,28.7
16129,POS消费,地点69,食堂,2014/12/09 08:57:55,1.8,126.9
16129,支付领取,,,2014/12/09 09:03:09,100.0,128.7
16129,POS消费,地点565,开水,2014/12/09 09:17:35,0.01,126.89
16129,POS消费,地点565,开水,2014/12/09 09:58:57,0.01,126.88
16129,POS消费,地点263,食堂,2014/12/09 11:50:58,4.4,122.48
16129,POS消费,地点182,食堂,2014/12/09 12:02:35,3.0,119.48
16129,POS消费,地点423,开水,2014/12/09 13:46:01,0.01,119.47
16129,POS消费,地点225,食堂,2014/12/09 17:59:10,5.2,114.27
16129,POS消费,地点1188,洗衣房,2014/12/09 23:57:14,3.6,110.07
16129,POS消费,地点1188,洗衣房,2014/12/10 00:02:40,-3.24,113.31
16129,POS消费,地点472,淋浴,2014/12/10 00:05:33,0.6,113.67
16129,POS消费,地点21,开水,2014/12/10 08:41:52,2.5,110.81
16129,POS消费,地点565,开水,2014/12/10 09:03:19,0.01,109.4
16129,POS消费,地点1997,食堂,2014/12/10 09:27:46,1.4,109.41
16129,POS消费,地点565,开水,2014/12/10 09:48:50,0.01,109.39
16129,POS消费,地点565,开水,2014/12/10 10:54:38,0.01,109.38
16129,POS消费,地点233,食堂,2014/12/10 11:20:54,3.4,105.98
16129,POS消费,地点182,食堂,2014/12/10 11:32:11,1.0,104.98
16129,POS消费,地点677,开水,2014/12/10 14:24:41,0.01,104.97
16129,POS消费,地点148,开水,2014/12/10 16:08:26,0.01,104.96
16129,POS消费,地点225,食堂,2014/12/10 17:57:36,4.9,100.06
16129,POS消费,地点423,开水,2014/12/10 18:55:47,0.01,100.05
16129,POS消费,地点388,淋浴,2014/12/10 23:42:40,1.2,98.85
16129,POS消费,地点1188,洗衣房,2014/12/11 00:07:57,3.6,95.25
16129,POS消费,地点1188,洗衣房,2014/12/11 00:18:04,-3.0,98.25
16129,POS消费,地点21,开水,2014/12/11 07:57:20,2.5,95.75
16129,POS消费,地点835,开水,2014/12/11 08:19:25,0.01,93.54
16129,POS消费,地点1997,食堂,2014/12/11 08:41:47,2.2,93.55
16129,POS消费,地点423,开水,2014/12/11 10:35:08,0.01,93.53
16129,POS消费,地点182,食堂,2014/12/11 11:25:23,5.4,88.13
16129,POS消费,地点423,开水,2014/12/11 12:16:10,0.01,88.12
16129,POS消费,地点233,食堂,2014/12/11 17:04:22,5.9,82.22
16129,POS消费,地点423,开水,2014/12/11 17:22:30,0.01,82.21
16129,POS消费,地点319,淋浴,2014/12/11 22:43:08,2.0,80.21
16129,POS消费,地点1180,洗衣房,2014/12/11 23:05:34,3.6,76.61
16129,POS消费,地点1180,洗衣房,2014/12/11 23:12:27,-3.18,79.79
16129,POS消费,地点1842,开水,2014/12/11 23:26:01,0.08,79.71
16129,POS消费,地点423,开水,2014/12/11 23:52:23,0.01,78.9
16129,POS消费,地点468,淋浴,2014/12/12 00:20:35,0.8,78.91
16129,POS消费,地点673,开水,2014/12/12 08:18:25,0.01,74.29
16129,POS消费,地点1997,食堂,2014/12/12 08:45:22,2.4,76.5
16129,POS消费,地点1997,食堂,2014/12/12 08:45:31,2.2,74.3
16129,POS消费,地点835,开水,2014/12/12 10:11:21,0.01,74.28
16129,POS消费,地点1842,开水,2014/12/12 15:02:22,0.08,74.2
16129,POS消费,地点218,食堂,2014/12/12 18:10:43,2.53,71.67
16129,POS消费,地点21,开水,2014/12/12 18:13:39,17.8,53.87
16129,POS消费,地点1842,开水,2014/12/12 18:17:52,0.08,53.79
16129,POS消费,地点423,开水,2014/12/12 19:20:37,0.01,53.78
16129,POS消费,地点468,淋浴,2014/12/12 21:12:10,1.3,52.48
16129,POS消费,地点423,开水,2014/12/12 21:52:51,0.01,52.47
16129,POS消费,地点1842,开水,2014/12/12 23:35:00,0.08,52.39
16129,POS消费,地点467,淋浴,2014/12/12 23:47:32,0.5,51.89
16129,POS消费,地点72,食堂,2014/12/13 08:11:00,2.6,46.79
16129,POS消费,地点72,食堂,2014/12/13 08:11:12,1.8,44.99
16129,POS消费,地点21,开水,2014/12/13 08:13:38,2.5,49.39
16129,POS消费,地点423,开水,2014/12/13 10:46:19,0.01,44.98
16129,POS消费,地点21,开水,2014/12/13 11:36:26,16.8,28.18
16129,POS消费,地点472,淋浴,2014/12/13 20:23:32,0.8,27.38
16129,POS消费,地点1842,开水,2014/12/13 23:58:22,0.15,27.23
16129,POS消费,地点21,开水,2014/12/14 09:19:09,2.5,24.73
16129,POS消费,地点69,食堂,2014/12/14 09:22:34,1.63,123.1
16129,支付领取,,,2014/12/14 09:29:27,100.0,124.73
16129,POS消费,地点673,开水,2014/12/14 09:47:32,0.01,123.09
16129,POS消费,地点673,开水,2014/12/14 11:30:33,0.01,123.08
16129,POS消费,地点243,食堂,2014/12/14 11:54:46,2.53,120.55
16129,POS消费,地点423,开水,2014/12/14 17:26:19,0.01,120.54
16129,POS消费,地点423,开水,2014/12/14 22:13:33,0.01,119.23
16129,POS消费,地点468,淋浴,2014/12/14 22:52:02,1.3,119.24
16129,POS消费,地点21,开水,2014/12/15 07:51:57,2.5,116.73
16129,POS消费,地点69,食堂,2014/12/15 07:52:41,1.4,115.33
16129,POS消费,地点677,开水,2014/12/15 08:10:11,0.01,115.32
16129,POS消费,地点831,开水,2014/12/15 09:17:53,0.01,115.31
16129,POS消费,地点148,开水,2014/12/15 10:14:01,0.01,115.3
16129,POS消费,地点148,开水,2014/12/15 11:07:47,0.01,115.29
16129,POS消费,地点233,食堂,2014/12/15 11:56:54,5.9,109.39
16129,POS消费,地点188,超市,2014/12/15 18:10:08,6.58,102.81
16129,POS消费,地点423,开水,2014/12/15 18:22:43,0.01,101.17
16129,POS消费,地点2119,食堂,2014/12/15 18:54:03,1.63,101.18
16129,POS消费,地点466,淋浴,2014/12/15 22:33:25,0.6,100.57
16129,POS消费,地点1842,开水,2014/12/15 22:53:54,0.15,100.42
16129,POS消费,地点21,开水,2014/12/16 08:29:44,2.5,97.92
16129,POS消费,地点69,食堂,2014/12/16 08:32:51,1.83,96.09
16129,POS消费,地点787,开水,2014/12/16 09:51:42,0.01,96.08
16129,POS消费,地点423,开水,2014/12/16 16:50:42,0.01,96.07
16129,POS消费,地点1184,洗衣房,2014/12/16 23:14:08,3.6,91.17
16129,POS消费,地点1184,洗衣房,2014/12/16 23:24:17,-3.0,94.17
16129,POS消费,地点468,淋浴,2014/12/16 23:27:19,1.3,94.77
16129,POS消费,地点423,开水,2014/12/16 23:46:27,0.01,94.16
16129,POS消费,地点21,开水,2014/12/17 08:55:17,2.5,91.66
16129,POS消费,地点161,食堂,2014/12/17 08:58:46,1.8,89.86
16129,POS消费,地点677,开水,2014/12/17 09:18:45,0.01,89.85
16129,POS消费,地点21,开水,2014/12/17 12:24:00,10.6,79.25
16129,POS消费,地点677,开水,2014/12/17 14:19:20,0.01,79.24
16129,POS消费,地点676,开水,2014/12/17 16:09:25,0.01,79.23
16129,POS消费,地点148,开水,2014/12/17 17:07:01,0.01,79.22
16129,POS消费,地点423,开水,2014/12/17 19:20:21,0.01,79.21
16129,POS消费,地点388,淋浴,2014/12/17 20:58:40,0.8,78.41
16129,POS消费,地点21,开水,2014/12/18 07:52:06,2.5,75.91
16129,POS消费,地点61,食堂,2014/12/18 07:54:05,1.4,74.51
16129,POS消费,地点836,开水,2014/12/18 08:10:16,0.01,74.5
16129,POS消费,地点423,开水,2014/12/18 10:20:57,0.01,74.49
16129,POS消费,地点21,开水,2014/12/18 11:19:47,7.8,66.69
16129,POS消费,地点1842,开水,2014/12/18 17:29:53,0.08,66.61
16129,POS消费,地点1842,开水,2014/12/18 17:41:01,0.06,66.55
16129,POS消费,地点423,开水,2014/12/18 18:19:22,0.01,66.54
16129,POS消费,地点468,淋浴,2014/12/18 21:33:03,1.4,65.14
16129,POS消费,地点21,开水,2014/12/19 08:50:01,2.5,62.64
16129,POS消费,地点423,开水,2014/12/19 08:57:32,0.01,61.0
16129,POS消费,地点21,开水,2014/12/19 08:59:24,1.63,61.01
16129,POS消费,地点21,开水,2014/12/19 12:02:51,7.5,53.5
16129,POS消费,地点1188,洗衣房,2014/12/19 12:42:41,3.6,49.9
16129,POS消费,地点423,开水,2014/12/19 13:02:46,0.01,49.89
16129,POS消费,地点423,开水,2014/12/19 13:36:24,0.01,49.88
16129,POS消费,地点21,开水,2014/12/19 19:23:06,10.0,39.88
16129,POS消费,地点468,淋浴,2014/12/19 20:42:11,0.1,39.78
16129,POS消费,地点423,开水,2014/12/19 20:52:23,0.01,39.07
16129,POS消费,地点472,淋浴,2014/12/19 21:10:56,0.7,39.08
16129,POS消费,地点72,食堂,2014/12/20 08:37:19,1.4,35.17
16129,POS消费,地点21,开水,2014/12/20 08:40:23,2.5,36.57
16129,POS消费,地点83,食堂,2014/12/20 08:44:21,5.0,30.17
16129,POS消费,地点423,开水,2014/12/20 18:59:50,0.01,30.16
16129,POS消费,地点468,淋浴,2014/12/20 20:48:10,0.7,29.46
16129,POS消费,地点423,开水,2014/12/20 23:27:09,0.01,29.45
16129,POS消费,地点72,食堂,2014/12/21 08:53:53,1.4,125.55
16129,POS消费,地点21,开水,2014/12/21 08:55:14,2.5,26.95
16129,POS消费,地点83,食堂,2014/12/21 09:00:36,4.0,121.55
16129,支付领取,,,2014/12/21 09:07:17,100.0,126.95
16129,POS消费,地点673,开水,2014/12/21 09:32:10,0.01,121.54
16129,POS消费,地点673,开水,2014/12/21 10:18:07,0.01,121.53
16129,POS消费,地点673,开水,2014/12/21 12:27:16,0.01,121.52
16129,POS消费,地点673,开水,2014/12/21 12:28:32,0.01,121.51
16129,POS消费,地点677,开水,2014/12/21 13:18:07,0.01,121.5
16129,POS消费,地点195,超市,2014/12/21 15:31:48,10.5,111.0
16129,POS消费,地点423,开水,2014/12/21 16:21:45,0.01,110.99
16129,POS消费,地点468,淋浴,2014/12/21 20:48:49,1.7,109.29
16129,POS消费,地点423,开水,2014/12/21 23:03:31,0.01,109.28
16129,POS消费,地点21,开水,2014/12/22 08:53:24,2.5,106.78
16129,POS消费,地点161,食堂,2014/12/22 08:56:58,1.4,105.38
16129,POS消费,地点239,食堂,2014/12/22 11:17:54,2.9,99.78
16129,POS消费,地点184,食堂,2014/12/22 11:30:56,2.7,102.68
16129,POS消费,地点423,开水,2014/12/22 12:08:57,0.01,99.77
16129,POS消费,地点87,食堂,2014/12/22 17:09:46,4.2,95.57
16129,POS消费,地点468,淋浴,2014/12/22 19:38:18,0.1,95.47
16129,POS消费,地点388,淋浴,2014/12/22 19:40:51,0.7,94.77
16129,POS消费,地点423,开水,2014/12/22 22:32:26,0.01,94.76
16129,POS消费,地点423,开水,2014/12/22 23:13:56,0.01,94.75
16129,POS消费,地点21,开水,2014/12/23 08:43:35,2.5,92.25
16129,POS消费,地点21,开水,2014/12/23 08:55:12,1.4,90.85
16129,POS消费,地点676,开水,2014/12/23 09:04:35,0.01,90.84
16129,POS消费,地点676,开水,2014/12/23 09:47:45,0.01,90.83
16129,POS消费,地点676,开水,2014/12/23 11:10:12,0.01,90.82
16129,POS消费,地点676,开水,2014/12/23 12:11:01,0.01,90.81
16129,POS消费,地点2119,食堂,2014/12/23 13:09:10,1.63,89.18
16129,POS消费,地点21,开水,2014/12/23 14:50:15,5.0,84.18
16129,POS消费,地点225,食堂,2014/12/23 17:38:58,4.0,75.98
16129,POS消费,地点182,食堂,2014/12/23 17:49:28,4.2,79.98
16129,POS消费,地点423,开水,2014/12/23 19:40:20,0.01,75.97
16129,POS消费,地点388,淋浴,2014/12/23 23:16:12,0.1,75.87
16129,POS消费,地点468,淋浴,2014/12/23 23:30:24,1.4,74.47
16129,POS消费,地点1188,洗衣房,2014/12/23 23:36:02,3.6,70.87
16129,POS消费,地点1188,洗衣房,2014/12/23 23:47:48,-2.88,73.75
16129,POS消费,地点1842,开水,2014/12/24 00:00:48,0.08,73.67
16129,POS消费,地点21,开水,2014/12/24 09:05:43,2.5,71.17
16129,POS消费,地点21,开水,2014/12/24 09:15:09,1.4,69.77
16129,POS消费,地点677,开水,2014/12/24 09:42:48,0.01,69.76
16129,POS消费,地点677,开水,2014/12/24 10:13:09,0.01,69.75
16129,POS消费,地点677,开水,2014/12/24 10:51:11,0.01,69.74
16129,POS消费,地点677,开水,2014/12/24 10:51:45,0.01,69.73
16129,POS消费,地点61,食堂,2014/12/24 12:27:59,1.2,68.52
16129,POS消费,地点161,食堂,2014/12/24 12:28:26,1.2,67.32
16129,POS消费,地点21,开水,2014/12/24 12:44:25,13.9,53.42
16129,POS消费,地点677,开水,2014/12/24 15:46:05,0.01,69.72
16129,POS消费,地点423,开水,2014/12/24 17:17:19,0.01,53.41
16129,POS消费,地点472,淋浴,2014/12/24 22:28:40,0.6,52.81
16129,POS消费,地点423,开水,2014/12/24 22:39:21,0.01,52.8
16129,POS消费,地点1842,开水,2014/12/24 22:59:45,0.07,52.73
16129,POS消费,地点21,开水,2014/12/25 07:54:01,2.5,50.23
16129,POS消费,地点69,食堂,2014/12/25 07:55:40,2.2,48.03
16129,POS消费,地点836,开水,2014/12/25 08:12:07,0.01,48.02
16129,POS消费,地点21,开水,2014/12/25 11:11:18,13.8,34.22
16129,POS消费,地点26,图书馆,2014/12/25 16:24:24,26.0,8.22
16129,POS消费,地点423,开水,2014/12/25 19:31:08,0.01,8.21
16129,POS消费,地点1188,洗衣房,2014/12/26 04:32:17,3.6,3.11
16129,POS消费,地点1188,洗衣房,2014/12/26 04:32:21,-2.82,5.93
16129,POS消费,地点388,淋浴,2014/12/26 04:33:04,1.5,6.71
16129,POS消费,地点423,开水,2014/12/26 04:35:47,0.01,5.92
16129,POS消费,地点72,食堂,2014/12/26 08:30:36,1.83,101.59
16129,POS消费,地点21,开水,2014/12/26 08:32:33,2.5,103.42
16129,支付领取,,,2014/12/26 08:44:53,100.0,105.92
16129,POS消费,地点972,食堂,2014/12/26 11:54:49,6.2,95.24
16129,POS消费,地点1998,食堂,2014/12/26 12:27:33,3.5,91.74
16129,POS消费,地点233,食堂,2014/12/26 17:20:38,4.7,87.04
16129,POS消费,地点88,食堂,2014/12/26 17:21:53,1.0,86.04
16129,支付领取,,,2014/12/26 21:54:19,100.0,186.04
16129,,,,2014/12/26 21:58:51,150.0,36.04
16129,POS消费,地点72,食堂,2014/12/27 09:11:13,1.1,32.35
16129,POS消费,地点21,开水,2014/12/27 09:14:52,2.5,33.45
16129,POS消费,地点676,开水,2014/12/27 09:30:53,0.01,32.34
16129,POS消费,地点1842,开水,2014/12/27 10:21:03,0.15,101.44
16129,POS消费,地点1842,开水,2014/12/27 10:29:28,0.04,36.0
16129,POS消费,地点1842,开水,2014/12/27 10:29:34,0.05,35.95
16129,POS消费,地点676,开水,2014/12/27 10:35:39,0.01,32.33
16129,POS消费,地点233,食堂,2014/12/27 11:52:42,4.2,28.13
16129,POS消费,地点1182,洗衣房,2014/12/27 15:01:45,3.6,24.53
16129,POS消费,地点203,食堂,2014/12/27 18:19:59,7.5,167.03
16129,支付领取,,,2014/12/27 18:38:17,150.0,174.53
16129,POS消费,地点21,开水,2014/12/27 18:56:06,13.95,103.08
16129,,,,2014/12/27 19:05:32,50.0,117.03
16129,POS消费,地点388,淋浴,2014/12/27 21:57:29,1.6,101.48
16129,POS消费,地点423,开水,2014/12/27 22:25:08,0.01,101.47
16129,POS消费,地点72,食堂,2014/12/28 09:01:26,1.8,97.16
16129,POS消费,地点21,开水,2014/12/28 09:03:20,2.5,98.96
16129,POS消费,地点676,开水,2014/12/28 09:25:45,0.01,97.15
16129,POS消费,地点676,开水,2014/12/28 10:26:13,0.01,97.14
16129,POS消费,地点423,开水,2014/12/28 10:59:04,0.01,101.46
16129,POS消费,地点263,食堂,2014/12/28 11:21:15,5.2,91.94
16129,POS消费,地点423,开水,2014/12/29 04:31:55,0.01,91.93
16129,POS消费,地点468,淋浴,2014/12/29 04:33:01,0.7,91.22
16129,POS消费,地点423,开水,2014/12/29 04:35:51,0.01,91.92
16129,POS消费,地点21,开水,2014/12/29 08:43:12,2.5,88.72
16129,POS消费,地点161,食堂,2014/12/29 08:45:38,1.8,86.92
16129,POS消费,地点673,开水,2014/12/29 09:04:34,0.01,86.91
16129,POS消费,地点233,食堂,2014/12/29 11:30:24,6.2,80.71
16129,POS消费,地点423,开水,2014/12/29 12:45:25,0.01,80.7
16129,POS消费,地点230,食堂,2014/12/29 17:04:02,5.0,75.7
16129,POS消费,地点21,开水,2014/12/29 17:30:04,8.9,66.8
16129,POS消费,地点472,淋浴,2014/12/29 21:49:09,1.5,65.3
16129,POS消费,地点423,开水,2014/12/29 22:15:53,0.01,65.29
16129,POS消费,地点21,开水,2014/12/30 08:49:22,2.5,62.79
16129,POS消费,地点161,食堂,2014/12/30 08:53:14,1.4,61.39
16129,POS消费,地点676,开水,2014/12/30 09:13:25,0.01,61.38
16129,POS消费,地点676,开水,2014/12/30 10:26:53,0.01,61.37
16129,POS消费,地点676,开水,2014/12/30 11:45:01,0.01,61.36
16129,POS消费,地点171,食堂,2014/12/30 12:32:13,4.5,56.86
16129,POS消费,地点423,开水,2014/12/30 14:55:17,0.01,56.85
16129,POS消费,地点233,食堂,2014/12/30 16:49:03,8.7,48.15
16129,POS消费,地点468,淋浴,2014/12/30 23:53:40,0.1,48.05
16129,POS消费,地点470,淋浴,2014/12/30 23:56:35,0.6,47.45
16129,POS消费,地点423,开水,2014/12/31 00:05:12,0.01,47.44
16129,POS消费,地点21,开水,2014/12/31 08:46:11,2.5,44.94
16129,POS消费,地点21,开水,2014/12/31 08:55:55,1.4,43.54
16129,POS消费,地点836,开水,2014/12/31 09:06:11,0.01,43.53
16129,POS消费,地点836,开水,2014/12/31 09:58:21,0.01,43.52
16129,POS消费,地点836,开水,2014/12/31 11:19:38,0.01,43.51
16129,POS消费,地点1997,食堂,2014/12/31 13:17:44,4.2,39.31
16129,POS消费,地点1188,洗衣房,2014/12/31 20:27:46,3.6,35.71
16129,POS消费,地点423,开水,2014/12/31 20:31:32,0.01,35.7
16129,POS消费,地点472,淋浴,2014/12/31 21:01:40,1.5,34.2
16129,POS消费,地点21,开水,2015/01/01 09:03:31,2.5,31.7
16129,POS消费,地点61,食堂,2015/01/01 09:06:01,2.63,106.07
16129,支付领取,,,2015/01/01 09:18:31,77.0,108.7
16129,POS消费,地点423,开水,2015/01/01 09:38:49,0.01,106.06
16129,POS消费,地点470,淋浴,2015/01/01 15:25:08,2.4,103.66
16129,POS消费,地点423,开水,2015/01/01 20:51:11,0.01,103.65
16129,POS消费,地点472,淋浴,2015/01/01 21:04:09,0.5,103.15
16129,POS消费,地点72,食堂,2015/01/02 09:11:18,1.1,99.55
16129,POS消费,地点21,开水,2015/01/02 09:13:44,2.5,100.65
16129,POS消费,地点676,开水,2015/01/02 09:33:47,0.01,99.54
16129,POS消费,地点676,开水,2015/01/02 10:33:08,0.01,99.53
16129,POS消费,地点21,开水,2015/01/02 11:27:11,2.9,96.63
16129,POS消费,地点423,开水,2015/01/02 11:38:23,0.01,96.62
16129,POS消费,地点423,开水,2015/01/02 11:53:02,0.01,96.61
16129,POS消费,地点468,淋浴,2015/01/02 23:49:34,1.2,95.41
16129,POS消费,地点21,开水,2015/01/03 08:46:22,2.5,92.91
16129,POS消费,地点161,食堂,2015/01/03 08:50:48,1.8,91.11
16129,POS消费,地点677,开水,2015/01/03 09:10:26,0.01,91.1
16129,POS消费,地点677,开水,2015/01/03 10:20:16,0.01,91.09
16129,POS消费,地点677,开水,2015/01/03 11:36:09,0.01,91.08
16129,POS消费,地点21,开水,2015/01/03 12:03:49,5.2,85.88
16129,POS消费,地点423,开水,2015/01/03 13:03:42,0.01,85.87
16129,POS消费,地点676,开水,2015/01/03 14:45:42,0.01,85.86
16129,POS消费,地点676,开水,2015/01/03 16:05:15,0.01,85.85
16129,POS消费,地点233,食堂,2015/01/03 17:40:17,3.4,82.45
16129,POS消费,地点21,开水,2015/01/03 18:09:03,13.3,69.15
16129,POS消费,地点423,开水,2015/01/03 23:15:11,0.01,69.14
16129,POS消费,地点423,开水,2015/01/03 23:50:17,0.01,69.13
16129,POS消费,地点21,开水,2015/01/04 08:43:55,2.5,66.63
16129,POS消费,地点161,食堂,2015/01/04 08:47:39,1.8,64.83
16129,POS消费,地点836,开水,2015/01/04 09:07:13,0.01,64.82
16129,POS消费,地点836,开水,2015/01/04 10:29:02,0.01,64.81
16129,POS消费,地点26,图书馆,2015/01/04 18:35:15,30.8,34.01
16129,POS消费,地点26,图书馆,2015/01/04 18:38:12,6.5,27.51
16129,POS消费,地点21,开水,2015/01/05 08:18:35,2.5,23.59
16129,POS消费,地点184,食堂,2015/01/05 08:27:54,1.4,122.19
16129,支付领取,,,2015/01/05 08:34:17,100.0,123.59
16129,POS消费,地点685,开水,2015/01/05 08:48:06,0.01,122.18
16129,POS消费,地点472,淋浴,2015/01/05 08:48:51,1.4,26.11
16129,POS消费,地点423,开水,2015/01/05 08:50:17,0.01,26.1
16129,POS消费,地点423,开水,2015/01/05 08:51:04,0.01,26.09
16129,POS消费,地点686,开水,2015/01/05 10:00:39,0.01,122.17
16129,POS消费,地点161,食堂,2015/01/05 11:08:58,1.2,118.07
16129,POS消费,地点21,开水,2015/01/05 11:16:22,2.9,119.27
16129,POS消费,地点423,开水,2015/01/05 17:58:27,0.01,118.06
16129,POS消费,地点1842,开水,2015/01/05 23:39:58,0.08,117.98
16129,POS消费,地点21,开水,2015/01/06 08:05:36,2.5,115.48
16129,POS消费,地点72,食堂,2015/01/06 08:06:42,1.4,114.08
16129,POS消费,地点685,开水,2015/01/06 08:28:47,0.01,114.07
16129,POS消费,地点684,开水,2015/01/06 09:23:19,0.01,114.06
16129,POS消费,地点683,开水,2015/01/06 09:23:36,0.01,114.05
16129,POS消费,地点683,开水,2015/01/06 09:57:48,0.01,114.04
16129,POS消费,地点683,开水,2015/01/06 10:38:05,0.01,114.03
16129,POS消费,地点683,开水,2015/01/06 11:28:50,0.01,114.02
16129,POS消费,地点184,食堂,2015/01/06 12:31:50,4.7,109.32
16129,POS消费,地点306,食堂,2015/01/06 18:41:29,6.5,102.82
16129,POS消费,地点306,食堂,2015/01/06 18:41:35,0.6,102.22
16129,POS消费,地点21,开水,2015/01/06 18:46:59,5.5,96.72
16129,POS消费,地点463,淋浴,2015/01/06 23:01:59,0.1,96.62
16129,POS消费,地点1194,洗衣房,2015/01/06 23:27:37,3.6,91.82
16129,POS消费,地点1194,洗衣房,2015/01/06 23:36:50,-3.0,94.82
16129,POS消费,地点472,淋浴,2015/01/06 23:37:12,1.2,95.42
16129,POS消费,地点423,开水,2015/01/06 23:38:54,0.01,94.81
16129,POS消费,地点21,开水,2015/01/07 08:06:36,2.5,92.31
16129,POS消费,地点161,食堂,2015/01/07 08:08:47,1.4,90.91
16129,POS消费,地点677,开水,2015/01/07 08:24:01,0.01,90.9
16129,POS消费,地点21,开水,2015/01/07 11:47:31,12.0,78.9
16129,POS消费,地点423,开水,2015/01/07 12:27:36,0.01,78.89
16129,POS消费,地点87,食堂,2015/01/07 17:13:30,4.2,74.69
16129,POS消费,地点26,图书馆,2015/01/07 19:53:48,21.62,53.07
16129,POS消费,地点423,开水,2015/01/07 23:10:10,0.01,53.06
16129,POS消费,地点72,食堂,2015/01/08 08:23:54,1.4,49.16
16129,POS消费,地点21,开水,2015/01/08 08:25:53,2.5,50.56
16129,POS消费,地点530,开水,2015/01/08 10:45:27,0.01,49.15
16129,POS消费,地点2119,食堂,2015/01/08 13:03:11,1.63,47.52
16129,POS消费,地点2172,文印中心,2015/01/08 15:39:31,9.15,38.37
16129,POS消费,地点192,超市,2015/01/08 15:41:51,2.5,35.87
16129,POS消费,地点423,开水,2015/01/08 16:00:29,0.01,35.86
16129,POS消费,地点243,食堂,2015/01/08 17:23:58,2.53,33.33
16129,POS消费,地点21,开水,2015/01/08 17:25:33,4.5,28.83
16129,POS消费,地点472,淋浴,2015/01/09 00:07:17,0.4,28.43
16129,POS消费,地点423,开水,2015/01/09 00:08:50,0.01,28.42
16129,POS消费,地点21,开水,2015/01/09 08:48:04,2.5,25.92
16129,POS消费,地点21,开水,2015/01/09 09:00:20,1.4,124.52
16129,支付领取,,,2015/01/09 09:04:54,100.0,125.92
16129,POS消费,地点694,开水,2015/01/09 09:19:49,0.01,124.51
16129,POS消费,地点694,开水,2015/01/09 11:29:41,0.01,124.5
16129,POS消费,地点21,开水,2015/01/09 12:17:30,6.4,118.1
16129,POS消费,地点423,开水,2015/01/09 12:48:57,0.01,118.09
16129,POS消费,地点237,食堂,2015/01/09 17:12:26,2.9,115.19
16129,POS消费,地点21,开水,2015/01/09 17:30:01,28.3,86.89
16129,POS消费,地点423,开水,2015/01/09 17:37:32,0.01,86.88
16129,POS消费,地点472,淋浴,2015/01/09 22:39:24,1.6,85.28
16129,POS消费,地点423,开水,2015/01/09 23:41:33,0.01,85.27
16129,POS消费,地点21,开水,2015/01/10 08:11:11,2.5,82.77
16129,POS消费,地点61,食堂,2015/01/10 08:13:09,1.4,81.37
16129,POS消费,地点675,开水,2015/01/10 08:33:12,0.01,81.36
16129,POS消费,地点681,开水,2015/01/10 08:33:29,0.01,81.35
16129,POS消费,地点87,食堂,2015/01/10 11:43:33,4.2,77.15
16129,POS消费,地点91,校车,2015/01/10 17:18:04,5.5,71.65
16129,POS消费,地点192,超市,2015/01/10 17:42:13,3.0,68.65
16129,POS消费,地点423,开水,2015/01/10 18:00:28,0.01,68.64
16129,POS消费,地点423,开水,2015/01/10 22:39:48,0.01,68.63
16129,POS消费,地点21,开水,2015/01/11 08:58:13,2.5,66.13
16129,POS消费,地点69,食堂,2015/01/11 09:00:02,1.4,64.73
16129,POS消费,地点677,开水,2015/01/11 09:16:48,0.01,64.72
16129,POS消费,地点676,开水,2015/01/11 09:58:51,0.01,64.71
16129,POS消费,地点161,食堂,2015/01/11 12:26:54,5.4,59.31
16129,POS消费,地点423,开水,2015/01/11 14:06:04,0.01,59.3
16129,POS消费,地点184,食堂,2015/01/11 17:13:42,6.4,52.9
16129,POS消费,地点423,开水,2015/01/11 23:02:03,0.01,51.29
16129,POS消费,地点21,开水,2015/01/12 08:08:27,2.5,48.79
16129,POS消费,地点69,食堂,2015/01/12 08:10:28,1.4,47.39
16129,POS消费,地点161,食堂,2015/01/12 12:17:28,6.7,40.69
16129,POS消费,地点21,开水,2015/01/12 16:05:15,13.5,27.19
16129,POS消费,地点1188,洗衣房,2015/01/12 16:45:47,3.6,23.59
16129,POS消费,地点423,开水,2015/01/12 16:49:00,0.01,23.58
16129,POS消费,地点423,开水,2015/01/12 17:12:12,0.01,23.57
16129,POS消费,地点472,淋浴,2015/01/12 18:59:52,0.6,22.97
16129,POS消费,地点423,开水,2015/01/12 23:29:27,0.01,22.96
16129,POS消费,地点21,开水,2015/01/13 08:08:34,2.5,20.46
16129,POS消费,地点69,食堂,2015/01/13 08:10:39,1.4,93.06
16129,支付领取,,,2015/01/13 08:26:13,74.0,94.46
16129,POS消费,地点996,图书馆,2015/01/13 12:28:55,8.0,85.06
16129,POS消费,地点72,食堂,2015/01/13 16:54:46,5.2,79.86
16129,POS消费,地点423,开水,2015/01/13 18:35:30,0.01,79.85
16129,POS消费,地点472,淋浴,2015/01/13 23:25:38,1.4,78.45
16129,POS消费,地点1188,洗衣房,2015/01/13 23:35:23,3.6,74.85
16129,POS消费,地点1188,洗衣房,2015/01/13 23:45:46,-2.94,77.79
16129,POS消费,地点21,开水,2015/01/14 08:10:53,2.5,75.29
16129,POS消费,地点69,食堂,2015/01/14 08:13:51,0.8,74.49
16129,POS消费,地点87,食堂,2015/01/14 12:25:38,4.2,70.29
16129,POS消费,地点91,校车,2015/01/14 16:53:00,5.5,64.79
16129,POS消费,地点423,开水,2015/01/14 17:23:43,0.01,64.78
16129,POS消费,地点472,淋浴,2015/01/14 23:17:33,0.6,64.18
16129,POS消费,地点21,开水,2015/01/15 08:24:30,2.5,61.68
16129,POS消费,地点69,食堂,2015/01/15 08:29:14,1.1,60.58
16129,POS消费,地点69,食堂,2015/01/15 08:29:23,0.4,60.18
16129,POS消费,地点684,开水,2015/01/15 08:56:01,0.01,60.17
16129,POS消费,地点683,开水,2015/01/15 08:56:01,0.01,60.16
16129,POS消费,地点232,食堂,2015/01/15 12:27:33,13.0,47.16
16129,POS消费,地点423,开水,2015/01/15 13:21:04,0.01,47.15
16129,POS消费,地点195,超市,2015/01/15 17:09:05,11.8,35.35
16129,POS消费,地点472,淋浴,2015/01/15 20:01:07,1.7,33.65
16129,POS消费,地点1188,洗衣房,2015/01/15 20:25:25,3.6,30.05
16129,POS消费,地点1188,洗衣房,2015/01/15 21:14:56,-0.6,30.65
16129,POS消费,地点21,开水,2015/01/16 08:21:33,2.5,28.15
16129,POS消费,地点69,食堂,2015/01/16 08:24:17,0.8,127.35
16129,POS消费,地点83,食堂,2015/01/16 08:25:29,7.0,120.35
16129,支付领取,,,2015/01/16 08:40:02,100.0,128.15
16129,POS消费,地点72,食堂,2015/01/16 18:21:02,4.4,115.95
16129,POS消费,地点21,开水,2015/01/16 18:41:12,13.1,102.85
16129,POS消费,地点423,开水,2015/01/16 22:31:02,0.01,102.84
16129,POS消费,地点263,食堂,2015/01/17 11:23:22,5.4,97.44
16129,POS消费,地点195,超市,2015/01/17 11:57:41,42.8,54.64
16129,POS消费,地点269,食堂,2015/01/17 16:44:12,4.4,50.24
16129,POS消费,地点21,开水,2015/01/17 17:17:33,24.9,25.34
16129,POS消费,地点423,开水,2015/01/17 20:43:41,0.01,25.33
16129,POS消费,地点423,开水,2015/01/17 21:21:38,0.01,25.32
16129,POS消费,地点472,淋浴,2015/01/17 22:09:43,2.2,23.12
16129,POS消费,地点225,食堂,2015/01/18 11:09:32,6.2,16.92
16129,POS消费,地点1506,开水,2015/01/27 19:19:56,0.15,83.18
16129,POS消费,地点1447,校车,2015/02/28 08:41:19,1.0,15.92
16129,POS消费,地点1447,校车,2015/02/28 08:41:33,1.0,14.92
16129,POS消费,地点423,开水,2015/02/28 09:24:29,0.01,14.91
16129,卡充值,,,2015/02/28 14:29:55,200.0,214.91
16129,POS消费,地点1961,超市,2015/02/28 15:11:00,20.9,194.01
16129,POS消费,地点1961,超市,2015/02/28 15:11:07,0.3,193.71
16129,POS消费,地点1198,洗衣房,2015/02/28 15:34:44,3.6,190.11
16129,POS消费,地点423,开水,2015/02/28 16:54:55,0.01,190.1
16129,POS消费,地点1997,食堂,2015/02/28 18:13:49,4.2,185.9
16129,POS消费,地点472,淋浴,2015/02/28 19:59:01,1.4,184.5
16129,POS消费,地点423,开水,2015/02/28 20:21:15,0.01,184.49
16129,POS消费,地点61,食堂,2015/03/01 09:01:57,1.63,182.86
16129,POS消费,地点21,开水,2015/03/01 09:02:19,2.0,180.86
16129,POS消费,地点423,开水,2015/03/01 12:31:07,0.01,176.65
16129,POS消费,地点1997,食堂,2015/03/01 12:40:13,4.2,176.66
16129,POS消费,地点72,食堂,2015/03/01 18:04:59,4.2,172.45
16129,POS消费,地点21,开水,2015/03/01 18:23:59,20.3,152.15
16129,POS消费,地点21,开水,2015/03/01 18:24:03,6.4,145.75
16129,POS消费,地点1184,洗衣房,2015/03/01 18:50:40,3.6,142.15
16129,POS消费,地点1184,洗衣房,2015/03/01 19:35:19,-0.9,143.05
16129,POS消费,地点423,开水,2015/03/01 20:17:01,0.01,143.04
16129,POS消费,地点21,开水,2015/03/02 07:53:37,2.0,141.04
16129,POS消费,地点69,食堂,2015/03/02 07:54:42,0.8,140.24
16129,POS消费,地点677,开水,2015/03/02 08:11:49,0.01,140.23
16129,POS消费,地点677,开水,2015/03/02 09:17:29,0.01,140.22
16129,POS消费,地点232,食堂,2015/03/02 11:29:50,5.5,134.72
16129,POS消费,地点423,开水,2015/03/02 12:22:09,0.01,134.71
16129,POS消费,地点148,开水,2015/03/02 16:17:07,0.01,134.7
16129,POS消费,地点148,开水,2015/03/02 17:09:24,0.01,134.69
16129,POS消费,地点2119,食堂,2015/03/02 18:50:38,1.63,133.06
16129,POS消费,地点423,开水,2015/03/02 20:49:54,0.01,133.05
16129,POS消费,地点423,开水,2015/03/02 20:57:37,0.01,133.04
16129,POS消费,地点470,淋浴,2015/03/02 21:07:33,0.6,132.44
16129,POS消费,地点72,食堂,2015/03/03 08:25:33,0.8,129.64
16129,POS消费,地点21,开水,2015/03/03 08:27:38,2.0,130.44
16129,POS消费,地点148,开水,2015/03/03 08:48:31,0.01,129.63
16129,POS消费,地点673,开水,2015/03/03 09:45:42,0.01,129.62
16129,POS消费,地点565,开水,2015/03/03 10:11:27,0.01,129.61
16129,POS消费,地点678,开水,2015/03/03 11:06:12,0.01,129.6
16129,POS消费,地点21,开水,2015/03/03 12:18:55,1.6,128.0
16129,POS消费,地点423,开水,2015/03/03 18:30:43,0.01,123.79
16129,POS消费,地点1997,食堂,2015/03/03 19:14:53,4.2,123.8
16129,POS消费,地点472,淋浴,2015/03/03 20:45:53,1.3,122.49
16129,POS消费,地点423,开水,2015/03/03 20:51:36,0.01,122.48
16129,POS消费,地点21,开水,2015/03/04 07:53:17,2.0,120.48
16129,POS消费,地点69,食堂,2015/03/04 07:56:30,0.8,119.68
16129,POS消费,地点673,开水,2015/03/04 08:13:51,0.01,119.67
16129,POS消费,地点673,开水,2015/03/04 09:19:41,0.01,119.66
16129,POS消费,地点676,开水,2015/03/04 10:11:26,0.01,119.65
16129,POS消费,地点21,开水,2015/03/04 12:08:07,5.6,114.05
16129,POS消费,地点423,开水,2015/03/04 15:24:14,0.01,114.04
16129,POS消费,地点243,食堂,2015/03/04 17:01:43,2.53,111.51
16129,POS消费,地点423,开水,2015/03/04 19:31:51,0.01,111.5
16129,POS消费,地点21,开水,2015/03/05 08:34:57,2.0,109.5
16129,POS消费,地点69,食堂,2015/03/05 08:35:55,0.83,108.67
16129,POS消费,地点21,开水,2015/03/05 12:07:29,2.1,106.57
16129,POS消费,地点423,开水,2015/03/05 12:59:01,0.01,106.56
16129,POS消费,地点675,开水,2015/03/05 15:18:34,0.01,106.55
16129,POS消费,地点21,开水,2015/03/05 17:18:58,6.8,99.75
16129,POS消费,地点388,淋浴,2015/03/05 20:26:30,0.1,99.65
16129,POS消费,地点468,淋浴,2015/03/05 20:27:11,0.1,99.45
16129,POS消费,地点467,淋浴,2015/03/05 20:40:54,1.2,98.25
16129,POS消费,地点423,开水,2015/03/05 20:59:56,0.01,98.24
16129,POS消费,地点21,开水,2015/03/06 08:07:11,2.0,96.24
16129,POS消费,地点161,食堂,2015/03/06 08:10:11,1.2,95.04
16129,POS消费,地点423,开水,2015/03/06 09:48:11,0.01,95.03
16129,POS消费,地点21,开水,2015/03/06 11:30:48,8.8,86.23
16129,POS消费,地点232,食堂,2015/03/06 17:24:47,5.5,80.73
16129,POS消费,地点21,开水,2015/03/06 17:46:35,12.8,67.93
16129,POS消费,地点1842,开水,2015/03/06 21:03:26,0.14,67.79
16129,POS消费,地点21,开水,2015/03/07 09:20:31,2.0,65.79
16129,POS消费,地点69,食堂,2015/03/07 09:23:22,1.2,64.59
16129,POS消费,地点673,开水,2015/03/07 09:52:20,0.01,64.58
16129,POS消费,地点673,开水,2015/03/07 10:29:45,0.01,64.57
16129,POS消费,地点673,开水,2015/03/07 10:58:51,0.01,64.56
16129,POS消费,地点673,开水,2015/03/07 11:20:09,0.01,64.55
16129,POS消费,地点673,开水,2015/03/07 11:49:32,0.01,64.54
16129,POS消费,地点243,食堂,2015/03/07 12:11:15,2.53,62.01
16129,POS消费,地点423,开水,2015/03/07 14:09:03,0.01,62.0
16129,POS消费,地点211,校车,2015/03/07 16:44:43,1.0,61.0
16129,POS消费,地点1451,校车,2015/03/07 19:09:03,1.0,60.0
16129,POS消费,地点423,开水,2015/03/07 22:12:19,0.01,59.99
16129,POS消费,地点470,淋浴,2015/03/08 10:57:25,1.3,58.69
16129,POS消费,地点232,食堂,2015/03/08 11:24:52,5.5,53.19
16129,POS消费,地点423,开水,2015/03/08 11:50:23,0.01,53.18
16129,POS消费,地点423,开水,2015/03/08 16:17:50,0.01,53.17
16129,POS消费,地点21,开水,2015/03/08 17:18:13,6.5,46.67
16129,POS消费,地点21,开水,2015/03/08 17:39:04,38.7,7.97
16129,POS消费,地点21,开水,2015/03/08 18:18:39,18.3,189.67
16129,支付领取,,,2015/03/08 18:21:16,200.0,207.97
16129,POS消费,地点423,开水,2015/03/08 22:55:44,0.01,189.66
16129,POS消费,地点21,开水,2015/03/09 08:05:22,2.0,187.66
16129,POS消费,地点184,食堂,2015/03/09 08:11:34,8.0,179.66
16129,POS消费,地点184,食堂,2015/03/09 08:11:42,-8.0,187.66
16129,POS消费,地点184,食堂,2015/03/09 08:11:46,0.8,186.86
16129,POS消费,地点677,开水,2015/03/09 08:22:40,0.01,186.85
16129,POS消费,地点677,开水,2015/03/09 09:20:06,0.01,186.84
16129,POS消费,地点21,开水,2015/03/09 11:12:17,6.8,180.04
16129,POS消费,地点680,开水,2015/03/09 16:13:18,0.01,180.03
16129,POS消费,地点263,食堂,2015/03/09 18:07:16,4.9,175.13
16129,POS消费,地点423,开水,2015/03/09 19:50:36,0.01,175.12
16129,POS消费,地点423,开水,2015/03/09 23:12:02,0.01,175.11
16129,POS消费,地点21,开水,2015/03/10 08:39:37,2.0,173.11
16129,POS消费,地点161,食堂,2015/03/10 08:44:43,1.8,171.31
16129,POS消费,地点673,开水,2015/03/10 09:06:00,0.01,171.3
16129,POS消费,地点673,开水,2015/03/10 09:47:49,0.01,171.29
16129,POS消费,地点182,食堂,2015/03/10 12:11:44,4.9,166.39
16129,POS消费,地点182,食堂,2015/03/10 18:11:47,4.9,161.49
16129,POS消费,地点472,淋浴,2015/03/10 21:58:45,1.4,160.09
16129,POS消费,地点423,开水,2015/03/10 23:21:30,0.01,160.08
16129,POS消费,地点21,开水,2015/03/11 08:03:16,2.0,158.08
16129,POS消费,地点184,食堂,2015/03/11 08:10:18,1.1,156.98
16129,POS消费,地点673,开水,2015/03/11 08:20:48,0.01,156.97
16129,POS消费,地点21,开水,2015/03/11 11:19:57,8.8,148.17
16129,POS消费,地点423,开水,2015/03/11 12:20:39,0.01,148.16
16129,POS消费,地点182,食堂,2015/03/11 18:34:05,5.4,142.76
16129,POS消费,地点423,开水,2015/03/11 22:43:48,0.01,142.75
16129,POS消费,地点21,开水,2015/03/12 08:31:31,2.0,140.75
16129,POS消费,地点184,食堂,2015/03/12 08:38:27,1.6,139.15
16129,POS消费,地点677,开水,2015/03/12 08:54:15,0.01,139.14
16129,POS消费,地点677,开水,2015/03/12 09:32:37,0.01,139.13
16129,POS消费,地点677,开水,2015/03/12 10:06:01,0.01,139.12
16129,POS消费,地点233,食堂,2015/03/12 12:08:18,4.9,134.22
16129,POS消费,地点423,开水,2015/03/12 18:32:54,0.01,134.21
16129,POS消费,地点470,淋浴,2015/03/12 22:48:17,1.3,132.91
16129,POS消费,地点423,开水,2015/03/12 23:15:35,0.01,132.9
16129,POS消费,地点21,开水,2015/03/13 09:01:00,2.5,130.4
16129,POS消费,地点161,食堂,2015/03/13 09:08:01,1.8,128.6
16129,POS消费,地点673,开水,2015/03/13 09:24:24,0.01,128.59
16129,POS消费,地点21,开水,2015/03/13 11:07:10,4.6,123.99
16129,POS消费,地点423,开水,2015/03/13 18:30:59,0.01,123.98
16129,POS消费,地点423,开水,2015/03/13 23:28:32,0.01,123.97
16129,POS消费,地点21,开水,2015/03/14 09:14:28,2.0,121.97
16129,POS消费,地点69,食堂,2015/03/14 09:19:02,1.8,120.17
16129,POS消费,地点21,开水,2015/03/14 12:27:34,15.9,102.6
16129,POS消费,地点2119,食堂,2015/03/14 13:20:52,1.63,118.5
16129,POS消费,地点423,开水,2015/03/14 18:09:42,0.01,102.59
16129,POS消费,地点388,淋浴,2015/03/14 22:49:00,0.1,102.49
16129,POS消费,地点494,淋浴,2015/03/14 23:07:42,1.4,101.09
16129,POS消费,地点72,食堂,2015/03/15 08:56:25,1.4,97.19
16129,POS消费,地点21,开水,2015/03/15 08:57:50,2.5,98.59
16129,POS消费,地点243,食堂,2015/03/15 11:41:10,2.53,94.65
16129,POS消费,地点1198,洗衣房,2015/03/15 13:05:45,3.6,91.05
16129,POS消费,地点423,开水,2015/03/15 13:09:45,0.01,91.04
16129,POS消费,地点423,开水,2015/03/15 13:46:46,0.01,91.03
16129,POS消费,地点1198,洗衣房,2015/03/15 13:48:15,-1.02,92.05
16129,POS消费,地点232,食堂,2015/03/15 17:03:10,5.5,86.55
16129,POS消费,地点21,开水,2015/03/15 17:20:28,40.6,45.95
16129,POS消费,地点318,淋浴,2015/03/15 22:47:09,0.7,45.25
16129,POS消费,地点1842,开水,2015/03/15 22:59:15,0.08,45.17
16129,POS消费,地点21,开水,2015/03/16 08:00:45,2.0,43.17
16129,POS消费,地点72,食堂,2015/03/16 08:00:47,2.0,41.17
16129,POS消费,地点677,开水,2015/03/16 10:38:07,0.01,41.16
16129,POS消费,地点207,开水,2015/03/16 10:43:35,0.01,97.18
16129,POS消费,地点673,开水,2015/03/16 10:46:20,0.01,120.16
16129,POS消费,地点673,开水,2015/03/16 10:46:38,0.01,120.15
16129,POS消费,地点673,开水,2015/03/16 10:48:07,0.01,120.14
16129,POS消费,地点673,开水,2015/03/16 10:49:00,0.01,120.13
16129,POS消费,地点21,开水,2015/03/16 11:20:23,7.1,134.06
16129,POS消费,地点1961,超市,2015/03/16 11:47:20,3.8,130.26
16129,支付领取,,,2015/03/16 11:48:57,100.0,141.16
16129,POS消费,地点318,淋浴,2015/03/16 22:13:43,1.4,128.86
16129,POS消费,地点423,开水,2015/03/16 22:55:51,0.01,128.85
16129,POS消费,地点21,开水,2015/03/17 08:18:17,2.5,126.35
16129,POS消费,地点21,开水,2015/03/17 08:34:15,1.8,124.55
16129,POS消费,地点677,开水,2015/03/17 09:02:07,0.01,124.54
16129,POS消费,地点677,开水,2015/03/17 10:09:40,0.01,124.53
16129,POS消费,地点225,食堂,2015/03/17 12:08:09,4.7,119.83
16129,POS消费,地点814,开水,2015/03/17 16:18:05,0.01,119.82
16129,POS消费,地点1997,食堂,2015/03/17 19:08:46,4.2,115.62
16129,POS消费,地点494,淋浴,2015/03/17 22:44:03,0.1,115.52
16129,POS消费,地点318,淋浴,2015/03/17 22:44:19,0.6,114.92
16129,POS消费,地点423,开水,2015/03/17 23:08:03,0.01,114.91
16129,POS消费,地点21,开水,2015/03/18 07:57:58,2.0,112.91
16129,POS消费,地点161,食堂,2015/03/18 08:03:04,1.4,111.51
16129,POS消费,地点680,开水,2015/03/18 08:18:36,0.01,111.5
16129,POS消费,地点674,开水,2015/03/18 10:10:25,0.01,111.49
16129,POS消费,地点207,开水,2015/03/18 15:20:12,0.01,111.48
16129,POS消费,地点530,开水,2015/03/18 16:24:38,0.01,111.47
16129,POS消费,地点304,超市,2015/03/18 16:41:00,3.8,107.67
16129,POS消费,地点423,开水,2015/03/18 17:14:55,0.01,107.66
16129,POS消费,地点363,淋浴,2015/03/18 22:03:23,1.4,106.26
16129,POS消费,地点21,开水,2015/03/19 08:43:00,3.5,102.76
16129,POS消费,地点161,食堂,2015/03/19 08:46:58,1.1,101.66
16129,POS消费,地点677,开水,2015/03/19 09:00:52,0.01,101.65
16129,POS消费,地点677,开水,2015/03/19 09:30:41,0.01,101.64
16129,POS消费,地点677,开水,2015/03/19 10:04:43,0.01,101.63
16129,POS消费,地点565,开水,2015/03/19 11:06:43,0.01,101.62
16129,POS消费,地点269,食堂,2015/03/19 12:07:45,5.9,95.72
16129,POS消费,地点681,开水,2015/03/19 14:14:48,0.01,95.71
16129,POS消费,地点192,超市,2015/03/19 21:20:14,3.8,91.91
16129,POS消费,地点423,开水,2015/03/19 22:46:55,0.01,91.9
16129,POS消费,地点21,开水,2015/03/20 09:04:21,5.0,86.9
16129,POS消费,地点161,食堂,2015/03/20 09:08:11,1.1,85.8
16129,POS消费,地点677,开水,2015/03/20 09:22:01,0.01,85.79
16129,POS消费,地点836,开水,2015/03/20 10:20:27,0.01,85.78
16129,POS消费,地点836,开水,2015/03/20 11:44:41,0.01,85.77
16129,POS消费,地点2119,食堂,2015/03/20 13:22:23,1.23,84.54
16129,POS消费,地点83,食堂,2015/03/20 16:21:10,5.5,79.04
16129,POS消费,地点21,开水,2015/03/20 20:23:18,39.3,139.74
16129,支付领取,,,2015/03/20 20:52:21,100.0,179.04
16129,POS消费,地点1188,洗衣房,2015/03/20 21:23:32,3.6,136.14
16129,POS消费,地点423,开水,2015/03/20 21:27:59,0.01,136.13
16129,POS消费,地点472,淋浴,2015/03/20 21:47:19,1.0,135.13
16129,POS消费,地点72,食堂,2015/03/21 08:32:17,1.6,131.53
16129,POS消费,地点21,开水,2015/03/21 08:32:57,2.0,133.13
16129,POS消费,地点677,开水,2015/03/21 08:59:49,0.01,131.52
16129,POS消费,地点677,开水,2015/03/21 10:48:41,0.01,131.51
16129,POS消费,地点677,开水,2015/03/21 10:52:26,0.01,131.5
16129,POS消费,地点677,开水,2015/03/21 11:40:21,0.01,131.49
16129,POS消费,地点243,食堂,2015/03/21 12:24:27,2.53,128.96
16129,POS消费,地点21,开水,2015/03/21 17:11:02,5.8,123.16
16129,POS消费,地点243,食堂,2015/03/21 17:18:58,2.53,120.63
16129,POS消费,地点470,淋浴,2015/03/21 20:47:40,1.5,119.13
16129,POS消费,地点423,开水,2015/03/21 22:27:24,0.01,119.12
16129,POS消费,地点363,淋浴,2015/03/21 22:41:15,0.6,118.52
16129,POS消费,地点21,开水,2015/03/22 08:39:04,2.0,116.52
16129,POS消费,地点69,食堂,2015/03/22 08:42:23,1.6,114.92
16129,POS消费,地点677,开水,2015/03/22 09:01:17,0.01,114.91
16129,POS消费,地点677,开水,2015/03/22 10:05:31,0.01,114.9
16129,POS消费,地点677,开水,2015/03/22 11:19:36,0.01,114.89
16129,POS消费,地点1961,超市,2015/03/22 12:11:46,50.0,64.89
16129,POS消费,地点1961,超市,2015/03/22 12:11:49,0.6,64.29
16129,POS消费,地点1842,开水,2015/03/22 13:21:22,0.14,64.15
16129,POS消费,地点319,淋浴,2015/03/22 22:33:02,1.0,63.15
16129,POS消费,地点21,开水,2015/03/23 08:00:19,3.0,60.15
16129,POS消费,地点72,食堂,2015/03/23 08:00:56,1.4,58.75
16129,POS消费,地点677,开水,2015/03/23 08:18:41,0.01,58.74
16129,POS消费,地点232,食堂,2015/03/23 11:05:34,7.0,51.74
16129,POS消费,地点673,开水,2015/03/23 15:58:40,0.01,51.73
16129,POS消费,地点87,食堂,2015/03/23 17:49:01,4.2,47.53
16129,POS消费,地点61,食堂,2015/03/23 17:50:03,3.9,43.63
16129,POS消费,地点1842,开水,2015/03/23 23:25:42,0.08,43.54
16129,POS消费,地点423,开水,2015/03/23 23:50:29,0.01,43.62
16129,POS消费,地点6,淋浴,2015/03/24 08:23:50,8.0,35.54
16129,POS消费,地点21,开水,2015/03/24 08:40:11,3.0,32.54
16129,POS消费,地点787,开水,2015/03/24 08:54:30,0.01,32.53
16129,POS消费,地点678,开水,2015/03/24 10:04:58,0.01,32.52
16129,POS消费,地点233,食堂,2015/03/24 12:08:00,4.7,27.82
16129,POS消费,地点814,开水,2015/03/24 16:09:13,0.01,27.81
16129,POS消费,地点814,开水,2015/03/24 17:10:00,0.01,27.8
16129,POS消费,地点21,开水,2015/03/24 18:06:02,8.8,19.0
16129,POS消费,地点363,淋浴,2015/03/24 19:51:26,1.3,17.7
16129,POS消费,地点423,开水,2015/03/24 20:14:45,0.01,17.69
16129,POS消费,地点1198,洗衣房,2015/03/24 20:38:04,3.6,14.09
16129,POS消费,地点1198,洗衣房,2015/03/24 20:58:40,-2.34,16.43
16129,POS消费,地点1198,洗衣房,2015/03/24 20:58:53,3.6,12.83
16129,POS消费,地点1198,洗衣房,2015/03/24 21:39:42,-1.14,13.96
16129,POS消费,地点423,开水,2015/03/24 22:38:21,0.01,12.82
16129,POS消费,地点423,开水,2015/03/24 23:11:33,0.01,13.95
16129,POS消费,地点423,开水,2015/03/24 23:21:02,0.01,13.94
16129,POS消费,地点21,开水,2015/03/25 07:57:34,2.5,11.44
16129,POS消费,地点184,食堂,2015/03/25 08:03:57,1.4,110.04
16129,POS消费,地点673,开水,2015/03/25 08:16:04,0.01,110.03
16129,支付领取,,,2015/03/25 08:32:41,100.0,111.44
16129,POS消费,地点673,开水,2015/03/25 09:20:14,0.01,110.02
16129,POS消费,地点674,开水,2015/03/25 10:09:05,0.01,110.01
16129,POS消费,地点464,淋浴,2015/03/25 10:52:25,1.6,51.3
16129,POS消费,地点225,食堂,2015/03/25 12:10:13,5.9,104.11
16129,POS消费,地点182,食堂,2015/03/25 17:56:17,6.2,97.91
16129,POS消费,地点195,超市,2015/03/25 18:18:22,14.5,83.41
16129,POS消费,地点423,开水,2015/03/25 19:48:34,0.01,83.4
16129,POS消费,地点21,开水,2015/03/26 07:59:30,3.0,80.4
16129,POS消费,地点21,开水,2015/03/26 08:12:27,1.6,78.8
16129,POS消费,地点677,开水,2015/03/26 08:21:16,0.01,78.79
16129,POS消费,地点677,开水,2015/03/26 08:58:23,0.01,78.78
16129,POS消费,地点565,开水,2015/03/26 10:09:24,0.01,78.77
16129,POS消费,地点565,开水,2015/03/26 11:08:11,0.01,78.76
16129,POS消费,地点225,食堂,2015/03/26 12:07:28,5.9,72.86
16129,POS消费,地点423,开水,2015/03/26 13:20:13,0.01,72.85
16129,POS消费,地点195,超市,2015/03/26 18:12:41,8.3,64.55
16129,POS消费,地点363,淋浴,2015/03/26 22:23:41,1.2,63.35
16129,POS消费,地点21,开水,2015/03/27 08:11:31,2.5,60.85
16129,POS消费,地点21,开水,2015/03/27 08:23:07,1.4,59.45
16129,POS消费,地点836,开水,2015/03/27 09:10:59,0.01,59.44
16129,POS消费,地点836,开水,2015/03/27 10:23:18,0.01,59.43
16129,POS消费,地点21,开水,2015/03/27 11:20:37,8.6,50.83
16129,POS消费,地点423,开水,2015/03/27 11:41:01,0.01,50.82
16129,POS消费,地点423,开水,2015/03/27 18:53:09,0.01,50.81
16129,POS消费,地点1520,淋浴,2015/03/27 23:37:18,0.6,50.21
16129,POS消费,地点21,开水,2015/03/28 09:03:21,2.0,48.21
16129,POS消费,地点161,食堂,2015/03/28 09:08:10,0.8,47.41
16129,POS消费,地点673,开水,2015/03/28 09:22:16,0.01,47.4
16129,POS消费,地点673,开水,2015/03/28 10:51:56,0.01,47.39
16129,POS消费,地点21,开水,2015/03/28 11:28:35,14.74,32.65
16129,POS消费,地点243,食堂,2015/03/28 11:29:17,2.53,30.12
16129,POS消费,地点423,开水,2015/03/28 13:09:31,0.01,30.11
16129,POS消费,地点1198,洗衣房,2015/03/28 20:46:31,3.6,26.51
16129,POS消费,地点363,淋浴,2015/03/28 21:13:34,0.6,25.91
16129,POS消费,地点1842,开水,2015/03/28 21:25:38,0.08,25.83
16129,POS消费,地点1198,洗衣房,2015/03/28 21:27:24,-1.14,26.97
16129,POS消费,地点21,开水,2015/03/29 08:32:52,2.5,24.47
16129,POS消费,地点69,食堂,2015/03/29 08:35:50,1.4,23.07
16129,POS消费,地点673,开水,2015/03/29 08:53:03,0.01,23.06
16129,POS消费,地点673,开水,2015/03/29 10:05:15,0.01,23.05
16129,POS消费,地点2172,文印中心,2015/03/29 11:29:59,0.06,122.99
16129,支付领取,,,2015/03/29 11:35:54,100.0,123.05
16129,POS消费,地点423,开水,2015/03/29 12:12:27,0.01,122.98
16129,POS消费,地点21,开水,2015/03/29 17:23:24,4.2,118.78
16129,POS消费,地点387,淋浴,2015/03/29 22:14:11,0.1,118.68
16129,POS消费,地点494,淋浴,2015/03/29 22:14:31,1.3,117.38
16129,POS消费,地点1842,开水,2015/03/29 22:52:02,0.08,117.3
16129,POS消费,地点21,开水,2015/03/30 07:53:54,2.0,115.3
16129,POS消费,地点72,食堂,2015/03/30 07:56:19,1.4,113.9
16129,POS消费,地点677,开水,2015/03/30 08:13:34,0.01,113.89
16129,POS消费,地点677,开水,2015/03/30 08:13:50,0.01,113.88
16129,POS消费,地点423,开水,2015/03/30 12:21:30,0.01,113.87
16129,POS消费,地点673,开水,2015/03/30 16:22:13,0.01,113.86
16129,POS消费,地点243,食堂,2015/03/30 18:03:17,2.53,111.33
16129,POS消费,地点363,淋浴,2015/03/30 22:39:46,0.8,110.53
16129,POS消费,地点21,开水,2015/03/31 08:17:24,2.5,108.03
16129,POS消费,地点184,食堂,2015/03/31 08:20:32,1.4,106.63
16129,POS消费,地点677,开水,2015/03/31 08:40:42,0.01,106.62
16129,POS消费,地点677,开水,2015/03/31 09:37:51,0.01,106.61
16129,POS消费,地点225,食堂,2015/03/31 12:08:06,4.7,101.91
16129,POS消费,地点814,开水,2015/03/31 16:00:44,0.01,101.9
16129,POS消费,地点21,开水,2015/03/31 17:47:01,15.0,86.9
16129,POS消费,地点21,开水,2015/03/31 18:30:42,3.8,83.1
16129,POS消费,地点363,淋浴,2015/03/31 20:02:30,1.5,81.6
16129,POS消费,地点1188,洗衣房,2015/03/31 20:43:51,3.6,77.99
16129,POS消费,地点423,开水,2015/04/01 03:52:02,0.01,81.59
16129,POS消费,地点21,开水,2015/04/01 07:54:28,2.0,75.99
16129,POS消费,地点72,食堂,2015/04/01 07:57:43,1.6,74.39
16129,POS消费,地点680,开水,2015/04/01 08:13:14,0.01,74.38
16129,POS消费,地点676,开水,2015/04/01 10:12:21,0.01,74.37
16129,POS消费,地点233,食堂,2015/04/01 12:09:32,5.7,68.67
16129,POS消费,地点1842,开水,2015/04/01 12:59:55,0.08,68.59
16129,POS消费,地点1842,开水,2015/04/01 14:21:12,0.01,68.58
16129,POS消费,地点83,食堂,2015/04/01 14:25:42,2.9,65.68
16129,POS消费,地点21,开水,2015/04/01 17:11:50,8.4,57.28
16129,POS消费,地点361,淋浴,2015/04/01 22:28:04,0.7,56.58
16129,POS消费,地点1842,开水,2015/04/01 22:47:10,0.07,56.51
16129,POS消费,地点21,开水,2015/04/02 07:53:54,2.5,54.01
16129,POS消费,地点69,食堂,2015/04/02 07:57:25,1.8,52.21
16129,POS消费,地点677,开水,2015/04/02 08:17:30,0.01,52.2
16129,POS消费,地点831,开水,2015/04/02 09:13:22,0.01,52.19
16129,POS消费,地点677,开水,2015/04/02 10:03:31,0.01,52.18
16129,POS消费,地点233,食堂,2015/04/02 12:06:28,4.9,47.28
16129,POS消费,地点2107,食堂,2015/04/02 12:08:06,1.5,45.78
16129,POS消费,地点681,开水,2015/04/02 16:06:20,0.01,45.77
16129,POS消费,地点83,食堂,2015/04/02 16:13:23,2.9,42.87
16129,POS消费,地点363,淋浴,2015/04/02 22:14:27,1.4,41.47
16129,POS消费,地点423,开水,2015/04/02 22:22:37,0.01,41.46
16129,POS消费,地点21,开水,2015/04/03 08:34:00,2.0,39.46
16129,POS消费,地点69,食堂,2015/04/03 08:39:41,1.8,137.66
16129,POS消费,地点160,开水,2015/04/03 08:57:06,0.01,137.65
16129,支付领取,,,2015/04/03 09:11:21,100.0,139.46
16129,POS消费,地点423,开水,2015/04/03 12:32:24,0.01,137.64
16129,POS消费,地点1188,洗衣房,2015/04/03 22:20:19,3.6,134.04
16129,POS消费,地点363,淋浴,2015/04/03 22:35:41,0.6,133.44
16129,POS消费,地点1188,洗衣房,2015/04/03 23:05:55,-0.84,134.28
16129,POS消费,地点21,开水,2015/04/04 08:21:11,2.0,132.28
16129,POS消费,地点72,食堂,2015/04/04 08:27:24,1.8,130.48
16129,POS消费,地点423,开水,2015/04/04 08:42:18,0.01,130.47
16129,POS消费,地点423,开水,2015/04/04 12:29:03,0.01,130.46
16129,POS消费,地点1961,超市,2015/04/04 17:16:01,6.5,123.96
16129,POS消费,地点423,开水,2015/04/04 19:07:16,0.01,123.95
16129,POS消费,地点363,淋浴,2015/04/04 20:29:43,0.5,123.45
16129,POS消费,地点222,校车,2015/04/05 18:08:45,1.0,122.45
16129,POS消费,地点211,校车,2015/04/05 18:52:41,1.0,121.45
16129,POS消费,地点423,开水,2015/04/05 19:24:42,0.01,121.44
16129,POS消费,地点423,开水,2015/04/05 22:02:45,0.01,121.43
16129,POS消费,地点423,开水,2015/04/05 23:07:26,0.01,121.42
16129,POS消费,地点361,淋浴,2015/04/05 23:26:27,0.4,121.02
16129,POS消费,地点21,开水,2015/04/06 08:57:30,2.0,119.02
16129,POS消费,地点69,食堂,2015/04/06 09:01:05,1.8,117.22
16129,POS消费,地点677,开水,2015/04/06 09:21:27,0.01,117.21
16129,POS消费,地点423,开水,2015/04/06 16:20:42,0.01,117.2
16129,POS消费,地点423,开水,2015/04/06 19:17:28,0.01,117.19
16129,POS消费,地点363,淋浴,2015/04/06 21:00:50,0.5,116.69
16129,POS消费,地点21,开水,2015/04/07 08:03:29,2.0,114.69
16129,POS消费,地点184,食堂,2015/04/07 08:08:16,1.4,113.29
16129,POS消费,地点677,开水,2015/04/07 08:24:05,0.01,113.28
16129,POS消费,地点677,开水,2015/04/07 09:11:58,0.01,113.27
16129,POS消费,地点677,开水,2015/04/07 09:32:30,0.01,113.26
16129,POS消费,地点677,开水,2015/04/07 09:55:08,0.01,113.25
16129,POS消费,地点255,食堂,2015/04/07 12:05:50,5.7,107.55
16129,POS消费,地点219,超市,2015/04/07 14:26:00,3.0,104.55
16129,POS消费,地点814,开水,2015/04/07 16:04:05,0.01,104.54
16129,POS消费,地点21,开水,2015/04/07 17:46:51,15.0,89.54
16129,POS消费,地点423,开水,2015/04/07 18:57:50,0.01,89.53
16129,POS消费,地点387,淋浴,2015/04/07 19:37:05,0.1,89.43
16129,POS消费,地点494,淋浴,2015/04/07 19:37:09,0.1,89.33
16129,POS消费,地点1520,淋浴,2015/04/07 19:37:27,1.6,87.73
16129,POS消费,地点1188,洗衣房,2015/04/07 20:15:20,3.6,84.13
16129,POS消费,地点423,开水,2015/04/07 20:41:01,0.01,84.12
16129,POS消费,地点21,开水,2015/04/08 07:53:25,2.0,82.12
16129,POS消费,地点69,食堂,2015/04/08 07:57:08,1.7,80.42
16129,POS消费,地点673,开水,2015/04/08 08:13:52,0.01,80.41
16129,POS消费,地点673,开水,2015/04/08 09:23:01,0.01,80.4
16129,POS消费,地点304,超市,2015/04/08 10:13:37,2.0,78.4
16129,POS消费,地点676,开水,2015/04/08 10:20:12,0.01,78.39
16129,POS消费,地点255,食堂,2015/04/08 12:06:40,6.9,71.49
16129,POS消费,地点21,开水,2015/04/08 18:06:53,19.92,51.57
16129,POS消费,地点243,食堂,2015/04/08 18:07:26,2.53,49.04
16129,POS消费,地点423,开水,2015/04/08 19:11:56,0.01,49.03
16129,POS消费,地点1520,淋浴,2015/04/08 22:31:30,0.9,48.13
16129,POS消费,地点21,开水,2015/04/09 08:37:36,2.0,46.13
16129,POS消费,地点65,食堂,2015/04/09 08:39:25,0.6,45.53
16129,POS消费,地点677,开水,2015/04/09 08:52:24,0.01,45.52
16129,POS消费,地点677,开水,2015/04/09 09:47:19,0.01,45.51
16129,POS消费,地点233,食堂,2015/04/09 12:07:25,6.7,38.81
16129,POS消费,地点83,食堂,2015/04/09 13:43:58,3.7,35.11
16129,POS消费,地点26,图书馆,2015/04/09 16:15:33,13.58,21.53
16129,POS消费,地点1842,开水,2015/04/09 17:52:37,0.08,21.45
16129,POS消费,地点494,淋浴,2015/04/09 22:23:54,0.1,21.35
16129,POS消费,地点387,淋浴,2015/04/09 22:24:23,0.1,21.25
16129,POS消费,地点1520,淋浴,2015/04/09 22:31:02,1.3,19.95
16129,POS消费,地点423,开水,2015/04/10 11:21:24,0.01,19.94
16129,POS消费,地点363,淋浴,2015/04/10 23:07:43,0.6,19.34
16129,POS消费,地点21,开水,2015/04/11 08:23:42,2.0,117.34
16129,POS消费,地点65,食堂,2015/04/11 08:25:14,0.6,116.74
16129,POS消费,地点677,开水,2015/04/11 08:38:49,0.01,116.73
16129,POS消费,地点677,开水,2015/04/11 08:40:25,0.01,116.72
16129,POS消费,地点677,开水,2015/04/11 08:44:00,0.01,116.71
16129,支付领取,,,2015/04/11 09:02:20,100.0,119.34
16129,POS消费,地点677,开水,2015/04/11 09:03:00,0.01,116.7
16129,POS消费,地点677,开水,2015/04/11 10:48:43,0.01,116.69
16129,POS消费,地点677,开水,2015/04/11 11:49:01,0.01,116.68
16129,POS消费,地点677,开水,2015/04/11 11:49:15,0.01,116.67
16129,POS消费,地点72,食堂,2015/04/11 12:40:19,4.4,112.27
16129,POS消费,地点423,开水,2015/04/11 13:00:35,0.01,112.26
16129,POS消费,地点1451,校车,2015/04/11 15:57:55,1.0,111.26
16129,POS消费,地点2119,食堂,2015/04/11 17:08:03,1.63,109.63
16129,POS消费,地点1198,洗衣房,2015/04/11 19:47:33,3.6,106.03
16129,POS消费,地点1188,洗衣房,2015/04/11 19:49:27,3.6,102.43
16129,POS消费,地点1188,洗衣房,2015/04/11 20:43:25,-0.36,102.79
16129,POS消费,地点1198,洗衣房,2015/04/11 20:43:26,-0.24,103.03
16129,POS消费,地点1842,开水,2015/04/11 22:22:51,0.08,102.95
16129,POS消费,地点319,淋浴,2015/04/11 23:07:20,0.1,102.85
16129,POS消费,地点319,淋浴,2015/04/11 23:08:16,1.0,101.85
16129,POS消费,地点21,开水,2015/04/12 08:36:20,2.0,99.85
16129,POS消费,地点72,食堂,2015/04/12 08:40:18,1.4,98.45
16129,POS消费,地点677,开水,2015/04/12 09:08:21,0.01,98.44
16129,POS消费,地点677,开水,2015/04/12 09:09:03,0.01,98.43
16129,POS消费,地点677,开水,2015/04/12 09:38:17,0.01,98.42
16129,POS消费,地点677,开水,2015/04/12 10:02:37,0.01,98.41
16129,POS消费,地点677,开水,2015/04/12 10:47:11,0.01,98.4
16129,POS消费,地点72,食堂,2015/04/12 11:04:15,4.4,94.0
16129,POS消费,地点161,食堂,2015/04/12 11:04:23,1.2,92.8
16129,POS消费,地点1188,洗衣房,2015/04/12 12:01:48,3.6,89.2
16129,POS消费,地点1184,洗衣房,2015/04/12 12:02:17,3.6,85.6
16129,POS消费,地点423,开水,2015/04/12 12:09:22,0.01,85.59
16129,POS消费,地点1184,洗衣房,2015/04/12 12:47:21,-0.9,86.49
16129,POS消费,地点1188,洗衣房,2015/04/12 12:47:27,-0.84,87.33
16129,POS消费,地点2119,食堂,2015/04/12 17:07:19,1.63,85.7
16129,POS消费,地点363,淋浴,2015/04/12 21:42:55,1.5,84.2
16129,POS消费,地点423,开水,2015/04/12 22:45:29,0.01,84.19
16129,POS消费,地点677,开水,2015/04/13 08:28:00,0.01,84.18
16129,POS消费,地点21,开水,2015/04/13 11:04:28,15.0,69.18
16129,POS消费,地点1155,食堂,2015/04/13 11:49:55,5.0,64.18
16129,POS消费,地点188,超市,2015/04/13 18:07:24,15.3,48.88
16129,POS消费,地点2119,食堂,2015/04/13 18:17:05,1.63,47.25
16129,POS消费,地点423,开水,2015/04/13 22:56:57,0.01,47.24
16129,POS消费,地点423,开水,2015/04/14 08:20:52,0.01,46.83
16129,POS消费,地点677,开水,2015/04/14 10:01:44,0.01,46.82
16129,POS消费,地点225,食堂,2015/04/14 12:13:39,3.7,43.12
16129,POS消费,地点814,开水,2015/04/14 16:05:31,0.01,43.11
16129,POS消费,地点192,超市,2015/04/14 18:03:07,6.5,36.61
16129,POS消费,地点21,开水,2015/04/14 18:07:29,3.0,33.61
16129,POS消费,地点387,淋浴,2015/04/14 22:12:59,0.1,33.51
16129,POS消费,地点318,淋浴,2015/04/14 22:13:25,1.6,31.91
16129,POS消费,地点423,开水,2015/04/14 22:56:06,0.01,31.9
16129,POS消费,地点676,开水,2015/04/15 10:13:01,0.01,31.89
16129,POS消费,地点225,食堂,2015/04/15 12:09:26,5.7,26.19
16129,POS消费,地点1198,洗衣房,2015/04/15 12:49:52,3.6,22.59
16129,POS消费,地点423,开水,2015/04/15 12:52:21,0.01,22.58
16129,POS消费,地点1198,洗衣房,2015/04/15 13:44:26,-0.3,22.88
16129,POS消费,地点243,食堂,2015/04/15 17:10:29,2.53,120.35
16129,POS消费,地点21,开水,2015/04/15 17:11:34,3.0,117.35
16129,POS消费,地点2172,文印中心,2015/04/15 17:26:03,9.45,107.9
16129,支付领取,,,2015/04/15 17:49:24,100.0,122.88
16129,POS消费,地点423,开水,2015/04/15 23:12:53,0.01,107.49
16129,POS消费,地点423,开水,2015/04/16 08:26:15,0.01,107.48
16129,POS消费,地点678,开水,2015/04/16 11:06:23,0.01,107.47
16129,POS消费,地点255,食堂,2015/04/16 12:08:05,5.7,101.77
16129,POS消费,地点21,开水,2015/04/16 16:11:43,20.05,81.72
16129,POS消费,地点423,开水,2015/04/16 16:49:29,0.01,81.71
16129,POS消费,地点192,超市,2015/04/16 21:10:46,9.0,72.71
16129,POS消费,地点1520,淋浴,2015/04/16 22:36:18,1.2,71.51
16129,POS消费,地点423,开水,2015/04/16 23:07:08,0.01,71.5
16129,POS消费,地点21,开水,2015/04/17 07:59:15,2.5,269.0
16129,POS消费,地点72,食堂,2015/04/17 08:03:18,2.2,266.8
16129,POS消费,地点677,开水,2015/04/17 08:20:16,0.01,266.79
16129,支付领取,,,2015/04/17 08:39:14,100.0,171.5
16129,支付领取,,,2015/04/17 08:39:18,100.0,271.5
16129,POS消费,地点677,开水,2015/04/17 10:56:19,0.01,266.78
16129,POS消费,地点677,开水,2015/04/17 11:32:39,0.01,266.77
16129,POS消费,地点72,食堂,2015/04/17 12:35:19,4.4,262.37
16129,POS消费,地点423,开水,2015/04/17 18:00:53,0.01,262.36
16129,POS消费,地点363,淋浴,2015/04/17 23:57:52,0.6,261.76
16129,POS消费,地点21,开水,2015/04/18 08:19:11,2.5,259.26
16129,POS消费,地点72,食堂,2015/04/18 08:23:31,2.2,257.06
16129,POS消费,地点677,开水,2015/04/18 08:41:33,0.01,257.05
16129,POS消费,地点677,开水,2015/04/18 10:49:13,0.01,257.04
16129,POS消费,地点83,食堂,2015/04/18 12:40:15,2.5,254.54
16129,POS消费,地点1842,开水,2015/04/18 12:48:59,0.08,254.46
16129,POS消费,地点423,开水,2015/04/18 19:13:41,0.01,254.45
16129,POS消费,地点363,淋浴,2015/04/18 22:44:27,1.6,252.85
16129,POS消费,地点21,开水,2015/04/19 08:40:08,2.5,250.35
16129,POS消费,地点72,食堂,2015/04/19 08:43:09,2.2,248.15
16129,POS消费,地点677,开水,2015/04/19 09:02:07,0.01,248.14
16129,POS消费,地点677,开水,2015/04/19 09:46:33,0.01,248.13
16129,POS消费,地点677,开水,2015/04/19 11:01:03,0.01,248.12
16129,POS消费,地点677,开水,2015/04/19 11:51:00,0.01,248.11
16129,POS消费,地点423,开水,2015/04/19 13:15:09,0.01,243.7
16129,POS消费,地点1198,洗衣房,2015/04/19 13:29:23,3.6,240.1
16129,POS消费,地点1997,食堂,2015/04/19 13:46:10,4.4,243.71
16129,POS消费,地点1520,淋浴,2015/04/19 22:53:02,0.6,239.5
16129,POS消费,地点423,开水,2015/04/19 22:59:48,0.01,239.49
16129,POS消费,地点423,开水,2015/04/20 10:22:59,0.01,239.48
16129,POS消费,地点21,开水,2015/04/20 11:32:24,7.1,232.38
16129,POS消费,地点21,开水,2015/04/20 11:50:30,20.8,211.58
16129,POS消费,地点680,开水,2015/04/20 16:09:17,0.01,211.57
16129,POS消费,地点26,图书馆,2015/04/20 18:08:31,10.3,201.27
16129,POS消费,地点21,开水,2015/04/20 20:51:05,8.0,193.27
16129,POS消费,地点363,淋浴,2015/04/20 22:17:21,0.1,193.17
16129,POS消费,地点1520,淋浴,2015/04/20 22:18:39,1.4,191.77
16129,POS消费,地点423,开水,2015/04/20 22:58:16,0.01,191.76
16129,POS消费,地点677,开水,2015/04/21 08:37:57,0.01,191.75
16129,POS消费,地点677,开水,2015/04/21 09:54:24,0.01,191.74
16129,POS消费,地点233,食堂,2015/04/21 12:08:50,4.7,187.04
16129,POS消费,地点233,食堂,2015/04/21 12:09:22,7.7,179.34
16129,POS消费,地点423,开水,2015/04/21 12:55:26,0.01,179.33
16129,POS消费,地点219,超市,2015/04/21 14:26:37,4.0,175.33
16129,POS消费,地点192,超市,2015/04/21 16:28:00,4.0,171.33
16129,POS消费,地点21,开水,2015/04/21 16:31:20,7.5,163.83
16129,POS消费,地点1369,淋浴,2015/04/21 22:48:55,0.6,163.23
16129,POS消费,地点674,开水,2015/04/22 10:12:39,0.01,163.22
16129,POS消费,地点225,食堂,2015/04/22 12:10:28,3.7,159.52
16129,POS消费,地点307,食堂,2015/04/22 12:11:06,4.14,155.38
16129,POS消费,地点423,开水,2015/04/22 13:25:05,0.01,155.37
16129,POS消费,地点192,超市,2015/04/22 18:23:00,28.1,127.27
16129,POS消费,地点1520,淋浴,2015/04/22 22:06:08,1.7,125.57
16129,POS消费,地点21,开水,2015/04/23 07:47:31,2.5,123.07
16129,POS消费,地点72,食堂,2015/04/23 07:48:49,2.2,120.87
16129,POS消费,地点677,开水,2015/04/23 08:08:01,0.01,120.86
16129,POS消费,地点677,开水,2015/04/23 09:19:10,0.01,120.85
16129,POS消费,地点677,开水,2015/04/23 09:59:41,0.01,120.84
16129,POS消费,地点678,开水,2015/04/23 11:05:55,0.01,120.83
16129,POS消费,地点233,食堂,2015/04/23 12:09:31,7.7,113.13
16129,POS消费,地点423,开水,2015/04/23 12:41:48,0.01,113.12
16129,POS消费,地点83,食堂,2015/04/23 16:10:59,5.5,107.62
16129,POS消费,地点21,开水,2015/04/23 20:53:34,8.0,99.62
16129,POS消费,地点423,开水,2015/04/23 22:28:06,0.01,99.61
16129,POS消费,地点836,开水,2015/04/24 08:45:50,0.01,99.2
16129,POS消费,地点836,开水,2015/04/24 08:59:54,0.01,99.19
16129,POS消费,地点836,开水,2015/04/24 09:45:34,0.01,99.18
16129,POS消费,地点836,开水,2015/04/24 10:36:38,0.01,99.17
16129,POS消费,地点836,开水,2015/04/24 11:37:00,0.01,99.16
16129,POS消费,地点1997,食堂,2015/04/24 13:47:23,4.4,94.76
16129,POS消费,地点118,食堂,2015/04/24 18:19:11,18.0,76.76
16129,POS消费,地点1520,淋浴,2015/04/24 21:25:15,1.8,74.96
16129,POS消费,地点423,开水,2015/04/24 22:13:49,0.01,74.95
16129,POS消费,地点423,开水,2015/04/25 09:11:58,0.01,74.94
16129,POS消费,地点221,校车,2015/04/25 10:23:25,4.0,68.04
16129,POS消费,地点83,食堂,2015/04/25 10:32:11,2.9,72.04
16129,POS消费,地点91,校车,2015/04/25 12:05:01,5.0,63.04
16129,POS消费,地点21,开水,2015/04/25 12:06:23,1.0,59.54
16129,POS消费,地点91,校车,2015/04/25 12:07:36,2.5,60.54
16129,POS消费,地点26,图书馆,2015/04/25 14:34:43,1.2,58.34
16129,POS消费,地点1542,校车,2015/04/25 16:44:46,4.0,54.34
16129,POS消费,地点423,开水,2015/04/25 22:36:05,0.01,54.33
16129,POS消费,地点21,开水,2015/04/26 08:27:42,2.5,51.53
16129,POS消费,地点161,食堂,2015/04/26 08:29:52,1.63,49.9
16129,POS消费,地点161,食堂,2015/04/26 08:30:28,0.83,49.07
16129,POS消费,地点1194,洗衣房,2015/04/26 11:38:48,3.6,45.47
16129,POS消费,地点1842,开水,2015/04/26 11:45:08,0.08,45.39
16129,POS消费,地点1842,开水,2015/04/26 11:45:15,0.08,45.31
16129,卡充值,,,2015/04/26 16:42:39,150.0,195.31
16129,POS消费,地点1961,超市,2015/04/26 16:52:04,42.4,152.91
16129,POS消费,地点1961,超市,2015/04/26 16:52:14,19.5,133.41
16129,POS消费,地点363,淋浴,2015/04/26 22:33:46,1.2,132.21
16129,POS消费,地点1842,开水,2015/04/26 23:17:54,0.08,132.13
16129,POS消费,地点677,开水,2015/04/27 08:29:12,0.01,132.12
16129,POS消费,地点423,开水,2015/04/27 10:51:59,0.01,132.11
16129,POS消费,地点91,校车,2015/04/27 11:23:23,6.1,126.01
16129,POS消费,地点21,开水,2015/04/27 11:41:55,8.0,118.01
16129,POS消费,地点21,开水,2015/04/27 18:07:39,3.8,114.21
16129,POS消费,地点83,食堂,2015/04/27 21:12:09,3.2,111.01
16129,POS消费,地点1520,淋浴,2015/04/27 23:09:24,0.6,110.41
16129,POS消费,地点423,开水,2015/04/28 03:37:13,0.01,110.4
16129,POS消费,地点21,开水,2015/04/28 07:54:09,2.5,107.9
16129,POS消费,地点161,食堂,2015/04/28 07:57:43,1.6,106.3
16129,POS消费,地点677,开水,2015/04/28 08:18:31,0.01,106.29
16129,POS消费,地点677,开水,2015/04/28 09:13:00,0.01,106.28
16129,POS消费,地点678,开水,2015/04/28 10:16:26,0.01,106.27
16129,POS消费,地点225,食堂,2015/04/28 12:09:45,5.7,100.57
16129,POS消费,地点689,开水,2015/04/28 16:00:07,0.01,100.56
16129,POS消费,地点21,开水,2015/04/28 17:42:39,15.0,85.56
16129,POS消费,地点21,开水,2015/04/28 20:55:37,8.0,77.56
16129,POS消费,地点1520,淋浴,2015/04/28 21:59:29,1.5,76.06
16129,POS消费,地点423,开水,2015/04/29 01:30:00,0.01,76.05
16129,POS消费,地点21,开水,2015/04/29 07:53:39,5.0,71.05
16129,POS消费,地点69,食堂,2015/04/29 07:55:46,2.6,68.45
16129,POS消费,地点680,开水,2015/04/29 08:10:40,0.01,68.44
16129,POS消费,地点676,开水,2015/04/29 10:12:41,0.01,68.43
16129,POS消费,地点233,食堂,2015/04/29 12:06:32,6.9,61.53
16129,POS消费,地点21,开水,2015/04/29 17:55:23,6.0,55.53
16129,POS消费,地点1188,洗衣房,2015/04/29 18:01:49,3.6,51.93
16129,POS消费,地点21,开水,2015/04/30 08:14:30,2.0,49.32
16129,POS消费,地点184,食堂,2015/04/30 08:17:19,1.6,47.72
16129,POS消费,地点677,开水,2015/04/30 08:39:22,0.01,47.71
16129,POS消费,地点677,开水,2015/04/30 09:58:24,0.01,47.7
16129,POS消费,地点182,食堂,2015/04/30 12:11:31,5.9,41.8
16129,POS消费,地点423,开水,2015/04/30 13:19:17,0.01,51.92
16129,POS消费,地点2172,文印中心,2015/04/30 13:27:35,0.9,40.9
16129,POS消费,地点26,图书馆,2015/04/30 16:20:27,3.8,37.1
16129,POS消费,地点21,开水,2015/04/30 17:03:46,11.0,26.1
16129,POS消费,地点423,开水,2015/04/30 17:39:30,0.01,26.09
16129,POS消费,地点1520,淋浴,2015/04/30 23:13:36,1.8,24.29
16129,POS消费,地点1842,开水,2015/05/01 00:08:47,0.05,24.24
16129,POS消费,地点1842,开水,2015/05/01 09:03:53,0.08,24.16
16129,POS消费,地点1198,洗衣房,2015/05/01 09:21:51,3.6,20.56
16129,卡充值,,,2015/05/01 10:01:10,200.0,220.56
16129,POS消费,地点222,校车,2015/05/01 11:34:47,1.0,219.56
16129,POS消费,地点192,超市,2015/05/01 13:57:17,6.0,213.56
16129,POS消费,地点21,开水,2015/05/01 14:01:23,3.0,210.56
16129,POS消费,地点21,开水,2015/05/01 17:04:21,30.0,180.56
16129,POS消费,地点423,开水,2015/05/01 21:56:53,0.01,180.55
16129,POS消费,地点1520,淋浴,2015/05/01 22:40:11,1.5,179.05
16129,POS消费,地点1998,食堂,2015/05/02 08:34:46,1.5,177.55
16129,POS消费,地点83,食堂,2015/05/02 08:39:20,4.5,173.05
16129,POS消费,地点790,开水,2015/05/02 08:46:26,0.01,173.04
16129,POS消费,地点790,开水,2015/05/02 11:24:08,0.01,173.03
16129,POS消费,地点83,食堂,2015/05/02 12:39:00,7.5,165.53
16129,POS消费,地点21,开水,2015/05/02 17:31:12,19.0,146.53
16129,POS消费,地点1520,淋浴,2015/05/02 23:45:26,0.5,146.03
16129,POS消费,地点1409,食堂,2015/05/03 08:16:09,2.0,144.03
16129,POS消费,地点83,食堂,2015/05/03 08:23:47,3.2,140.83
16129,POS消费,地点790,开水,2015/05/03 08:30:35,0.01,140.82
16129,POS消费,地点790,开水,2015/05/03 09:18:07,0.01,140.81
16129,POS消费,地点790,开水,2015/05/03 10:19:24,0.01,140.8
16129,POS消费,地点790,开水,2015/05/03 10:46:06,0.01,140.79
16129,POS消费,地点790,开水,2015/05/03 11:37:01,0.01,140.78
16129,POS消费,地点1961,超市,2015/05/03 12:35:41,6.5,134.28
16129,POS消费,地点423,开水,2015/05/03 14:30:15,0.01,134.27
16129,POS消费,地点192,超市,2015/05/03 17:50:14,15.6,118.67
16129,POS消费,地点423,开水,2015/05/03 19:12:07,0.01,118.66
16129,POS消费,地点1520,淋浴,2015/05/03 21:20:58,1.5,117.16
16129,POS消费,地点21,开水,2015/05/04 07:53:17,2.0,115.16
16129,POS消费,地点677,开水,2015/05/04 08:13:00,0.01,113.45
16129,POS消费,地点1997,食堂,2015/05/04 09:10:05,1.7,113.46
16129,POS消费,地点1188,洗衣房,2015/05/04 10:59:30,3.6,109.85
16129,POS消费,地点21,开水,2015/05/04 11:38:10,6.1,103.75
16129,POS消费,地点423,开水,2015/05/04 15:47:24,0.01,103.74
16129,POS消费,地点1961,超市,2015/05/04 17:46:32,16.9,86.84
16129,POS消费,地点21,开水,2015/05/05 07:53:32,2.5,83.84
16129,POS消费,地点72,食堂,2015/05/05 07:56:01,2.2,81.64
16129,POS消费,地点677,开水,2015/05/05 08:11:57,0.01,81.63
16129,POS消费,地点831,开水,2015/05/05 10:01:25,0.01,81.62
16129,POS消费,地点225,食堂,2015/05/05 12:08:00,3.7,77.92
16129,POS消费,地点219,超市,2015/05/05 14:41:42,3.0,74.92
16129,POS消费,地点795,开水,2015/05/05 15:43:01,0.01,74.91
16129,POS消费,地点689,开水,2015/05/05 17:08:01,0.01,74.9
16129,POS消费,地点21,开水,2015/05/05 17:45:04,15.0,59.9
16129,POS消费,地点387,淋浴,2015/05/05 22:20:12,1.5,58.4
16129,POS消费,地点423,开水,2015/05/05 22:45:55,0.01,58.39
16129,POS消费,地点21,开水,2015/05/06 07:51:09,2.5,55.89
16129,POS消费,地点72,食堂,2015/05/06 07:54:34,1.6,54.29
16129,POS消费,地点673,开水,2015/05/06 08:14:57,0.01,54.28
16129,POS消费,地点676,开水,2015/05/06 10:09:32,0.01,54.27
16129,POS消费,地点676,开水,2015/05/06 11:08:59,0.01,54.26
16129,POS消费,地点225,食堂,2015/05/06 12:09:32,3.9,50.36
16129,POS消费,地点21,开水,2015/05/06 18:15:23,18.5,31.86
16129,POS消费,地点423,开水,2015/05/06 19:59:10,0.01,31.85
16129,POS消费,地点387,淋浴,2015/05/06 23:32:54,0.5,31.35
16129,POS消费,地点21,开水,2015/05/07 07:52:29,2.5,28.85
16129,POS消费,地点72,食堂,2015/05/07 07:56:41,2.6,126.25
16129,POS消费,地点677,开水,2015/05/07 08:13:59,0.01,126.24
16129,支付领取,,,2015/05/07 08:38:09,100.0,128.85
16129,POS消费,地点677,开水,2015/05/07 09:00:39,0.01,126.23
16129,POS消费,地点677,开水,2015/05/07 09:59:26,0.01,126.22
16129,POS消费,地点26,图书馆,2015/05/07 12:07:18,4.8,121.42
16129,POS消费,地点83,食堂,2015/05/07 13:09:19,6.3,115.12
16129,POS消费,地点83,食堂,2015/05/07 13:09:55,5.0,110.12
16129,POS消费,地点21,开水,2015/05/07 18:24:10,6.6,103.52
16129,POS消费,地点243,食堂,2015/05/07 18:36:13,8.0,95.52
16129,POS消费,地点387,淋浴,2015/05/07 20:52:46,1.2,94.32
16129,POS消费,地点423,开水,2015/05/07 23:30:10,0.01,94.31
16129,POS消费,地点21,开水,2015/05/08 08:02:31,2.5,91.81
16129,POS消费,地点237,食堂,2015/05/08 08:05:56,1.7,90.11
16129,POS消费,地点836,开水,2015/05/08 08:48:25,0.01,90.1
16129,POS消费,地点835,开水,2015/05/08 09:06:01,0.01,90.09
16129,POS消费,地点836,开水,2015/05/08 09:58:28,0.01,90.08
16129,POS消费,地点21,开水,2015/05/08 11:54:33,3.0,87.08
16129,POS消费,地点83,食堂,2015/05/08 14:17:24,4.0,83.08
16129,POS消费,地点423,开水,2015/05/08 17:06:41,0.01,83.07
16129,POS消费,地点21,开水,2015/05/08 17:57:29,7.5,75.57
16129,POS消费,地点21,开水,2015/05/08 18:02:00,11.0,64.57
16129,POS消费,地点387,淋浴,2015/05/08 23:14:03,0.1,64.47
16129,POS消费,地点1842,开水,2015/05/08 23:34:42,0.08,63.99
16129,POS消费,地点21,开水,2015/05/09 07:54:58,2.5,61.49
16129,POS消费,地点72,食堂,2015/05/09 07:57:49,2.2,59.29
16129,POS消费,地点232,食堂,2015/05/09 11:20:25,5.5,53.79
16129,POS消费,地点673,开水,2015/05/09 14:07:01,0.01,53.78
16129,POS消费,地点423,开水,2015/05/09 17:09:26,0.01,53.77
16129,POS消费,地点91,校车,2015/05/09 17:19:37,8.5,45.27
16129,POS消费,地点21,开水,2015/05/09 17:31:48,8.0,37.27
16129,POS消费,地点188,超市,2015/05/09 17:36:35,3.8,33.47
16129,POS消费,地点423,开水,2015/05/10 00:48:32,0.01,33.46
16129,POS消费,地点21,开水,2015/05/10 07:58:33,2.5,30.96
16129,POS消费,地点72,食堂,2015/05/10 08:01:30,2.2,28.76
16129,POS消费,地点794,开水,2015/05/10 08:26:01,0.01,28.75
16129,POS消费,地点91,校车,2015/05/10 11:45:24,6.8,21.95
16129,POS消费,地点26,图书馆,2015/05/10 17:26:21,5.0,16.94
16129,卡充值,,,2015/05/10 17:31:45,200.0,216.94
16129,POS消费,地点21,开水,2015/05/10 17:33:08,11.0,205.94
16129,POS消费,地点423,开水,2015/05/10 17:44:02,0.01,21.94
16129,POS消费,地点387,淋浴,2015/05/10 23:15:20,1.6,204.34
16129,POS消费,地点423,开水,2015/05/11 01:08:43,0.01,204.33
16129,POS消费,地点21,开水,2015/05/11 07:58:08,2.5,201.83
16129,POS消费,地点161,食堂,2015/05/11 08:00:33,1.6,200.23
16129,POS消费,地点677,开水,2015/05/11 08:18:33,0.01,200.22
16129,POS消费,地点72,食堂,2015/05/11 11:31:46,4.4,195.82
16129,POS消费,地点21,开水,2015/05/11 14:38:11,3.0,192.82
16129,POS消费,地点83,食堂,2015/05/11 16:05:37,4.5,188.32
16129,POS消费,地点680,开水,2015/05/11 16:12:33,0.01,188.31
16129,POS消费,地点2119,食堂,2015/05/11 18:09:03,1.6,186.71
16129,POS消费,地点423,开水,2015/05/11 18:32:38,0.01,186.7
16129,POS消费,地点21,开水,2015/05/11 19:48:31,8.0,178.7
16129,POS消费,地点423,开水,2015/05/12 00:27:26,0.01,178.69
16129,POS消费,地点21,开水,2015/05/12 08:00:55,2.5,175.79
16129,POS消费,地点237,食堂,2015/05/12 08:03:42,2.0,173.79
16129,POS消费,地点677,开水,2015/05/12 08:24:01,0.01,173.78
16129,POS消费,地点677,开水,2015/05/12 09:06:04,0.01,173.77
16129,POS消费,地点677,开水,2015/05/12 09:58:56,0.01,173.76
16129,POS消费,地点233,食堂,2015/05/12 12:10:14,5.7,168.06
16129,POS消费,地点83,食堂,2015/05/12 14:17:30,2.9,165.16
16129,POS消费,地点814,开水,2015/05/12 16:14:44,0.01,165.15
16129,POS消费,地点26,图书馆,2015/05/12 18:03:06,6.8,158.35
16129,POS消费,地点423,开水,2015/05/12 19:06:21,0.01,158.34
16129,POS消费,地点21,开水,2015/05/12 20:22:13,8.0,150.34
16129,POS消费,地点387,淋浴,2015/05/12 22:09:26,1.5,148.84
16129,POS消费,地点21,开水,2015/05/13 07:57:47,5.0,143.84
16129,POS消费,地点21,开水,2015/05/13 07:57:50,-5.0,148.84
16129,POS消费,地点21,开水,2015/05/13 07:57:55,3.5,145.34
16129,POS消费,地点161,食堂,2015/05/13 08:01:43,0.8,144.54
16129,POS消费,地点83,食堂,2015/05/13 08:10:31,3.5,141.04
16129,POS消费,地点680,开水,2015/05/13 08:16:46,0.01,141.03
16129,POS消费,地点674,开水,2015/05/13 10:08:40,0.01,141.02
16129,POS消费,地点676,开水,2015/05/13 11:10:53,0.01,141.01
16129,POS消费,地点304,超市,2015/05/13 12:06:11,9.4,131.61
16129,POS消费,地点21,开水,2015/05/13 13:06:52,6.0,125.61
16129,POS消费,地点423,开水,2015/05/13 16:01:44,0.01,125.6
16129,POS消费,地点83,食堂,2015/05/13 19:37:49,2.9,122.7
16129,POS消费,地点387,淋浴,2015/05/13 22:46:46,0.7,122.0
16129,POS消费,地点423,开水,2015/05/14 00:59:26,0.01,121.99
16129,POS消费,地点21,开水,2015/05/14 08:12:41,2.0,119.99
16129,POS消费,地点21,开水,2015/05/14 08:15:03,1.4,118.59
16129,POS消费,地点831,开水,2015/05/14 08:38:34,0.01,118.58
16129,POS消费,地点233,食堂,2015/05/14 12:08:03,5.7,112.88
16129,POS消费,地点233,食堂,2015/05/14 12:08:26,5.7,107.18
16129,POS消费,地点21,开水,2015/05/14 16:24:15,3.0,104.18
16129,POS消费,地点21,开水,2015/05/14 20:50:14,8.0,96.18
16129,POS消费,地点318,淋浴,2015/05/14 23:07:41,1.7,94.48
16129,POS消费,地点1842,开水,2015/05/14 23:49:49,0.03,94.45
16129,POS消费,地点423,开水,2015/05/15 01:44:20,0.01,94.44
16129,POS消费,地点21,开水,2015/05/15 08:12:19,2.5,91.94
16129,POS消费,地点184,食堂,2015/05/15 08:13:50,1.7,90.24
16129,POS消费,地点836,开水,2015/05/15 08:52:51,0.01,90.23
16129,POS消费,地点836,开水,2015/05/15 09:30:50,0.01,90.22
16129,POS消费,地点836,开水,2015/05/15 10:28:48,0.01,90.21
16129,POS消费,地点836,开水,2015/05/15 11:38:00,0.01,90.2
16129,POS消费,地点1997,食堂,2015/05/15 13:45:42,4.4,85.8
16129,POS消费,地点192,超市,2015/05/15 17:01:45,5.5,80.3
16129,POS消费,地点423,开水,2015/05/15 17:55:07,0.01,80.29
16129,POS消费,地点387,淋浴,2015/05/15 22:50:33,0.2,80.09
16129,POS消费,地点363,淋浴,2015/05/15 22:58:37,0.4,79.69
16129,POS消费,地点423,开水,2015/05/16 01:49:01,0.01,79.68
16129,POS消费,地点21,开水,2015/05/16 08:26:07,2.5,77.18
16129,POS消费,地点72,食堂,2015/05/16 08:29:49,1.8,120.38
16129,POS消费,地点677,开水,2015/05/16 08:45:43,0.01,120.37
16129,支付领取,,,2015/05/16 09:14:01,5.0,82.18
16129,支付领取,,,2015/05/16 09:14:19,40.0,122.18
16129,POS消费,地点677,开水,2015/05/16 10:33:44,0.01,120.36
16129,POS消费,地点1997,食堂,2015/05/16 13:49:51,4.6,115.76
16129,POS消费,地点423,开水,2015/05/16 17:20:36,0.01,115.75
16129,POS消费,地点363,淋浴,2015/05/16 23:09:08,0.1,115.65
16129,POS消费,地点318,淋浴,2015/05/16 23:10:29,0.1,115.55
16129,POS消费,地点387,淋浴,2015/05/16 23:11:17,1.4,114.15
16129,POS消费,地点21,开水,2015/05/17 08:23:46,2.5,111.65
16129,POS消费,地点103,食堂,2015/05/17 08:26:52,1.8,109.85
16129,POS消费,地点21,开水,2015/05/17 17:26:15,3.0,106.85
16129,POS消费,地点423,开水,2015/05/17 17:44:18,0.01,106.84
16129,POS消费,地点423,开水,2015/05/18 00:07:09,0.01,106.53
16129,POS消费,地点21,开水,2015/05/18 07:57:08,2.5,104.03
16129,POS消费,地点677,开水,2015/05/18 08:17:54,0.01,102.62
16129,POS消费,地点1997,食堂,2015/05/18 09:19:42,1.4,102.63
16129,POS消费,地点91,校车,2015/05/18 11:17:48,6.8,95.82
16129,POS消费,地点192,超市,2015/05/18 18:05:52,5.5,90.32
16129,POS消费,地点21,开水,2015/05/18 18:13:56,3.0,87.32
16129,POS消费,地点83,食堂,2015/05/18 19:25:06,2.9,84.42
16129,POS消费,地点387,淋浴,2015/05/18 23:31:46,1.5,82.92
16129,POS消费,地点423,开水,2015/05/19 01:20:47,0.01,82.91
16129,POS消费,地点21,开水,2015/05/19 07:52:53,2.5,80.41
16129,POS消费,地点72,食堂,2015/05/19 07:54:47,1.4,79.01
16129,POS消费,地点673,开水,2015/05/19 08:10:01,0.01,79.0
16129,POS消费,地点676,开水,2015/05/19 09:57:01,0.01,78.99
16129,POS消费,地点233,食堂,2015/05/19 12:12:26,4.7,74.29
16129,POS消费,地点796,开水,2015/05/19 15:37:37,0.01,74.28
16129,POS消费,地点1188,洗衣房,2015/05/19 18:43:15,3.6,70.68
16129,POS消费,地点1188,洗衣房,2015/05/19 19:34:12,-0.54,71.21
16129,POS消费,地点387,淋浴,2015/05/19 19:50:29,0.7,70.51
16129,POS消费,地点423,开水,2015/05/20 00:23:57,0.01,70.67
16129,POS消费,地点21,开水,2015/05/20 07:57:19,2.0,68.51
16129,POS消费,地点72,食堂,2015/05/20 08:01:20,1.8,66.71
16129,POS消费,地点680,开水,2015/05/20 08:17:41,0.01,66.7
16129,POS消费,地点673,开水,2015/05/20 09:18:28,0.01,66.69
16129,POS消费,地点674,开水,2015/05/20 10:08:16,0.01,66.68
16129,POS消费,地点423,开水,2015/05/20 12:51:47,0.01,66.67
16129,POS消费,地点72,食堂,2015/05/20 17:57:39,4.9,61.77
16129,POS消费,地点363,淋浴,2015/05/20 23:30:35,1.2,60.57
16129,POS消费,地点423,开水,2015/05/21 00:30:13,0.01,60.56
16129,POS消费,地点21,开水,2015/05/21 08:02:11,2.0,58.56
16129,POS消费,地点21,开水,2015/05/21 08:05:51,1.4,57.16
16129,POS消费,地点677,开水,2015/05/21 08:25:01,0.01,57.15
16129,POS消费,地点677,开水,2015/05/21 08:57:02,0.01,57.14
16129,POS消费,地点677,开水,2015/05/21 10:01:35,0.01,57.13
16129,POS消费,地点21,开水,2015/05/21 12:01:18,5.8,51.33
16129,POS消费,地点423,开水,2015/05/21 13:13:31,0.01,51.32
16129,POS消费,地点387,淋浴,2015/05/21 22:37:00,0.5,50.82
16129,POS消费,地点1842,开水,2015/05/21 23:08:42,0.08,50.74
16129,POS消费,地点21,开水,2015/05/22 07:57:46,3.0,47.74
16129,POS消费,地点72,食堂,2015/05/22 08:00:00,1.4,46.34
16129,POS消费,地点836,开水,2015/05/22 08:23:30,0.01,46.33
16129,POS消费,地点836,开水,2015/05/22 09:01:56,0.01,46.32
16129,POS消费,地点836,开水,2015/05/22 09:56:31,0.01,46.31
16129,POS消费,地点836,开水,2015/05/22 10:55:21,0.01,46.3
16129,POS消费,地点836,开水,2015/05/22 11:48:59,0.01,46.29
16129,POS消费,地点72,食堂,2015/05/22 12:32:30,4.2,42.09
16129,POS消费,地点423,开水,2015/05/22 13:05:33,0.01,42.08
16129,POS消费,地点1198,洗衣房,2015/05/22 21:32:28,3.6,38.48
16129,POS消费,地点387,淋浴,2015/05/22 22:15:02,1.6,36.88
16129,POS消费,地点423,开水,2015/05/22 22:46:49,0.01,36.87
16129,POS消费,地点21,开水,2015/05/23 08:25:04,2.5,134.37
16129,POS消费,地点676,开水,2015/05/23 08:43:59,0.01,132.76
16129,支付领取,,,2015/05/23 09:14:05,100.0,136.87
16129,POS消费,地点676,开水,2015/05/23 09:36:25,0.01,132.75
16129,POS消费,地点1997,食堂,2015/05/23 09:46:55,1.6,132.77
16129,POS消费,地点676,开水,2015/05/23 10:31:59,0.01,132.74
16129,POS消费,地点676,开水,2015/05/23 11:34:04,0.01,132.73
16129,POS消费,地点72,食堂,2015/05/23 12:27:01,4.2,128.53
16129,POS消费,地点363,淋浴,2015/05/23 23:16:58,0.6,127.93
16129,POS消费,地点423,开水,2015/05/23 23:39:11,0.01,127.92
16129,POS消费,地点423,开水,2015/05/24 10:54:26,0.01,127.91
16129,POS消费,地点423,开水,2015/05/24 21:30:10,0.01,127.9
16129,POS消费,地点387,淋浴,2015/05/24 21:47:37,0.1,127.8
16129,POS消费,地点387,淋浴,2015/05/24 21:47:43,0.1,127.7
16129,POS消费,地点494,淋浴,2015/05/24 21:48:34,0.1,127.6
16129,POS消费,地点318,淋浴,2015/05/24 21:48:53,1.6,126.0
16129,POS消费,地点72,食堂,2015/05/25 08:01:00,0.35,125.65
16129,POS消费,地点677,开水,2015/05/25 08:19:49,0.01,125.64
16129,POS消费,地点677,开水,2015/05/25 08:25:59,0.01,125.63
16129,POS消费,地点21,开水,2015/05/25 11:26:37,7.3,118.33
16129,POS消费,地点423,开水,2015/05/25 12:02:36,0.01,118.32
16129,POS消费,地点2119,食堂,2015/05/25 18:18:39,0.38,117.94
16129,POS消费,地点423,开水,2015/05/25 23:26:25,0.01,117.33
16129,POS消费,地点21,开水,2015/05/26 08:24:19,2.5,114.83
16129,POS消费,地点184,食堂,2015/05/26 08:25:46,0.8,114.03
16129,POS消费,地点677,开水,2015/05/26 08:54:56,0.01,114.02
16129,POS消费,地点677,开水,2015/05/26 10:03:05,0.01,114.01
16129,POS消费,地点2119,食堂,2015/05/26 18:08:01,0.83,113.18
16129,POS消费,地点363,淋浴,2015/05/26 23:13:35,0.1,113.08
16129,POS消费,地点363,淋浴,2015/05/26 23:13:54,2.0,111.08
16129,POS消费,地点1842,开水,2015/05/26 23:56:09,0.08,111.0
16129,POS消费,地点21,开水,2015/05/27 07:59:55,2.5,108.5
16129,POS消费,地点184,食堂,2015/05/27 08:01:19,1.4,107.1
16129,POS消费,地点673,开水,2015/05/27 08:18:00,0.01,107.09
16129,POS消费,地点676,开水,2015/05/27 10:15:00,0.01,107.08
16129,POS消费,地点21,开水,2015/05/27 11:18:55,8.3,98.78
16129,POS消费,地点1961,超市,2015/05/27 11:40:12,27.5,71.28
16129,POS消费,地点423,开水,2015/05/27 12:28:02,0.01,71.27
16129,POS消费,地点996,图书馆,2015/05/27 17:46:42,11.3,59.97
16129,POS消费,地点1520,淋浴,2015/05/27 22:57:46,0.9,59.07
16129,POS消费,地点363,淋浴,2015/05/27 23:20:54,0.5,58.57
16129,POS消费,地点423,开水,2015/05/28 00:01:52,0.01,58.56
16129,POS消费,地点21,开水,2015/05/28 07:56:49,2.5,56.06
16129,POS消费,地点72,食堂,2015/05/28 07:59:59,1.8,54.26
16129,POS消费,地点677,开水,2015/05/28 08:22:02,0.01,54.25
16129,POS消费,地点677,开水,2015/05/28 10:04:00,0.01,54.24
16129,POS消费,地点233,食堂,2015/05/28 12:08:55,3.7,50.54
16129,POS消费,地点681,开水,2015/05/28 14:24:17,0.01,50.53
16129,POS消费,地点21,开水,2015/05/28 16:15:24,16.66,33.87
16129,POS消费,地点262,食堂,2015/05/28 17:02:25,1.63,32.24
16129,POS消费,地点262,食堂,2015/05/28 17:02:44,1.63,30.61
16129,POS消费,地点83,食堂,2015/05/28 17:38:03,4.5,26.11
16129,POS消费,地点1188,洗衣房,2015/05/28 23:08:25,3.6,22.51
16129,POS消费,地点423,开水,2015/05/28 23:58:38,0.01,21.0
16129,POS消费,地点21,开水,2015/05/29 08:19:09,2.5,18.5
16129,POS消费,地点184,食堂,2015/05/29 08:20:51,1.4,117.1
16129,POS消费,地点836,开水,2015/05/29 08:48:02,0.01,117.09
16129,支付领取,,,2015/05/29 09:10:18,100.0,118.5
16129,POS消费,地点836,开水,2015/05/29 09:52:01,0.01,117.08
16129,POS消费,地点836,开水,2015/05/29 10:51:03,0.01,117.07
16129,POS消费,地点836,开水,2015/05/29 11:50:03,0.01,117.06
16129,POS消费,地点1997,食堂,2015/05/29 13:54:47,4.2,112.86
16129,POS消费,地点21,开水,2015/05/29 15:51:12,3.0,109.86
16129,POS消费,地点232,食堂,2015/05/29 17:07:48,5.5,104.36
16129,POS消费,地点21,开水,2015/05/29 21:09:49,3.0,101.36
16129,POS消费,地点423,开水,2015/05/29 22:06:23,0.01,101.35
16129,POS消费,地点21,开水,2015/05/30 08:05:40,2.5,98.35
16129,POS消费,地点72,食堂,2015/05/30 08:08:47,0.6,97.75
16129,POS消费,地点83,食堂,2015/05/30 08:17:28,4.3,93.45
16129,POS消费,地点1542,校车,2015/05/30 08:24:05,4.0,89.45
16129,POS消费,地点1542,校车,2015/05/30 08:32:25,4.0,85.45
16129,POS消费,地点210,校车,2015/05/30 13:43:50,4.0,81.45
16129,POS消费,地点21,开水,2015/05/30 14:43:24,8.0,73.45
16129,POS消费,地点423,开水,2015/05/30 16:50:55,0.01,73.44
16129,POS消费,地点363,淋浴,2015/05/31 00:05:09,1.5,71.94
16129,卡充值,,,2015/05/31 08:27:45,200.0,271.94
16129,POS消费,地点21,开水,2015/05/31 08:28:00,2.5,269.44
16129,POS消费,地点72,食堂,2015/05/31 08:31:30,1.4,268.04
16129,POS消费,地点677,开水,2015/05/31 08:48:05,0.01,268.03
16129,POS消费,地点677,开水,2015/05/31 09:58:59,0.01,268.02
16129,POS消费,地点259,食堂,2015/05/31 11:49:28,5.8,262.22
16129,POS消费,地点1961,超市,2015/05/31 13:26:08,3.8,258.42
16129,POS消费,地点1961,超市,2015/05/31 13:44:03,50.0,208.42
16129,POS消费,地点1961,超市,2015/05/31 13:44:07,1.4,207.02
16129,POS消费,地点423,开水,2015/05/31 14:04:11,0.01,207.01
16129,POS消费,地点21,开水,2015/05/31 16:14:30,3.0,204.01
16129,POS消费,地点423,开水,2015/06/01 00:00:23,0.01,204.0
16129,POS消费,地点21,开水,2015/06/01 07:57:41,2.5,201.0
16129,POS消费,地点72,食堂,2015/06/01 08:00:59,1.4,199.6
16129,POS消费,地点831,开水,2015/06/01 08:16:03,0.01,199.59
16129,POS消费,地点21,开水,2015/06/01 11:54:29,8.3,191.29
16129,POS消费,地点673,开水,2015/06/01 16:32:03,0.01,191.28
16129,POS消费,地点26,图书馆,2015/06/01 18:08:29,7.8,183.48
16129,POS消费,地点21,开水,2015/06/01 18:13:36,7.3,176.18
16129,POS消费,地点363,淋浴,2015/06/01 23:06:51,1.6,174.58
16129,POS消费,地点1842,开水,2015/06/02 00:08:18,0.08,174.5
16129,POS消费,地点21,开水,2015/06/02 08:16:59,2.5,172.0
16129,POS消费,地点161,食堂,2015/06/02 08:19:55,1.8,170.2
16129,POS消费,地点677,开水,2015/06/02 08:46:06,0.01,170.19
16129,POS消费,地点677,开水,2015/06/02 10:04:04,0.01,170.18
16129,POS消费,地点255,食堂,2015/06/02 12:10:08,4.7,165.48
16129,POS消费,地点796,开水,2015/06/02 14:48:02,0.01,165.47
16129,POS消费,地点814,开水,2015/06/02 16:06:32,0.01,165.46
16129,POS消费,地点21,开水,2015/06/02 17:51:11,15.0,150.46
16129,POS消费,地点26,图书馆,2015/06/02 18:35:44,8.3,142.16
16129,POS消费,地点423,开水,2015/06/02 19:51:08,0.01,142.15
16129,POS消费,地点363,淋浴,2015/06/03 00:02:57,0.5,141.65
16129,POS消费,地点423,开水,2015/06/03 00:45:32,0.01,141.64
16129,POS消费,地点21,开水,2015/06/03 07:55:25,2.5,139.14
16129,POS消费,地点72,食堂,2015/06/03 07:58:38,2.2,136.94
16129,POS消费,地点673,开水,2015/06/03 08:13:40,0.01,136.93
16129,POS消费,地点674,开水,2015/06/03 10:10:05,0.01,136.92
16129,POS消费,地点91,校车,2015/06/03 11:18:05,7.8,129.12
16129,POS消费,地点423,开水,2015/06/03 16:15:33,0.01,129.11
16129,POS消费,地点26,图书馆,2015/06/03 18:17:27,9.0,120.11
16129,POS消费,地点274,超市,2015/06/03 18:19:52,4.0,116.11
16129,POS消费,地点363,淋浴,2015/06/03 22:30:13,1.4,114.71
16129,POS消费,地点423,开水,2015/06/04 00:00:25,0.01,114.7
16129,POS消费,地点21,开水,2015/06/04 08:08:08,2.5,112.2
16129,POS消费,地点184,食堂,2015/06/04 08:09:33,1.8,110.4
16129,POS消费,地点677,开水,2015/06/04 08:28:10,0.01,110.39
16129,POS消费,地点677,开水,2015/06/04 09:55:54,0.01,110.38
16129,POS消费,地点21,开水,2015/06/04 11:59:52,7.8,102.58
16129,POS消费,地点2172,文印中心,2015/06/04 17:17:58,0.15,102.43
16129,POS消费,地点61,食堂,2015/06/04 17:24:44,6.7,95.73
16129,POS消费,地点1842,开水,2015/06/04 22:24:57,0.08,95.65
16129,POS消费,地点363,淋浴,2015/06/04 23:33:19,0.4,95.25
16129,POS消费,地点423,开水,2015/06/04 23:48:24,0.01,95.24
16129,POS消费,地点21,开水,2015/06/05 08:19:59,2.5,92.74
16129,POS消费,地点836,开水,2015/06/05 08:45:27,0.01,91.13
16129,POS消费,地点2327,食堂,2015/06/05 09:44:08,1.6,91.14
16129,POS消费,地点836,开水,2015/06/05 09:47:11,0.01,91.12
16129,POS消费,地点836,开水,2015/06/05 10:50:11,0.01,91.11
16129,POS消费,地点836,开水,2015/06/05 11:43:11,0.01,91.1
16129,POS消费,地点72,食堂,2015/06/05 12:37:51,4.22,86.88
16129,POS消费,地点21,开水,2015/06/05 15:22:37,22.2,64.68
16129,POS消费,地点423,开水,2015/06/05 15:42:57,0.01,64.67
16129,POS消费,地点363,淋浴,2015/06/05 20:45:32,1.4,63.27
16129,POS消费,地点21,开水,2015/06/06 08:22:31,2.5,60.76
16129,POS消费,地点72,食堂,2015/06/06 08:24:26,1.4,59.36
16129,POS消费,地点677,开水,2015/06/06 08:42:12,0.01,59.35
16129,POS消费,地点677,开水,2015/06/06 09:18:16,0.01,59.34
16129,POS消费,地点677,开水,2015/06/06 10:38:24,0.01,59.33
16129,POS消费,地点677,开水,2015/06/06 11:19:12,0.01,59.32
16129,POS消费,地点72,食堂,2015/06/06 12:39:05,4.4,54.92
16129,POS消费,地点1842,开水,2015/06/06 14:21:15,0.08,54.84
16129,POS消费,地点1198,洗衣房,2015/06/06 20:27:38,3.6,51.24
16129,POS消费,地点1198,洗衣房,2015/06/06 21:16:17,-0.66,51.9
16129,POS消费,地点1842,开水,2015/06/06 23:54:36,0.08,51.82
16129,POS消费,地点21,开水,2015/06/07 08:08:16,2.5,48.82
16129,POS消费,地点72,食堂,2015/06/07 08:12:22,1.8,47.02
16129,POS消费,地点677,开水,2015/06/07 08:29:14,0.01,47.01
16129,POS消费,地点677,开水,2015/06/07 09:47:13,0.01,47.0
16129,POS消费,地点677,开水,2015/06/07 10:51:42,0.01,46.99
16129,POS消费,地点677,开水,2015/06/07 11:24:15,0.01,46.98
16129,POS消费,地点72,食堂,2015/06/07 12:30:03,4.7,42.28
16129,POS消费,地点1842,开水,2015/06/07 15:32:55,0.08,42.2
16129,POS消费,地点274,超市,2015/06/07 17:55:00,4.0,38.2
16129,POS消费,地点21,开水,2015/06/07 18:00:58,2.5,35.7
16129,POS消费,地点318,淋浴,2015/06/07 21:20:41,1.7,34.0
16129,POS消费,地点1842,开水,2015/06/07 22:07:01,0.08,33.92
16129,POS消费,地点423,开水,2015/06/08 06:50:12,0.01,63.26
16129,POS消费,地点21,开水,2015/06/08 08:04:48,2.5,31.42
16129,POS消费,地点161,食堂,2015/06/08 08:07:23,1.8,29.62
16129,POS消费,地点831,开水,2015/06/08 08:27:18,0.01,29.61
16129,卡充值,,,2015/06/08 11:26:02,200.0,229.61
16129,POS消费,地点91,校车,2015/06/08 11:29:28,8.3,221.31
16129,POS消费,地点673,开水,2015/06/08 16:39:17,0.01,221.3
16129,POS消费,地点423,开水,2015/06/08 23:02:25,0.01,221.29
16129,POS消费,地点387,淋浴,2015/06/08 23:19:43,0.1,221.19
16129,POS消费,地点1188,洗衣房,2015/06/09 07:39:28,3.6,216.99
16129,POS消费,地点21,开水,2015/06/09 08:06:07,2.5,214.49
16129,POS消费,地点179,食堂,2015/06/09 08:10:04,1.5,212.99
16129,POS消费,地点1188,洗衣房,2015/06/09 08:27:34,-0.72,213.71
16129,POS消费,地点118,食堂,2015/06/09 09:45:32,3.5,210.21
16129,POS消费,地点565,开水,2015/06/09 09:58:01,0.01,210.2
16129,POS消费,地点182,食堂,2015/06/09 12:07:22,3.7,206.5
16129,POS消费,地点182,食堂,2015/06/09 12:07:44,3.7,202.8
16129,POS消费,地点72,食堂,2015/06/09 17:15:07,5.7,197.1
16129,POS消费,地点21,开水,2015/06/09 20:57:32,3.0,194.09
16129,POS消费,地点423,开水,2015/06/09 21:12:45,0.01,197.09
16129,POS消费,地点363,淋浴,2015/06/09 21:53:16,1.7,192.39
16129,POS消费,地点21,开水,2015/06/10 07:58:38,2.5,189.88
16129,POS消费,地点72,食堂,2015/06/10 08:00:33,1.8,188.08
16129,POS消费,地点673,开水,2015/06/10 08:24:03,0.01,188.07
16129,POS消费,地点676,开水,2015/06/10 10:08:03,0.01,188.06
16129,POS消费,地点2119,食堂,2015/06/10 12:21:55,1.63,186.43
16129,POS消费,地点21,开水,2015/06/10 12:23:17,3.0,183.43
16129,POS消费,地点423,开水,2015/06/10 14:40:31,0.01,192.38
16129,POS消费,地点72,食堂,2015/06/10 17:05:20,5.2,178.23
16129,POS消费,地点387,淋浴,2015/06/10 22:26:52,0.1,178.03
16129,POS消费,地点361,淋浴,2015/06/10 22:27:17,0.6,177.43
16129,POS消费,地点423,开水,2015/06/10 22:41:43,0.01,177.42
16129,POS消费,地点21,开水,2015/06/11 08:25:30,2.5,174.92
16129,POS消费,地点677,开水,2015/06/11 08:52:23,0.01,173.11
16129,POS消费,地点2327,食堂,2015/06/11 09:51:00,1.8,173.12
16129,POS消费,地点677,开水,2015/06/11 10:05:17,0.01,173.1
16129,POS消费,地点1997,食堂,2015/06/11 13:30:16,5.7,167.4
16129,POS消费,地点681,开水,2015/06/11 14:23:14,0.01,167.39
16129,POS消费,地点21,开水,2015/06/11 17:17:35,6.8,160.59
16129,POS消费,地点83,食堂,2015/06/11 18:58:19,5.5,155.09
16129,POS消费,地点363,淋浴,2015/06/11 22:33:43,1.7,153.39
16129,POS消费,地点423,开水,2015/06/11 23:32:11,0.01,153.38
16129,POS消费,地点21,开水,2015/06/12 08:13:44,2.5,150.88
16129,POS消费,地点836,开水,2015/06/12 08:39:08,0.01,149.07
16129,POS消费,地点2327,食堂,2015/06/12 09:39:44,1.8,149.08
16129,POS消费,地点836,开水,2015/06/12 10:32:07,0.01,149.06
16129,POS消费,地点836,开水,2015/06/12 11:38:07,0.01,149.05
16129,POS消费,地点21,开水,2015/06/12 12:01:54,9.3,139.75
16129,POS消费,地点83,食堂,2015/06/12 17:48:08,5.5,127.55
16129,POS消费,地点2327,食堂,2015/06/12 18:18:36,6.7,133.05
16129,POS消费,地点423,开水,2015/06/12 23:02:39,0.01,127.04
16129,POS消费,地点21,开水,2015/06/13 08:28:03,2.5,124.54
16129,POS消费,地点72,食堂,2015/06/13 08:32:17,1.8,122.74
16129,POS消费,地点72,食堂,2015/06/13 11:07:51,4.2,118.54
16129,POS消费,地点423,开水,2015/06/13 11:38:03,0.01,118.53
16129,POS消费,地点423,开水,2015/06/13 11:46:18,0.01,118.52
16129,POS消费,地点21,开水,2015/06/13 17:43:30,3.0,115.52
16129,POS消费,地点318,淋浴,2015/06/13 23:03:16,1.5,114.02
16129,POS消费,地点21,开水,2015/06/14 08:35:17,2.5,111.52
16129,POS消费,地点72,食堂,2015/06/14 08:38:58,1.6,109.92
16129,POS消费,地点677,开水,2015/06/14 08:54:29,0.01,109.91
16129,POS消费,地点677,开水,2015/06/14 10:13:32,0.01,109.9
16129,POS消费,地点677,开水,2015/06/14 10:38:24,0.01,109.89
16129,POS消费,地点677,开水,2015/06/14 11:31:02,0.01,109.88
16129,POS消费,地点72,食堂,2015/06/14 12:29:20,4.2,105.68
16129,POS消费,地点192,超市,2015/06/14 15:53:45,19.8,85.88
16129,POS消费,地点21,开水,2015/06/14 15:58:09,3.0,82.88
16129,POS消费,地点83,食堂,2015/06/14 16:00:06,3.5,79.38
16129,POS消费,地点423,开水,2015/06/14 16:08:02,0.01,79.37
16129,POS消费,地点1188,洗衣房,2015/06/14 21:09:20,3.6,75.77
16129,POS消费,地点1188,洗衣房,2015/06/14 21:59:28,-0.6,76.37
16129,POS消费,地点363,淋浴,2015/06/14 22:59:05,0.5,75.87
16129,POS消费,地点423,开水,2015/06/14 23:20:04,0.01,75.86
16129,POS消费,地点21,开水,2015/06/15 07:58:47,2.5,73.36
16129,POS消费,地点677,开水,2015/06/15 08:17:42,0.01,71.55
16129,POS消费,地点2327,食堂,2015/06/15 09:25:36,1.8,71.56
16129,POS消费,地点2172,文印中心,2015/06/15 10:49:20,23.55,48.0
16129,POS消费,地点21,开水,2015/06/15 11:03:01,5.6,42.4
16129,POS消费,地点673,开水,2015/06/15 15:27:16,0.01,42.39
16129,POS消费,地点680,开水,2015/06/15 16:08:14,0.01,42.38
16129,POS消费,地点673,开水,2015/06/15 16:17:16,0.02,42.36
16129,POS消费,地点87,食堂,2015/06/15 17:32:32,4.2,38.16
16129,POS消费,地点87,食堂,2015/06/15 17:32:56,4.2,33.96
16129,POS消费,地点363,淋浴,2015/06/15 23:46:28,1.3,32.66
16129,POS消费,地点423,开水,2015/06/16 00:18:55,0.01,32.65
16129,POS消费,地点21,开水,2015/06/16 08:09:22,2.5,30.15
16129,POS消费,地点184,食堂,2015/06/16 08:15:30,1.8,28.35
16129,POS消费,地点677,开水,2015/06/16 08:37:30,0.01,28.34
16129,POS消费,地点677,开水,2015/06/16 09:40:47,0.01,28.33
16129,POS消费,地点61,食堂,2015/06/16 12:10:28,6.7,21.63
16129,卡充值,,,2015/06/16 17:46:20,200.0,221.63
16129,POS消费,地点21,开水,2015/06/16 17:47:35,3.0,218.63
16129,POS消费,地点118,食堂,2015/06/16 20:18:25,3.2,215.43
16129,POS消费,地点423,开水,2015/06/16 21:04:56,0.01,215.42
16129,POS消费,地点318,淋浴,2015/06/16 23:42:42,0.6,214.82
16129,POS消费,地点676,开水,2015/06/17 10:13:31,0.01,214.81
16129,POS消费,地点1997,食堂,2015/06/17 13:31:27,4.7,210.11
16129,POS消费,地点274,超市,2015/06/17 18:32:23,13.1,197.01
16129,POS消费,地点423,开水,2015/06/17 19:35:11,0.01,197.0
16129,POS消费,地点319,淋浴,2015/06/17 23:21:30,1.5,195.5
16129,POS消费,地点21,开水,2015/06/18 08:12:07,2.5,193.0
16129,POS消费,地点184,食堂,2015/06/18 08:15:27,1.8,191.2
16129,POS消费,地点233,食堂,2015/06/18 12:07:36,6.7,184.5
16129,POS消费,地点21,开水,2015/06/18 16:16:41,3.0,181.5
16129,POS消费,地点72,食堂,2015/06/18 17:02:32,5.4,176.1
16129,POS消费,地点21,开水,2015/06/18 17:17:45,3.0,172.27
16129,POS消费,地点2119,食堂,2015/06/18 17:18:53,0.83,175.27
16129,POS消费,地点83,食堂,2015/06/18 22:07:40,5.0,167.27
16129,POS消费,地点470,淋浴,2015/06/19 00:32:34,0.1,167.17
16129,POS消费,地点21,开水,2015/06/19 08:22:04,2.5,164.07
16129,POS消费,地点265,食堂,2015/06/19 08:24:50,1.8,162.27
16129,POS消费,地点1997,食堂,2015/06/19 14:01:10,4.6,157.67
16129,POS消费,地点232,食堂,2015/06/19 16:59:58,5.5,152.17
16129,POS消费,地点274,超市,2015/06/19 17:34:26,7.3,144.87
16129,POS消费,地点363,淋浴,2015/06/19 20:00:39,1.4,143.47
16129,POS消费,地点21,开水,2015/06/21 08:23:28,2.5,140.47
16129,POS消费,地点72,食堂,2015/06/21 08:26:07,1.1,139.37
16129,POS消费,地点21,开水,2015/06/21 15:38:51,8.6,130.77
16129,POS消费,地点363,淋浴,2015/06/22 00:00:20,1.5,129.27
16129,POS消费,地点21,开水,2015/06/22 08:51:55,2.5,126.77
16129,POS消费,地点69,食堂,2015/06/22 08:56:32,1.4,125.37
16129,POS消费,地点72,食堂,2015/06/22 12:32:45,4.7,120.67
16129,POS消费,地点1188,洗衣房,2015/06/22 13:05:55,3.6,117.07
16129,POS消费,地点1188,洗衣房,2015/06/22 13:51:30,-0.84,117.91
16129,POS消费,地点21,开水,2015/06/22 17:52:04,3.0,114.91
16129,POS消费,地点363,淋浴,2015/06/22 23:56:02,0.4,114.51
16129,POS消费,地点21,开水,2015/06/23 08:48:12,2.5,112.01
16129,POS消费,地点72,食堂,2015/06/23 08:52:57,1.8,110.21
16129,POS消费,地点91,校车,2015/06/23 11:15:34,5.8,104.41
16129,POS消费,地点218,食堂,2015/06/23 11:30:46,2.53,101.88
16129,POS消费,地点21,开水,2015/06/23 17:00:51,5.38,96.5
16129,POS消费,地点1520,淋浴,2015/06/23 22:50:01,1.6,94.9
16129,POS消费,地点21,开水,2015/06/24 08:57:06,2.5,92.4
16129,POS消费,地点184,食堂,2015/06/24 08:58:46,1.8,90.6
16129,POS消费,地点192,超市,2015/06/24 12:19:15,8.5,82.1
16129,POS消费,地点259,食堂,2015/06/24 17:13:03,5.8,76.3
16129,POS消费,地点21,开水,2015/06/24 17:28:10,3.0,73.3
16129,POS消费,地点363,淋浴,2015/06/24 23:44:39,0.6,72.7
16129,POS消费,地点21,开水,2015/06/25 08:48:12,2.5,70.2
16129,POS消费,地点2327,食堂,2015/06/25 10:18:00,1.8,68.4
16129,POS消费,地点72,食堂,2015/06/25 12:30:36,4.2,64.2
16129,POS消费,地点363,淋浴,2015/06/25 21:00:41,1.6,62.6
16129,POS消费,地点1989,校车,2015/06/26 00:27:43,4.0,74.44
16129,POS消费,地点21,开水,2015/06/26 08:56:26,2.5,58.27
16129,POS消费,地点2327,食堂,2015/06/26 10:22:39,1.83,60.77
16129,POS消费,地点1961,超市,2015/06/26 15:44:33,51.4,6.87
16129,POS消费,地点1520,淋浴,2015/06/26 23:04:09,0.5,6.37
16129,POS消费,地点21,开水,2015/06/27 08:41:39,2.5,3.87
16129,POS消费,地点72,食堂,2015/06/27 08:45:49,1.8,102.07
16129,支付领取,,,2015/06/27 09:39:49,100.0,103.87
16129,POS消费,地点184,食堂,2015/06/27 16:58:56,4.7,97.37
16129,POS消费,地点363,淋浴,2015/06/27 19:38:00,1.6,95.77
16129,POS消费,地点21,开水,2015/06/28 08:44:41,2.5,93.27
16129,POS消费,地点72,食堂,2015/06/28 08:49:54,1.8,91.47
16129,POS消费,地点1997,食堂,2015/06/28 13:59:05,4.6,86.87
16129,POS消费,地点65,食堂,2015/06/28 17:02:15,4.7,82.17
16129,POS消费,地点188,超市,2015/06/28 17:53:37,4.5,77.67
16129,POS消费,地点363,淋浴,2015/06/28 20:36:23,0.4,77.27
16129,POS消费,地点21,开水,2015/06/29 08:17:28,2.5,74.77
16129,POS消费,地点2327,食堂,2015/06/29 09:49:46,1.8,72.97
16129,POS消费,地点91,校车,2015/06/29 12:16:36,5.8,67.17
16129,POS消费,地点192,超市,2015/06/29 13:41:51,8.5,58.67
16129,POS消费,地点192,超市,2015/06/29 13:42:47,5.9,52.77
16129,POS消费,地点21,开水,2015/06/29 13:47:44,24.1,28.67
16129,POS消费,地点494,淋浴,2015/06/29 22:01:52,1.8,26.87
16129,POS消费,地点21,开水,2015/06/30 08:31:28,2.5,24.37
16129,POS消费,地点2327,食堂,2015/06/30 10:04:46,1.8,22.57
16129,支付领取,,,2015/06/30 13:50:14,100.0,118.17
16129,POS消费,地点1997,食堂,2015/06/30 13:59:35,4.4,18.17
16129,POS消费,地点21,开水,2015/06/30 19:56:58,3.0,115.17
16129,POS消费,地点363,淋浴,2015/06/30 20:56:56,0.5,114.67
16129,POS消费,地点21,开水,2015/07/01 08:32:39,2.5,112.17
16129,POS消费,地点179,食堂,2015/07/01 08:40:23,1.8,110.37
16129,POS消费,地点1997,食堂,2015/07/01 13:53:47,4.4,105.97
16129,POS消费,地点1997,食堂,2015/07/01 13:54:06,4.2,101.77
16129,POS消费,地点21,开水,2015/07/01 14:40:29,10.9,90.87
16129,POS消费,地点363,淋浴,2015/07/01 21:19:47,1.7,89.17
16129,POS消费,地点21,开水,2015/07/02 08:01:56,2.0,87.17
16129,POS消费,地点72,食堂,2015/07/02 08:08:44,1.8,85.37
16129,POS消费,地点91,校车,2015/07/02 11:07:31,9.3,76.07
16129,POS消费,地点218,食堂,2015/07/02 11:23:42,2.53,73.54
16129,POS消费,地点1188,洗衣房,2015/07/02 21:19:13,3.6,69.94
16129,POS消费,地点319,淋浴,2015/07/02 23:28:07,0.1,69.84
16129,POS消费,地点494,淋浴,2015/07/02 23:29:04,0.5,69.34
16129,POS消费,地点21,开水,2015/07/03 08:45:17,2.5,66.84
16129,POS消费,地点1998,食堂,2015/07/03 08:53:57,1.8,65.04
16129,POS消费,地点72,食堂,2015/07/03 12:35:50,4.2,60.84
16129,POS消费,地点363,淋浴,2015/07/03 21:43:47,1.5,59.34
16129,POS消费,地点21,开水,2015/07/04 08:32:19,2.5,56.84
16129,POS消费,地点1588,食堂,2015/07/04 08:34:10,2.0,54.84
16129,POS消费,地点1997,食堂,2015/07/04 14:03:26,4.4,50.44
16129,POS消费,地点21,开水,2015/07/04 19:38:33,3.0,47.44
16129,POS消费,地点318,淋浴,2015/07/04 23:55:27,0.4,47.04
16129,POS消费,地点21,开水,2015/07/05 08:31:50,2.5,144.54
16129,POS消费,地点103,食堂,2015/07/05 08:33:39,1.6,142.94
16129,支付领取,,,2015/07/05 09:31:27,100.0,147.04
16129,POS消费,地点72,食堂,2015/07/05 12:32:18,4.4,138.54
16129,POS消费,地点318,淋浴,2015/07/05 21:21:30,1.5,137.04
16129,POS消费,地点21,开水,2015/07/06 08:39:07,2.5,134.54
16129,POS消费,地点179,食堂,2015/07/06 08:41:34,2.0,132.54
16129,POS消费,地点1997,食堂,2015/07/06 13:58:33,4.4,128.14
16129,POS消费,地点21,开水,2015/07/06 15:57:24,7.3,120.84
16129,POS消费,地点21,开水,2015/07/06 15:57:29,3.0,117.84
16129,POS消费,地点318,淋浴,2015/07/06 23:43:43,0.4,117.44
16129,POS消费,地点21,开水,2015/07/07 08:35:37,2.5,114.94
16129,POS消费,地点1998,食堂,2015/07/07 08:44:48,1.5,113.44
16129,POS消费,地点61,食堂,2015/07/07 12:18:35,4.2,109.24
16129,POS消费,地点21,开水,2015/07/07 17:18:15,9.3,99.94
16129,POS消费,地点274,超市,2015/07/07 17:40:08,7.3,92.64
16129,POS消费,地点21,开水,2015/07/07 17:45:11,9.37,83.27
16129,POS消费,地点318,淋浴,2015/07/07 20:15:44,1.8,81.47
16129,POS消费,地点21,开水,2015/07/08 08:54:00,2.0,79.47
16129,POS消费,地点69,食堂,2015/07/08 08:58:04,1.8,77.67
16129,POS消费,地点61,食堂,2015/07/08 12:32:08,3.6,74.07
16129,POS消费,地点1997,食堂,2015/07/08 18:30:07,7.2,66.87
16129,POS消费,地点361,淋浴,2015/07/08 22:12:37,0.5,66.37
16129,POS消费,地点21,开水,2015/07/09 08:39:50,2.5,63.87
16129,POS消费,地点2327,食堂,2015/07/09 10:14:39,1.9,61.97
16129,POS消费,地点1997,食堂,2015/07/09 14:06:51,4.6,57.37
16129,POS消费,地点318,淋浴,2015/07/09 20:38:43,1.7,55.67
16129,POS消费,地点21,开水,2015/07/10 08:45:41,2.5,53.17
16129,POS消费,地点69,食堂,2015/07/10 08:51:39,1.8,51.37
16129,POS消费,地点2354,淋浴,2015/07/10 10:50:50,0.1,99.55
16129,POS消费,地点2354,淋浴,2015/07/10 13:29:57,0.1,167.07
16129,POS消费,地点1997,食堂,2015/07/10 13:52:01,4.2,47.17
16129,POS消费,地点192,超市,2015/07/10 16:47:11,21.6,25.57
16129,POS消费,地点21,开水,2015/07/10 18:41:19,11.38,114.19
16129,支付领取,,,2015/07/10 19:38:41,100.0,125.57
16129,POS消费,地点387,淋浴,2015/07/10 23:27:49,0.7,113.49
16129,POS消费,地点21,开水,2015/07/11 08:41:02,2.5,110.99
16129,POS消费,地点72,食堂,2015/07/11 08:45:33,1.8,109.19
16129,POS消费,地点61,食堂,2015/07/11 12:31:17,3.2,105.99
16129,POS消费,地点1997,食堂,2015/07/11 18:30:28,4.6,101.39
16129,POS消费,地点387,淋浴,2015/07/11 23:03:42,0.1,101.29
16129,POS消费,地点318,淋浴,2015/07/11 23:45:59,1.6,99.69
16129,POS消费,地点21,开水,2015/07/12 08:39:49,2.5,97.19
16129,POS消费,地点69,食堂,2015/07/12 08:41:44,1.8,95.39
16129,POS消费,地点61,食堂,2015/07/12 11:56:26,6.2,89.19
16129,POS消费,地点21,开水,2015/07/12 17:10:56,11.0,78.19
16129,POS消费,地点1674,食堂,2015/07/12 17:25:27,8.3,69.89
16129,POS消费,地点363,淋浴,2015/07/12 19:16:15,0.1,69.79
16129,POS消费,地点318,淋浴,2015/07/12 19:17:04,0.8,68.99
16129,POS消费,地点21,开水,2015/07/13 08:58:18,2.5,66.49
16129,POS消费,地点69,食堂,2015/07/13 09:00:02,0.8,65.69
16129,POS消费,地点184,食堂,2015/07/13 11:20:05,4.4,61.29
16129,POS消费,地点212,图书馆,2015/07/13 17:00:30,2.3,58.99
16129,POS消费,地点361,淋浴,2015/07/13 23:37:25,1.5,57.49
16129,POS消费,地点21,开水,2015/07/14 09:06:30,2.5,54.99
16129,POS消费,地点69,食堂,2015/07/14 09:08:50,0.8,54.19
16129,POS消费,地点1997,食堂,2015/07/14 12:35:28,4.2,49.99
16129,POS消费,地点83,食堂,2015/07/14 19:31:31,5.5,44.49
16129,POS消费,地点21,开水,2015/07/14 19:36:40,3.0,41.49
16129,POS消费,地点1369,淋浴,2015/07/14 23:30:51,0.7,40.79
16129,POS消费,地点1188,洗衣房,2015/07/15 09:05:12,3.6,37.19
16129,POS消费,地点21,开水,2015/07/15 11:45:42,5.3,31.89
16129,POS消费,地点21,开水,2015/07/15 17:13:41,8.0,23.89
16129,POS消费,地点21,开水,2015/07/15 17:28:38,3.0,20.89
16129,POS消费,地点318,淋浴,2015/07/16 00:21:45,1.8,19.09
16129,POS消费,地点21,开水,2015/07/16 08:29:56,2.5,116.59
16129,支付领取,,,2015/07/16 09:32:10,100.0,119.09
16129,POS消费,地点2327,食堂,2015/07/16 10:05:25,1.8,114.79
16129,POS消费,地点1961,超市,2015/07/16 11:11:38,47.9,66.89
16129,POS消费,地点1961,超市,2015/07/16 11:11:48,10.2,56.69
16129,POS消费,地点21,开水,2015/07/16 15:40:33,7.0,49.69
16129,POS消费,地点83,食堂,2015/07/16 17:04:02,7.0,42.69
16129,POS消费,地点21,开水,2015/07/17 11:47:02,7.2,35.49
16129,POS消费,地点992,淋浴,2015/07/17 23:25:27,1.1,34.39
16129,POS消费,地点2254,洗衣房,2015/07/18 07:30:48,3.6,30.79
16129,POS消费,地点2252,洗衣房,2015/07/18 07:33:47,3.6,27.19
16129,POS消费,地点26,图书馆,2015/07/18 10:57:53,0.55,26.64
16129,POS消费,地点91,校车,2015/07/18 11:02:37,10.0,16.64
16129,POS消费,地点21,开水,2015/07/18 15:57:58,3.0,113.64
16129,POS消费,地点91,校车,2015/07/18 15:59:25,6.0,107.64
16129,支付领取,,,2015/07/18 17:00:33,100.0,116.64
16129,POS消费,地点91,校车,2015/07/18 18:12:11,6.0,101.64
16129,POS消费,地点969,淋浴,2015/07/18 23:16:33,0.7,100.94
16129,POS消费,地点91,校车,2015/07/19 12:01:57,6.2,94.74
16129,POS消费,地点964,淋浴,2015/07/19 21:17:32,1.3,93.44
16129,POS消费,地点26,图书馆,2015/07/20 19:54:50,6.4,87.04
16129,POS消费,地点26,图书馆,2015/07/20 19:55:07,6.2,80.84
16129,POS消费,地点21,开水,2015/07/20 20:17:15,6.9,73.94
16129,POS消费,地点1475,淋浴,2015/07/20 22:26:46,0.6,73.34
16129,POS消费,地点21,开水,2015/07/21 07:02:15,0.8,72.54
16129,POS消费,地点21,开水,2015/07/21 07:04:11,2.0,70.54
16129,POS消费,地点1475,淋浴,2015/07/21 21:35:19,1.3,69.24
16129,POS消费,地点21,开水,2015/07/22 07:03:55,1.8,67.44
16129,POS消费,地点21,开水,2015/07/22 07:04:33,2.0,65.44
16129,POS消费,地点969,淋浴,2015/07/22 21:16:00,0.6,64.84
16129,POS消费,地点21,开水,2015/07/23 07:02:57,0.8,64.04
16129,POS消费,地点21,开水,2015/07/23 07:03:15,2.0,62.04
16129,POS消费,地点969,淋浴,2015/07/23 20:17:41,1.1,60.94
16129,POS消费,地点21,开水,2015/07/24 07:06:21,0.8,60.14
16129,POS消费,地点21,开水,2015/07/24 07:06:41,2.0,58.14
16129,POS消费,地点1475,淋浴,2015/07/24 22:38:28,0.6,57.54
16129,POS消费,地点2252,洗衣房,2015/07/25 09:02:43,3.6,53.94
16129,POS消费,地点2252,洗衣房,2015/07/25 10:06:52,-3.18,53.52
16129,POS消费,地点2252,洗衣房,2015/07/25 10:06:52,3.6,50.34
16129,POS消费,地点21,开水,2015/07/25 11:18:54,5.4,48.12
16129,卡充值,,,2015/07/25 11:36:31,300.0,348.12
16129,POS消费,地点969,淋浴,2015/07/25 22:07:21,1.1,347.02
16129,POS消费,地点21,开水,2015/07/26 11:21:02,5.2,341.82
16129,POS消费,地点969,淋浴,2015/07/26 20:53:23,0.5,341.32
16129,POS消费,地点21,开水,2015/07/27 07:05:58,0.8,340.52
16129,POS消费,地点21,开水,2015/07/27 07:06:20,3.8,336.72
16129,POS消费,地点969,淋浴,2015/07/27 20:45:45,1.2,335.52
16129,POS消费,地点21,开水,2015/07/28 07:06:55,0.8,334.72
16129,POS消费,地点21,开水,2015/07/28 07:07:25,3.0,331.72
16129,POS消费,地点1475,淋浴,2015/07/28 21:54:54,0.5,331.22
16129,POS消费,地点21,开水,2015/07/29 07:07:21,1.8,329.42
16129,POS消费,地点21,开水,2015/07/29 07:07:39,3.0,326.42
16129,POS消费,地点969,淋浴,2015/07/29 20:41:20,1.1,325.32
16129,POS消费,地点21,开水,2015/07/30 07:09:08,2.0,323.32
16129,POS消费,地点21,开水,2015/07/30 07:09:13,2.6,320.72
16129,POS消费,地点21,开水,2015/07/30 07:09:22,2.6,318.12
16129,POS消费,地点21,开水,2015/07/30 17:13:18,5.4,312.72
16129,POS消费,地点969,淋浴,2015/07/30 20:09:36,0.6,312.12
16129,POS消费,地点21,开水,2015/07/31 07:05:25,4.8,307.32
16129,POS消费,地点6,淋浴,2015/07/31 17:13:20,5.4,301.92
16129,POS消费,地点969,淋浴,2015/07/31 21:34:08,1.3,300.62
16129,POS消费,地点2252,洗衣房,2015/08/01 08:02:16,3.6,297.02
16129,POS消费,地点21,开水,2015/08/01 08:25:07,1.8,295.22
16129,POS消费,地点21,开水,2015/08/01 08:25:38,3.0,292.22
16129,POS消费,地点2252,洗衣房,2015/08/01 09:02:01,3.6,288.62
16129,POS消费,地点1475,淋浴,2015/08/01 21:12:55,0.5,288.12
16129,POS消费,地点21,开水,2015/08/02 08:06:35,1.6,286.52
16129,POS消费,地点21,开水,2015/08/02 08:07:04,3.0,283.52
16129,POS消费,地点2017,淋浴,2015/08/02 21:50:19,0.7,282.82
16129,POS消费,地点91,校车,2015/08/03 08:21:01,4.8,278.02
16129,POS消费,地点91,校车,2015/08/03 17:30:22,2.5,275.52
16129,POS消费,地点91,校车,2015/08/03 17:46:18,3.0,272.52
16129,POS消费,地点1981,淋浴,2015/08/03 20:21:23,1.3,271.22
16129,POS消费,地点91,校车,2015/08/04 11:08:30,5.4,265.82
16129,POS消费,地点21,开水,2015/08/04 17:12:15,5.3,260.52
16129,POS消费,地点91,校车,2015/08/04 17:29:32,3.0,257.52
16129,POS消费,地点1981,淋浴,2015/08/04 20:47:32,0.6,256.92
16129,POS消费,地点91,校车,2015/08/05 08:14:26,5.35,251.57
16129,POS消费,地点232,食堂,2015/08/05 11:06:22,7.0,244.57
16129,POS消费,地点91,校车,2015/08/05 17:13:37,5.0,239.57
16129,POS消费,地点91,校车,2015/08/05 17:30:03,3.0,236.57
16129,POS消费,地点2027,淋浴,2015/08/05 19:49:53,1.2,235.37
16129,POS消费,地点91,校车,2015/08/06 08:04:30,2.0,233.37
16129,POS消费,地点21,开水,2015/08/06 08:05:06,0.7,232.67
16129,POS消费,地点21,开水,2015/08/06 08:05:32,0.8,231.87
16129,POS消费,地点232,食堂,2015/08/06 11:11:13,3.5,228.37
16129,POS消费,地点21,开水,2015/08/06 11:12:29,4.4,223.97
16129,POS消费,地点232,食堂,2015/08/06 17:08:10,10.3,213.67
16129,POS消费,地点91,校车,2015/08/06 17:49:35,3.0,210.67
16129,POS消费,地点21,开水,2015/08/07 08:12:09,2.0,207.97
16129,POS消费,地点91,校车,2015/08/07 08:13:06,0.8,207.17
16129,POS消费,地点21,开水,2015/08/07 11:19:09,4.4,202.77
16129,POS消费,地点21,开水,2015/08/07 11:19:54,2.0,200.77
16129,POS消费,地点21,开水,2015/08/07 17:10:16,5.2,195.57
16129,POS消费,地点21,开水,2015/08/07 17:10:39,2.0,193.57
16129,POS消费,地点21,开水,2015/08/08 07:34:07,1.8,191.77
16129,POS消费,地点26,图书馆,2015/08/08 07:34:48,0.8,190.97
16129,POS消费,地点21,开水,2015/08/08 17:38:34,1.33,189.64
16129,POS消费,地点21,开水,2015/08/09 08:23:19,1.8,186.54
16129,POS消费,地点21,开水,2015/08/09 08:24:13,0.8,185.74
16129,POS消费,地点91,校车,2015/08/09 11:12:28,5.4,180.34
16129,POS消费,地点21,开水,2015/08/10 08:21:20,1.8,177.84
16129,POS消费,地点21,开水,2015/08/10 08:22:03,0.8,177.04
16129,POS消费,地点91,校车,2015/08/10 11:21:05,3.5,173.54
16129,POS消费,地点91,校车,2015/08/10 11:22:02,2.5,171.04
16129,POS消费,地点21,开水,2015/08/10 11:22:45,0.45,170.59
16129,POS消费,地点232,食堂,2015/08/10 17:33:27,6.0,164.59
16129,POS消费,地点21,开水,2015/08/11 08:13:47,1.8,156.07
16129,POS消费,地点21,开水,2015/08/11 08:14:13,0.8,155.27
16129,POS消费,地点21,开水,2015/08/11 11:25:24,4.3,150.97
16129,POS消费,地点91,校车,2015/08/11 11:26:12,3.8,147.17
16129,POS消费,地点232,食堂,2015/08/11 17:20:51,6.0,141.17
16129,POS消费,地点91,校车,2015/08/11 17:53:17,3.0,138.17
16129,POS消费,地点26,图书馆,2015/08/12 08:08:26,2.6,134.87
16129,POS消费,地点21,开水,2015/08/12 17:11:09,5.2,129.67
16129,POS消费,地点91,校车,2015/08/12 17:12:46,5.5,124.17
16129,POS消费,地点518,淋浴,2015/08/12 19:02:46,0.9,159.49
16129,POS消费,地点1475,淋浴,2015/08/12 19:02:46,0.6,160.39
16129,POS消费,地点1981,淋浴,2015/08/12 19:21:53,0.7,209.97
16129,POS消费,地点1981,淋浴,2015/08/12 19:21:59,1.3,188.34
16129,POS消费,地点1981,淋浴,2015/08/12 19:22:03,0.7,179.64
16129,POS消费,地点964,淋浴,2015/08/12 19:22:12,0.7,137.47
16129,POS消费,地点964,淋浴,2015/08/12 19:46:39,1.1,123.07
16129,POS消费,地点2266,洗衣房,2015/08/12 20:06:33,3.6,160.99
16129,POS消费,地点2266,洗衣房,2015/08/12 20:06:33,3.6,155.89
16129,POS消费,地点2266,洗衣房,2015/08/12 20:06:33,-1.98,157.87
16129,POS消费,地点21,开水,2015/08/13 08:15:42,1.8,121.27
16129,POS消费,地点21,开水,2015/08/13 08:16:26,0.8,120.47
16129,POS消费,地点26,图书馆,2015/08/13 17:59:11,5.5,114.97
16129,POS消费,地点6,淋浴,2015/08/13 18:11:33,7.0,107.97
16129,POS消费,地点1394,校车,2015/08/13 19:43:25,2.0,105.97
16129,POS消费,地点964,淋浴,2015/08/13 20:32:21,0.5,105.47
16129,POS消费,地点91,校车,2015/08/14 08:21:09,2.6,102.87
16129,POS消费,地点21,开水,2015/08/15 08:23:46,2.6,98.97
16129,POS消费,地点91,校车,2015/08/15 11:16:12,5.8,89.57
16129,POS消费,地点964,淋浴,2015/08/15 13:32:16,1.3,101.57
16129,POS消费,地点2266,洗衣房,2015/08/15 13:35:07,3.6,95.37
16129,POS消费,地点2266,洗衣房,2015/08/15 16:50:53,3.6,85.97
16129,POS消费,地点2266,洗衣房,2015/08/15 16:50:53,-3.24,89.21
16129,卡充值,,,2015/08/15 17:20:37,200.0,289.21
16129,POS消费,地点232,食堂,2015/08/15 17:22:58,6.0,283.21
16129,POS消费,地点91,校车,2015/08/15 17:59:32,18.6,264.61
16129,POS消费,地点964,淋浴,2015/08/15 21:31:31,0.6,264.01
16129,POS消费,地点91,校车,2015/08/17 08:04:17,2.6,260.11
16129,POS消费,地点91,校车,2015/08/17 11:26:31,3.9,256.21
16129,POS消费,地点21,开水,2015/08/17 11:27:03,3.0,253.21
16129,POS消费,地点232,食堂,2015/08/17 17:13:50,7.6,245.61
16129,POS消费,地点21,开水,2015/08/18 11:34:49,3.9,241.11
16129,POS消费,地点248,超市,2015/08/18 13:25:06,21.1,220.01
16129,POS消费,地点964,淋浴,2015/08/18 17:50:26,1.3,262.71
16129,POS消费,地点964,淋浴,2015/08/18 17:50:29,0.6,245.01
16129,POS消费,地点21,开水,2015/08/19 11:24:05,7.2,212.81
16129,POS消费,地点91,校车,2015/08/19 17:06:52,5.3,207.51
16129,POS消费,地点91,校车,2015/08/19 17:24:37,17.5,190.01
16129,POS消费,地点964,淋浴,2015/08/19 19:40:11,1.3,188.71
16129,POS消费,地点2266,洗衣房,2015/08/19 20:27:23,3.6,185.11
16129,POS消费,地点2266,洗衣房,2015/08/20 10:51:59,3.6,181.51
16129,POS消费,地点21,开水,2015/08/20 17:09:02,5.2,176.31
16129,POS消费,地点91,校车,2015/08/20 17:30:18,3.0,173.31
16129,POS消费,地点964,淋浴,2015/08/20 22:33:12,0.4,172.91
16129,POS消费,地点21,开水,2015/08/21 07:21:30,2.6,170.31
16129,POS消费,地点964,淋浴,2015/08/21 23:16:23,1.1,169.21
16129,POS消费,地点21,开水,2015/08/22 07:18:38,2.6,166.61
16129,POS消费,地点21,开水,2015/08/22 11:23:28,3.0,162.61
16129,POS消费,地点232,食堂,2015/08/22 11:23:29,1.0,165.61
16129,POS消费,地点964,淋浴,2015/08/22 21:29:01,0.4,162.21
16129,POS消费,地点26,图书馆,2015/08/23 07:38:34,1.85,160.36
16129,POS消费,地点964,淋浴,2015/08/23 20:30:27,1.0,159.36
16129,POS消费,地点21,开水,2015/08/24 07:28:48,2.6,156.76
16129,POS消费,地点232,食堂,2015/08/24 11:46:12,4.2,152.56
16129,POS消费,地点232,食堂,2015/08/24 11:46:22,5.0,147.56
16129,POS消费,地点964,淋浴,2015/08/24 22:47:15,0.4,147.16
16129,POS消费,地点21,开水,2015/08/25 07:28:56,2.6,144.56
16129,POS消费,地点72,食堂,2015/08/25 11:14:42,4.2,140.36
16129,POS消费,地点964,淋浴,2015/08/25 22:32:41,1.1,139.26
16129,POS消费,地点26,图书馆,2015/08/26 07:28:55,2.6,136.66
16129,POS消费,地点12,文印中心,2015/08/26 11:41:25,4.4,132.26
16129,POS消费,地点2059,校车,2015/08/26 16:55:50,4.0,128.26
16129,POS消费,地点248,超市,2015/08/26 20:48:01,15.6,112.66
16129,POS消费,地点1981,淋浴,2015/08/26 21:23:41,0.6,112.06
16129,POS消费,地点529,校车,2015/08/27 07:23:33,4.0,105.46
16129,POS消费,地点26,图书馆,2015/08/27 07:31:17,2.6,109.46
16129,POS消费,地点1997,食堂,2015/08/27 13:23:14,6.6,98.86
16129,POS消费,地点964,淋浴,2015/08/27 21:32:32,1.2,97.66
16129,POS消费,地点26,图书馆,2015/08/28 07:30:25,2.6,95.06
16129,POS消费,地点72,食堂,2015/08/28 11:35:42,4.4,90.66
16129,POS消费,地点191,校车,2015/08/28 16:44:12,4.0,86.66
16129,POS消费,地点964,淋浴,2015/08/28 22:17:19,0.5,86.16
16129,POS消费,地点21,开水,2015/08/29 07:35:09,1.6,84.56
16129,POS消费,地点210,校车,2015/08/29 07:35:33,4.0,80.56
16129,POS消费,地点265,食堂,2015/08/29 11:22:42,5.8,74.76
16129,POS消费,地点26,图书馆,2015/08/29 17:37:48,6.5,68.26
16129,POS消费,地点1387,校车,2015/08/29 18:20:24,2.0,66.26
16129,POS消费,地点21,开水,2015/08/29 19:49:38,5.5,60.76
16129,POS消费,地点964,淋浴,2015/08/29 21:22:03,1.0,59.76
16129,POS消费,地点21,开水,2015/08/30 08:37:15,1.8,57.96
16129,POS消费,地点21,开水,2015/08/30 08:37:22,0.8,57.16
16129,POS消费,地点91,校车,2015/08/30 17:25:38,6.0,51.16
16129,POS消费,地点964,淋浴,2015/08/30 22:11:23,0.5,50.66
16129,POS消费,地点21,开水,2015/08/31 07:49:05,1.8,48.86
16129,POS消费,地点21,开水,2015/08/31 07:50:21,0.8,48.06
16129,POS消费,地点6,淋浴,2015/08/31 12:04:08,5.3,42.76
16129,POS消费,地点6,淋浴,2015/08/31 12:04:13,-5.3,48.06
16129,POS消费,地点6,淋浴,2015/08/31 12:04:16,4.3,43.76
16129,POS消费,地点21,开水,2015/08/31 17:10:08,4.2,39.56
16129,POS消费,地点232,食堂,2015/08/31 17:11:14,2.0,37.56
16129,POS消费,地点518,淋浴,2015/08/31 21:52:10,1.4,36.16
