19,POS消费,地点837,校车,2015/03/01 15:56:02,1.0,49.0
19,卡挂失,,,2015/03/01 16:06:46,0.0,0.0
19,卡片开户,,,2015/03/01 16:08:44,65.0,50.0
19,POS消费,地点211,校车,2015/03/01 16:45:44,1.0,48.0
19,POS消费,地点1961,超市,2015/03/01 17:43:56,0.2,47.8
19,POS消费,地点144,食堂,2015/03/02 07:51:41,0.5,44.3
19,POS消费,地点167,食堂,2015/03/02 07:57:58,3.0,44.8
19,POS消费,地点6,淋浴,2015/03/02 12:04:18,4.6,39.7
19,POS消费,地点21,开水,2015/03/02 17:57:45,4.6,35.1
19,POS消费,地点1961,超市,2015/03/02 20:51:18,2.4,32.7
19,POS消费,地点21,开水,2015/03/03 07:43:11,2.8,29.9
19,POS消费,地点91,校车,2015/03/03 07:43:30,0.8,29.1
19,POS消费,地点6,淋浴,2015/03/03 17:57:58,4.6,24.5
19,POS消费,地点21,开水,2015/03/04 07:34:39,4.3,20.2
19,POS消费,地点6,淋浴,2015/03/04 12:04:44,2.6,17.6
19,POS消费,地点65,食堂,2015/03/04 17:44:17,4.6,13.0
19,POS消费,地点218,食堂,2015/03/04 17:58:03,1.8,11.2
19,POS消费,地点232,食堂,2015/03/05 11:58:33,4.6,6.6
19,POS消费,地点1961,超市,2015/03/07 21:04:59,0.1,6.5
19,卡片销户,,,2015/03/09 11:28:13,6.5,0.0
19,卡补办,,,2015/03/09 11:28:45,221.5,235.76
19,更新卡信息,,,2015/03/09 11:29:21,0.0,0.0
19,POS消费,地点65,食堂,2015/03/09 11:34:29,4.6,231.16
19,POS消费,地点232,食堂,2015/03/09 17:57:16,4.6,226.56
19,POS消费,地点65,食堂,2015/03/10 11:43:04,6.8,219.76
19,POS消费,地点218,食堂,2015/03/10 11:51:48,1.8,217.96
19,POS消费,地点6,淋浴,2015/03/10 17:58:24,3.1,214.86
19,POS消费,地点21,开水,2015/03/10 22:23:23,17.9,196.96
19,POS消费,地点249,食堂,2015/03/11 11:42:49,5.6,191.36
19,POS消费,地点188,超市,2015/03/11 21:30:06,5.4,185.96
19,POS消费,地点21,开水,2015/03/12 12:00:52,4.6,181.36
19,POS消费,地点264,食堂,2015/03/16 11:29:24,5.6,175.76
19,POS消费,地点249,食堂,2015/03/17 18:08:36,5.6,170.16
19,POS消费,地点171,食堂,2015/03/18 19:25:46,5.5,164.66
19,POS消费,地点1961,超市,2015/03/18 19:44:28,3.1,161.56
19,POS消费,地点249,食堂,2015/03/19 12:07:44,5.6,155.96
19,POS消费,地点211,校车,2015/03/19 14:53:18,1.0,154.96
19,POS消费,地点192,超市,2015/03/19 15:46:06,9.36,145.6
19,POS消费,地点171,食堂,2015/03/19 18:00:14,5.5,140.1
19,POS消费,地点61,食堂,2015/03/20 16:57:02,3.6,136.5
19,POS消费,地点2119,食堂,2015/03/20 18:00:05,0.83,135.67
19,POS消费,地点69,食堂,2015/03/21 08:02:34,2.0,133.67
19,POS消费,地点306,食堂,2015/03/21 18:12:05,6.5,127.17
19,POS消费,地点203,食堂,2015/03/22 13:48:17,7.5,119.67
19,POS消费,地点21,开水,2015/03/22 20:29:16,14.7,104.97
19,POS消费,地点249,食堂,2015/03/23 18:07:08,5.6,99.37
19,POS消费,地点171,食堂,2015/03/24 11:55:18,5.5,93.87
19,POS消费,地点1588,食堂,2015/03/24 18:00:58,4.1,89.77
19,POS消费,地点1847,食堂,2015/03/24 18:22:37,4.3,85.47
19,POS消费,地点103,食堂,2015/03/25 12:02:13,4.1,81.37
19,POS消费,地点249,食堂,2015/03/25 18:08:04,5.6,75.77
19,POS消费,地点157,食堂,2015/03/26 12:05:49,5.6,70.17
19,POS消费,地点203,食堂,2015/03/27 19:23:36,7.5,62.67
19,POS消费,地点263,食堂,2015/03/30 18:02:53,4.6,58.07
19,POS消费,地点182,食堂,2015/03/30 18:03:09,1.0,57.07
19,POS消费,地点243,食堂,2015/03/30 18:19:58,2.9,54.17
19,POS消费,地点89,食堂,2015/03/31 11:32:42,4.5,49.67
19,POS消费,地点21,开水,2015/03/31 11:52:03,7.84,41.83
19,POS消费,地点1155,食堂,2015/03/31 22:04:02,2.9,38.93
19,POS消费,地点171,食堂,2015/04/01 18:57:53,5.5,33.43
19,POS消费,地点264,食堂,2015/04/02 12:01:32,5.6,27.83
19,POS消费,地点306,食堂,2015/04/02 18:54:39,5.5,22.33
19,POS消费,地点171,食堂,2015/04/02 18:59:39,1.0,21.33
19,POS消费,地点188,超市,2015/04/02 21:54:15,10.0,11.33
19,POS消费,地点21,开水,2015/04/03 11:57:44,1.8,9.53
19,POS消费,地点195,超市,2015/04/04 21:18:09,3.7,5.83
19,卡充值,,,2015/04/08 09:46:02,100.0,105.83
19,POS消费,地点171,食堂,2015/04/08 12:07:16,5.5,100.33
19,POS消费,地点157,食堂,2015/04/09 12:00:57,5.6,94.73
19,POS消费,地点26,图书馆,2015/04/10 20:10:03,26.4,68.33
19,POS消费,地点26,图书馆,2015/04/10 20:10:09,0.3,68.03
19,POS消费,地点21,开水,2015/04/13 16:13:58,6.0,62.03
19,POS消费,地点21,开水,2015/04/15 16:07:54,1.8,60.23
19,POS消费,地点306,食堂,2015/04/15 19:02:50,5.5,54.73
19,POS消费,地点171,食堂,2015/04/15 19:04:04,1.0,53.73
19,POS消费,地点118,食堂,2015/04/15 21:15:09,5.0,48.73
19,POS消费,地点171,食堂,2015/04/18 08:15:50,5.5,43.23
19,POS消费,地点1961,超市,2015/04/19 21:04:42,17.2,26.03
19,POS消费,地点232,食堂,2015/04/20 17:55:47,5.6,20.43
19,POS消费,地点21,开水,2015/04/22 16:07:18,1.8,18.63
19,POS消费,地点188,超市,2015/04/23 14:02:06,4.5,14.13
19,POS消费,地点188,超市,2015/04/23 22:05:57,7.9,6.23
19,POS消费,地点146,校车,2015/04/30 16:32:06,1.0,5.23
19,卡充值,,,2015/05/07 17:00:05,200.0,205.23
19,POS消费,地点171,食堂,2015/05/07 19:22:06,5.5,199.73
19,POS消费,地点188,超市,2015/05/07 19:36:25,5.7,194.03
19,POS消费,地点188,超市,2015/05/08 20:17:05,15.4,178.63
19,POS消费,地点188,超市,2015/05/10 20:49:42,16.6,162.03
19,POS消费,地点157,食堂,2015/05/11 18:01:43,5.6,156.43
19,POS消费,地点188,超市,2015/05/11 20:33:03,6.8,149.63
19,POS消费,地点2172,文印中心,2015/05/12 13:30:50,1.35,148.28
19,POS消费,地点171,食堂,2015/05/12 18:49:51,5.5,142.78
19,POS消费,地点21,开水,2015/05/14 20:37:07,19.4,123.38
19,POS消费,地点171,食堂,2015/05/15 17:54:51,5.5,117.88
19,POS消费,地点26,图书馆,2015/05/16 20:18:23,15.5,102.38
19,POS消费,地点157,食堂,2015/05/18 18:02:42,5.6,96.78
19,POS消费,地点1847,食堂,2015/05/18 18:10:59,1.8,94.98
19,POS消费,地点21,开水,2015/05/19 21:12:47,19.0,75.98
19,POS消费,地点21,开水,2015/05/20 16:07:53,2.0,73.98
19,POS消费,地点192,超市,2015/05/20 21:27:35,17.1,56.88
19,POS消费,地点192,超市,2015/05/21 12:02:11,9.5,47.38
19,POS消费,地点134,食堂,2015/05/25 12:04:06,4.6,42.78
19,POS消费,地点21,开水,2015/05/25 17:56:06,4.6,38.18
19,POS消费,地点21,开水,2015/05/25 18:13:56,3.2,34.98
19,POS消费,地点21,开水,2015/05/26 17:40:58,4.6,30.38
19,POS消费,地点192,超市,2015/05/27 20:53:43,16.2,14.18
19,卡充值,,,2015/06/02 16:14:09,150.0,164.18
19,POS消费,地点192,超市,2015/06/02 16:16:26,8.2,155.98
19,POS消费,地点306,食堂,2015/06/02 18:24:29,5.5,150.48
19,POS消费,地点306,食堂,2015/06/03 20:44:04,6.5,133.34
19,POS消费,地点188,超市,2015/06/03 21:05:52,11.1,122.24
19,POS消费,地点274,超市,2015/06/04 21:05:11,21.9,100.34
19,POS消费,地点306,食堂,2015/06/05 20:03:15,5.5,94.84
19,POS消费,地点274,超市,2015/06/05 20:23:20,3.2,91.64
19,POS消费,地点306,食堂,2015/06/07 20:30:52,6.5,85.14
19,POS消费,地点2172,文印中心,2015/06/08 13:37:26,0.75,84.39
19,POS消费,地点188,超市,2015/06/08 18:02:59,18.2,66.19
19,POS消费,地点192,超市,2015/06/09 16:15:02,9.0,57.19
19,POS消费,地点232,食堂,2015/06/11 11:31:47,10.0,47.19
19,POS消费,地点188,超市,2015/06/11 21:43:59,6.9,40.29
19,POS消费,地点26,图书馆,2015/06/12 21:27:46,23.2,17.09
19,POS消费,地点203,食堂,2015/06/14 21:15:34,6.5,10.59
19,POS消费,地点203,食堂,2015/06/14 21:15:43,1.0,9.59
19,POS消费,地点192,超市,2015/06/14 21:31:56,4.2,5.39
19,卡充值,,,2015/06/22 15:40:34,200.0,205.39
19,POS消费,地点274,超市,2015/06/22 15:49:35,7.5,197.89
19,POS消费,地点203,食堂,2015/06/22 18:42:18,6.5,191.39
19,POS消费,地点21,开水,2015/06/22 19:00:26,11.33,180.06
19,POS消费,地点232,食堂,2015/06/23 11:50:17,8.0,172.06
19,POS消费,地点188,超市,2015/06/23 15:25:49,1.5,170.56
19,POS消费,地点274,超市,2015/06/23 21:04:34,12.0,158.56
19,POS消费,地点274,超市,2015/06/23 21:04:37,0.9,157.66
19,POS消费,地点274,超市,2015/06/24 21:26:38,19.2,138.46
19,POS消费,地点188,超市,2015/06/25 21:02:44,23.4,115.06
19,POS消费,地点274,超市,2015/06/26 18:05:38,9.2,105.86
19,POS消费,地点192,超市,2015/06/26 21:46:48,4.9,100.96
19,POS消费,地点188,超市,2015/06/26 22:08:36,18.5,82.46
19,POS消费,地点306,食堂,2015/06/27 20:31:09,6.5,75.96
19,POS消费,地点306,食堂,2015/06/27 20:31:12,1.0,74.96
19,POS消费,地点188,超市,2015/06/27 20:54:43,13.3,61.66
19,POS消费,地点188,超市,2015/06/27 20:55:14,3.0,58.66
19,POS消费,地点124,食堂,2015/06/28 18:00:38,4.5,54.16
19,POS消费,地点21,开水,2015/06/28 18:13:27,6.0,48.16
19,,,,2015/06/28 20:24:50,40.0,8.16
19,POS消费,地点192,超市,2015/06/28 22:16:57,3.0,5.16
19,POS消费,地点103,食堂,2015/06/29 17:08:29,4.1,1.06
19,POS消费,地点21,开水,2015/06/29 17:18:28,2.0,99.06
19,支付领取,,,2015/06/29 18:16:26,100.0,101.06
19,POS消费,地点192,超市,2015/06/29 21:13:33,13.0,86.06
19,POS消费,地点2172,文印中心,2015/06/30 12:00:46,1.2,84.86
19,POS消费,地点89,食堂,2015/06/30 19:17:54,7.0,77.86
19,POS消费,地点21,开水,2015/06/30 19:36:24,3.0,74.86
19,POS消费,地点188,超市,2015/06/30 21:14:22,23.7,51.16
19,POS消费,地点89,食堂,2015/07/01 20:46:03,7.0,44.16
19,POS消费,地点21,开水,2015/07/01 21:09:39,3.0,41.16
19,POS消费,地点241,食堂,2015/07/02 07:25:04,0.8,38.86
19,POS消费,地点75,食堂,2015/07/02 07:30:36,0.5,38.36
19,POS消费,地点2031,食堂,2015/07/02 07:56:39,1.5,39.66
19,POS消费,地点227,食堂,2015/07/02 20:36:52,7.0,31.36
19,POS消费,地点21,开水,2015/07/02 20:50:01,10.2,21.16
19,POS消费,地点69,食堂,2015/07/03 07:46:43,2.2,18.16
19,POS消费,地点60,食堂,2015/07/03 07:52:27,0.8,20.36
19,POS消费,地点89,食堂,2015/07/03 19:30:41,7.0,11.16
19,POS消费,地点188,超市,2015/07/03 19:57:55,5.9,5.26
19,POS消费,地点65,食堂,2015/07/04 07:58:53,0.8,104.46
19,POS消费,地点60,食堂,2015/07/04 08:04:51,0.8,103.66
19,支付领取,,,2015/07/04 08:57:00,100.0,105.26
19,POS消费,地点171,食堂,2015/07/05 13:10:45,5.5,98.16
19,POS消费,地点171,食堂,2015/07/05 13:11:50,1.0,97.16
19,POS消费,地点1961,超市,2015/07/05 20:07:18,13.0,84.16
19,POS消费,地点89,食堂,2015/07/06 20:10:41,7.0,77.16
19,POS消费,地点192,超市,2015/07/06 20:31:29,13.0,64.16
19,POS消费,地点192,超市,2015/07/06 20:31:34,0.1,64.06
19,POS消费,地点103,食堂,2015/07/07 11:27:01,4.1,59.96
19,POS消费,地点171,食堂,2015/07/07 20:27:48,5.5,54.46
19,POS消费,地点21,开水,2015/07/07 20:45:51,9.9,44.56
19,POS消费,地点89,食堂,2015/07/08 12:31:40,4.5,40.06
19,POS消费,地点21,开水,2015/07/08 12:58:49,3.0,37.06
19,POS消费,地点2172,文印中心,2015/07/08 14:48:32,14.4,22.66
19,POS消费,地点274,超市,2015/07/08 15:25:34,3.0,19.66
19,POS消费,地点61,食堂,2015/07/08 17:37:03,3.6,16.06
19,POS消费,地点274,超市,2015/07/08 17:49:17,3.9,12.16
19,POS消费,地点60,食堂,2015/07/10 08:42:39,1.6,10.56
19,POS消费,地点91,校车,2015/07/10 11:32:45,2.1,8.46
19,POS消费,地点171,食堂,2015/07/11 08:56:32,5.5,102.96
19,支付领取,,,2015/07/11 09:56:57,100.0,108.46
19,POS消费,地点21,开水,2015/07/11 20:06:04,3.0,99.96
19,POS消费,地点192,超市,2015/07/11 22:23:42,9.5,50.46
19,,,,2015/07/11 23:19:47,40.0,59.96
19,POS消费,地点192,超市,2015/07/12 21:31:52,21.2,29.26
19,POS消费,地点192,超市,2015/07/12 21:32:15,-21.2,50.46
19,POS消费,地点192,超市,2015/07/12 21:32:19,21.2,29.26
19,POS消费,地点89,食堂,2015/07/13 20:53:40,7.0,22.26
19,POS消费,地点21,开水,2015/07/13 21:29:46,3.0,19.26
19,POS消费,地点21,开水,2015/07/14 18:30:04,3.0,16.26
19,POS消费,地点60,食堂,2015/07/15 08:26:27,1.6,14.66
19,POS消费,地点89,食堂,2015/07/15 11:36:15,4.5,10.16
19,POS消费,地点89,食堂,2015/07/15 11:39:42,2.5,7.66
19,POS消费,地点21,开水,2015/07/15 11:57:03,3.0,4.66
19,POS消费,地点89,食堂,2015/07/15 19:34:33,7.0,97.66
19,POS消费,地点274,超市,2015/07/15 19:49:04,18.1,79.56
19,支付领取,,,2015/07/15 20:35:45,100.0,104.66
19,POS消费,地点89,食堂,2015/07/16 18:22:25,4.5,75.06
19,POS消费,地点218,食堂,2015/07/16 18:26:10,3.3,71.76
19,POS消费,地点60,食堂,2015/07/17 08:48:28,0.8,70.96
19,POS消费,地点274,超市,2015/07/17 08:52:04,30.0,40.96
19,POS消费,地点274,超市,2015/07/17 08:52:07,4.9,36.06
19,POS消费,地点89,食堂,2015/07/17 19:44:35,7.0,29.06
19,POS消费,地点21,开水,2015/07/17 19:57:23,2.5,26.56
19,POS消费,地点188,超市,2015/07/18 21:39:23,5.9,20.66
19,POS消费,地点21,开水,2015/07/25 10:06:49,3.0,17.66
19,POS消费,地点89,食堂,2015/07/25 11:01:07,4.5,13.16
19,POS消费,地点243,食堂,2015/07/25 11:28:27,2.5,10.66
19,POS消费,地点61,食堂,2015/07/26 11:14:15,3.6,107.06
19,POS消费,地点21,开水,2015/07/26 11:31:21,3.0,104.06
19,支付领取,,,2015/07/26 12:17:30,100.0,110.66
19,POS消费,地点1997,食堂,2015/07/26 19:48:13,4.6,99.46
19,POS消费,地点89,食堂,2015/07/27 11:48:05,4.5,94.96
19,POS消费,地点21,开水,2015/07/27 12:27:45,3.0,91.96
19,POS消费,地点218,食堂,2015/07/27 12:28:11,2.9,89.06
19,POS消费,地点274,超市,2015/07/27 18:27:13,24.3,64.76
19,POS消费,地点69,食堂,2015/07/28 11:33:26,4.6,60.16
19,POS消费,地点265,食堂,2015/07/28 17:25:08,1.2,54.36
19,POS消费,地点72,食堂,2015/07/28 17:25:26,4.6,55.56
19,POS消费,地点239,食堂,2015/07/28 17:28:48,4.2,50.16
19,POS消费,地点21,开水,2015/07/28 17:45:59,3.0,47.16
19,POS消费,地点21,开水,2015/07/29 11:45:50,3.0,44.16
19,POS消费,地点218,食堂,2015/07/29 11:46:28,2.5,41.66
19,POS消费,地点69,食堂,2015/07/29 17:39:21,4.1,37.56
19,POS消费,地点21,开水,2015/07/29 17:57:06,6.3,31.26
19,POS消费,地点218,食堂,2015/07/29 17:57:44,4.0,27.26
19,POS消费,地点69,食堂,2015/07/30 17:23:42,4.6,22.66
19,POS消费,地点21,开水,2015/07/30 17:47:26,3.0,18.46
19,POS消费,地点2327,食堂,2015/07/30 19:00:03,1.2,21.46
19,POS消费,地点61,食堂,2015/07/31 17:15:27,4.8,13.66
19,POS消费,地点192,超市,2015/07/31 17:49:01,2.0,81.66
19,支付领取,,,2015/07/31 18:51:33,100.0,113.66
19,,,,2015/07/31 18:52:20,30.0,83.66
19,POS消费,地点21,开水,2015/08/01 11:29:39,5.6,76.06
19,POS消费,地点21,开水,2015/08/01 11:30:39,2.9,73.16
19,POS消费,地点21,开水,2015/08/01 17:53:04,6.86,60.7
19,POS消费,地点21,开水,2015/08/02 16:48:54,2.9,52.2
19,POS消费,地点192,超市,2015/08/02 17:42:18,5.8,46.4
19,POS消费,地点248,超市,2015/08/03 10:57:02,4.6,41.8
19,POS消费,地点21,开水,2015/08/03 10:58:05,2.9,38.9
19,POS消费,地点192,超市,2015/08/03 11:23:34,1.5,37.4
19,POS消费,地点192,超市,2015/08/03 15:11:43,23.2,14.2
19,POS消费,地点65,食堂,2015/08/28 07:58:51,0.8,12.6
19,POS消费,地点60,食堂,2015/08/28 07:59:07,0.8,13.4
19,POS消费,地点89,食堂,2015/08/28 17:02:20,4.5,8.1
19,POS消费,地点192,超市,2015/08/28 20:44:56,2.8,5.3
19,POS消费,地点65,食堂,2015/08/29 08:13:47,0.8,3.7
19,POS消费,地点60,食堂,2015/08/29 08:13:57,0.8,4.5
19,支付领取,,,2015/08/29 09:41:45,100.0,103.7
19,POS消费,地点61,食堂,2015/08/29 11:20:59,5.88,97.82
19,POS消费,地点89,食堂,2015/08/30 08:49:01,4.5,93.32
19,POS消费,地点274,超市,2015/08/30 13:15:38,16.3,77.02
19,POS消费,地点274,超市,2015/08/30 21:17:18,30.0,47.02
19,POS消费,地点274,超市,2015/08/30 21:17:21,2.0,45.02
19,POS消费,地点61,食堂,2015/08/31 11:09:13,3.6,41.42
19,POS消费,地点89,食堂,2015/08/31 19:39:38,7.0,34.42
19,POS消费,地点21,开水,2015/08/31 20:05:16,17.0,17.42
