21833,卡充值,,,2014/09/22 10:24:14,50.0,51.32
21833,POS消费,地点91,校车,2014/09/22 10:29:02,6.5,44.82
21833,POS消费,地点248,超市,2014/09/22 14:09:11,2.9,41.92
21833,POS消费,地点26,图书馆,2014/09/22 18:01:32,9.7,32.22
21833,POS消费,地点91,校车,2014/09/23 11:55:44,10.5,21.72
21833,POS消费,地点248,超市,2014/09/24 09:46:21,2.9,18.82
21833,POS消费,地点26,图书馆,2014/09/24 12:20:47,3.0,15.82
21833,POS消费,地点248,超市,2014/09/24 14:19:41,2.5,13.32
21833,POS消费,地点91,校车,2014/09/25 11:33:47,10.5,2.82
21833,卡充值,,,2014/09/28 10:24:14,100.0,102.82
21833,POS消费,地点248,超市,2014/09/28 10:31:42,8.8,94.02
21833,POS消费,地点248,超市,2014/09/30 10:02:36,3.4,90.62
21833,POS消费,地点91,校车,2014/09/30 11:50:06,6.5,84.12
21833,POS消费,地点91,校车,2014/10/08 12:00:59,5.4,78.72
21833,POS消费,地点248,超市,2014/10/08 16:05:52,8.9,69.82
21833,POS消费,地点91,校车,2014/10/09 13:05:21,6.5,63.32
21833,POS消费,地点21,开水,2014/10/10 12:01:02,5.1,58.22
21833,POS消费,地点21,开水,2014/10/10 12:01:14,3.0,55.22
21833,POS消费,地点117,开水,2014/10/10 23:16:57,0.03,55.19
21833,POS消费,地点21,开水,2014/10/13 08:42:02,1.4,53.79
21833,POS消费,地点91,校车,2014/10/13 12:15:57,10.5,43.29
21833,POS消费,地点91,校车,2014/10/14 11:50:59,6.5,36.79
21833,POS消费,地点271,校医院,2014/10/15 12:03:46,14.0,22.79
21833,POS消费,地点248,超市,2014/10/16 16:10:50,8.1,14.69
21833,POS消费,地点91,校车,2014/10/20 15:20:52,6.0,8.69
21833,POS消费,地点91,校车,2014/10/21 11:38:17,6.5,2.19
21833,POS消费,地点21,开水,2014/10/23 10:35:00,1.9,0.29
21833,卡充值,,,2014/10/23 10:39:05,50.0,50.29
21833,POS消费,地点21,开水,2014/10/23 10:42:21,9.4,40.89
21833,POS消费,地点21,开水,2014/10/28 10:30:50,19.5,21.39
21833,POS消费,地点21,开水,2014/10/30 15:24:43,3.0,18.39
21833,POS消费,地点248,超市,2014/11/05 14:13:30,3.0,15.39
21833,POS消费,地点248,超市,2014/11/06 10:31:26,6.0,9.39
21833,POS消费,地点1098,文印中心,2014/11/14 10:13:33,1.5,7.89
21833,POS消费,地点248,超市,2014/11/14 14:47:18,1.0,6.89
21833,POS消费,地点248,超市,2014/11/19 14:07:19,2.5,4.39
21833,卡充值,,,2014/11/21 10:06:51,100.0,104.39
21833,POS消费,地点91,校车,2014/11/21 10:09:57,27.0,77.39
21833,POS消费,地点91,校车,2014/11/21 10:30:59,7.0,70.39
21833,POS消费,地点271,校医院,2014/11/21 10:45:00,12.0,58.39
21833,POS消费,地点21,开水,2014/11/21 11:04:25,4.0,54.39
21833,POS消费,地点21,开水,2014/11/21 11:10:58,11.7,42.69
21833,POS消费,地点21,开水,2014/11/21 11:11:16,1.8,40.89
21833,POS消费,地点248,超市,2014/11/27 14:11:22,5.0,35.89
21833,POS消费,地点248,超市,2014/11/28 09:49:05,3.0,32.89
21833,POS消费,地点248,超市,2014/12/01 14:21:08,3.0,29.89
21833,POS消费,地点248,超市,2014/12/02 09:55:20,4.0,25.89
21833,POS消费,地点248,超市,2014/12/03 16:10:09,4.0,21.89
21833,POS消费,地点248,超市,2014/12/05 12:04:46,4.0,17.89
21833,POS消费,地点248,超市,2014/12/09 09:59:34,1.5,16.39
21833,POS消费,地点12,文印中心,2014/12/12 11:27:14,4.5,11.89
21833,POS消费,地点91,校车,2014/12/12 11:29:35,6.5,5.39
21833,POS消费,地点248,超市,2014/12/16 14:55:29,3.0,2.39
21833,卡充值,,,2015/03/17 12:00:05,50.0,52.39
21833,POS消费,地点21,开水,2015/03/17 12:03:43,4.9,47.49
21833,POS消费,地点21,开水,2015/03/17 15:47:36,7.8,39.69
21833,POS消费,地点232,食堂,2015/03/18 12:05:48,4.0,35.69
21833,POS消费,地点232,食堂,2015/03/18 12:05:53,6.0,29.69
21833,POS消费,地点248,超市,2015/03/23 10:11:30,6.0,23.69
21833,POS消费,地点248,超市,2015/03/23 14:12:04,5.4,18.29
21833,POS消费,地点21,开水,2015/03/24 12:05:30,7.5,10.79
21833,POS消费,地点21,开水,2015/03/30 12:06:11,5.7,5.09
21833,POS消费,地点26,图书馆,2015/03/30 16:19:23,3.8,1.29
21833,卡充值,,,2015/07/24 12:48:31,50.0,51.29
21833,POS消费,地点21,开水,2015/07/24 12:53:39,14.3,36.99
21833,POS消费,地点21,开水,2015/07/24 12:54:05,4.3,32.69
21833,POS消费,地点21,开水,2015/07/24 12:55:09,2.9,29.79
21833,POS消费,地点21,开水,2015/08/24 07:21:25,1.0,28.79
21833,POS消费,地点21,开水,2015/08/24 07:22:33,5.0,23.79
21833,POS消费,地点91,校车,2015/08/24 07:28:20,1.0,22.79
21833,POS消费,地点21,开水,2015/08/24 07:34:19,10.1,12.69
21833,POS消费,地点21,开水,2015/08/24 07:34:37,6.1,6.59
21833,POS消费,地点21,开水,2015/08/24 07:35:28,4.0,2.59
