22067,POS消费,地点91,校车,2014/09/14 16:52:01,12.2,88.5
22067,POS消费,地点91,校车,2014/09/14 16:54:45,5.2,83.3
22067,卡充值,,,2014/09/14 16:56:35,100.0,100.7
22067,POS消费,地点195,超市,2014/09/14 21:00:45,15.1,68.2
22067,POS消费,地点211,校车,2014/09/15 14:47:58,1.0,67.2
22067,POS消费,地点211,校车,2014/09/15 14:48:06,1.0,66.2
22067,POS消费,地点211,校车,2014/09/15 20:41:30,1.0,65.2
22067,POS消费,地点211,校车,2014/09/15 20:41:36,1.0,64.2
22067,POS消费,地点112,开水,2014/09/16 13:23:29,0.1,64.1
22067,POS消费,地点256,食堂,2014/09/17 11:57:05,8.5,55.6
22067,POS消费,地点21,开水,2014/09/17 11:58:38,1.8,39.67
22067,POS消费,地点21,开水,2014/09/17 11:58:57,1.8,37.87
22067,POS消费,地点256,食堂,2014/09/17 11:59:21,10.5,45.1
22067,POS消费,地点277,食堂,2014/09/17 12:01:21,3.63,41.47
22067,POS消费,地点1155,食堂,2014/09/17 21:43:27,13.0,24.87
22067,POS消费,地点1155,食堂,2014/09/17 21:43:32,6.5,18.37
22067,POS消费,地点586,淋浴,2014/09/17 22:49:18,0.3,18.07
22067,POS消费,地点586,淋浴,2014/09/17 22:56:58,0.2,17.87
22067,POS消费,地点597,淋浴,2014/09/17 23:04:04,0.3,17.57
22067,POS消费,地点1166,洗衣房,2014/09/18 18:44:22,3.6,13.97
22067,POS消费,地点118,食堂,2014/09/19 12:55:13,4.4,9.57
22067,POS消费,地点118,食堂,2014/09/19 21:25:31,3.0,6.57
22067,POS消费,地点1155,食堂,2014/09/19 21:25:45,3.0,3.57
22067,POS消费,地点1442,校车,2014/09/20 15:16:05,1.0,2.57
22067,POS消费,地点1442,校车,2014/09/20 15:16:13,1.0,1.57
22067,POS消费,地点112,开水,2014/09/21 13:59:21,0.07,1.5
22067,卡充值,,,2014/09/22 15:10:35,100.0,101.5
22067,POS消费,地点192,超市,2014/09/22 15:12:28,8.0,93.5
22067,POS消费,地点1472,校车,2014/09/22 15:21:19,1.0,92.5
22067,POS消费,地点118,食堂,2014/09/23 21:12:44,3.6,88.9
22067,POS消费,地点214,超市,2014/09/24 10:08:54,14.0,64.6
22067,POS消费,地点190,超市,2014/09/24 10:10:00,10.3,78.6
22067,POS消费,地点192,超市,2014/09/24 10:19:53,2.0,62.6
22067,POS消费,地点1155,食堂,2014/09/24 21:32:37,12.4,50.2
22067,POS消费,地点816,校车,2014/09/25 15:34:53,1.0,49.2
22067,POS消费,地点195,超市,2014/09/27 18:06:11,11.5,37.7
22067,POS消费,地点222,校车,2014/09/28 14:47:25,1.0,36.7
22067,POS消费,地点118,食堂,2014/09/28 20:55:45,8.7,28.0
22067,POS消费,地点1448,校车,2014/10/08 14:35:32,1.0,27.0
22067,POS消费,地点816,校车,2014/10/10 14:24:30,1.0,26.0
22067,POS消费,地点222,校车,2014/10/13 12:51:15,1.0,25.0
22067,POS消费,地点195,超市,2014/10/16 18:51:20,4.2,20.8
22067,POS消费,地点2026,淋浴,2014/10/17 12:30:23,0.1,20.7
22067,POS消费,地点2026,淋浴,2014/10/17 12:39:21,0.8,19.9
22067,POS消费,地点195,超市,2014/10/19 18:42:05,14.9,5.0
22067,卡充值,,,2014/10/23 14:03:59,100.0,105.0
22067,POS消费,地点21,开水,2014/10/23 14:05:48,6.0,99.0
22067,POS消费,地点21,开水,2014/10/23 14:05:52,5.5,93.5
22067,POS消费,地点1165,洗衣房,2014/10/23 15:33:34,3.6,89.9
22067,POS消费,地点1165,洗衣房,2014/10/23 16:45:06,3.6,86.3
22067,POS消费,地点222,校车,2014/10/24 11:46:14,1.0,85.3
22067,POS消费,地点211,校车,2014/10/26 17:58:43,1.0,84.3
22067,POS消费,地点586,淋浴,2014/10/28 23:31:28,0.1,84.2
22067,POS消费,地点2026,淋浴,2014/10/28 23:32:30,0.1,84.1
22067,POS消费,地点2026,淋浴,2014/10/28 23:44:33,1.2,82.9
22067,POS消费,地点190,超市,2014/10/30 18:53:08,14.3,68.6
22067,POS消费,地点214,超市,2014/10/30 19:05:11,4.0,64.6
22067,POS消费,地点1451,校车,2014/11/02 17:21:56,1.0,63.6
22067,POS消费,地点188,超市,2014/11/02 21:01:03,28.5,35.1
22067,POS消费,地点112,开水,2014/11/02 22:30:43,0.05,35.05
22067,POS消费,地点21,开水,2014/11/03 13:12:11,10.4,24.65
22067,POS消费,地点190,超市,2014/11/05 19:10:20,6.6,18.05
22067,POS消费,地点190,超市,2014/11/05 19:10:35,10.0,8.05
22067,POS消费,地点112,开水,2014/11/12 18:55:29,0.14,7.91
22067,POS消费,地点2026,淋浴,2014/11/13 16:15:33,1.2,6.71
22067,POS消费,地点112,开水,2014/11/17 19:21:25,0.09,6.62
22067,POS消费,地点214,超市,2014/11/18 13:55:00,0.4,6.22
22067,POS消费,地点190,超市,2014/11/18 13:58:48,4.5,1.72
22067,POS消费,地点589,淋浴,2014/12/02 00:04:55,0.8,0.92
22067,POS消费,地点106,开水,2015/01/07 13:51:00,0.01,0.91
22067,POS消费,地点112,开水,2015/01/08 16:28:06,0.04,0.87
22067,POS消费,地点211,校车,2015/03/01 12:16:32,1.0,99.87
22067,卡充值,,,2015/03/01 12:27:45,100.0,100.87
22067,POS消费,地点211,校车,2015/03/01 20:25:36,1.0,98.87
22067,POS消费,地点190,超市,2015/03/02 17:21:14,30.0,68.87
22067,POS消费,地点190,超市,2015/03/02 17:21:18,1.3,67.57
22067,POS消费,地点232,食堂,2015/03/03 17:43:41,10.0,57.57
22067,POS消费,地点277,食堂,2015/03/03 17:45:30,3.0,54.57
22067,POS消费,地点21,开水,2015/03/04 18:01:54,3.6,50.97
22067,POS消费,地点190,超市,2015/03/09 18:53:09,14.8,36.17
22067,POS消费,地点214,超市,2015/03/09 18:56:23,4.0,32.17
22067,POS消费,地点1996,校车,2015/03/11 14:32:43,1.0,31.17
22067,POS消费,地点118,食堂,2015/03/11 15:41:38,13.2,17.97
22067,POS消费,地点218,食堂,2015/03/12 16:24:44,1.5,16.47
22067,POS消费,地点211,校车,2015/03/13 08:41:24,1.0,15.47
22067,POS消费,地点1448,校车,2015/03/18 11:49:09,1.0,14.47
22067,POS消费,地点1472,校车,2015/03/18 14:51:36,1.0,13.47
22067,POS消费,地点118,食堂,2015/03/18 15:13:28,6.1,7.37
22067,POS消费,地点596,淋浴,2015/03/21 14:11:05,0.8,6.57
22067,POS消费,地点211,校车,2015/03/25 15:22:56,1.0,1.97
22067,POS消费,地点1163,洗衣房,2015/03/25 15:30:32,3.6,2.97
22067,卡充值,,,2015/03/25 16:30:09,100.0,101.97
22067,POS消费,地点192,超市,2015/03/25 16:38:13,29.7,72.27
22067,POS消费,地点192,超市,2015/03/26 19:27:34,6.3,65.97
22067,POS消费,地点1098,文印中心,2015/03/27 11:26:52,1.3,64.67
22067,POS消费,地点1447,校车,2015/03/27 11:28:26,1.0,63.67
22067,POS消费,地点1155,食堂,2015/03/27 11:55:21,11.7,51.97
22067,POS消费,地点2172,文印中心,2015/03/27 13:15:47,1.5,50.47
22067,POS消费,地点1155,食堂,2015/03/29 20:44:00,6.2,44.27
22067,POS消费,地点211,校车,2015/03/31 15:22:04,1.0,43.27
22067,POS消费,地点1961,超市,2015/03/31 16:45:51,12.4,30.87
22067,POS消费,地点21,开水,2015/04/01 17:48:22,5.8,25.07
22067,POS消费,地点21,开水,2015/04/01 17:48:54,9.0,16.07
22067,POS消费,地点106,开水,2015/04/02 15:02:41,0.01,16.06
22067,POS消费,地点243,食堂,2015/04/02 16:19:55,1.0,15.06
22067,POS消费,地点1155,食堂,2015/04/02 18:13:43,8.7,6.36
22067,POS消费,地点211,校车,2015/04/03 10:26:20,1.0,5.36
22067,POS消费,地点146,校车,2015/04/03 11:10:21,1.0,4.36
22067,POS消费,地点222,校车,2015/04/07 14:45:18,1.0,3.36
22067,POS消费,地点211,校车,2015/04/08 15:16:41,1.0,2.36
22067,POS消费,地点211,校车,2015/04/08 16:43:34,1.0,1.36
22067,卡充值,,,2015/04/09 18:31:09,100.0,101.36
22067,POS消费,地点192,超市,2015/04/09 18:32:44,13.8,87.56
22067,POS消费,地点218,食堂,2015/04/12 16:17:11,1.5,86.06
22067,POS消费,地点192,超市,2015/04/12 18:46:07,20.7,65.36
22067,POS消费,地点195,超市,2015/04/15 16:27:05,14.4,50.96
22067,POS消费,地点118,食堂,2015/04/16 19:41:00,2.5,48.46
22067,POS消费,地点146,校车,2015/04/17 11:18:34,1.0,47.46
22067,POS消费,地点1155,食堂,2015/04/17 18:03:10,8.2,39.26
22067,POS消费,地点2026,淋浴,2015/04/17 23:08:00,0.8,38.46
22067,POS消费,地点118,食堂,2015/04/23 21:07:37,16.2,22.26
22067,POS消费,地点118,食堂,2015/04/24 15:05:02,5.0,17.26
22067,POS消费,地点106,开水,2015/05/04 21:54:19,0.01,17.25
22067,POS消费,地点1166,洗衣房,2015/05/07 15:17:02,3.6,13.65
22067,POS消费,地点222,校车,2015/05/07 16:26:12,1.0,12.65
22067,POS消费,地点1155,食堂,2015/05/10 21:08:46,4.7,7.95
22067,POS消费,地点106,开水,2015/05/12 20:10:14,0.01,7.94
22067,POS消费,地点112,开水,2015/05/26 14:07:21,0.12,6.82
22067,POS消费,地点112,开水,2015/05/28 23:11:54,0.12,5.7
22067,POS消费,地点1472,校车,2015/05/31 13:01:34,1.0,4.7
22067,POS消费,地点1447,校车,2015/06/13 13:54:11,1.0,3.7
22067,POS消费,地点1996,校车,2015/06/15 10:35:13,1.0,2.7
22067,POS消费,地点586,淋浴,2015/06/19 12:48:01,0.7,2.0
22067,POS消费,地点211,校车,2015/07/01 10:23:02,1.0,1.0
22067,POS消费,地点146,校车,2015/07/01 16:04:38,1.0,0.0
