22086,POS消费,地点26,图书馆,2014/07/03 11:53:31,0.12,1.34
22086,POS消费,地点26,图书馆,2014/07/03 11:53:31,0.0,0.0
22086,卡片开户,,,2014/07/10 14:34:00,0.0,0.0
22086,卡充值,,,2014/08/27 13:38:32,500.0,500.0
22086,POS消费,地点21,开水,2014/08/27 14:46:37,30.0,470.0
22086,POS消费,地点21,开水,2014/08/27 14:46:41,30.0,440.0
22086,POS消费,地点21,开水,2014/08/27 14:46:45,30.0,410.0
22086,POS消费,地点21,开水,2014/08/27 14:47:44,30.0,380.0
22086,POS消费,地点21,开水,2014/08/27 14:47:55,30.0,350.0
22086,POS消费,地点21,开水,2014/08/27 14:48:04,30.0,320.0
22086,POS消费,地点21,开水,2014/08/27 14:48:13,30.0,290.0
22086,POS消费,地点21,开水,2014/08/27 14:48:23,30.0,260.0
22086,POS消费,地点21,开水,2014/08/27 14:48:37,26.2,233.8
22086,POS消费,地点188,超市,2014/08/27 15:43:02,21.8,212.0
22086,POS消费,地点192,超市,2014/08/27 16:54:19,30.0,182.0
22086,POS消费,地点192,超市,2014/08/27 16:54:29,13.4,168.6
22086,POS消费,地点1442,校车,2014/08/27 17:55:22,1.0,167.6
22086,POS消费,地点1442,校车,2014/08/27 17:55:29,1.0,166.6
22086,POS消费,地点192,超市,2014/08/27 19:24:23,30.0,136.6
22086,POS消费,地点192,超市,2014/08/27 19:24:37,16.0,120.6
22086,POS消费,地点1853,开水,2014/08/27 19:37:46,0.07,120.51
22086,POS消费,地点1853,开水,2014/08/27 20:44:14,0.04,120.47
22086,POS消费,地点1853,开水,2014/08/28 06:51:50,0.08,120.38
22086,POS消费,地点1853,开水,2014/08/28 06:53:34,0.01,120.46
22086,POS消费,地点69,食堂,2014/08/28 07:29:35,3.8,116.58
22086,POS消费,地点60,食堂,2014/08/28 07:40:21,0.3,116.28
22086,POS消费,地点816,校车,2014/08/28 10:44:40,1.0,115.28
22086,POS消费,地点232,食堂,2014/08/28 11:46:40,4.6,110.68
22086,POS消费,地点1853,开水,2014/08/28 18:45:00,0.08,110.6
22086,POS消费,地点1853,开水,2014/08/29 06:54:23,0.08,110.52
22086,POS消费,地点60,食堂,2014/08/29 08:56:58,0.3,110.22
22086,POS消费,地点61,食堂,2014/08/29 09:08:21,1.6,108.62
22086,POS消费,地点61,食堂,2014/08/29 09:09:03,7.3,101.32
22086,POS消费,地点222,校车,2014/08/29 09:30:23,1.0,100.32
22086,POS消费,地点816,校车,2014/08/29 14:05:32,1.0,99.32
22086,POS消费,地点1914,淋浴,2014/08/29 20:16:59,0.8,98.52
22086,POS消费,地点1853,开水,2014/08/30 08:20:05,0.07,98.45
22086,POS消费,地点232,食堂,2014/08/30 08:39:20,1.35,97.1
22086,POS消费,地点236,食堂,2014/08/30 11:52:08,4.9,88.5
22086,POS消费,地点1701,食堂,2014/08/30 12:02:30,3.7,93.4
22086,POS消费,地点192,超市,2014/08/30 17:39:53,2.4,86.1
22086,POS消费,地点21,开水,2014/08/30 17:46:01,8.1,78.0
22086,POS消费,地点1899,淋浴,2014/08/30 23:12:09,0.1,77.9
22086,POS消费,地点1928,淋浴,2014/08/30 23:21:51,0.6,77.3
22086,POS消费,地点1853,开水,2014/08/31 07:59:32,0.08,77.22
22086,POS消费,地点6,淋浴,2014/08/31 08:14:11,1.35,75.87
22086,POS消费,地点91,校车,2014/08/31 10:40:33,5.1,70.77
22086,POS消费,地点91,校车,2014/08/31 10:40:52,3.6,72.27
22086,POS消费,地点192,超市,2014/08/31 11:19:19,30.0,42.27
22086,POS消费,地点192,超市,2014/08/31 11:19:22,6.9,35.37
