22102,卡片开户,,,2014/07/12 12:33:32,0.0,0.0
22102,卡充值,,,2014/08/29 11:25:09,200.0,200.0
22102,POS消费,地点228,食堂,2014/08/30 17:39:17,7.0,193.0
22102,POS消费,地点228,食堂,2014/08/30 17:39:53,5.5,187.5
22102,POS消费,地点228,食堂,2014/08/30 17:39:58,6.5,181.0
22102,POS消费,地点231,食堂,2014/08/30 17:53:44,1.2,179.8
22102,POS消费,地点231,食堂,2014/08/30 17:54:06,0.6,179.2
22102,POS消费,地点188,超市,2014/08/30 18:06:30,93.7,85.5
22102,POS消费,地点1853,开水,2014/08/30 21:15:36,0.04,85.46
22102,POS消费,地点1155,食堂,2014/08/31 11:44:44,14.1,71.36
22102,POS消费,地点21,开水,2014/08/31 21:53:38,14.5,56.86
