22188,卡片开户,,,2014/07/20 11:05:35,0.0,0.0
22188,卡充值,,,2014/08/27 17:53:33,300.0,300.0
22188,POS消费,地点188,超市,2014/08/27 18:03:51,15.5,284.5
22188,POS消费,地点188,超市,2014/08/27 18:04:30,100.0,184.5
22188,POS消费,地点188,超市,2014/08/27 18:04:42,100.0,84.5
22188,卡充值,,,2014/08/27 18:08:16,500.0,584.5
22188,POS消费,地点190,超市,2014/08/27 18:51:11,4.0,580.5
22188,POS消费,地点192,超市,2014/08/27 21:04:31,5.4,575.1
22188,POS消费,地点69,食堂,2014/08/28 08:52:42,6.0,569.1
22188,POS消费,地点69,食堂,2014/08/28 08:53:05,0.8,568.3
22188,POS消费,地点65,食堂,2014/08/28 08:58:53,0.8,567.5
22188,POS消费,地点69,食堂,2014/08/28 09:02:25,0.06,567.44
22188,POS消费,地点65,食堂,2014/08/28 09:05:32,1.6,565.84
22188,POS消费,地点69,食堂,2014/08/28 09:09:04,0.06,565.78
22188,POS消费,地点190,超市,2014/08/28 09:21:25,19.9,545.88
22188,POS消费,地点1914,淋浴,2014/08/28 09:51:01,0.4,545.48
22188,POS消费,地点1914,淋浴,2014/08/28 09:51:01,0.1,545.38
22188,POS消费,地点1914,淋浴,2014/08/28 10:00:54,0.5,544.88
22188,POS消费,地点218,食堂,2014/08/28 11:56:55,3.0,541.88
22188,POS消费,地点1448,校车,2014/08/28 14:43:20,1.0,540.88
22188,POS消费,地点1451,校车,2014/08/28 16:34:39,1.0,539.88
22188,POS消费,地点211,校车,2014/08/29 16:54:01,1.0,538.88
22188,POS消费,地点211,校车,2014/08/29 16:54:40,1.0,537.88
22188,POS消费,地点211,校车,2014/08/29 16:54:56,1.0,536.88
22188,POS消费,地点1853,开水,2014/08/29 17:27:02,0.01,536.87
22188,POS消费,地点1853,开水,2014/08/29 17:27:39,0.06,536.81
22188,POS消费,地点89,食堂,2014/08/30 08:42:00,3.0,533.81
22188,POS消费,地点89,食堂,2014/08/30 08:45:30,1.0,532.81
22188,POS消费,地点190,超市,2014/08/30 09:14:57,19.7,513.11
22188,POS消费,地点190,超市,2014/08/30 09:15:02,0.3,512.81
22188,POS消费,地点203,食堂,2014/08/30 12:01:24,10.0,502.81
22188,POS消费,地点192,超市,2014/08/30 12:30:21,30.0,472.81
22188,POS消费,地点192,超市,2014/08/30 12:30:24,2.5,470.31
22188,POS消费,地点1853,开水,2014/08/31 08:21:49,0.01,470.3
22188,POS消费,地点232,食堂,2014/08/31 11:31:21,4.5,465.8
22188,POS消费,地点307,食堂,2014/08/31 11:33:05,3.0,462.8
22188,POS消费,地点26,图书馆,2014/08/31 11:56:54,1.8,461.0
22188,POS消费,地点21,开水,2014/08/31 17:27:51,12.1,448.9
22188,POS消费,地点192,超市,2014/08/31 18:28:56,10.8,438.1
