22354,卡片开户,,,2014/07/19 10:18:19,0.0,0.0
22354,卡充值,,,2014/08/29 17:59:50,50.0,50.0
22354,POS消费,地点21,开水,2014/08/29 18:08:30,4.0,44.0
22354,POS消费,地点251,食堂,2014/08/29 18:16:19,2.0,48.0
22354,POS消费,地点21,开水,2014/08/29 18:24:00,1.6,42.4
22354,POS消费,地点1480,开水,2014/08/29 20:35:15,0.01,42.39
22354,POS消费,地点1480,开水,2014/08/29 21:06:23,0.01,42.38
22354,POS消费,地点1480,开水,2014/08/29 22:00:00,0.01,42.37
22354,POS消费,地点1480,开水,2014/08/29 22:05:49,0.01,42.36
22354,POS消费,地点1873,淋浴,2014/08/29 22:31:05,0.3,42.06
22354,POS消费,地点60,食堂,2014/08/30 07:29:08,1.6,37.26
22354,POS消费,地点61,食堂,2014/08/30 07:31:05,3.2,38.86
22354,POS消费,地点1480,开水,2014/08/30 09:55:34,0.01,37.25
22354,卡充值,,,2014/08/30 10:08:29,300.0,337.25
22354,POS消费,地点1480,开水,2014/08/30 15:27:54,0.01,337.24
22354,POS消费,地点82,食堂,2014/08/30 17:28:24,7.2,330.04
22354,POS消费,地点21,开水,2014/08/30 17:31:37,30.0,300.04
22354,POS消费,地点21,开水,2014/08/30 17:31:41,8.5,291.54
22354,POS消费,地点1480,开水,2014/08/30 20:25:53,0.01,291.53
22354,POS消费,地点1480,开水,2014/08/30 20:26:37,0.01,291.52
22354,POS消费,地点1480,开水,2014/08/30 20:27:05,0.01,291.51
22354,POS消费,地点60,食堂,2014/08/31 08:21:59,0.8,290.71
22354,POS消费,地点124,食堂,2014/08/31 11:38:21,3.0,287.71
22354,POS消费,地点1480,开水,2014/08/31 11:54:08,0.01,287.7
22354,POS消费,地点61,食堂,2014/08/31 18:00:38,6.4,281.3
