22434,卡片开户,,,2014/07/12 12:30:54,0.0,0.0
22434,卡充值,,,2014/08/28 18:33:16,300.0,300.0
22434,POS消费,地点188,超市,2014/08/28 19:19:57,3.6,296.4
22434,POS消费,地点1853,开水,2014/08/29 06:20:39,0.05,296.34
22434,POS消费,地点1853,开水,2014/08/29 06:21:26,0.01,296.39
22434,POS消费,地点161,食堂,2014/08/29 08:07:14,11.4,284.94
22434,POS消费,地点65,食堂,2014/08/29 11:59:01,8.6,276.34
22434,POS消费,地点27,教务处,2014/08/29 12:16:37,15.0,261.34
22434,POS消费,地点21,开水,2014/08/29 18:13:52,1.5,259.84
22434,POS消费,地点195,超市,2014/08/29 18:39:55,0.8,259.04
22434,POS消费,地点1853,开水,2014/08/29 19:13:47,0.01,259.03
22434,POS消费,地点1853,开水,2014/08/29 19:15:01,0.01,259.01
22434,POS消费,地点69,食堂,2014/08/30 08:29:57,3.1,255.9
22434,POS消费,地点91,校车,2014/08/30 11:34:13,8.0,247.9
22434,POS消费,地点1853,开水,2014/08/30 16:47:33,0.08,247.82
22434,POS消费,地点65,食堂,2014/08/30 17:27:37,4.0,243.82
22434,POS消费,地点65,食堂,2014/08/30 17:27:40,0.6,243.22
22434,POS消费,地点134,食堂,2014/08/31 08:11:15,1.2,242.02
22434,POS消费,地点65,食堂,2014/08/31 11:38:04,9.6,232.42
22434,POS消费,地点82,食堂,2014/08/31 17:49:04,4.1,228.32
22434,POS消费,地点195,超市,2014/08/31 18:02:32,6.5,221.82
