22452,卡片开户,,,2014/07/19 09:55:22,0.0,0.0
22452,卡充值,,,2014/08/29 14:17:34,300.0,300.0
22452,POS消费,地点1853,开水,2014/08/29 16:14:48,0.01,299.99
22452,POS消费,地点1853,开水,2014/08/29 16:15:08,0.01,299.98
22452,POS消费,地点1853,开水,2014/08/30 14:16:47,0.05,299.9
22452,POS消费,地点292,超市,2014/08/30 21:11:38,7.3,292.6
22452,POS消费,地点87,食堂,2014/08/31 07:58:28,3.0,286.5
22452,POS消费,地点61,食堂,2014/08/31 08:03:29,3.1,289.5
22452,POS消费,地点195,超市,2014/08/31 10:29:04,30.0,256.5
22452,POS消费,地点195,超市,2014/08/31 10:29:08,3.7,252.8
22452,POS消费,地点195,超市,2014/08/31 10:29:28,28.0,224.8
22452,POS消费,地点72,食堂,2014/08/31 18:11:41,4.6,220.2
22452,POS消费,地点243,食堂,2014/08/31 18:26:31,3.0,217.2
22452,POS消费,地点190,超市,2014/08/31 20:40:27,1.8,215.4
22452,POS消费,地点1853,开水,2014/08/31 20:56:30,0.08,215.32
