22570,卡片开户,,,2014/07/16 15:33:00,0.0,0.0
22570,卡充值,,,2014/08/30 14:55:51,1000.0,1000.0
22570,POS消费,地点124,食堂,2014/08/30 17:43:36,3.0,997.0
22570,POS消费,地点1869,淋浴,2014/08/30 18:31:17,1.0,996.0
22570,POS消费,地点1943,洗衣房,2014/08/30 18:46:31,1.2,994.8
22570,POS消费,地点1943,洗衣房,2014/08/30 18:48:29,1.2,993.6
22570,POS消费,地点1932,洗衣房,2014/08/30 18:59:28,1.2,992.4
22570,POS消费,地点21,开水,2014/08/31 07:29:53,3.6,988.8
22570,POS消费,地点91,校车,2014/08/31 07:30:25,0.5,988.3
22570,POS消费,地点91,校车,2014/08/31 11:25:10,3.0,985.3
22570,POS消费,地点91,校车,2014/08/31 11:25:45,2.0,983.3
22570,POS消费,地点292,超市,2014/08/31 11:53:33,2.0,981.3
22570,POS消费,地点59,食堂,2014/08/31 17:14:10,3.6,977.7
22570,POS消费,地点1881,淋浴,2014/08/31 19:45:23,0.5,977.2
