22668,卡片开户,,,2014/07/22 11:03:34,0.0,0.0
22668,卡充值,,,2014/08/30 08:52:12,100.0,100.0
22668,卡充值,,,2014/08/30 10:28:08,100.0,200.0
22668,POS消费,地点114,食堂,2014/08/30 10:30:04,2.5,197.5
22668,POS消费,地点1674,食堂,2014/08/30 11:55:59,1.2,194.5
22668,POS消费,地点21,开水,2014/08/30 11:56:16,1.5,193.0
22668,POS消费,地点1596,食堂,2014/08/30 12:06:46,1.8,195.7
22668,POS消费,地点1629,开水,2014/08/30 13:36:37,0.01,192.99
22668,POS消费,地点1887,开水,2014/08/30 13:38:55,0.01,192.98
22668,POS消费,地点21,开水,2014/08/30 18:01:24,1.95,191.03
22668,POS消费,地点103,食堂,2014/08/30 18:17:23,4.7,186.33
22668,POS消费,地点6,淋浴,2014/08/30 22:09:59,0.3,186.03
22668,POS消费,地点6,淋浴,2014/08/30 22:12:33,0.3,185.53
22668,POS消费,地点6,淋浴,2014/08/30 22:12:39,0.2,185.83
22668,POS消费,地点1881,淋浴,2014/08/30 22:17:11,0.5,185.03
22668,POS消费,地点1887,开水,2014/08/30 22:43:46,0.01,185.02
22668,POS消费,地点1629,开水,2014/08/30 22:44:32,0.01,185.01
22668,POS消费,地点1629,开水,2014/08/30 22:45:17,0.07,184.94
22668,POS消费,地点114,食堂,2014/08/31 08:16:34,2.5,182.44
22668,POS消费,地点103,食堂,2014/08/31 08:41:55,1.63,180.81
22668,POS消费,地点91,校车,2014/08/31 11:40:24,3.3,177.51
22668,POS消费,地点1629,开水,2014/08/31 18:04:13,0.02,177.49
22668,POS消费,地点1629,开水,2014/08/31 18:26:01,0.08,177.41
22668,POS消费,地点1629,开水,2014/08/31 22:50:29,0.01,177.4
22668,POS消费,地点1881,淋浴,2014/08/31 23:09:37,0.6,176.8
22668,POS消费,地点1881,淋浴,2014/08/31 23:13:46,0.2,176.6
