22704,卡片开户,,,2014/07/12 15:54:34,0.0,0.0
22704,卡充值,,,2014/08/28 12:49:26,500.0,500.0
22704,POS消费,地点192,超市,2014/08/28 17:04:17,10.1,489.9
22704,POS消费,地点161,食堂,2014/08/29 13:17:58,5.6,484.3
22704,POS消费,地点161,食堂,2014/08/29 13:18:20,5.6,478.7
22704,POS消费,地点1887,开水,2014/08/29 16:17:33,0.01,478.69
22704,POS消费,地点1629,开水,2014/08/29 16:19:16,0.07,478.62
22704,POS消费,地点168,食堂,2014/08/29 17:34:25,11.0,467.62
22704,POS消费,地点1881,淋浴,2014/08/29 22:14:56,0.1,467.42
22704,POS消费,地点12,文印中心,2014/08/29 22:15:31,0.1,467.52
22704,POS消费,地点1879,淋浴,2014/08/29 22:21:50,0.1,467.12
22704,POS消费,地点1879,淋浴,2014/08/29 22:22:00,0.1,467.32
22704,POS消费,地点1879,淋浴,2014/08/29 22:23:30,0.1,467.22
22704,POS消费,地点12,文印中心,2014/08/29 22:24:03,0.4,466.72
22704,POS消费,地点1629,开水,2014/08/30 06:54:26,0.09,466.63
22704,POS消费,地点69,食堂,2014/08/30 08:10:26,2.6,464.03
22704,POS消费,地点69,食堂,2014/08/30 08:10:38,2.4,461.63
22704,POS消费,地点69,食堂,2014/08/30 08:10:50,0.8,460.83
22704,POS消费,地点65,食堂,2014/08/30 08:12:44,0.8,460.03
22704,POS消费,地点1472,校车,2014/08/30 15:04:31,1.0,459.03
22704,POS消费,地点21,开水,2014/08/30 17:33:32,9.6,449.43
22704,POS消费,地点12,文印中心,2014/08/30 22:09:58,0.1,449.33
22704,POS消费,地点12,文印中心,2014/08/30 22:10:49,0.6,448.73
22704,POS消费,地点1596,食堂,2014/08/31 08:33:11,0.4,447.83
22704,POS消费,地点134,食堂,2014/08/31 08:33:16,0.5,448.23
22704,POS消费,地点179,食堂,2014/08/31 08:39:57,2.15,445.68
22704,POS消费,地点179,食堂,2014/08/31 08:46:23,3.2,442.48
22704,POS消费,地点21,开水,2014/08/31 11:21:03,4.6,437.88
22704,POS消费,地点91,校车,2014/08/31 11:21:43,3.0,434.88
22704,POS消费,地点1629,开水,2014/08/31 17:20:17,0.08,434.8
22704,POS消费,地点12,文印中心,2014/08/31 17:45:22,0.5,434.3
22704,POS消费,地点233,食堂,2014/08/31 18:14:24,9.6,424.7
22704,POS消费,地点822,食堂,2014/08/31 18:14:58,7.0,417.7
22704,POS消费,地点1932,洗衣房,2014/08/31 22:03:08,-1.08,417.58
22704,POS消费,地点1932,洗衣房,2014/08/31 22:03:20,1.2,416.38
22704,POS消费,地点1932,洗衣房,2014/08/31 22:03:27,-1.14,417.52
22704,POS消费,地点1932,洗衣房,2014/08/31 22:03:43,1.2,416.32
22704,POS消费,地点1932,洗衣房,2014/08/31 22:03:46,1.2,416.5
22704,POS消费,地点1629,开水,2014/08/31 22:27:56,0.01,416.24
22704,POS消费,地点1629,开水,2014/08/31 22:29:10,0.07,416.25
