22730,卡片开户,,,2014/07/19 13:15:11,0.0,0.0
22730,卡充值,,,2014/08/29 17:55:41,200.0,200.0
22730,POS消费,地点218,食堂,2014/08/29 18:17:50,6.0,194.0
22730,POS消费,地点26,图书馆,2014/08/29 19:27:03,54.9,139.1
22730,POS消费,地点12,文印中心,2014/08/29 22:50:14,0.2,138.9
22730,POS消费,地点1887,开水,2014/08/30 09:24:32,0.01,138.89
22730,POS消费,地点1887,开水,2014/08/30 09:28:34,0.01,138.88
22730,POS消费,地点188,超市,2014/08/30 10:33:45,36.3,102.58
22730,POS消费,地点192,超市,2014/08/30 13:00:03,6.6,95.98
22730,POS消费,地点1906,洗衣房,2014/08/30 13:19:47,1.2,94.78
22730,POS消费,地点1906,洗衣房,2014/08/30 13:20:23,-1.02,95.8
22730,POS消费,地点21,开水,2014/08/30 17:30:54,8.1,87.7
22730,POS消费,地点1629,开水,2014/08/31 07:34:45,0.08,87.62
22730,POS消费,地点21,开水,2014/08/31 08:24:50,4.4,83.22
22730,POS消费,地点91,校车,2014/08/31 11:23:01,5.1,78.12
22730,POS消费,地点21,开水,2014/08/31 11:25:32,3.1,75.02
22730,POS消费,地点21,开水,2014/08/31 11:36:03,2.9,72.12
22730,POS消费,地点1906,洗衣房,2014/08/31 11:59:08,1.2,70.92
22730,POS消费,地点1906,洗衣房,2014/08/31 12:00:22,-0.96,71.88
22730,POS消费,地点1906,洗衣房,2014/08/31 12:00:28,1.2,70.68
22730,POS消费,地点1906,洗衣房,2014/08/31 12:02:28,-1.14,71.82
22730,POS消费,地点1961,超市,2014/08/31 16:46:37,5.5,66.32
22730,POS消费,地点237,食堂,2014/08/31 17:00:12,2.8,63.52
22730,POS消费,地点1879,淋浴,2014/08/31 17:44:07,0.1,63.12
22730,POS消费,地点1879,淋浴,2014/08/31 17:44:40,0.1,63.42
22730,POS消费,地点1879,淋浴,2014/08/31 17:45:17,0.1,63.22
22730,POS消费,地点12,文印中心,2014/08/31 17:46:18,0.6,62.42
22730,POS消费,地点1879,淋浴,2014/08/31 17:46:57,0.1,63.32
22730,POS消费,地点1879,淋浴,2014/08/31 17:47:53,0.1,63.02
