22776,卡片开户,,,2014/07/19 11:39:50,0.0,0.0
22776,卡充值,,,2014/08/30 09:39:27,500.0,500.0
22776,POS消费,地点188,超市,2014/08/30 09:44:37,7.5,492.5
22776,POS消费,地点1866,洗衣房,2014/08/30 10:11:06,1.2,491.3
22776,POS消费,地点1629,开水,2014/08/30 11:28:43,0.01,491.29
22776,POS消费,地点1887,开水,2014/08/30 11:30:45,0.01,491.28
22776,POS消费,地点21,开水,2014/08/30 12:12:53,22.2,469.08
22776,POS消费,地点192,超市,2014/08/30 19:34:34,30.0,439.08
22776,POS消费,地点192,超市,2014/08/30 19:34:38,12.9,426.18
22776,POS消费,地点6,淋浴,2014/08/30 21:34:26,0.2,425.98
22776,POS消费,地点12,文印中心,2014/08/30 21:42:21,0.7,425.28
22776,POS消费,地点1866,洗衣房,2014/08/30 22:15:13,1.2,424.08
22776,POS消费,地点1866,洗衣房,2014/08/30 22:34:49,1.2,422.88
22776,POS消费,地点103,食堂,2014/08/31 07:45:01,2.3,420.58
22776,POS消费,地点190,超市,2014/08/31 12:52:25,30.0,390.58
22776,POS消费,地点190,超市,2014/08/31 12:52:28,9.1,381.48
22776,POS消费,地点190,超市,2014/08/31 12:53:07,4.0,377.48
22776,POS消费,地点91,校车,2014/08/31 17:15:34,20.4,357.08
22776,POS消费,地点114,食堂,2014/08/31 17:45:37,5.0,352.08
22776,POS消费,地点314,食堂,2014/08/31 20:00:02,15.1,336.98
22776,POS消费,地点12,文印中心,2014/08/31 20:50:16,0.1,336.88
22776,POS消费,地点12,文印中心,2014/08/31 20:51:02,0.7,336.18
22776,POS消费,地点1932,洗衣房,2014/08/31 21:24:42,1.2,334.98
