22888,卡片开户,,,2014/07/17 09:09:59,0.0,0.0
22888,卡挂失,,,2014/08/29 09:53:02,0.0,0.0
22888,卡片开户,,,2014/08/29 09:54:39,515.0,500.0
22888,POS消费,地点269,食堂,2014/08/29 11:47:33,15.8,484.2
22888,POS消费,地点307,食堂,2014/08/29 11:48:25,2.5,481.7
22888,POS消费,地点822,食堂,2014/08/29 11:57:10,0.6,481.1
22888,POS消费,地点233,食堂,2014/08/29 17:26:50,7.8,473.3
22888,POS消费,地点168,食堂,2014/08/29 17:29:34,9.0,464.3
22888,POS消费,地点1480,开水,2014/08/29 22:08:29,0.01,464.29
22888,POS消费,地点6,淋浴,2014/08/30 08:46:52,0.5,463.79
22888,POS消费,地点59,食堂,2014/08/30 12:18:37,5.1,458.69
22888,POS消费,地点59,食堂,2014/08/30 12:19:21,5.1,453.59
22888,POS消费,地点59,食堂,2014/08/30 12:19:39,0.6,452.99
22888,POS消费,地点1480,开水,2014/08/30 13:11:11,0.01,452.98
22888,POS消费,地点1480,开水,2014/08/30 13:46:50,0.01,452.97
22888,POS消费,地点21,开水,2014/08/30 18:16:20,4.6,448.37
22888,POS消费,地点21,开水,2014/08/30 18:17:50,9.6,438.77
22888,POS消费,地点21,开水,2014/08/30 18:18:18,0.4,438.37
22888,POS消费,地点251,食堂,2014/08/30 18:31:50,3.0,435.37
22888,POS消费,地点1873,淋浴,2014/08/30 23:15:21,0.2,435.17
22888,POS消费,地点1873,淋浴,2014/08/30 23:22:19,0.2,434.97
22888,POS消费,地点103,食堂,2014/08/31 07:33:58,3.4,431.57
22888,POS消费,地点65,食堂,2014/08/31 12:03:48,10.4,421.17
22888,POS消费,地点314,食堂,2014/08/31 12:29:55,28.0,393.17
22888,POS消费,地点1480,开水,2014/08/31 12:49:24,0.01,393.16
