22956,卡片开户,,,2014/07/18 11:41:17,0.0,0.0
22956,卡充值,,,2014/08/25 10:51:46,200.0,200.0
22956,POS消费,地点806,开水,2014/08/25 13:37:20,0.01,199.99
22956,POS消费,地点228,食堂,2014/08/25 16:55:57,6.5,193.49
22956,POS消费,地点231,食堂,2014/08/25 17:10:20,0.6,192.89
22956,POS消费,地点806,开水,2014/08/25 17:56:13,0.01,192.88
22956,POS消费,地点188,超市,2014/08/25 21:17:04,9.8,183.08
22956,POS消费,地点21,开水,2014/08/25 22:30:06,0.1,182.98
22956,POS消费,地点21,开水,2014/08/25 22:30:58,0.1,182.88
22956,POS消费,地点21,开水,2014/08/26 06:46:26,0.1,182.78
22956,POS消费,地点21,开水,2014/08/26 06:47:03,0.1,182.58
22956,POS消费,地点21,开水,2014/08/26 06:47:38,0.1,182.48
22956,POS消费,地点21,开水,2014/08/26 06:49:17,0.1,182.68
22956,POS消费,地点806,开水,2014/08/26 06:53:05,0.01,182.47
22956,POS消费,地点69,食堂,2014/08/26 07:23:41,1.6,180.87
22956,POS消费,地点65,食堂,2014/08/26 07:25:35,0.8,180.07
22956,POS消费,地点237,食堂,2014/08/26 12:00:17,2.0,172.47
22956,POS消费,地点21,开水,2014/08/26 12:12:59,5.0,175.07
22956,POS消费,地点21,开水,2014/08/26 12:13:04,0.6,174.47
22956,POS消费,地点192,超市,2014/08/26 12:22:14,30.0,142.47
22956,POS消费,地点192,超市,2014/08/26 12:22:17,27.6,114.87
22956,POS消费,地点806,开水,2014/08/26 13:02:32,0.01,114.86
22956,POS消费,地点228,食堂,2014/08/26 17:15:41,6.5,108.36
22956,POS消费,地点231,食堂,2014/08/26 17:30:20,0.6,107.76
22956,POS消费,地点678,开水,2014/08/26 17:59:03,0.01,107.75
22956,POS消费,地点678,开水,2014/08/26 20:42:05,0.01,107.74
22956,POS消费,地点1155,食堂,2014/08/26 21:45:51,3.5,104.24
22956,POS消费,地点945,淋浴,2014/08/26 22:08:19,1.6,102.64
22956,POS消费,地点806,开水,2014/08/27 06:53:01,0.01,102.63
22956,POS消费,地点806,开水,2014/08/27 06:58:11,0.01,102.62
22956,POS消费,地点806,开水,2014/08/27 07:00:29,0.01,102.61
22956,POS消费,地点69,食堂,2014/08/27 07:22:22,1.6,101.01
22956,POS消费,地点60,食堂,2014/08/27 07:32:22,0.3,100.71
22956,POS消费,地点60,食堂,2014/08/27 07:36:58,0.8,99.91
22956,POS消费,地点806,开水,2014/08/27 11:37:33,0.01,99.9
22956,POS消费,地点124,食堂,2014/08/27 12:06:11,4.5,95.4
22956,POS消费,地点232,食堂,2014/08/29 11:39:55,4.1,91.3
22956,POS消费,地点232,食堂,2014/08/29 11:40:15,5.6,85.7
22956,POS消费,地点232,食堂,2014/08/29 11:40:41,6.6,79.1
22956,POS消费,地点91,校车,2014/08/30 11:57:11,4.5,74.6
22956,POS消费,地点91,校车,2014/08/30 12:02:42,5.6,69.0
22956,POS消费,地点21,开水,2014/08/30 12:06:39,4.4,64.6
22956,卡充值,,,2014/08/30 12:38:31,200.0,264.6
22956,POS消费,地点1887,开水,2014/08/30 13:08:31,0.01,264.58
22956,POS消费,地点1629,开水,2014/08/30 13:10:12,0.01,264.59
22956,POS消费,地点26,图书馆,2014/08/30 15:20:11,80.6,183.98
22956,POS消费,地点26,图书馆,2014/08/30 15:21:41,28.0,155.98
22956,POS消费,地点103,食堂,2014/08/30 17:51:30,7.6,148.38
22956,POS消费,地点83,食堂,2014/08/30 20:10:14,4.5,143.88
22956,POS消费,地点1881,淋浴,2014/08/30 20:41:07,0.1,143.78
22956,POS消费,地点1881,淋浴,2014/08/30 20:53:13,1.0,142.78
22956,POS消费,地点1629,开水,2014/08/31 06:56:56,0.05,142.73
22956,POS消费,地点69,食堂,2014/08/31 07:38:08,4.3,138.43
22956,POS消费,地点286,食堂,2014/08/31 11:28:58,1.0,137.43
22956,POS消费,地点310,食堂,2014/08/31 11:29:29,3.0,134.43
22956,POS消费,地点1686,食堂,2014/08/31 11:30:53,6.0,128.43
22956,POS消费,地点168,食堂,2014/08/31 16:38:06,5.5,122.93
22956,POS消费,地点182,食堂,2014/08/31 16:44:25,3.0,119.93
22956,POS消费,地点21,开水,2014/08/31 16:53:58,3.96,115.97
22956,POS消费,地点1155,食堂,2014/08/31 22:14:21,4.5,111.47
22956,POS消费,地点1914,淋浴,2014/08/31 22:36:33,0.4,111.07
22956,POS消费,地点1914,淋浴,2014/08/31 22:40:42,0.6,110.47
