23016,卡片开户,,,2014/07/12 14:58:12,0.0,0.0
23016,卡充值,,,2014/08/29 15:20:58,1000.0,1000.0
23016,POS消费,地点1884,开水,2014/08/29 18:24:22,0.01,999.99
23016,POS消费,地点1884,开水,2014/08/29 18:42:15,0.01,999.98
23016,POS消费,地点1884,开水,2014/08/29 18:42:26,0.01,999.97
23016,POS消费,地点1884,开水,2014/08/29 19:06:06,0.01,999.96
23016,POS消费,地点1884,开水,2014/08/29 19:13:17,0.01,999.95
23016,POS消费,地点1884,开水,2014/08/29 19:14:37,0.01,999.94
23016,POS消费,地点1884,开水,2014/08/29 19:19:07,0.01,999.93
23016,POS消费,地点1884,开水,2014/08/29 19:20:46,0.01,999.92
23016,POS消费,地点1884,开水,2014/08/29 19:22:38,0.01,999.91
23016,POS消费,地点1884,开水,2014/08/30 06:36:48,0.01,999.9
23016,POS消费,地点1884,开水,2014/08/30 07:17:03,0.01,999.89
23016,POS消费,地点1884,开水,2014/08/30 07:18:54,0.01,999.88
23016,POS消费,地点134,食堂,2014/08/30 07:49:46,0.8,998.08
23016,POS消费,地点103,食堂,2014/08/30 07:50:24,1.0,998.88
23016,POS消费,地点1870,开水,2014/08/30 11:17:06,0.01,998.07
23016,POS消费,地点190,超市,2014/08/30 16:31:13,4.5,993.57
23016,POS消费,地点91,校车,2014/08/30 16:38:04,5.2,988.37
23016,POS消费,地点91,校车,2014/08/30 16:38:24,7.7,980.67
23016,POS消费,地点21,开水,2014/08/30 16:39:57,0.75,979.92
23016,POS消费,地点248,超市,2014/08/30 16:40:54,5.0,974.92
23016,POS消费,地点248,超市,2014/08/30 16:41:20,5.0,969.92
23016,POS消费,地点12,文印中心,2014/08/30 20:59:37,0.2,969.72
23016,POS消费,地点1867,洗衣房,2014/08/30 21:57:38,1.2,968.49
23016,POS消费,地点1872,洗衣房,2014/08/30 21:59:24,1.2,968.43
23016,POS消费,地点1867,洗衣房,2014/08/30 22:00:43,-1.14,969.63
23016,POS消费,地点1872,洗衣房,2014/08/30 22:00:43,-1.02,969.45
23016,POS消费,地点1872,洗衣房,2014/08/30 22:00:55,1.2,968.25
23016,POS消费,地点1884,开水,2014/08/30 23:48:43,0.01,969.71
23016,POS消费,地点1884,开水,2014/08/30 23:52:03,0.01,969.7
23016,POS消费,地点1884,开水,2014/08/30 23:53:13,0.01,969.69
23016,POS消费,地点21,开水,2014/08/31 06:33:32,0.5,967.75
23016,POS消费,地点21,开水,2014/08/31 06:34:19,1.2,966.55
23016,POS消费,地点21,开水,2014/08/31 06:35:10,0.35,966.2
23016,POS消费,地点118,食堂,2014/08/31 11:18:44,16.5,949.7
23016,POS消费,地点1155,食堂,2014/08/31 11:19:54,2.0,947.7
23016,POS消费,地点1155,食堂,2014/08/31 11:37:41,10.0,937.7
23016,POS消费,地点118,食堂,2014/08/31 11:41:02,4.0,933.7
23016,POS消费,地点1870,开水,2014/08/31 11:59:40,0.01,933.69
23016,POS消费,地点1870,开水,2014/08/31 20:44:14,0.01,932.18
23016,POS消费,地点1872,洗衣房,2014/08/31 21:06:54,1.2,932.19
23016,POS消费,地点1872,洗衣房,2014/08/31 21:13:21,1.2,930.98
23016,POS消费,地点1872,洗衣房,2014/08/31 21:26:28,-1.14,932.12
