23022,卡片开户,,,2014/07/19 11:43:44,0.0,0.0
23022,卡充值,,,2014/08/29 13:35:43,100.0,100.0
23022,POS消费,地点72,食堂,2014/08/29 13:43:18,9.4,90.6
23022,POS消费,地点72,食堂,2014/08/29 13:43:35,9.4,81.2
23022,POS消费,地点72,食堂,2014/08/29 13:44:01,9.4,71.8
23022,POS消费,地点168,食堂,2014/08/29 19:27:50,13.0,58.76
23022,POS消费,地点1884,开水,2014/08/29 21:54:29,0.01,71.79
23022,POS消费,地点1884,开水,2014/08/29 21:58:58,0.01,71.77
23022,POS消费,地点1884,开水,2014/08/29 21:59:51,0.01,71.78
23022,POS消费,地点1884,开水,2014/08/29 22:03:08,0.01,71.76
23022,POS消费,地点1884,开水,2014/08/29 23:35:47,0.01,57.55
23022,POS消费,地点1884,开水,2014/08/30 08:19:48,0.01,57.54
23022,POS消费,地点1884,开水,2014/08/30 08:19:54,0.01,57.53
23022,POS消费,地点1884,开水,2014/08/30 08:26:00,0.01,57.51
23022,POS消费,地点1884,开水,2014/08/30 08:27:40,0.01,57.52
23022,POS消费,地点114,食堂,2014/08/30 09:31:37,8.0,49.51
23022,POS消费,地点157,食堂,2014/08/30 12:25:37,10.4,39.11
23022,POS消费,地点1448,校车,2014/08/30 14:23:21,1.0,38.11
23022,POS消费,地点1870,开水,2014/08/30 16:11:33,0.01,38.1
23022,POS消费,地点65,食堂,2014/08/30 17:05:56,9.6,28.5
23022,POS消费,地点1954,淋浴,2014/08/30 23:39:48,0.1,28.4
23022,POS消费,地点1948,淋浴,2014/08/30 23:42:52,0.1,28.3
23022,POS消费,地点1899,淋浴,2014/08/30 23:43:49,1.1,27.1
23022,POS消费,地点1948,淋浴,2014/08/30 23:43:53,0.1,28.2
23022,POS消费,地点103,食堂,2014/08/31 07:58:54,3.1,24.0
23022,POS消费,地点195,超市,2014/08/31 11:23:02,5.0,19.0
23022,POS消费,地点203,食堂,2014/08/31 18:37:13,6.5,12.5
23022,POS消费,地点12,文印中心,2014/08/31 22:03:40,0.1,12.4
23022,POS消费,地点1879,淋浴,2014/08/31 22:04:44,0.1,12.3
23022,POS消费,地点1879,淋浴,2014/08/31 22:05:41,0.1,12.2
23022,POS消费,地点12,文印中心,2014/08/31 22:06:55,0.1,12.1
23022,POS消费,地点12,文印中心,2014/08/31 22:08:14,1.2,10.8
23022,POS消费,地点12,文印中心,2014/08/31 22:09:06,0.1,12.0
