23154,卡片开户,,,2014/07/18 12:12:17,0.0,0.0
23154,卡充值,,,2014/08/29 13:23:31,100.0,100.0
23154,POS消费,地点61,食堂,2014/08/29 13:43:32,8.6,91.4
23154,POS消费,地点61,食堂,2014/08/29 13:43:52,8.6,82.8
23154,POS消费,地点61,食堂,2014/08/29 13:44:06,8.6,74.2
23154,POS消费,地点59,食堂,2014/08/29 18:23:10,3.0,71.2
23154,POS消费,地点59,食堂,2014/08/29 18:23:18,0.4,70.8
23154,POS消费,地点72,食堂,2014/08/29 18:29:28,9.6,61.2
23154,POS消费,地点21,开水,2014/08/29 18:48:02,0.83,60.37
23154,POS消费,地点1694,淋浴,2014/08/29 19:37:51,0.4,59.97
23154,POS消费,地点1480,开水,2014/08/29 20:18:59,0.01,59.96
23154,POS消费,地点232,食堂,2014/08/30 08:17:22,3.0,56.96
23154,POS消费,地点134,食堂,2014/08/30 12:29:00,5.6,51.36
23154,POS消费,地点203,食堂,2014/08/30 18:46:25,6.5,44.86
23154,POS消费,地点1693,淋浴,2014/08/30 19:21:17,0.3,44.56
23154,POS消费,地点1480,开水,2014/08/31 08:15:45,0.01,42.75
23154,POS消费,地点103,食堂,2014/08/31 08:20:44,1.8,42.76
23154,POS消费,地点157,食堂,2014/08/31 12:20:06,7.2,35.55
23154,卡充值,,,2014/08/31 16:32:55,200.0,235.55
23154,POS消费,地点21,开水,2014/08/31 17:30:37,3.9,231.65
23154,POS消费,地点1693,淋浴,2014/08/31 18:05:47,0.3,231.35
