23372,卡片开户,,,2014/07/19 13:06:33,0.0,0.0
23372,卡充值,,,2014/08/30 11:14:26,300.0,300.0
23372,POS消费,地点182,食堂,2014/08/30 17:49:27,8.2,291.8
23372,POS消费,地点314,食堂,2014/08/30 18:24:57,5.6,286.2
23372,POS消费,地点21,开水,2014/08/30 20:33:18,0.33,285.87
23372,POS消费,地点1953,淋浴,2014/08/30 20:42:45,0.1,285.77
23372,POS消费,地点1953,淋浴,2014/08/30 20:44:35,0.4,285.37
23372,POS消费,地点1953,淋浴,2014/08/30 20:49:29,0.2,285.17
23372,POS消费,地点1953,淋浴,2014/08/30 20:54:04,0.6,284.57
23372,POS消费,地点72,食堂,2014/08/31 08:35:02,2.8,281.77
23372,POS消费,地点82,食堂,2014/08/31 12:22:45,5.2,276.57
23372,POS消费,地点161,食堂,2014/08/31 17:50:40,9.4,267.17
23372,POS消费,地点1916,淋浴,2014/08/31 19:44:48,0.3,266.87
23372,POS消费,地点1916,淋浴,2014/08/31 19:48:06,0.5,266.37
23372,POS消费,地点21,开水,2014/08/31 22:32:11,0.16,266.21
