23486,卡片开户,,,2014/07/18 12:11:09,0.0,0.0
23486,卡充值,,,2014/08/29 09:54:09,1500.0,1500.0
23486,POS消费,地点91,校车,2014/08/30 07:55:53,5.6,1494.4
23486,POS消费,地点91,校车,2014/08/30 12:00:29,0.4,1494.0
23486,POS消费,地点91,校车,2014/08/30 12:00:48,3.6,1490.4
23486,POS消费,地点91,校车,2014/08/30 12:02:20,1.5,1488.9
23486,POS消费,地点82,食堂,2014/08/30 17:49:49,9.1,1479.8
23486,POS消费,地点192,超市,2014/08/30 18:09:53,8.9,1470.9
23486,POS消费,地点1909,淋浴,2014/08/30 20:30:56,0.1,1470.8
23486,POS消费,地点1902,开水,2014/08/30 20:41:24,0.01,1470.79
23486,POS消费,地点1902,开水,2014/08/30 20:46:27,0.01,1470.78
23486,POS消费,地点21,开水,2014/08/31 11:54:21,5.6,1465.18
23486,POS消费,地点239,食堂,2014/08/31 11:55:02,3.7,1461.48
23486,POS消费,地点21,开水,2014/08/31 11:58:55,3.0,1458.48
23486,POS消费,地点188,超市,2014/08/31 12:05:23,0.9,1457.58
23486,POS消费,地点188,超市,2014/08/31 17:56:33,18.8,1438.78
