23788,卡片开户,,,2014/07/18 12:12:52,0.0,0.0
23788,卡充值,,,2014/08/29 14:33:00,300.0,300.0
23788,POS消费,地点89,食堂,2014/08/29 18:24:09,4.5,295.5
23788,POS消费,地点89,食堂,2014/08/29 18:31:00,4.5,291.0
23788,POS消费,地点1928,淋浴,2014/08/29 20:02:37,0.8,290.2
23788,POS消费,地点161,食堂,2014/08/30 08:27:33,6.1,284.1
23788,POS消费,地点310,食堂,2014/08/30 11:33:07,6.0,277.1
23788,POS消费,地点286,食堂,2014/08/30 11:33:45,1.0,283.1
23788,POS消费,地点105,食堂,2014/08/30 11:34:09,3.0,274.1
23788,POS消费,地点203,食堂,2014/08/30 17:20:45,6.5,267.6
23788,POS消费,地点826,食堂,2014/08/30 17:35:55,1.5,266.1
23788,POS消费,地点1935,开水,2014/08/30 21:15:11,0.1,266.0
23788,POS消费,地点91,校车,2014/08/31 07:30:17,7.1,258.9
23788,POS消费,地点251,食堂,2014/08/31 12:27:04,3.3,255.6
23788,POS消费,地点251,食堂,2014/08/31 12:27:25,0.6,255.0
23788,POS消费,地点168,食堂,2014/08/31 18:10:39,6.5,248.5
23788,POS消费,地点192,超市,2014/08/31 18:30:52,2.0,246.5
23788,POS消费,地点1947,淋浴,2014/08/31 19:08:36,1.1,245.4
23788,POS消费,地点1898,洗衣房,2014/08/31 21:22:47,1.2,244.2
23788,POS消费,地点1898,洗衣房,2014/08/31 21:22:53,1.2,243.0
