23786,卡片开户,,,2014/07/16 11:47:25,0.0,0.0
23786,卡充值,,,2014/08/29 12:15:54,300.0,300.0
23786,POS消费,地点21,开水,2014/08/29 12:19:12,2.2,297.8
23786,POS消费,地点251,食堂,2014/08/29 12:31:38,1.5,296.3
23786,POS消费,地点168,食堂,2014/08/29 17:37:09,4.5,291.8
23786,POS消费,地点1451,校车,2014/08/29 19:28:28,1.0,290.8
23786,POS消费,地点1908,淋浴,2014/08/29 21:59:37,0.7,290.1
23786,POS消费,地点1588,食堂,2014/08/30 08:28:58,3.6,286.5
23786,POS消费,地点1891,洗衣房,2014/08/30 08:37:44,3.6,282.9
23786,POS消费,地点1891,洗衣房,2014/08/30 08:37:44,-0.9,283.8
23786,POS消费,地点1891,洗衣房,2014/08/30 09:22:28,-2.94,283.14
23786,POS消费,地点1891,洗衣房,2014/08/30 09:22:28,3.6,280.2
23786,POS消费,地点21,开水,2014/08/30 17:21:54,3.0,280.14
23786,POS消费,地点21,开水,2014/08/30 22:43:22,0.14,280.0
23786,POS消费,地点21,开水,2014/08/30 22:45:32,0.03,279.97
23786,POS消费,地点243,食堂,2014/08/31 12:27:21,3.0,273.27
23786,POS消费,地点82,食堂,2014/08/31 12:29:27,3.7,276.27
23786,POS消费,地点21,开水,2014/08/31 13:28:49,0.1,273.17
23786,POS消费,地点232,食堂,2014/08/31 17:44:57,4.0,269.17
23786,POS消费,地点1916,淋浴,2014/08/31 22:42:30,0.3,268.87
23786,POS消费,地点1891,洗衣房,2014/08/31 23:06:38,3.6,265.27
23786,POS消费,地点1891,洗衣房,2014/08/31 23:09:30,-3.3,268.57
