23800,卡片开户,,,2014/07/19 11:27:20,0.0,0.0
23800,卡充值,,,2014/08/17 12:50:05,300.0,300.0
23800,POS消费,地点505,淋浴,2014/08/19 21:52:55,0.4,299.5
23800,POS消费,地点21,开水,2014/08/20 18:00:58,9.6,289.9
23800,POS消费,地点21,开水,2014/08/20 18:03:50,6.2,282.7
23800,POS消费,地点251,食堂,2014/08/20 18:14:07,1.0,288.9
23800,POS消费,地点508,淋浴,2014/08/20 22:09:48,0.6,282.1
23800,POS消费,地点72,食堂,2014/08/21 12:26:06,5.0,277.1
23800,POS消费,地点134,食堂,2014/08/21 18:08:26,5.2,271.9
23800,POS消费,地点251,食堂,2014/08/21 18:20:29,1.5,270.4
23800,POS消费,地点508,淋浴,2014/08/21 23:03:44,0.6,269.8
23800,POS消费,地点21,开水,2014/08/22 07:58:56,2.5,267.3
23800,POS消费,地点21,开水,2014/08/22 07:59:16,0.03,267.27
23800,POS消费,地点184,食堂,2014/08/22 12:23:56,1.0,266.27
23800,POS消费,地点508,淋浴,2014/08/22 21:36:19,0.5,265.77
23800,POS消费,地点251,食堂,2014/08/23 12:12:49,1.0,264.77
23800,POS消费,地点134,食堂,2014/08/23 12:16:50,4.2,260.57
23800,POS消费,地点21,开水,2014/08/23 17:08:48,8.0,252.57
23800,POS消费,地点508,淋浴,2014/08/23 22:58:40,0.8,251.77
23800,POS消费,地点69,食堂,2014/08/24 07:07:02,1.6,250.17
23800,POS消费,地点60,食堂,2014/08/24 07:20:25,0.2,249.97
23800,POS消费,地点134,食堂,2014/08/24 12:12:53,8.22,241.75
23800,POS消费,地点21,开水,2014/08/24 12:18:08,3.0,238.75
23800,POS消费,地点21,开水,2014/08/24 17:11:55,3.0,234.75
23800,POS消费,地点21,开水,2014/08/24 17:12:53,1.0,237.75
23800,POS消费,地点508,淋浴,2014/08/24 22:10:13,0.7,234.05
23800,POS消费,地点103,食堂,2014/08/25 12:22:50,7.4,226.65
23800,POS消费,地点21,开水,2014/08/25 17:14:46,9.5,217.15
23800,POS消费,地点508,淋浴,2014/08/25 23:06:32,0.7,216.45
23800,POS消费,地点234,食堂,2014/08/26 10:55:07,6.9,209.55
23800,POS消费,地点234,食堂,2014/08/26 17:00:18,6.9,202.65
23800,POS消费,地点508,淋浴,2014/08/26 22:49:57,1.1,201.55
23800,POS消费,地点253,食堂,2014/08/27 12:06:40,5.2,196.35
23800,POS消费,地点239,食堂,2014/08/27 12:09:00,6.0,190.35
23800,POS消费,地点21,开水,2014/08/27 12:19:53,7.5,182.85
23800,POS消费,地点508,淋浴,2014/08/27 13:36:50,0.4,182.45
23800,POS消费,地点21,开水,2014/08/27 15:38:59,3.0,179.45
23800,POS消费,地点251,食堂,2014/08/27 17:43:55,1.0,178.45
23800,POS消费,地点21,开水,2014/08/27 17:54:03,3.0,175.45
23800,POS消费,地点508,淋浴,2014/08/29 00:02:14,1.3,174.15
23800,POS消费,地点91,校车,2014/08/29 11:21:29,12.6,161.55
23800,POS消费,地点218,食堂,2014/08/29 16:51:35,1.0,160.55
23800,POS消费,地点1908,淋浴,2014/08/30 13:49:09,0.7,159.85
23800,POS消费,地点21,开水,2014/08/30 17:21:47,12.1,147.75
23800,POS消费,地点1908,淋浴,2014/08/30 22:49:20,0.8,146.95
23800,POS消费,地点1916,淋浴,2014/08/31 12:13:48,0.9,146.05
23800,POS消费,地点1916,淋浴,2014/08/31 21:48:35,0.1,145.95
23800,POS消费,地点1916,淋浴,2014/08/31 21:50:52,0.9,144.95
23800,POS消费,地点1916,淋浴,2014/08/31 21:52:58,0.1,145.85
