23812,卡片开户,,,2014/07/18 12:08:03,0.0,0.0
23812,卡充值,,,2014/08/28 12:06:20,1000.0,1000.0
23812,POS消费,地点21,开水,2014/08/28 12:11:23,6.4,993.6
23812,POS消费,地点21,开水,2014/08/28 12:12:19,6.4,987.2
23812,POS消费,地点190,超市,2014/08/28 16:43:11,51.7,935.5
23812,POS消费,地点190,超市,2014/08/28 16:43:22,100.0,835.5
23812,POS消费,地点1269,校车,2014/08/28 18:34:33,2.0,833.5
23812,POS消费,地点1269,校车,2014/08/28 18:34:42,2.0,831.5
23812,POS消费,地点1269,校车,2014/08/29 08:23:55,2.0,829.5
23812,POS消费,地点1269,校车,2014/08/29 08:24:03,2.0,827.5
23812,POS消费,地点21,开水,2014/08/29 12:25:08,7.6,819.9
23812,POS消费,地点21,开水,2014/08/29 12:25:29,7.6,812.3
23812,POS消费,地点190,超市,2014/08/29 12:52:42,100.0,712.3
23812,POS消费,地点190,超市,2014/08/29 12:52:53,42.3,670.0
23812,POS消费,地点292,超市,2014/08/29 15:11:52,30.0,640.0
23812,POS消费,地点292,超市,2014/08/29 15:12:06,25.5,614.5
23812,POS消费,地点292,超市,2014/08/29 15:12:37,0.3,614.2
23812,POS消费,地点1386,校车,2014/08/29 17:03:39,2.0,612.2
23812,POS消费,地点1386,校车,2014/08/29 17:03:46,2.0,610.2
23812,POS消费,地点21,开水,2014/08/30 18:34:48,8.6,601.6
23812,POS消费,地点118,食堂,2014/08/31 08:17:02,5.0,596.6
23812,POS消费,地点218,食堂,2014/08/31 12:12:44,2.9,593.7
23812,POS消费,地点157,食堂,2014/08/31 12:28:32,9.6,584.1
23812,POS消费,地点190,超市,2014/08/31 12:35:58,3.5,580.6
23812,POS消费,地点1616,开水,2014/08/31 18:16:19,0.01,580.59
23812,POS消费,地点188,超市,2014/08/31 19:25:50,5.0,575.59
23812,POS消费,地点1947,淋浴,2014/08/31 20:01:33,0.7,574.89
