23820,卡片开户,,,2014/07/14 10:12:15,0.0,0.0
23820,卡充值,,,2014/08/28 12:44:54,200.0,200.0
23820,POS消费,地点61,食堂,2014/08/28 13:04:16,8.6,191.4
23820,POS消费,地点61,食堂,2014/08/28 13:04:37,4.6,186.8
23820,POS消费,地点21,开水,2014/08/28 15:59:56,0.2,186.6
23820,POS消费,地点184,食堂,2014/08/28 17:35:38,4.4,182.2
23820,POS消费,地点184,食堂,2014/08/28 17:36:22,6.3,175.9
23820,POS消费,地点1891,洗衣房,2014/08/28 21:48:10,-1.02,173.17
23820,POS消费,地点1891,洗衣房,2014/08/28 21:48:10,3.6,172.3
23820,POS消费,地点21,开水,2014/08/28 22:25:52,0.15,172.15
23820,POS消费,地点21,开水,2014/08/29 11:50:04,6.4,166.77
23820,POS消费,地点21,开水,2014/08/29 11:50:42,6.6,160.17
23820,POS消费,地点237,食堂,2014/08/29 17:39:53,1.6,158.57
23820,POS消费,地点253,食堂,2014/08/29 17:52:29,5.25,153.32
23820,POS消费,地点251,食堂,2014/08/29 17:52:56,0.5,152.82
23820,POS消费,地点239,食堂,2014/08/29 17:56:01,5.2,147.62
23820,POS消费,地点242,食堂,2014/08/29 17:58:02,1.5,146.12
23820,POS消费,地点1946,淋浴,2014/08/29 22:47:04,0.1,146.02
23820,POS消费,地点21,开水,2014/08/29 22:57:33,0.14,145.88
23820,POS消费,地点21,开水,2014/08/30 09:49:25,0.17,145.71
23820,POS消费,地点69,食堂,2014/08/30 10:58:27,6.6,139.11
23820,POS消费,地点69,食堂,2014/08/30 10:58:52,6.4,132.71
23820,POS消费,地点21,开水,2014/08/30 17:18:50,3.0,129.71
23820,POS消费,地点188,超市,2014/08/30 20:22:40,30.0,99.71
23820,POS消费,地点188,超市,2014/08/30 20:22:44,5.9,93.81
23820,POS消费,地点251,食堂,2014/08/31 12:27:29,0.6,89.21
23820,POS消费,地点82,食堂,2014/08/31 12:29:41,4.0,89.81
23820,POS消费,地点251,食堂,2014/08/31 18:16:16,0.5,87.71
23820,POS消费,地点184,食堂,2014/08/31 18:16:24,1.0,88.21
23820,POS消费,地点1916,淋浴,2014/08/31 20:27:50,0.1,87.61
23820,POS消费,地点1916,淋浴,2014/08/31 20:28:24,0.3,87.31
