23864,卡片开户,,,2014/07/20 13:09:28,0.0,0.0
23864,卡充值,,,2014/08/29 14:53:24,200.0,200.0
23864,POS消费,地点1883,洗衣房,2014/08/30 11:02:31,3.6,196.4
23864,POS消费,地点1891,洗衣房,2014/08/30 11:05:43,3.6,192.8
23864,POS消费,地点1891,洗衣房,2014/08/30 11:05:59,3.6,189.2
23864,POS消费,地点72,食堂,2014/08/30 12:41:46,5.0,184.2
23864,POS消费,地点72,食堂,2014/08/30 12:41:49,0.2,184.0
23864,POS消费,地点192,超市,2014/08/30 13:49:27,26.7,157.3
23864,POS消费,地点1596,食堂,2014/08/30 18:03:36,12.4,144.9
23864,POS消费,地点195,超市,2014/08/30 20:49:14,30.0,114.9
23864,POS消费,地点195,超市,2014/08/30 20:49:22,14.3,100.6
23864,POS消费,地点1953,淋浴,2014/08/30 22:22:33,0.1,100.5
23864,POS消费,地点1953,淋浴,2014/08/30 22:22:43,0.8,99.7
23864,POS消费,地点65,食堂,2014/08/31 07:51:04,0.8,98.9
23864,POS消费,地点218,食堂,2014/08/31 11:18:53,1.5,97.4
23864,POS消费,地点232,食堂,2014/08/31 11:27:49,7.0,90.4
23864,卡充值,,,2014/08/31 12:34:38,300.0,390.4
23864,POS消费,地点21,开水,2014/08/31 12:40:25,0.14,390.26
23864,POS消费,地点195,超市,2014/08/31 19:39:01,3.6,386.66
23864,POS消费,地点1908,淋浴,2014/08/31 20:11:19,0.1,386.56
23864,POS消费,地点1908,淋浴,2014/08/31 20:11:45,0.1,386.46
23864,POS消费,地点1908,淋浴,2014/08/31 20:12:28,0.8,385.66
