23910,卡片开户,,,2014/07/10 12:40:07,0.0,0.0
23910,卡充值,,,2014/08/29 20:30:25,300.0,300.0
23910,POS消费,地点1911,淋浴,2014/08/29 23:23:02,0.6,299.4
23910,POS消费,地点60,食堂,2014/08/30 08:36:04,0.8,298.6
23910,POS消费,地点60,食堂,2014/08/30 08:36:18,0.2,298.4
23910,POS消费,地点21,开水,2014/08/30 12:20:20,4.6,293.8
23910,POS消费,地点161,食堂,2014/08/30 12:20:49,5.0,288.8
23910,POS消费,地点1898,洗衣房,2014/08/30 14:23:40,1.2,287.6
23910,POS消费,地点1898,洗衣房,2014/08/30 15:00:28,1.2,286.4
23910,POS消费,地点1898,洗衣房,2014/08/30 15:01:04,-1.02,287.42
23910,POS消费,地点1898,洗衣房,2014/08/30 15:02:56,1.2,286.22
23910,POS消费,地点1898,洗衣房,2014/08/30 15:23:39,1.2,285.02
23910,POS消费,地点1898,洗衣房,2014/08/30 15:31:56,-0.66,285.68
23910,POS消费,地点1911,淋浴,2014/08/30 23:25:43,1.0,284.68
23910,POS消费,地点91,校车,2014/08/31 07:59:05,2.6,282.08
23910,POS消费,地点247,食堂,2014/08/31 11:53:17,10.0,272.08
23910,POS消费,地点21,开水,2014/08/31 18:06:27,7.6,264.48
