23936,卡片开户,,,2014/07/19 15:35:55,0.0,0.0
23936,卡充值,,,2014/08/29 10:28:48,400.0,400.0
23936,POS消费,地点816,校车,2014/08/29 19:04:36,1.0,399.0
23936,POS消费,地点816,校车,2014/08/29 19:04:59,1.0,398.0
23936,POS消费,地点1915,淋浴,2014/08/29 22:38:18,0.2,397.8
23936,POS消费,地点1910,淋浴,2014/08/29 22:43:22,0.2,397.6
23936,POS消费,地点1852,开水,2014/08/29 23:40:08,0.01,397.59
23936,POS消费,地点1935,开水,2014/08/30 14:14:20,0.01,397.58
23936,POS消费,地点1616,开水,2014/08/31 07:46:23,0.01,397.57
23936,POS消费,地点91,校车,2014/08/31 07:58:47,1.6,395.97
23936,POS消费,地点91,校车,2014/08/31 07:59:14,0.5,395.47
23936,POS消费,地点247,食堂,2014/08/31 11:53:30,10.0,385.47
23936,POS消费,地点21,开水,2014/08/31 18:04:55,2.6,382.87
23936,POS消费,地点146,校车,2014/08/31 19:59:52,1.0,381.87
23936,POS消费,地点1947,淋浴,2014/08/31 21:16:15,0.1,381.77
23936,POS消费,地点1862,淋浴,2014/08/31 21:19:38,0.1,381.67
23936,POS消费,地点1862,淋浴,2014/08/31 21:20:51,1.0,380.67
23936,POS消费,地点1862,淋浴,2014/08/31 21:35:42,0.2,380.47
23936,POS消费,地点1927,洗衣房,2014/08/31 22:08:53,1.2,379.27
23936,POS消费,地点1898,洗衣房,2014/08/31 22:31:27,1.2,378.07
23936,POS消费,地点1898,洗衣房,2014/08/31 22:33:58,-1.02,379.09
23936,POS消费,地点1898,洗衣房,2014/08/31 22:34:53,1.2,377.89
