23946,卡片开户,,,2014/07/19 11:06:50,0.0,0.0
23946,卡充值,,,2014/08/29 12:49:26,500.0,500.0
23946,POS消费,地点103,食堂,2014/08/29 13:07:34,5.3,494.7
23946,POS消费,地点103,食堂,2014/08/29 13:07:43,5.3,489.4
23946,POS消费,地点1616,开水,2014/08/29 15:25:13,0.01,489.39
23946,POS消费,地点188,超市,2014/08/29 17:30:05,23.9,465.49
23946,POS消费,地点188,超市,2014/08/29 18:31:52,9.0,456.49
23946,POS消费,地点161,食堂,2014/08/29 18:48:25,4.6,451.89
23946,POS消费,地点161,食堂,2014/08/29 18:48:44,8.6,443.29
23946,POS消费,地点21,开水,2014/08/30 08:20:25,8.4,434.89
23946,POS消费,地点69,食堂,2014/08/30 17:53:35,10.6,416.19
23946,POS消费,地点82,食堂,2014/08/30 18:07:45,8.1,426.79
23946,POS消费,地点184,食堂,2014/08/31 08:08:00,2.0,414.19
23946,POS消费,地点21,开水,2014/08/31 11:47:54,4.6,409.59
23946,POS消费,地点21,开水,2014/08/31 18:06:53,6.6,402.99
