24044,卡片开户,,,2014/07/14 09:22:58,0.0,0.0
24044,卡充值,,,2014/08/30 16:10:43,500.0,500.0
24044,POS消费,地点114,食堂,2014/08/30 16:11:11,3.0,497.0
24044,POS消费,地点1447,校车,2014/08/30 16:19:31,1.0,496.0
24044,POS消费,地点1928,淋浴,2014/08/30 18:57:38,0.8,495.2
24044,POS消费,地点1898,洗衣房,2014/08/30 19:05:19,1.2,494.0
24044,POS消费,地点1898,洗衣房,2014/08/30 19:27:20,1.2,492.8
24044,POS消费,地点1898,洗衣房,2014/08/30 19:29:43,-1.02,493.82
24044,POS消费,地点1935,开水,2014/08/30 21:19:01,0.05,493.77
24044,POS消费,地点103,食堂,2014/08/31 07:54:58,3.1,490.67
24044,POS消费,地点1447,校车,2014/08/31 17:38:30,1.0,489.67
24044,POS消费,地点1898,洗衣房,2014/08/31 21:55:49,1.2,488.47
