24094,卡片开户,,,2014/07/16 10:48:08,0.0,0.0
24094,卡充值,,,2014/08/28 17:24:17,1000.0,1000.0
24094,POS消费,地点26,图书馆,2014/08/28 18:01:02,487.7,512.3
24094,POS消费,地点168,食堂,2014/08/29 09:00:30,12.0,500.3
24094,POS消费,地点204,食堂,2014/08/29 09:24:34,5.1,495.2
24094,POS消费,地点91,校车,2014/08/29 13:11:24,8.5,486.7
24094,POS消费,地点232,食堂,2014/08/29 13:28:05,21.0,465.7
24094,卡充值,,,2014/08/29 14:21:50,1500.0,1965.7
24094,POS消费,地点1927,洗衣房,2014/08/30 16:39:06,1.2,1964.5
24094,POS消费,地点1927,洗衣房,2014/08/30 16:41:00,1.2,1964.44
24094,POS消费,地点1927,洗衣房,2014/08/30 16:41:03,-1.14,1965.64
24094,POS消费,地点1927,洗衣房,2014/08/30 17:13:18,1.2,1963.24
24094,POS消费,地点1927,洗衣房,2014/08/30 17:15:10,-1.14,1964.38
24094,POS消费,地点91,校车,2014/08/30 17:41:53,7.9,1956.48
24094,POS消费,地点21,开水,2014/08/30 17:42:01,5.6,1950.88
24094,POS消费,地点21,开水,2014/08/30 17:43:08,7.1,1943.78
24094,POS消费,地点21,开水,2014/08/30 17:44:40,7.1,1936.68
24094,POS消费,地点1924,淋浴,2014/08/30 19:10:21,0.1,1936.58
24094,POS消费,地点1910,淋浴,2014/08/30 19:30:02,0.1,1936.48
24094,POS消费,地点1910,淋浴,2014/08/30 19:31:17,0.3,1936.18
24094,POS消费,地点1862,淋浴,2014/08/30 19:42:53,0.1,1936.08
24094,POS消费,地点1862,淋浴,2014/08/30 19:44:55,0.6,1935.48
24094,POS消费,地点60,食堂,2014/08/31 08:13:06,0.8,1934.68
24094,POS消费,地点21,开水,2014/08/31 08:30:45,5.5,1929.18
24094,POS消费,地点1545,食堂,2014/08/31 11:53:51,3.0,1920.28
24094,POS消费,地点239,食堂,2014/08/31 12:05:52,5.9,1923.28
24094,POS消费,地点65,食堂,2014/08/31 17:48:51,8.6,1911.68
24094,POS消费,地点192,超市,2014/08/31 21:15:56,13.0,1898.68
24094,POS消费,地点1862,淋浴,2014/08/31 22:21:14,0.7,1897.98
