24226,卡片开户,,,2014/07/16 15:14:57,0.0,0.0
24226,卡充值,,,2014/08/28 11:48:13,300.0,300.0
24226,POS消费,地点91,校车,2014/08/28 17:23:51,5.0,289.5
24226,POS消费,地点91,校车,2014/08/28 17:24:29,5.5,294.5
24226,POS消费,地点232,食堂,2014/08/28 17:26:04,10.0,279.5
24226,POS消费,地点91,校车,2014/08/28 17:27:30,10.0,269.5
24226,POS消费,地点1588,食堂,2014/08/29 08:03:29,2.8,266.7
24226,POS消费,地点134,食堂,2014/08/29 08:03:59,0.8,265.9
24226,POS消费,地点91,校车,2014/08/29 12:30:23,3.0,262.9
24226,POS消费,地点91,校车,2014/08/29 12:30:35,3.0,259.9
24226,POS消费,地点91,校车,2014/08/29 12:31:32,3.0,256.9
24226,POS消费,地点244,食堂,2014/08/29 18:05:21,7.1,249.8
24226,POS消费,地点279,食堂,2014/08/29 18:05:58,9.6,240.2
24226,POS消费,地点279,食堂,2014/08/29 18:06:18,6.1,234.1
24226,POS消费,地点244,食堂,2014/08/29 18:08:29,8.6,225.5
24226,POS消费,地点277,食堂,2014/08/29 18:28:18,18.0,207.5
24226,POS消费,地点1371,淋浴,2014/08/29 21:50:37,0.3,207.2
24226,POS消费,地点268,食堂,2014/08/30 17:22:39,1.0,206.2
24226,POS消费,地点268,食堂,2014/08/30 17:22:58,1.5,204.7
24226,POS消费,地点70,食堂,2014/08/30 17:32:18,2.5,202.2
24226,POS消费,地点485,淋浴,2014/08/30 20:47:11,0.1,202.0
24226,POS消费,地点485,淋浴,2014/08/30 20:48:33,0.3,201.7
24226,POS消费,地点485,淋浴,2014/08/30 20:48:49,0.1,202.1
24226,POS消费,地点927,淋浴,2014/08/30 21:15:33,0.7,201.0
24226,POS消费,地点854,淋浴,2014/08/30 22:03:56,0.1,200.9
24226,POS消费,地点1371,淋浴,2014/08/30 22:07:15,0.4,200.5
24226,POS消费,地点1371,淋浴,2014/08/30 22:47:55,0.7,199.8
24226,POS消费,地点157,食堂,2014/08/31 08:25:35,0.8,199.0
24226,POS消费,地点103,食堂,2014/08/31 08:33:15,1.3,197.7
24226,POS消费,地点91,校车,2014/08/31 11:25:28,5.5,192.2
24226,POS消费,地点91,校车,2014/08/31 11:28:57,8.0,184.2
24226,POS消费,地点118,食堂,2014/08/31 16:38:31,1.6,182.6
