24354,POS消费,地点26,图书馆,2014/07/02 18:04:32,0.0,0.0
24354,POS消费,地点26,图书馆,2014/07/02 18:04:32,0.11,5.27
24354,卡片开户,,,2014/07/19 16:16:07,0.0,0.0
24354,卡充值,,,2014/08/27 13:07:02,500.0,500.0
24354,POS消费,地点251,食堂,2014/08/27 18:35:34,1.5,498.5
24354,POS消费,地点21,开水,2014/08/27 18:37:25,1.6,496.9
24354,POS消费,地点195,超市,2014/08/28 16:57:55,26.3,470.6
24354,POS消费,地点1447,校车,2014/08/28 17:08:43,1.0,469.6
24354,POS消费,地点434,开水,2014/08/28 17:38:21,0.03,469.57
24354,POS消费,地点1334,洗衣房,2014/08/28 18:03:48,3.6,465.97
24354,POS消费,地点1298,洗衣房,2014/08/28 18:16:55,3.6,462.37
24354,POS消费,地点1298,洗衣房,2014/08/28 19:05:18,-0.6,462.97
24354,POS消费,地点434,开水,2014/08/28 19:13:00,0.02,462.95
24354,POS消费,地点434,开水,2014/08/29 10:31:30,0.01,462.94
24354,POS消费,地点231,食堂,2014/08/29 12:10:14,1.8,461.14
24354,POS消费,地点228,食堂,2014/08/29 12:10:38,9.5,451.64
24354,POS消费,地点434,开水,2014/08/29 12:39:49,0.01,451.63
24354,POS消费,地点434,开水,2014/08/29 13:59:13,0.01,451.62
24354,POS消费,地点434,开水,2014/08/30 13:57:36,0.06,451.56
24354,POS消费,地点21,开水,2014/08/30 17:55:43,3.0,448.56
24354,POS消费,地点21,开水,2014/08/30 17:55:47,3.0,445.56
24354,POS消费,地点887,淋浴,2014/08/30 21:27:32,0.1,445.46
24354,POS消费,地点887,淋浴,2014/08/30 21:37:13,0.1,445.36
24354,POS消费,地点314,食堂,2014/08/31 09:00:06,3.2,441.56
24354,POS消费,地点1961,超市,2014/08/31 10:57:26,4.0,437.56
24354,POS消费,地点232,食堂,2014/08/31 11:19:20,3.0,434.56
24354,POS消费,地点283,食堂,2014/08/31 11:22:14,4.0,430.56
24354,POS消费,地点283,食堂,2014/08/31 11:24:04,0.8,429.76
24354,POS消费,地点927,淋浴,2014/08/31 21:42:47,0.3,429.46
24354,POS消费,地点434,开水,2014/08/31 22:14:21,0.01,429.45
