24384,卡片开户,,,2014/07/17 09:38:35,0.0,0.0
24384,卡充值,,,2014/08/28 16:20:54,500.0,500.0
24384,POS消费,地点87,食堂,2014/08/28 18:08:33,1.2,498.8
24384,POS消费,地点87,食堂,2014/08/28 18:08:59,0.2,498.6
24384,POS消费,地点72,食堂,2014/08/28 18:15:20,8.6,490.0
24384,POS消费,地点72,食堂,2014/08/28 18:16:04,2.5,487.5
24384,POS消费,地点72,食堂,2014/08/28 18:16:17,1.5,486.0
24384,POS消费,地点1451,校车,2014/08/28 18:44:03,1.0,485.0
24384,POS消费,地点1451,校车,2014/08/28 18:44:09,1.0,484.0
24384,POS消费,地点1451,校车,2014/08/28 18:44:19,1.0,483.0
24384,POS消费,地点1592,开水,2014/08/28 23:09:46,0.03,482.97
24384,POS消费,地点1592,开水,2014/08/29 07:03:22,0.02,482.95
24384,POS消费,地点124,食堂,2014/08/29 11:58:28,9.0,473.95
24384,POS消费,地点157,食堂,2014/08/29 18:03:39,5.6,468.35
24384,POS消费,地点1592,开水,2014/08/29 20:19:01,0.08,468.27
24384,POS消费,地点1592,开水,2014/08/29 20:41:04,0.02,468.25
24384,POS消费,地点1592,开水,2014/08/29 21:02:08,0.04,468.21
24384,POS消费,地点1592,开水,2014/08/30 07:37:26,0.03,468.18
24384,POS消费,地点188,超市,2014/08/30 09:31:21,12.4,455.78
24384,POS消费,地点1592,开水,2014/08/30 21:46:18,0.04,455.74
24384,POS消费,地点1592,开水,2014/08/31 07:35:47,0.03,455.71
24384,POS消费,地点21,开水,2014/08/31 09:04:21,8.9,446.81
24384,POS消费,地点83,食堂,2014/08/31 11:41:28,7.4,439.41
24384,POS消费,地点1592,开水,2014/08/31 17:02:27,0.02,439.39
24384,POS消费,地点1847,食堂,2014/08/31 17:52:18,3.0,433.29
24384,POS消费,地点234,食堂,2014/08/31 17:59:34,3.1,436.29
24384,POS消费,地点1451,校车,2014/08/31 18:53:38,1.0,432.29
24384,POS消费,地点1472,校车,2014/08/31 19:53:02,1.0,431.29
24384,POS消费,地点1657,淋浴,2014/08/31 23:35:29,0.2,431.09
