24524,卡片开户,,,2014/07/19 16:25:44,0.0,0.0
24524,卡充值,,,2014/08/29 18:29:29,500.0,500.0
24524,POS消费,地点204,食堂,2014/08/29 18:34:31,11.0,489.0
24524,POS消费,地点6,淋浴,2014/08/29 18:35:27,4.0,485.0
24524,POS消费,地点91,校车,2014/08/30 08:28:27,5.2,479.8
24524,POS消费,地点91,校车,2014/08/30 08:31:54,0.8,479.0
24524,POS消费,地点88,食堂,2014/08/30 09:40:07,9.0,470.0
24524,POS消费,地点264,食堂,2014/08/30 11:33:56,10.6,459.4
24524,POS消费,地点814,开水,2014/08/30 17:25:44,0.01,459.39
24524,POS消费,地点232,食堂,2014/08/30 17:37:41,6.0,453.39
24524,POS消费,地点1592,开水,2014/08/30 21:46:12,0.02,453.37
24524,POS消费,地点1579,开水,2014/08/31 06:58:53,0.01,453.36
24524,POS消费,地点1592,开水,2014/08/31 07:17:04,0.06,453.3
24524,POS消费,地点87,食堂,2014/08/31 08:37:34,5.0,448.3
24524,POS消费,地点1674,食堂,2014/08/31 11:51:31,1.2,442.3
24524,POS消费,地点236,食堂,2014/08/31 12:04:08,4.8,443.5
24524,POS消费,地点92,食堂,2014/08/31 12:11:52,3.6,438.7
24524,POS消费,地点21,开水,2014/08/31 16:44:45,3.0,435.7
24524,POS消费,地点188,超市,2014/08/31 19:39:58,24.5,411.2
24524,POS消费,地点1642,淋浴,2014/08/31 21:13:53,0.3,410.1
24524,POS消费,地点1642,淋浴,2014/08/31 21:20:10,0.1,410.0
24524,POS消费,地点1659,淋浴,2014/08/31 21:42:19,0.1,411.1
24524,POS消费,地点1659,淋浴,2014/08/31 21:42:39,0.1,411.0
24524,POS消费,地点1659,淋浴,2014/08/31 22:03:21,0.6,410.4
