24580,卡片开户,,,2014/07/20 10:22:04,0.0,0.0
24580,卡充值,,,2014/08/28 10:32:45,500.0,500.0
24580,POS消费,地点188,超市,2014/08/28 10:41:11,75.8,424.2
24580,POS消费,地点87,食堂,2014/08/28 12:23:51,4.6,419.6
24580,POS消费,地点228,食堂,2014/08/28 12:27:42,19.0,400.6
24580,POS消费,地点231,食堂,2014/08/28 12:42:04,1.8,398.8
24580,POS消费,地点314,食堂,2014/08/28 16:28:35,14.0,384.8
24580,POS消费,地点1886,洗衣房,2014/08/28 17:23:41,3.6,381.2
24580,POS消费,地点188,超市,2014/08/28 18:08:26,12.8,361.2
24580,POS消费,地点21,开水,2014/08/28 19:39:47,8.0,353.2
24580,POS消费,地点12,文印中心,2014/08/28 20:42:30,0.1,353.1
24580,POS消费,地点12,文印中心,2014/08/28 20:45:26,0.2,352.9
24580,POS消费,地点1659,淋浴,2014/08/28 20:55:27,0.4,352.5
24580,POS消费,地点1579,开水,2014/08/28 20:56:53,0.01,352.49
24580,POS消费,地点1579,开水,2014/08/28 20:56:53,0.01,352.48
24580,POS消费,地点1592,开水,2014/08/28 21:00:50,0.01,352.47
24580,POS消费,地点1886,洗衣房,2014/08/28 21:15:42,3.6,377.6
24580,POS消费,地点1886,洗衣房,2014/08/28 21:27:21,3.6,374.0
24580,POS消费,地点1592,开水,2014/08/28 21:29:18,0.08,352.39
24580,POS消费,地点124,食堂,2014/08/29 09:00:36,4.5,347.89
24580,POS消费,地点195,超市,2014/08/29 09:18:15,28.0,319.89
24580,POS消费,地点26,图书馆,2014/08/29 10:49:03,59.7,260.19
24580,POS消费,地点234,食堂,2014/08/29 18:03:27,26.3,233.89
24580,POS消费,地点1657,淋浴,2014/08/29 22:44:03,0.4,233.49
24580,POS消费,地点1579,开水,2014/08/29 22:44:04,0.01,233.48
24580,POS消费,地点1592,开水,2014/08/29 22:52:12,0.08,233.4
24580,POS消费,地点124,食堂,2014/08/30 08:03:32,4.5,228.9
24580,卡充值,,,2014/08/30 09:10:48,800.0,1028.9
24580,POS消费,地点213,食堂,2014/08/30 09:14:24,0.3,1028.6
24580,POS消费,地点21,开水,2014/08/30 11:20:14,8.1,1020.5
24580,POS消费,地点1642,淋浴,2014/08/30 16:57:07,0.1,1020.4
24580,POS消费,地点12,文印中心,2014/08/30 17:01:56,0.1,1020.3
24580,POS消费,地点1657,淋浴,2014/08/30 17:02:36,0.4,1019.9
24580,POS消费,地点1592,开水,2014/08/30 17:12:53,0.09,1019.81
24580,POS消费,地点1892,洗衣房,2014/08/30 17:27:58,3.6,1016.21
24580,POS消费,地点1892,洗衣房,2014/08/30 17:30:15,-3.42,1019.63
24580,POS消费,地点192,超市,2014/08/31 10:32:44,7.2,1012.43
24580,POS消费,地点1588,食堂,2014/08/31 12:28:38,5.3,1007.13
24580,POS消费,地点1588,食堂,2014/08/31 18:10:30,10.6,996.53
24580,POS消费,地点1657,淋浴,2014/08/31 19:29:10,0.3,996.13
24580,POS消费,地点1659,淋浴,2014/08/31 19:31:54,0.1,996.43
24580,POS消费,地点1592,开水,2014/08/31 19:45:50,0.15,995.98
