24742,卡片开户,,,2014/07/18 12:10:45,0.0,0.0
24742,卡充值,,,2014/08/30 12:04:18,500.0,500.0
24742,POS消费,地点314,食堂,2014/08/30 20:49:35,29.1,470.9
24742,POS消费,地点314,食堂,2014/08/30 20:52:10,28.0,442.9
24742,POS消费,地点1592,开水,2014/08/31 08:16:46,0.04,442.86
24742,POS消费,地点60,食堂,2014/08/31 09:33:32,3.0,439.86
24742,POS消费,地点60,食堂,2014/08/31 09:33:37,0.8,439.06
24742,POS消费,地点228,食堂,2014/08/31 12:00:36,6.5,432.56
24742,POS消费,地点231,食堂,2014/08/31 12:15:01,0.6,431.96
24742,POS消费,地点1451,校车,2014/08/31 12:38:32,1.0,430.96
24742,POS消费,地点1451,校车,2014/08/31 12:38:45,1.0,429.96
24742,POS消费,地点1451,校车,2014/08/31 12:47:28,1.0,428.96
24742,POS消费,地点1451,校车,2014/08/31 12:47:42,1.0,427.96
24742,POS消费,地点1451,校车,2014/08/31 12:47:56,1.0,426.96
24742,POS消费,地点168,食堂,2014/08/31 19:03:40,5.5,421.46
24742,POS消费,地点188,超市,2014/08/31 20:54:44,7.3,414.16
24742,POS消费,地点1365,淋浴,2014/08/31 21:00:36,0.4,413.76
