24782,卡片开户,,,2014/07/20 13:25:43,0.0,0.0
24782,卡充值,,,2014/08/28 10:44:26,200.0,200.0
24782,POS消费,地点87,食堂,2014/08/28 12:12:15,4.6,195.4
24782,POS消费,地点21,开水,2014/08/28 15:21:51,83.0,112.4
24782,POS消费,地点65,食堂,2014/08/28 17:09:41,4.6,107.8
24782,POS消费,地点65,食堂,2014/08/28 17:09:58,4.6,103.2
24782,POS消费,地点21,开水,2014/08/28 17:29:59,18.0,85.2
24782,POS消费,地点975,开水,2014/08/28 17:41:33,0.01,85.19
24782,POS消费,地点89,食堂,2014/08/29 08:37:51,3.0,82.19
24782,POS消费,地点89,食堂,2014/08/29 08:38:01,3.0,79.19
24782,卡充值,,,2014/08/29 09:02:34,300.0,379.19
24782,POS消费,地点188,超市,2014/08/29 09:40:41,13.0,366.19
24782,POS消费,地点65,食堂,2014/08/29 11:42:53,5.6,360.59
24782,POS消费,地点65,食堂,2014/08/29 11:43:07,4.6,355.99
24782,POS消费,地点188,超市,2014/08/29 12:03:33,13.0,342.99
24782,POS消费,地点1186,淋浴,2014/08/29 14:20:31,0.01,342.98
24782,POS消费,地点1186,淋浴,2014/08/29 14:21:25,0.01,342.96
24782,POS消费,地点1186,淋浴,2014/08/29 14:22:17,0.01,342.97
24782,POS消费,地点975,开水,2014/08/29 14:33:27,0.01,342.95
24782,POS消费,地点975,开水,2014/08/29 14:36:28,0.01,342.94
24782,POS消费,地点237,食堂,2014/08/29 17:32:14,2.6,340.34
24782,POS消费,地点237,食堂,2014/08/29 17:32:39,3.8,336.54
24782,POS消费,地点314,食堂,2014/08/29 18:24:03,84.1,252.44
24782,POS消费,地点89,食堂,2014/08/30 08:55:16,3.0,249.44
24782,POS消费,地点89,食堂,2014/08/30 08:55:21,3.0,246.44
24782,POS消费,地点213,食堂,2014/08/30 09:41:46,0.3,246.14
24782,POS消费,地点72,食堂,2014/08/30 17:51:39,4.6,241.54
24782,POS消费,地点975,开水,2014/08/30 23:33:48,0.01,241.53
24782,POS消费,地点975,开水,2014/08/30 23:44:17,0.01,241.52
24782,POS消费,地点975,开水,2014/08/31 09:30:43,0.01,241.51
24782,POS消费,地点203,食堂,2014/08/31 20:21:00,15.0,226.51
24782,POS消费,地点21,开水,2014/08/31 20:53:33,4.5,222.01
