24790,卡片开户,,,2014/07/16 10:58:11,0.0,0.0
24790,卡充值,,,2014/08/29 18:45:03,1000.0,1000.0
24790,POS消费,地点243,食堂,2014/08/29 18:47:15,2.0,998.0
24790,POS消费,地点213,食堂,2014/08/30 10:52:49,0.45,997.55
24790,POS消费,地点26,图书馆,2014/08/30 11:27:05,28.0,969.55
24790,POS消费,地点1037,洗衣房,2014/08/30 13:37:56,3.6,965.95
24790,POS消费,地点1037,洗衣房,2014/08/30 14:48:07,-2.94,965.29
24790,POS消费,地点1037,洗衣房,2014/08/30 14:48:07,3.6,962.35
24790,POS消费,地点232,食堂,2014/08/30 20:24:17,0.1,965.19
24790,POS消费,地点232,食堂,2014/08/30 20:24:30,0.6,964.59
24790,POS消费,地点975,开水,2014/08/31 08:27:56,0.01,964.58
24790,POS消费,地点61,食堂,2014/08/31 18:03:26,7.6,956.98
24790,POS消费,地点1406,淋浴,2014/08/31 18:21:15,0.7,956.28
