25142,卡片开户,,,2014/07/16 11:19:07,0.0,0.0
25142,卡充值,,,2014/08/27 19:19:34,300.0,300.0
25142,POS消费,地点192,超市,2014/08/27 19:20:50,30.0,270.0
25142,POS消费,地点192,超市,2014/08/27 19:20:53,30.0,240.0
25142,POS消费,地点192,超市,2014/08/27 19:20:57,30.0,210.0
25142,POS消费,地点192,超市,2014/08/27 19:21:42,22.1,187.9
25142,POS消费,地点203,食堂,2014/08/28 16:16:22,5.5,182.4
25142,POS消费,地点1671,开水,2014/08/28 19:09:39,0.02,182.38
25142,POS消费,地点1955,淋浴,2014/08/28 19:20:02,0.6,181.78
25142,POS消费,地点1619,淋浴,2014/08/28 20:47:50,0.8,180.98
25142,POS消费,地点21,开水,2014/08/29 08:21:20,2.4,178.58
25142,POS消费,地点21,开水,2014/08/29 08:22:08,-2.4,180.98
25142,POS消费,地点21,开水,2014/08/29 08:22:22,4.63,176.35
25142,POS消费,地点161,食堂,2014/08/29 08:33:19,3.0,173.35
25142,POS消费,地点161,食堂,2014/08/29 08:33:25,2.55,170.8
25142,POS消费,地点134,食堂,2014/08/29 17:58:02,8.6,162.2
25142,POS消费,地点26,图书馆,2014/08/29 22:21:32,0.2,162.0
25142,POS消费,地点1658,淋浴,2014/08/29 22:23:52,0.7,161.3
25142,POS消费,地点60,食堂,2014/08/30 07:44:21,0.3,161.0
25142,POS消费,地点91,校车,2014/08/30 11:54:29,8.3,152.7
25142,POS消费,地点21,开水,2014/08/30 12:00:17,4.9,147.8
25142,POS消费,地点188,超市,2014/08/30 12:51:24,14.5,133.3
25142,POS消费,地点21,开水,2014/08/30 17:57:20,5.6,127.7
25142,POS消费,地点26,图书馆,2014/08/30 18:37:26,23.4,104.3
25142,POS消费,地点26,图书馆,2014/08/30 18:44:12,13.8,90.5
25142,POS消费,地点1658,淋浴,2014/08/30 22:09:52,0.6,89.9
25142,POS消费,地点87,食堂,2014/08/31 08:21:12,3.0,86.9
25142,POS消费,地点195,超市,2014/08/31 08:42:04,28.0,58.9
25142,POS消费,地点1451,校车,2014/08/31 11:38:08,1.0,57.9
25142,POS消费,地点1451,校车,2014/08/31 11:38:16,1.0,56.9
25142,POS消费,地点1447,校车,2014/08/31 13:10:31,1.0,55.9
25142,POS消费,地点1447,校车,2014/08/31 13:10:39,1.0,54.9
25142,POS消费,地点70,食堂,2014/08/31 16:33:36,2.0,52.9
25142,POS消费,地点820,食堂,2014/08/31 16:44:28,5.6,47.3
25142,POS消费,地点1955,淋浴,2014/08/31 22:14:31,0.6,46.7
