25180,卡片开户,,,2014/07/19 13:05:49,0.0,0.0
25180,卡充值,,,2014/08/29 14:03:58,200.0,200.0
25180,POS消费,地点21,开水,2014/08/29 14:06:34,12.6,187.4
25180,POS消费,地点21,开水,2014/08/29 14:06:57,12.0,175.4
25180,POS消费,地点21,开水,2014/08/29 14:07:03,0.6,174.8
25180,POS消费,地点89,食堂,2014/08/29 18:33:23,13.5,161.3
25180,POS消费,地点1585,淋浴,2014/08/29 21:38:18,0.01,161.29
25180,POS消费,地点65,食堂,2014/08/30 07:02:15,0.8,157.89
25180,POS消费,地点61,食堂,2014/08/30 07:14:39,2.6,158.69
25180,POS消费,地点1585,淋浴,2014/08/30 07:57:00,0.01,157.88
25180,POS消费,地点146,校车,2014/08/30 10:18:06,1.0,156.88
25180,POS消费,地点146,校车,2014/08/30 10:18:30,1.0,155.88
25180,POS消费,地点146,校车,2014/08/30 10:18:39,1.0,154.88
25180,POS消费,地点26,图书馆,2014/08/30 13:22:37,0.1,154.78
25180,POS消费,地点1619,淋浴,2014/08/30 13:23:51,0.6,154.18
25180,POS消费,地点1896,洗衣房,2014/08/30 13:40:25,3.6,150.58
25180,POS消费,地点1585,淋浴,2014/08/31 13:10:35,0.01,150.57
25180,POS消费,地点1671,开水,2014/08/31 13:12:35,0.01,150.56
25180,POS消费,地点1186,淋浴,2014/08/31 13:14:24,0.01,150.55
25180,POS消费,地点1186,淋浴,2014/08/31 13:14:57,0.01,150.54
25180,POS消费,地点1186,淋浴,2014/08/31 13:15:33,0.01,150.53
25180,POS消费,地点1186,淋浴,2014/08/31 13:16:06,0.01,150.52
25180,POS消费,地点1186,淋浴,2014/08/31 13:16:35,0.01,150.51
25180,POS消费,地点1186,淋浴,2014/08/31 13:17:07,0.01,150.5
