25276,卡片开户,,,2014/07/17 16:16:22,0.0,0.0
25276,卡充值,,,2014/08/27 16:51:10,100.0,100.0
25276,POS消费,地点21,开水,2014/08/27 16:53:06,6.0,94.0
25276,卡充值,,,2014/08/28 12:18:33,200.0,294.0
25276,POS消费,地点314,食堂,2014/08/28 12:35:04,2.0,292.0
25276,POS消费,地点61,食堂,2014/08/28 13:08:10,8.6,283.4
25276,POS消费,地点61,食堂,2014/08/28 13:09:06,8.6,274.8
25276,POS消费,地点61,食堂,2014/08/28 13:09:29,8.6,266.2
25276,POS消费,地点314,食堂,2014/08/28 14:54:27,28.0,238.2
25276,POS消费,地点188,超市,2014/08/28 15:16:29,33.0,205.2
25276,POS消费,地点21,开水,2014/08/28 17:00:04,2.1,203.1
25276,POS消费,地点21,开水,2014/08/28 17:00:19,4.5,198.6
25276,POS消费,地点21,开水,2014/08/28 17:22:09,3.0,190.9
25276,POS消费,地点1701,食堂,2014/08/28 17:27:22,4.7,193.9
25276,卡充值,,,2014/08/29 08:53:45,200.0,390.9
25276,POS消费,地点89,食堂,2014/08/29 10:57:40,9.0,381.82
25276,POS消费,地点89,食堂,2014/08/29 10:57:53,3.0,378.82
25276,POS消费,地点1614,开水,2014/08/29 14:20:50,0.01,390.88
25276,POS消费,地点1634,开水,2014/08/29 14:20:50,0.01,390.89
25276,POS消费,地点1614,开水,2014/08/29 14:22:15,0.06,390.82
25276,POS消费,地点262,食堂,2014/08/29 18:00:00,1.4,376.22
25276,POS消费,地点21,开水,2014/08/29 18:00:01,1.2,377.62
25276,POS消费,地点237,食堂,2014/08/29 18:03:59,3.5,372.72
25276,POS消费,地点1656,淋浴,2014/08/29 21:09:17,0.6,372.12
25276,POS消费,地点1634,开水,2014/08/30 05:48:26,0.01,372.11
25276,POS消费,地点69,食堂,2014/08/30 07:17:57,5.8,366.31
25276,POS消费,地点69,食堂,2014/08/30 07:18:06,1.2,365.11
25276,POS消费,地点60,食堂,2014/08/30 07:31:47,2.44,362.67
25276,POS消费,地点89,食堂,2014/08/30 11:32:14,9.0,353.67
25276,POS消费,地点21,开水,2014/08/30 16:47:26,6.0,347.67
25276,POS消费,地点21,开水,2014/08/30 17:03:02,6.0,341.67
25276,POS消费,地点1634,开水,2014/08/30 21:34:59,0.01,341.66
25276,POS消费,地点1614,开水,2014/08/30 21:35:04,0.08,341.58
25276,POS消费,地点1614,开水,2014/08/30 21:38:38,0.13,341.45
25276,POS消费,地点69,食堂,2014/08/31 07:10:50,2.6,336.45
25276,POS消费,地点69,食堂,2014/08/31 07:10:58,0.06,336.39
25276,POS消费,地点69,食堂,2014/08/31 07:11:04,0.6,335.79
25276,POS消费,地点60,食堂,2014/08/31 07:18:05,2.4,339.05
25276,POS消费,地点60,食堂,2014/08/31 07:22:52,0.4,335.39
25276,POS消费,地点192,超市,2014/08/31 17:33:06,5.0,330.39
25276,POS消费,地点1614,开水,2014/08/31 20:29:24,0.14,330.25
25276,POS消费,地点1634,开水,2014/08/31 21:05:03,0.01,330.24
