25334,卡片开户,,,2014/07/18 11:41:27,0.0,0.0
25334,卡充值,,,2014/08/29 13:32:45,500.0,500.0
25334,POS消费,地点21,开水,2014/08/30 21:23:24,5.0,495.0
25334,POS消费,地点227,食堂,2014/08/31 11:45:27,5.0,490.0
25334,POS消费,地点218,食堂,2014/08/31 11:49:41,2.0,488.0
25334,POS消费,地点21,开水,2014/08/31 17:53:33,5.3,482.7
25334,POS消费,地点1847,食堂,2014/08/31 18:15:52,2.9,479.8
25334,POS消费,地点1847,食堂,2014/08/31 18:16:18,3.0,476.8
25334,POS消费,地点1655,淋浴,2014/08/31 21:40:33,0.7,476.1
