25358,卡片开户,,,2014/07/16 13:49:48,0.0,0.0
25358,卡充值,,,2014/08/28 17:37:58,800.0,800.0
25358,POS消费,地点243,食堂,2014/08/28 17:39:52,2.3,797.7
25358,POS消费,地点89,食堂,2014/08/28 18:38:38,9.0,788.7
25358,POS消费,地点1655,淋浴,2014/08/28 21:49:24,0.1,788.6
25358,POS消费,地点6,淋浴,2014/08/28 21:57:31,0.1,788.5
25358,POS消费,地点6,淋浴,2014/08/28 21:59:34,0.5,788.0
25358,POS消费,地点65,食堂,2014/08/29 08:02:23,0.9,787.1
25358,POS消费,地点65,食堂,2014/08/29 08:14:55,0.4,779.7
25358,POS消费,地点70,食堂,2014/08/29 08:21:20,2.5,777.2
25358,POS消费,地点61,食堂,2014/08/29 08:26:02,7.0,780.1
25358,POS消费,地点1614,开水,2014/08/29 19:10:11,0.01,777.19
25358,POS消费,地点1614,开水,2014/08/29 19:10:58,0.03,777.16
25358,POS消费,地点1614,开水,2014/08/29 19:16:28,0.01,777.15
25358,POS消费,地点1614,开水,2014/08/30 08:20:39,0.08,777.07
25358,POS消费,地点134,食堂,2014/08/30 09:08:42,2.15,774.92
25358,POS消费,地点1614,开水,2014/08/30 16:37:39,0.01,774.91
25358,POS消费,地点234,食堂,2014/08/30 17:47:12,6.6,768.31
25358,POS消费,地点21,开水,2014/08/30 17:54:51,6.7,761.61
25358,POS消费,地点6,淋浴,2014/08/30 21:20:07,0.6,761.01
25358,POS消费,地点114,食堂,2014/08/31 07:33:22,2.5,755.51
25358,POS消费,地点89,食堂,2014/08/31 07:37:59,3.0,758.01
25358,POS消费,地点307,食堂,2014/08/31 11:02:12,2.5,753.01
25358,POS消费,地点233,食堂,2014/08/31 11:03:11,4.6,748.41
25358,POS消费,地点826,食堂,2014/08/31 11:15:17,1.0,747.41
25358,POS消费,地点1614,开水,2014/08/31 11:47:31,0.09,747.32
25358,POS消费,地点192,超市,2014/08/31 13:44:11,3.8,743.52
25358,POS消费,地点21,开水,2014/08/31 18:19:57,6.6,736.92
25358,POS消费,地点21,开水,2014/08/31 21:05:06,22.0,714.92
