25428,卡片开户,,,2014/07/14 10:16:32,0.0,0.0
25428,卡充值,,,2014/08/28 17:13:58,200.0,200.0
25428,POS消费,地点91,校车,2014/08/29 12:04:37,5.5,190.64
25428,POS消费,地点91,校车,2014/08/29 12:07:10,11.0,179.64
25428,POS消费,地点1889,洗衣房,2014/08/29 14:19:05,3.6,196.4
25428,POS消费,地点1889,洗衣房,2014/08/29 14:20:30,3.6,196.22
25428,POS消费,地点1889,洗衣房,2014/08/29 14:22:15,-3.42,199.82
25428,POS消费,地点1631,开水,2014/08/29 14:23:11,0.08,196.14
25428,POS消费,地点21,开水,2014/08/29 16:52:37,4.6,175.04
25428,POS消费,地点1614,开水,2014/08/29 19:42:13,0.05,174.99
25428,POS消费,地点1632,开水,2014/08/29 19:54:23,0.09,174.9
25428,POS消费,地点1632,开水,2014/08/29 21:08:29,0.09,174.81
25428,POS消费,地点1632,开水,2014/08/29 22:46:02,0.03,174.78
25428,POS消费,地点65,食堂,2014/08/30 08:00:01,1.3,173.48
25428,POS消费,地点837,校车,2014/08/30 17:46:46,1.0,172.48
25428,POS消费,地点192,超市,2014/08/30 21:49:41,11.0,161.48
25428,POS消费,地点161,食堂,2014/08/31 07:52:03,2.4,159.08
25428,POS消费,地点82,食堂,2014/08/31 11:27:31,5.9,153.18
25428,POS消费,地点213,食堂,2014/08/31 11:38:52,0.15,153.03
25428,POS消费,地点72,食堂,2014/08/31 16:48:51,5.1,147.93
25428,POS消费,地点1893,淋浴,2014/08/31 19:58:02,0.2,147.73
25428,POS消费,地点1893,淋浴,2014/08/31 20:01:39,0.6,147.13
25428,POS消费,地点1632,开水,2014/08/31 20:42:58,0.03,147.1
