25450,卡片开户,,,2014/07/19 10:21:45,0.0,0.0
25450,卡充值,,,2014/08/29 17:57:00,200.0,200.0
25450,POS消费,地点21,开水,2014/08/29 18:03:18,0.6,199.4
25450,POS消费,地点91,校车,2014/08/29 18:04:02,3.6,195.8
25450,POS消费,地点91,校车,2014/08/29 18:04:09,1.5,194.3
25450,POS消费,地点21,开水,2014/08/29 18:04:52,0.85,193.45
25450,POS消费,地点26,图书馆,2014/08/29 20:41:27,36.6,156.85
25450,POS消费,地点26,图书馆,2014/08/29 20:41:41,23.0,133.85
25450,POS消费,地点1632,开水,2014/08/29 22:20:41,0.01,133.84
25450,POS消费,地点1632,开水,2014/08/29 22:21:02,0.03,133.81
25450,POS消费,地点1632,开水,2014/08/29 22:21:36,0.02,133.79
25450,POS消费,地点1632,开水,2014/08/29 22:21:58,0.01,133.78
25450,POS消费,地点1632,开水,2014/08/29 22:22:08,0.05,133.73
25450,POS消费,地点91,校车,2014/08/30 11:00:35,7.1,126.63
25450,POS消费,地点89,食堂,2014/08/30 17:54:46,4.5,122.13
25450,POS消费,地点1624,淋浴,2014/08/30 20:58:24,0.2,121.93
25450,POS消费,地点1624,淋浴,2014/08/30 21:00:26,0.2,121.73
25450,POS消费,地点1624,淋浴,2014/08/30 21:03:16,0.1,121.63
25450,POS消费,地点69,食堂,2014/08/31 08:06:06,2.0,119.63
25450,POS消费,地点69,食堂,2014/08/31 08:06:23,4.3,115.33
25450,POS消费,地点237,食堂,2014/08/31 11:11:30,0.4,114.93
25450,POS消费,地点242,食堂,2014/08/31 11:24:09,1.5,113.43
25450,POS消费,地点239,食堂,2014/08/31 11:25:44,4.5,108.93
25450,POS消费,地点195,超市,2014/08/31 11:59:15,2.4,106.53
25450,POS消费,地点103,食堂,2014/08/31 17:29:48,6.9,99.63
25450,POS消费,地点188,超市,2014/08/31 19:41:51,2.8,96.83
25450,POS消费,地点1624,淋浴,2014/08/31 19:57:29,0.4,96.43
