25672,卡片开户,,,2014/07/18 11:37:02,0.0,0.0
25672,卡充值,,,2014/08/29 16:00:32,100.0,100.0
25672,POS消费,地点232,食堂,2014/08/29 17:34:34,8.0,92.0
25672,POS消费,地点232,食堂,2014/08/29 17:36:24,10.0,82.0
25672,POS消费,地点60,食堂,2014/08/30 08:15:04,0.8,81.2
25672,POS消费,地点314,食堂,2014/08/30 11:16:24,4.8,76.4
25672,POS消费,地点65,食堂,2014/08/30 12:10:41,4.6,71.8
25672,POS消费,地点21,开水,2014/08/30 13:02:58,3.5,68.3
25672,POS消费,地点219,超市,2014/08/30 16:10:29,5.0,63.3
25672,POS消费,地点72,食堂,2014/08/30 16:50:20,5.8,57.5
25672,POS消费,地点1632,开水,2014/08/30 17:22:43,0.05,57.45
25672,POS消费,地点157,食堂,2014/08/31 08:20:01,0.8,56.65
25672,POS消费,地点195,超市,2014/08/31 12:51:58,0.9,55.75
25672,POS消费,地点161,食堂,2014/08/31 17:56:30,2.2,53.55
