25751,POS消费,地点69,食堂,2014/09/01 07:08:42,6.63,50.42
25751,卡补办,,,2014/09/01 11:40:50,65.42,50.42
25751,更新卡信息,,,2014/09/01 11:41:37,0.0,0.0
25751,卡片销户,,,2014/09/01 11:41:48,50.42,0.0
25751,POS消费,地点65,食堂,2014/09/01 11:53:06,9.6,40.82
25751,POS消费,地点219,超市,2014/09/01 18:38:00,2.0,38.82
25751,POS消费,地点219,超市,2014/09/01 20:19:20,3.0,35.82
25751,POS消费,地点1624,淋浴,2014/09/01 23:08:41,0.4,35.42
25751,POS消费,地点820,食堂,2014/09/02 07:42:11,8.73,26.69
25751,POS消费,地点841,食堂,2014/09/02 07:47:00,4.3,22.39
25751,POS消费,地点179,食堂,2014/09/02 12:21:41,8.6,13.79
25751,POS消费,地点1847,食堂,2014/09/02 12:21:52,4.0,9.79
25751,POS消费,地点1631,开水,2014/09/02 12:52:49,0.08,9.71
25751,POS消费,地点1894,淋浴,2014/09/02 22:29:15,0.6,9.11
25751,POS消费,地点820,食堂,2014/09/03 07:17:45,6.93,2.18
25751,卡充值,,,2014/09/03 11:44:33,200.0,202.18
25751,POS消费,地点21,开水,2014/09/03 12:51:13,15.8,186.38
25751,POS消费,地点234,食堂,2014/09/03 17:41:29,7.7,178.68
25751,POS消费,地点1632,开水,2014/09/03 17:59:48,0.08,178.6
25751,POS消费,地点21,开水,2014/09/03 18:26:16,9.0,169.6
25751,POS消费,地点1980,淋浴,2014/09/03 21:25:27,0.4,169.2
25751,POS消费,地点1980,淋浴,2014/09/03 21:31:08,0.1,169.1
25751,POS消费,地点820,食堂,2014/09/04 07:27:09,7.33,161.77
25751,POS消费,地点70,食堂,2014/09/04 07:39:43,2.0,159.77
25751,POS消费,地点255,食堂,2014/09/04 11:27:12,6.1,153.67
25751,POS消费,地点264,食堂,2014/09/04 17:36:45,6.1,147.57
25751,POS消费,地点264,食堂,2014/09/04 17:36:58,0.1,147.47
25751,POS消费,地点91,校车,2014/09/05 07:39:25,4.6,142.87
25751,POS消费,地点21,开水,2014/09/05 07:52:34,5.8,137.07
25751,POS消费,地点21,开水,2014/09/05 20:23:07,3.0,134.07
25751,POS消费,地点1656,淋浴,2014/09/05 23:09:21,0.7,133.37
25751,POS消费,地点91,校车,2014/09/06 07:37:59,5.4,127.97
25751,POS消费,地点1631,开水,2014/09/06 18:09:50,0.01,127.96
25751,POS消费,地点21,开水,2014/09/06 18:27:31,6.0,121.96
25751,POS消费,地点21,开水,2014/09/06 21:19:49,30.0,91.96
25751,POS消费,地点21,开水,2014/09/06 21:19:53,15.6,76.36
25751,POS消费,地点1894,淋浴,2014/09/06 22:56:15,0.7,75.66
25751,POS消费,地点91,校车,2014/09/07 07:22:50,5.4,70.26
25751,POS消费,地点192,超市,2014/09/07 13:24:36,14.5,55.76
25751,POS消费,地点219,超市,2014/09/07 14:04:08,8.0,47.76
25751,POS消费,地点821,食堂,2014/09/07 17:43:11,8.6,39.16
25751,POS消费,地点70,食堂,2014/09/07 17:51:18,2.0,37.16
25751,POS消费,地点21,开水,2014/09/07 18:26:42,3.0,34.16
25751,POS消费,地点526,食堂,2014/09/07 20:21:11,7.0,27.16
25751,POS消费,地点1889,洗衣房,2014/09/07 22:13:17,3.6,19.96
25751,POS消费,地点1894,淋浴,2014/09/07 22:26:19,0.8,19.16
25751,POS消费,地点91,校车,2014/09/08 07:30:08,5.4,13.76
25751,卡充值,,,2014/09/08 11:52:57,500.0,513.76
25751,POS消费,地点114,食堂,2014/09/08 11:54:31,3.0,510.76
25751,POS消费,地点1847,食堂,2014/09/08 12:05:17,2.2,497.96
25751,POS消费,地点157,食堂,2014/09/08 12:09:32,10.6,500.16
25751,POS消费,地点279,食堂,2014/09/08 17:41:19,8.6,489.36
25751,POS消费,地点70,食堂,2014/09/08 17:48:27,2.0,487.36
25751,POS消费,地点188,超市,2014/09/08 17:56:23,2.5,484.86
25751,POS消费,地点1624,淋浴,2014/09/08 23:11:50,0.5,484.36
25751,POS消费,地点21,开水,2014/09/09 07:08:54,7.5,476.86
25751,POS消费,地点842,食堂,2014/09/09 11:19:28,5.0,471.86
25751,POS消费,地点70,食堂,2014/09/09 11:24:42,2.0,469.86
25751,POS消费,地点275,食堂,2014/09/09 17:20:30,10.0,459.86
25751,POS消费,地点258,食堂,2014/09/09 17:23:51,1.5,458.36
25751,POS消费,地点526,食堂,2014/09/09 20:35:07,7.0,451.36
25751,POS消费,地点1894,淋浴,2014/09/09 22:57:33,0.7,450.66
25751,POS消费,地点1631,开水,2014/09/10 11:18:32,0.01,441.95
25751,POS消费,地点219,超市,2014/09/10 15:37:18,16.0,425.95
25751,POS消费,地点21,开水,2014/09/10 17:19:44,5.0,420.95
25751,POS消费,地点21,开水,2014/09/10 17:23:11,5.0,415.95
25751,POS消费,地点70,食堂,2014/09/10 17:28:52,4.0,411.95
25751,POS消费,地点526,食堂,2014/09/10 20:54:37,7.0,404.95
25751,POS消费,地点1625,淋浴,2014/09/10 22:58:24,0.4,404.55
25751,POS消费,地点248,超市,2014/09/11 07:38:08,6.4,398.15
25751,POS消费,地点219,超市,2014/09/11 08:00:18,3.0,395.15
25751,POS消费,地点842,食堂,2014/09/11 17:28:36,5.0,390.15
25751,POS消费,地点273,食堂,2014/09/11 17:31:27,2.9,387.25
25751,POS消费,地点21,开水,2014/09/11 17:34:19,5.0,382.25
25751,POS消费,地点70,食堂,2014/09/11 17:37:19,2.0,380.25
25751,POS消费,地点841,食堂,2014/09/11 17:40:11,3.0,377.25
25751,POS消费,地点1893,淋浴,2014/09/11 23:05:27,0.7,376.55
25751,POS消费,地点1893,淋浴,2014/09/11 23:06:01,0.1,376.45
25751,POS消费,地点268,食堂,2014/09/12 07:40:04,5.23,371.22
25751,POS消费,地点841,食堂,2014/09/12 07:46:55,1.0,370.22
25751,POS消费,地点219,超市,2014/09/12 14:05:00,5.0,365.22
25751,POS消费,地点256,食堂,2014/09/12 17:31:29,16.0,349.22
25751,POS消费,地点258,食堂,2014/09/12 17:32:53,12.8,336.42
25751,POS消费,地点21,开水,2014/09/13 07:27:09,7.8,328.62
25751,POS消费,地点247,食堂,2014/09/13 11:30:31,25.0,303.62
25751,POS消费,地点1624,淋浴,2014/09/13 13:03:02,0.6,303.02
25751,POS消费,地点21,开水,2014/09/13 13:45:37,3.0,300.02
25751,POS消费,地点192,超市,2014/09/13 22:26:53,11.0,289.02
25751,POS消费,地点1625,淋浴,2014/09/13 23:51:39,0.4,288.62
25751,POS消费,地点21,开水,2014/09/14 08:40:11,5.9,282.72
25751,POS消费,地点222,校车,2014/09/14 10:39:05,1.0,281.72
25751,POS消费,地点1442,校车,2014/09/14 15:15:41,1.0,280.72
25751,POS消费,地点21,开水,2014/09/14 19:32:22,13.5,267.22
25751,POS消费,地点1625,淋浴,2014/09/14 20:13:22,0.6,266.62
25751,POS消费,地点256,食堂,2014/09/15 12:02:01,16.0,250.62
25751,POS消费,地点256,食堂,2014/09/15 12:02:20,16.0,234.62
25751,POS消费,地点258,食堂,2014/09/15 12:13:37,7.4,227.22
25751,POS消费,地点1631,开水,2014/09/15 17:34:41,0.01,227.21
25751,POS消费,地点21,开水,2014/09/15 19:02:42,3.0,224.21
25751,POS消费,地点1894,淋浴,2014/09/15 23:01:05,0.5,223.71
25751,POS消费,地点72,食堂,2014/09/16 06:41:31,6.0,217.71
25751,POS消费,地点250,食堂,2014/09/16 11:58:48,12.0,205.71
25751,POS消费,地点21,开水,2014/09/16 12:08:28,3.0,202.71
25751,POS消费,地点1631,开水,2014/09/16 17:41:32,0.01,202.7
25751,POS消费,地点526,食堂,2014/09/16 21:08:48,7.0,195.7
25751,POS消费,地点1155,食堂,2014/09/16 21:09:14,1.8,193.9
25751,POS消费,地点1155,食堂,2014/09/16 21:15:16,6.0,187.9
25751,POS消费,地点21,开水,2014/09/17 06:55:12,4.8,183.1
25751,POS消费,地点250,食堂,2014/09/17 11:53:00,14.0,169.1
25751,POS消费,地点258,食堂,2014/09/17 12:03:33,2.8,166.3
25751,POS消费,地点273,食堂,2014/09/17 18:02:28,11.2,155.1
25751,POS消费,地点21,开水,2014/09/17 18:07:46,3.0,149.3
25751,POS消费,地点841,食堂,2014/09/17 18:10:04,2.8,152.3
25751,POS消费,地点526,食堂,2014/09/17 18:19:21,7.0,142.3
25751,POS消费,地点1889,洗衣房,2014/09/17 23:06:45,3.6,138.7
25751,POS消费,地点1893,淋浴,2014/09/17 23:11:23,1.0,137.7
25751,POS消费,地点69,食堂,2014/09/18 06:40:19,7.6,130.1
25751,POS消费,地点1451,校车,2014/09/18 12:22:33,1.0,129.1
25751,POS消费,地点996,图书馆,2014/09/18 16:17:14,1.8,127.3
25751,POS消费,地点61,食堂,2014/09/19 06:52:10,5.4,121.9
25751,POS消费,地点819,食堂,2014/09/19 11:51:24,5.6,116.3
25751,POS消费,地点841,食堂,2014/09/19 11:57:25,3.8,112.5
25751,POS消费,地点188,超市,2014/09/19 12:12:04,34.0,78.5
25751,POS消费,地点1894,淋浴,2014/09/19 14:48:29,0.8,77.7
25751,卡充值,,,2014/09/19 15:37:51,500.0,577.7
25751,POS消费,地点21,开水,2014/09/19 15:40:19,3.0,574.7
25751,POS消费,地点250,食堂,2014/09/19 17:54:38,14.0,560.7
25751,POS消费,地点250,食堂,2014/09/19 17:55:01,12.0,548.7
25751,POS消费,地点258,食堂,2014/09/19 18:11:28,10.0,538.7
25751,POS消费,地点21,开水,2014/09/20 10:24:08,25.3,513.4
25751,POS消费,地点21,开水,2014/09/20 10:32:13,3.0,510.4
25751,POS消费,地点192,超市,2014/09/20 10:52:26,5.5,504.9
25751,POS消费,地点996,图书馆,2014/09/20 11:59:10,6.0,498.9
25751,POS消费,地点1631,开水,2014/09/20 12:23:01,0.01,498.89
25751,POS消费,地点1889,洗衣房,2014/09/20 23:51:42,3.6,495.29
25751,POS消费,地点192,超市,2014/09/21 09:41:15,30.0,465.29
25751,POS消费,地点192,超市,2014/09/21 09:41:18,5.5,459.79
25751,POS消费,地点283,食堂,2014/09/21 11:07:00,9.5,450.29
25751,POS消费,地点248,超市,2014/09/21 13:41:44,2.7,447.59
25751,POS消费,地点816,校车,2014/09/21 18:32:51,1.0,446.59
25751,POS消费,地点211,校车,2014/09/21 20:02:40,1.0,445.59
25751,POS消费,地点272,食堂,2014/09/22 11:59:04,10.0,435.59
25751,POS消费,地点258,食堂,2014/09/22 12:06:01,2.8,432.79
25751,POS消费,地点219,超市,2014/09/22 12:27:00,4.0,428.79
25751,POS消费,地点219,超市,2014/09/22 16:07:25,4.0,424.79
25751,POS消费,地点21,开水,2014/09/22 21:38:46,65.5,359.29
25751,POS消费,地点250,食堂,2014/09/23 11:58:57,14.0,345.29
25751,POS消费,地点841,食堂,2014/09/23 12:08:48,1.8,343.49
25751,POS消费,地点69,食堂,2014/09/24 06:45:14,3.0,340.49
25751,POS消费,地点65,食堂,2014/09/24 06:47:08,0.2,339.99
25751,POS消费,地点60,食堂,2014/09/24 06:59:16,0.3,340.19
25751,POS消费,地点91,校车,2014/09/24 11:48:41,6.0,333.99
25751,POS消费,地点91,校车,2014/09/24 11:48:52,4.4,329.59
25751,POS消费,地点26,图书馆,2014/09/24 12:05:27,37.3,292.29
25751,POS消费,地点21,开水,2014/09/24 13:49:58,2.0,290.29
25751,POS消费,地点841,食堂,2014/09/24 17:51:29,1.8,277.89
25751,POS消费,地点819,食堂,2014/09/24 17:51:49,10.6,279.69
25751,POS消费,地点21,开水,2014/09/24 17:57:50,3.0,272.89
25751,POS消费,地点70,食堂,2014/09/24 18:01:25,2.0,275.89
25751,POS消费,地点674,开水,2014/09/24 18:12:37,0.01,272.88
25751,POS消费,地点674,开水,2014/09/24 18:12:53,0.01,272.87
25751,POS消费,地点219,超市,2014/09/24 21:48:00,2.0,270.87
25751,POS消费,地点1652,洗衣房,2014/09/24 23:49:04,3.6,267.27
25751,POS消费,地点69,食堂,2014/09/25 06:34:17,4.2,263.07
25751,POS消费,地点60,食堂,2014/09/25 06:48:40,1.0,262.07
25751,POS消费,地点688,开水,2014/09/25 08:57:17,0.01,262.06
25751,POS消费,地点693,开水,2014/09/25 15:50:55,0.01,262.05
25751,POS消费,地点219,超市,2014/09/25 21:40:51,11.0,251.05
25751,POS消费,地点219,超市,2014/09/25 21:41:01,2.0,249.05
25751,POS消费,地点192,超市,2014/09/25 22:05:27,4.9,244.15
25751,POS消费,地点264,食堂,2014/09/26 17:45:40,10.6,233.55
25751,POS消费,地点1847,食堂,2014/09/26 17:58:23,5.4,228.15
25751,POS消费,地点1847,食堂,2014/09/26 17:58:50,1.8,226.35
25751,POS消费,地点526,食堂,2014/09/26 21:18:47,7.0,219.35
25751,POS消费,地点26,图书馆,2014/09/26 22:32:37,8.0,211.35
25751,POS消费,地点526,食堂,2014/09/27 18:32:19,8.0,203.35
25751,POS消费,地点1155,食堂,2014/09/27 18:32:51,1.8,201.55
25751,POS消费,地点192,超市,2014/09/27 22:20:43,30.0,171.55
25751,POS消费,地点192,超市,2014/09/27 22:20:46,2.6,168.95
25751,POS消费,地点1624,淋浴,2014/09/28 00:07:18,0.1,168.85
25751,POS消费,地点1625,淋浴,2014/09/28 00:08:36,0.3,168.55
25751,POS消费,地点1894,淋浴,2014/09/28 00:11:50,2.6,165.85
25751,POS消费,地点1625,淋浴,2014/09/28 00:14:16,0.1,168.45
25751,POS消费,地点1847,食堂,2014/09/28 18:13:19,3.0,155.25
25751,POS消费,地点1847,食堂,2014/09/28 18:13:59,5.4,149.85
25751,POS消费,地点1998,食堂,2014/09/28 18:34:05,7.6,158.25
25751,POS消费,地点526,食堂,2014/09/28 21:26:38,8.0,141.85
25751,POS消费,地点65,食堂,2014/09/29 06:42:19,0.4,139.25
25751,POS消费,地点61,食堂,2014/09/29 06:54:58,2.2,139.65
25751,POS消费,地点60,食堂,2014/09/29 06:56:00,0.3,138.95
25751,POS消费,地点219,超市,2014/09/29 16:05:41,4.0,134.95
25751,POS消费,地点21,开水,2014/09/29 21:42:59,18.0,116.95
25751,POS消费,地点1631,开水,2014/09/29 23:35:13,0.01,116.94
25751,POS消费,地点6,淋浴,2014/09/30 11:56:35,7.0,109.94
25751,POS消费,地点838,食堂,2014/09/30 11:56:43,6.0,103.94
25751,POS消费,地点310,食堂,2014/09/30 11:58:21,1.0,102.94
25751,POS消费,地点841,食堂,2014/09/30 12:10:26,1.8,101.14
25751,POS消费,地点1998,食堂,2014/10/01 07:04:12,2.0,99.14
25751,POS消费,地点192,超市,2014/10/06 16:45:11,30.0,69.14
25751,POS消费,地点192,超市,2014/10/06 16:48:57,30.0,539.14
25751,POS消费,地点192,超市,2014/10/06 16:49:01,30.0,509.14
25751,POS消费,地点192,超市,2014/10/06 16:49:12,30.0,479.14
25751,POS消费,地点192,超市,2014/10/06 16:49:36,20.0,459.14
25751,卡充值,,,2014/10/06 16:50:51,500.0,569.14
25751,POS消费,地点1625,淋浴,2014/10/06 23:17:03,0.7,458.44
25751,POS消费,地点1625,淋浴,2014/10/06 23:28:22,0.2,458.24
25751,POS消费,地点1631,开水,2014/10/07 08:22:33,0.01,458.23
25751,POS消费,地点314,食堂,2014/10/07 11:33:09,3.0,447.63
25751,POS消费,地点82,食堂,2014/10/07 11:38:49,7.6,450.63
25751,POS消费,地点996,图书馆,2014/10/07 12:49:40,4.8,442.83
25751,POS消费,地点146,校车,2014/10/07 18:28:24,1.0,441.83
25751,POS消费,地点192,超市,2014/10/08 12:32:43,16.5,425.33
25751,POS消费,地点192,超市,2014/10/08 20:32:03,5.5,419.83
25751,POS消费,地点118,食堂,2014/10/09 06:56:09,1.0,418.83
25751,POS消费,地点314,食堂,2014/10/09 11:53:33,3.0,408.23
25751,POS消费,地点82,食堂,2014/10/09 12:00:48,7.6,411.23
25751,POS消费,地点188,超市,2014/10/09 15:57:27,19.0,389.23
25751,POS消费,地点21,开水,2014/10/09 18:00:17,15.0,374.23
25751,POS消费,地点1889,洗衣房,2014/10/09 23:22:06,3.6,370.63
25751,POS消费,地点1889,洗衣房,2014/10/09 23:22:06,-0.06,370.69
25751,POS消费,地点65,食堂,2014/10/10 06:39:13,0.4,368.49
25751,POS消费,地点61,食堂,2014/10/10 06:51:53,1.8,368.89
25751,POS消费,地点60,食堂,2014/10/10 06:54:50,0.3,368.19
25751,POS消费,地点211,校车,2014/10/10 11:48:13,1.0,367.19
25751,POS消费,地点222,校车,2014/10/10 12:53:29,1.0,366.19
25751,卡挂失,,,2014/10/12 09:51:57,0.0,0.0
25751,更新卡信息,,,2014/10/12 09:52:54,0.0,0.0
25751,卡片开户,,,2014/10/12 09:54:18,100.0,85.0
25751,POS消费,地点219,超市,2014/10/13 16:05:54,4.0,81.0
25751,POS消费,地点219,超市,2014/10/13 16:47:15,12.0,69.0
25751,POS消费,地点1894,淋浴,2014/10/13 23:57:49,1.8,67.2
25751,POS消费,地点21,开水,2014/10/14 07:11:48,4.2,63.0
25751,POS消费,地点256,食堂,2014/10/14 12:04:07,16.0,47.0
25751,POS消费,地点256,食堂,2014/10/14 12:04:34,16.0,31.0
25751,POS消费,地点258,食堂,2014/10/14 12:05:33,8.7,22.3
25751,POS消费,地点91,校车,2014/10/14 17:38:37,5.6,16.7
25751,POS消费,地点218,食堂,2014/10/15 18:05:01,1.8,14.9
25751,支付领取,,,2014/10/15 18:13:38,100.0,114.9
25751,POS消费,地点217,食堂,2014/10/15 18:42:15,5.0,109.9
25751,POS消费,地点258,食堂,2014/10/15 19:06:14,3.2,106.7
25751,POS消费,地点1894,淋浴,2014/10/16 00:00:22,1.3,105.4
25751,POS消费,地点1889,洗衣房,2014/10/16 00:19:18,3.6,101.8
25751,POS消费,地点21,开水,2014/10/16 12:20:17,7.0,94.8
25751,POS消费,地点21,开水,2014/10/16 12:39:35,11.8,83.0
25751,卡片销户,,,2014/10/16 14:43:46,83.0,0.0
25751,卡补办,,,2014/10/16 14:44:21,98.0,449.19
25751,更新卡信息,,,2014/10/16 14:44:43,0.0,0.0
25751,POS消费,地点217,食堂,2014/10/16 18:12:09,10.2,438.99
25751,POS消费,地点258,食堂,2014/10/16 18:18:35,1.8,437.19
25751,POS消费,地点91,校车,2014/10/17 11:44:42,4.5,432.69
25751,POS消费,地点21,开水,2014/10/17 11:52:21,4.7,427.99
25751,POS消费,地点1155,食堂,2014/10/17 12:03:38,6.0,421.99
25751,POS消费,地点21,开水,2014/10/17 17:50:26,5.6,416.39
25751,POS消费,地点21,开水,2014/10/17 17:51:24,0.75,415.64
25751,POS消费,地点21,开水,2014/10/17 17:59:39,2.8,412.84
25751,POS消费,地点21,开水,2014/10/17 18:00:56,3.0,409.84
25751,POS消费,地点1893,淋浴,2014/10/18 08:33:35,2.5,407.34
25751,POS消费,地点1448,校车,2014/10/18 19:17:00,1.0,406.34
25751,POS消费,地点188,超市,2014/10/19 09:37:40,12.3,394.04
25751,POS消费,地点1155,食堂,2014/10/19 09:42:45,1.0,393.04
25751,POS消费,地点72,食堂,2014/10/19 11:23:58,4.6,388.44
25751,POS消费,地点314,食堂,2014/10/19 11:29:41,3.0,385.44
25751,POS消费,地点188,超市,2014/10/19 11:32:38,30.0,355.44
25751,POS消费,地点188,超市,2014/10/19 11:32:44,28.5,326.94
25751,POS消费,地点105,食堂,2014/10/19 17:41:37,1.0,318.94
25751,POS消费,地点267,食堂,2014/10/19 17:42:23,7.0,319.94
25751,POS消费,地点267,食堂,2014/10/19 17:43:15,5.0,313.94
25751,POS消费,地点841,食堂,2014/10/19 17:54:00,1.0,312.94
25751,POS消费,地点21,开水,2014/10/19 18:10:43,10.5,302.44
25751,POS消费,地点1894,淋浴,2014/10/20 00:38:30,1.5,300.94
25751,POS消费,地点219,超市,2014/10/20 16:08:10,4.0,296.94
25751,POS消费,地点219,超市,2014/10/20 16:53:48,10.0,286.94
25751,POS消费,地点219,超市,2014/10/20 17:31:30,2.0,284.94
25751,POS消费,地点314,食堂,2014/10/20 17:50:56,9.8,275.14
25751,POS消费,地点188,超市,2014/10/20 19:00:09,6.0,269.14
25751,POS消费,地点21,开水,2014/10/21 11:57:51,10.0,259.14
25751,POS消费,地点157,食堂,2014/10/21 12:32:49,5.6,253.54
25751,POS消费,地点1588,食堂,2014/10/21 12:33:08,3.5,250.04
25751,POS消费,地点1847,食堂,2014/10/21 12:39:55,1.8,248.24
25751,POS消费,地点1847,食堂,2014/10/21 12:40:24,2.2,246.04
25751,POS消费,地点21,开水,2014/10/21 22:19:43,8.2,237.84
25751,POS消费,地点1656,淋浴,2014/10/22 06:20:04,2.9,234.94
25751,POS消费,地点148,开水,2014/10/22 08:16:08,0.02,234.92
25751,POS消费,地点232,食堂,2014/10/22 12:22:46,10.0,224.92
25751,POS消费,地点91,校车,2014/10/22 12:28:02,1.2,223.72
25751,POS消费,地点27,教务处,2014/10/22 12:37:58,4.8,218.92
25751,POS消费,地点526,食堂,2014/10/22 12:43:15,8.0,210.92
25751,POS消费,地点1889,洗衣房,2014/10/23 10:30:08,3.6,207.32
25751,POS消费,地点264,食堂,2014/10/23 17:10:21,5.6,201.72
25751,POS消费,地点1674,食堂,2014/10/23 17:13:07,1.2,200.52
25751,POS消费,地点1847,食堂,2014/10/23 17:30:19,3.3,197.22
25751,POS消费,地点195,超市,2014/10/24 12:48:39,10.0,187.22
25751,POS消费,地点195,超市,2014/10/24 12:48:46,1.0,186.22
25751,POS消费,地点190,超市,2014/10/24 18:30:12,9.0,177.22
25751,POS消费,地点61,食堂,2014/10/25 06:31:24,4.0,173.22
25751,POS消费,地点65,食堂,2014/10/25 06:46:37,0.4,170.42
25751,POS消费,地点60,食堂,2014/10/25 06:50:57,0.8,172.42
25751,POS消费,地点60,食堂,2014/10/25 06:55:51,0.8,171.62
25751,POS消费,地点60,食堂,2014/10/25 06:56:00,0.8,170.82
25751,POS消费,地点1894,淋浴,2014/10/26 00:45:02,2.1,168.32
25751,POS消费,地点238,食堂,2014/10/26 17:05:12,10.0,158.32
25751,POS消费,地点21,开水,2014/10/27 13:55:16,22.0,136.32
25751,POS消费,地点219,超市,2014/10/27 16:12:45,4.0,132.32
25751,POS消费,地点69,食堂,2014/10/28 06:55:21,3.8,128.52
25751,POS消费,地点60,食堂,2014/10/28 07:14:49,0.4,128.12
25751,POS消费,地点60,食堂,2014/10/28 07:15:06,0.3,127.82
25751,POS消费,地点1155,食堂,2014/10/28 08:30:26,2.9,124.92
25751,POS消费,地点526,食堂,2014/10/28 09:49:23,8.0,116.92
25751,POS消费,地点195,超市,2014/10/28 14:34:37,20.0,96.92
25751,POS消费,地点1894,淋浴,2014/10/28 23:29:41,0.5,96.42
25751,POS消费,地点996,图书馆,2014/10/29 16:07:39,1.9,94.52
25751,POS消费,地点996,图书馆,2014/10/29 16:08:16,3.0,91.52
25751,POS消费,地点996,图书馆,2014/10/29 16:31:58,4.0,87.52
25751,POS消费,地点996,图书馆,2014/10/29 16:55:40,3.7,83.82
25751,POS消费,地点21,开水,2014/10/29 17:42:36,8.1,75.72
25751,POS消费,地点21,开水,2014/10/30 08:18:32,6.3,69.42
25751,POS消费,地点232,食堂,2014/10/30 12:06:55,10.5,58.92
25751,POS消费,地点277,食堂,2014/10/30 12:33:22,7.2,51.72
25751,POS消费,地点258,食堂,2014/10/30 12:37:57,1.0,50.72
25751,POS消费,地点1889,洗衣房,2014/10/30 13:16:16,3.6,47.12
25751,POS消费,地点1596,食堂,2014/10/31 07:15:07,0.4,43.32
25751,POS消费,地点134,食堂,2014/10/31 07:15:46,0.3,43.02
25751,POS消费,地点103,食堂,2014/10/31 07:16:33,3.4,43.72
25751,POS消费,地点264,食堂,2014/10/31 11:27:28,5.6,537.42
25751,卡充值,,,2014/10/31 11:34:18,500.0,543.02
25751,POS消费,地点1596,食堂,2014/10/31 11:40:59,4.0,533.42
25751,POS消费,地点192,超市,2014/10/31 11:42:04,30.0,501.62
25751,POS消费,地点192,超市,2014/10/31 11:42:07,30.0,471.62
25751,POS消费,地点192,超市,2014/10/31 11:42:21,30.0,441.62
25751,POS消费,地点192,超市,2014/10/31 11:42:29,30.0,411.62
25751,POS消费,地点192,超市,2014/10/31 11:42:44,30.0,381.62
25751,POS消费,地点192,超市,2014/10/31 11:42:52,4.4,377.22
25751,POS消费,地点192,超市,2014/10/31 11:43:11,0.3,376.92
25751,POS消费,地点1847,食堂,2014/10/31 11:45:58,1.8,531.62
25751,POS消费,地点1625,淋浴,2014/10/31 23:56:15,1.4,375.52
25751,POS消费,地点1472,校车,2014/11/02 12:56:55,1.0,372.52
25751,POS消费,地点1472,校车,2014/11/02 12:57:02,1.0,371.52
25751,POS消费,地点21,开水,2014/11/02 17:10:27,9.0,362.52
25751,POS消费,地点268,食堂,2014/11/02 17:21:55,4.6,357.92
25751,POS消费,地点273,食堂,2014/11/02 17:25:10,5.3,352.62
25751,POS消费,地点841,食堂,2014/11/02 17:27:10,8.0,344.62
25751,POS消费,地点839,食堂,2014/11/02 17:28:40,4.3,340.32
25751,POS消费,地点1847,食堂,2014/11/03 12:09:56,3.3,326.42
25751,POS消费,地点249,食堂,2014/11/03 12:14:31,10.6,329.72
25751,POS消费,地点21,开水,2014/11/03 12:15:20,22.0,304.42
25751,POS消费,地点219,超市,2014/11/03 16:08:39,4.0,300.42
25751,POS消费,地点219,超市,2014/11/03 16:38:00,2.0,298.42
25751,POS消费,地点526,食堂,2014/11/03 17:30:53,7.0,291.42
25751,POS消费,地点1894,淋浴,2014/11/03 23:29:43,1.3,290.12
25751,POS消费,地点91,校车,2014/11/04 07:14:37,3.3,286.82
25751,POS消费,地点248,超市,2014/11/04 07:15:15,0.9,285.92
25751,POS消费,地点118,食堂,2014/11/04 07:51:43,1.0,284.92
25751,POS消费,地点526,食堂,2014/11/04 09:46:57,8.0,276.92
25751,POS消费,地点1847,食堂,2014/11/04 12:20:15,3.6,268.72
25751,POS消费,地点1596,食堂,2014/11/04 12:23:49,4.6,272.32
25751,POS消费,地点21,开水,2014/11/04 18:46:49,2.0,266.72
25751,POS消费,地点314,食堂,2014/11/04 18:48:25,3.0,263.72
25751,POS消费,地点188,超市,2014/11/04 22:12:18,24.8,238.92
25751,POS消费,地点69,食堂,2014/11/05 07:02:51,3.6,235.32
25751,POS消费,地点65,食堂,2014/11/05 07:12:07,0.7,234.62
25751,POS消费,地点821,食堂,2014/11/05 12:00:42,9.6,225.02
25751,POS消费,地点839,食堂,2014/11/05 12:03:33,4.18,220.84
25751,POS消费,地点841,食堂,2014/11/05 12:15:27,1.8,219.04
25751,POS消费,地点526,食堂,2014/11/05 16:17:49,7.0,212.04
25751,POS消费,地点1155,食堂,2014/11/05 16:26:27,8.2,203.84
25751,POS消费,地点996,图书馆,2014/11/05 17:07:54,6.9,196.94
25751,POS消费,地点314,食堂,2014/11/05 19:09:42,8.0,188.94
25751,POS消费,地点195,超市,2014/11/05 22:20:48,6.5,182.44
25751,POS消费,地点21,开水,2014/11/06 08:20:25,6.3,176.14
25751,POS消费,地点1894,淋浴,2014/11/06 12:59:29,1.4,174.74
25751,POS消费,地点996,图书馆,2014/11/06 18:58:27,8.0,166.74
25751,POS消费,地点996,图书馆,2014/11/06 19:26:29,9.6,157.14
25751,POS消费,地点1961,超市,2014/11/06 21:23:03,3.0,154.14
25751,POS消费,地点72,食堂,2014/11/07 06:59:08,5.0,149.14
25751,POS消费,地点65,食堂,2014/11/07 07:06:58,0.4,146.74
25751,POS消费,地点21,开水,2014/11/07 07:13:21,2.0,147.14
25751,POS消费,地点60,食堂,2014/11/07 07:19:11,0.7,146.04
25751,POS消费,地点195,超市,2014/11/07 10:28:56,10.0,136.04
25751,POS消费,地点996,图书馆,2014/11/07 10:51:04,3.0,133.04
25751,POS消费,地点996,图书馆,2014/11/07 13:08:54,8.0,125.04
25751,POS消费,地点60,食堂,2014/11/08 08:31:03,0.9,118.14
25751,POS消费,地点1997,食堂,2014/11/08 08:53:47,6.0,119.04
25751,POS消费,地点1900,洗衣房,2014/11/08 12:03:28,3.6,114.54
25751,POS消费,地点1624,淋浴,2014/11/08 12:04:17,1.6,112.94
25751,POS消费,地点996,图书馆,2014/11/08 13:18:19,11.5,101.44
25751,POS消费,地点996,图书馆,2014/11/08 13:40:29,7.4,94.04
25751,POS消费,地点1547,食堂,2014/11/08 17:39:38,6.0,88.04
25751,POS消费,地点996,图书馆,2014/11/08 18:11:37,9.0,79.04
25751,POS消费,地点996,图书馆,2014/11/08 18:12:08,3.7,75.34
25751,POS消费,地点188,超市,2014/11/08 21:52:49,50.0,25.34
25751,POS消费,地点188,超市,2014/11/08 21:52:59,14.5,10.84
25751,POS消费,地点59,食堂,2014/11/09 11:07:01,1.5,505.74
25751,POS消费,地点239,食堂,2014/11/09 11:08:57,6.7,499.04
25751,卡充值,,,2014/11/09 11:12:19,500.0,510.84
25751,POS消费,地点218,食堂,2014/11/09 11:12:46,1.8,509.04
25751,POS消费,地点21,开水,2014/11/09 11:14:45,1.8,507.24
25751,POS消费,地点314,食堂,2014/11/09 11:28:02,3.0,496.04
25751,POS消费,地点681,开水,2014/11/09 14:20:26,0.01,496.03
25751,POS消费,地点61,食堂,2014/11/10 06:45:34,4.0,492.03
25751,POS消费,地点65,食堂,2014/11/10 06:55:15,0.7,491.33
25751,POS消费,地点1894,淋浴,2014/11/10 13:03:00,1.2,490.13
25751,POS消费,地点219,超市,2014/11/10 16:07:35,2.0,488.13
25751,POS消费,地点219,超市,2014/11/10 16:08:50,4.0,484.13
25751,POS消费,地点219,超市,2014/11/10 16:12:56,2.0,482.13
25751,POS消费,地点218,食堂,2014/11/10 17:05:02,3.0,479.13
25751,POS消费,地点192,超市,2014/11/10 22:19:43,15.5,463.63
25751,POS消费,地点65,食堂,2014/11/11 08:04:29,0.7,456.93
25751,POS消费,地点1997,食堂,2014/11/11 08:39:47,6.0,457.63
25751,POS消费,地点1588,食堂,2014/11/11 12:17:09,4.1,452.83
25751,POS消费,地点1588,食堂,2014/11/11 12:17:23,7.1,445.73
25751,POS消费,地点236,食堂,2014/11/11 12:22:25,7.7,438.03
25751,POS消费,地点1847,食堂,2014/11/11 12:27:46,1.0,437.03
25751,POS消费,地点1847,食堂,2014/11/11 12:28:30,6.0,431.03
25751,POS消费,地点996,图书馆,2014/11/11 16:29:51,3.7,427.33
25751,POS消费,地点275,食堂,2014/11/11 18:02:11,10.0,407.33
25751,POS消费,地点217,食堂,2014/11/11 18:05:36,10.0,417.33
25751,POS消费,地点258,食堂,2014/11/11 18:05:54,5.0,402.33
25751,POS消费,地点21,开水,2014/11/11 18:30:38,5.0,397.33
25751,POS消费,地点21,开水,2014/11/12 08:23:45,5.0,392.33
25751,POS消费,地点21,开水,2014/11/12 08:24:08,8.9,383.43
25751,POS消费,地点21,开水,2014/11/12 08:24:15,7.9,384.43
25751,POS消费,地点1900,洗衣房,2014/11/12 13:05:18,3.6,380.83
25751,POS消费,地点1894,淋浴,2014/11/12 13:22:33,1.4,379.43
25751,POS消费,地点203,食堂,2014/11/12 17:50:27,7.5,371.93
25751,POS消费,地点283,食堂,2014/11/12 18:05:51,3.0,368.93
25751,POS消费,地点1588,食堂,2014/11/13 08:28:59,5.5,363.43
25751,POS消费,地点134,食堂,2014/11/13 08:29:56,0.9,362.53
25751,POS消费,地点1889,洗衣房,2014/11/13 08:48:22,3.6,358.93
25751,POS消费,地点232,食堂,2014/11/13 12:11:00,4.6,354.33
25751,POS消费,地点91,校车,2014/11/13 12:12:04,5.2,349.13
25751,POS消费,地点91,校车,2014/11/13 12:12:21,3.3,345.83
25751,POS消费,地点21,开水,2014/11/13 12:23:56,5.0,340.83
25751,POS消费,地点21,开水,2014/11/13 12:25:01,2.0,338.83
25751,POS消费,地点996,图书馆,2014/11/13 15:42:21,9.9,328.93
25751,POS消费,地点192,超市,2014/11/13 20:17:42,11.0,317.93
25751,POS消费,地点996,图书馆,2014/11/14 10:11:00,10.4,307.53
25751,POS消费,地点21,开水,2014/11/14 18:11:16,3.0,304.53
25751,POS消费,地点253,食堂,2014/11/14 18:18:29,7.3,297.23
25751,POS消费,地点218,食堂,2014/11/14 18:23:08,3.8,293.43
25751,POS消费,地点21,开水,2014/11/14 18:24:27,3.0,290.43
25751,POS消费,地点1894,淋浴,2014/11/15 00:57:23,1.9,288.53
25751,POS消费,地点192,超市,2014/11/15 14:58:49,10.0,278.53
25751,POS消费,地点526,食堂,2014/11/15 21:05:06,15.0,263.53
25751,POS消费,地点1632,开水,2014/11/15 23:43:04,0.01,263.52
25751,POS消费,地点21,开水,2014/11/16 09:50:55,11.0,252.52
25751,POS消费,地点1447,校车,2014/11/16 14:34:31,1.0,251.52
25751,POS消费,地点21,开水,2014/11/16 20:15:33,10.0,241.52
25751,POS消费,地点1894,淋浴,2014/11/17 01:15:43,2.4,239.12
25751,POS消费,地点21,开水,2014/11/17 06:59:15,0.7,238.42
25751,POS消费,地点21,开水,2014/11/17 07:01:55,6.8,231.62
25751,POS消费,地点21,开水,2014/11/17 11:59:20,7.0,224.62
25751,POS消费,地点219,超市,2014/11/17 16:05:35,4.0,220.62
25751,POS消费,地点219,超市,2014/11/17 16:05:41,1.0,219.62
25751,POS消费,地点219,超市,2014/11/17 17:08:33,8.0,211.62
25751,POS消费,地点248,超市,2014/11/17 17:35:02,1.6,210.02
25751,POS消费,地点248,超市,2014/11/17 17:35:27,4.0,206.02
25751,POS消费,地点21,开水,2014/11/17 17:36:00,4.0,202.02
25751,POS消费,地点1155,食堂,2014/11/17 17:37:12,1.8,200.22
25751,POS消费,地点21,开水,2014/11/18 07:53:57,7.5,192.72
25751,POS消费,地点248,超市,2014/11/18 07:54:22,0.9,191.82
25751,POS消费,地点118,食堂,2014/11/18 08:02:41,1.0,190.82
25751,POS消费,地点526,食堂,2014/11/18 09:34:13,8.0,182.82
25751,POS消费,地点1571,文印中心,2014/11/18 10:04:12,1.2,181.62
25751,POS消费,地点91,校车,2014/11/18 12:19:10,8.6,173.02
25751,POS消费,地点91,校车,2014/11/18 12:20:18,4.5,168.52
25751,POS消费,地点91,校车,2014/11/18 12:20:30,4.7,163.82
25751,POS消费,地点21,开水,2014/11/18 12:33:50,4.3,159.52
25751,POS消费,地点1894,淋浴,2014/11/19 00:53:08,2.0,157.52
25751,POS消费,地点21,开水,2014/11/19 18:49:11,13.0,144.52
25751,POS消费,地点118,食堂,2014/11/20 07:17:12,2.5,142.02
25751,POS消费,地点1900,洗衣房,2014/11/20 12:24:13,3.6,138.42
25751,POS消费,地点21,开水,2014/11/20 13:41:11,3.0,135.42
25751,POS消费,地点21,开水,2014/11/20 17:02:26,7.8,127.62
25751,POS消费,地点91,校车,2014/11/21 08:19:05,5.43,122.19
25751,POS消费,地点26,图书馆,2014/11/21 10:26:46,14.6,107.59
25751,POS消费,地点26,图书馆,2014/11/21 10:27:31,7.5,100.09
25751,POS消费,地点21,开水,2014/11/21 13:05:00,19.9,80.19
25751,POS消费,地点118,食堂,2014/11/22 17:50:29,2.5,77.69
25751,POS消费,地点118,食堂,2014/11/22 17:52:32,18.0,59.69
25751,POS消费,地点21,开水,2014/11/23 09:45:55,30.0,29.69
25751,POS消费,地点21,开水,2014/11/23 09:46:46,13.0,16.69
25751,POS消费,地点21,开水,2014/11/23 09:57:31,1.0,15.69
25751,POS消费,地点118,食堂,2014/11/24 07:01:37,2.5,13.19
25751,POS消费,地点232,食堂,2014/11/24 11:37:47,8.0,5.19
25751,POS消费,地点91,校车,2014/11/24 11:39:22,2.0,3.19
25751,卡充值,,,2014/11/24 11:59:34,200.0,203.19
25751,POS消费,地点218,食堂,2014/11/24 11:59:51,2.3,200.89
25751,POS消费,地点243,食堂,2014/11/24 12:00:14,3.0,197.89
25751,POS消费,地点1894,淋浴,2014/11/24 13:29:46,1.8,196.09
25751,POS消费,地点219,超市,2014/11/24 16:05:34,4.0,192.09
25751,POS消费,地点61,食堂,2014/11/25 08:01:35,5.2,186.29
25751,POS消费,地点65,食堂,2014/11/25 08:02:08,0.6,185.69
25751,POS消费,地点60,食堂,2014/11/25 08:13:49,0.6,191.49
25751,POS消费,地点118,食堂,2014/11/25 09:07:40,1.0,184.69
25751,POS消费,地点526,食堂,2014/11/25 09:46:47,8.0,176.69
25751,POS消费,地点21,开水,2014/11/25 12:24:31,7.5,169.19
25751,POS消费,地点256,食堂,2014/11/25 17:50:10,8.0,150.99
25751,POS消费,地点217,食堂,2014/11/25 17:52:43,10.0,159.19
25751,POS消费,地点217,食堂,2014/11/25 17:52:49,0.2,158.99
25751,POS消费,地点248,超市,2014/11/26 08:15:55,1.4,149.59
25751,POS消费,地点248,超市,2014/11/26 08:16:37,0.7,148.89
25751,POS消费,地点91,校车,2014/11/26 08:20:11,6.6,142.29
25751,POS消费,地点91,校车,2014/11/26 08:20:24,1.8,140.49
25751,POS消费,地点218,食堂,2014/11/26 12:28:52,1.0,139.49
25751,POS消费,地点996,图书馆,2014/11/26 13:48:46,3.0,136.49
25751,POS消费,地点218,食堂,2014/11/26 17:58:06,3.3,133.19
25751,POS消费,地点243,食堂,2014/11/26 18:01:16,3.0,130.19
25751,POS消费,地点218,食堂,2014/11/26 18:14:01,1.8,128.39
25751,POS消费,地点243,食堂,2014/11/26 18:14:11,2.5,125.89
25751,POS消费,地点21,开水,2014/11/26 19:20:52,6.0,119.89
25751,POS消费,地点21,开水,2014/11/26 20:30:49,9.0,110.89
25751,POS消费,地点258,食堂,2014/11/26 20:33:06,1.8,102.09
25751,POS消费,地点254,食堂,2014/11/26 20:33:19,7.0,103.89
25751,POS消费,地点1894,淋浴,2014/11/27 00:03:22,1.9,100.19
25751,POS消费,地点21,开水,2014/11/27 12:23:57,7.5,92.69
25751,POS消费,地点65,食堂,2014/11/28 08:19:11,0.9,91.79
25751,POS消费,地点69,食堂,2014/11/28 08:20:54,5.6,86.19
25751,POS消费,地点61,食堂,2014/11/28 08:30:50,3.2,82.99
25751,POS消费,地点26,图书馆,2014/11/28 13:42:33,7.5,75.49
25751,POS消费,地点21,开水,2014/11/28 18:06:58,21.0,54.49
25751,POS消费,地点526,食堂,2014/11/28 18:23:13,7.0,47.49
25751,POS消费,地点1889,洗衣房,2014/11/28 23:48:55,3.6,43.89
25751,POS消费,地点1625,淋浴,2014/11/28 23:54:45,0.8,43.09
25751,POS消费,地点1625,淋浴,2014/11/29 00:03:04,0.2,42.89
25751,POS消费,地点1625,淋浴,2014/11/29 00:17:14,0.8,42.09
25751,POS消费,地点1625,淋浴,2014/11/29 00:18:20,0.5,41.59
25751,POS消费,地点72,食堂,2014/11/29 18:10:42,4.5,24.59
25751,POS消费,地点21,开水,2014/11/29 18:13:30,3.0,38.59
25751,POS消费,地点253,食堂,2014/11/29 18:19:54,5.5,33.09
25751,POS消费,地点253,食堂,2014/11/29 18:20:15,4.0,29.09
25751,POS消费,地点218,食堂,2014/11/29 18:29:54,2.3,22.29
25751,POS消费,地点21,开水,2014/11/29 22:23:00,7.5,14.79
25751,POS消费,地点21,开水,2014/11/30 10:21:50,4.0,1.79
25751,POS消费,地点1894,淋浴,2014/12/01 00:51:24,1.7,0.09
25751,卡充值,,,2014/12/01 09:54:44,400.0,400.09
25751,POS消费,地点21,开水,2014/12/01 09:55:12,2.5,397.59
25751,POS消费,地点219,超市,2014/12/01 16:06:04,4.0,393.59
25751,POS消费,地点91,校车,2014/12/02 07:42:05,4.6,388.99
25751,POS消费,地点91,校车,2014/12/02 07:42:12,7.3,381.69
25751,POS消费,地点248,超市,2014/12/02 07:43:44,0.9,380.79
25751,POS消费,地点91,校车,2014/12/02 08:00:51,0.8,379.99
25751,POS消费,地点996,图书馆,2014/12/02 09:56:50,6.7,373.29
25751,POS消费,地点21,开水,2014/12/02 13:06:41,7.5,365.79
25751,POS消费,地点1894,淋浴,2014/12/03 13:33:15,1.5,364.29
25751,POS消费,地点188,超市,2014/12/04 10:25:08,6.0,358.29
25751,POS消费,地点188,超市,2014/12/04 10:25:19,4.0,354.29
25751,POS消费,地点69,食堂,2014/12/04 12:14:03,4.6,349.69
25751,POS消费,地点21,开水,2014/12/04 12:18:52,11.3,338.39
25751,POS消费,地点1961,超市,2014/12/04 22:02:20,1.0,337.39
25751,POS消费,地点21,开水,2014/12/05 08:23:31,5.1,332.29
25751,POS消费,地点248,超市,2014/12/05 08:24:06,0.9,331.39
25751,POS消费,地点6,淋浴,2014/12/05 08:25:16,3.0,328.39
25751,POS消费,地点21,开水,2014/12/06 10:55:08,10.0,318.39
25751,POS消费,地点1624,淋浴,2014/12/06 12:22:45,2.3,316.09
25751,POS消费,地点188,超市,2014/12/06 13:43:01,4.0,312.09
25751,POS消费,地点211,校车,2014/12/06 15:00:10,1.0,311.09
25751,POS消费,地点195,超市,2014/12/07 17:31:46,1.0,310.09
25751,POS消费,地点118,食堂,2014/12/08 07:46:41,8.5,301.59
25751,POS消费,地点21,开水,2014/12/08 08:16:12,10.5,291.09
25751,POS消费,地点1889,洗衣房,2014/12/08 11:13:55,3.6,287.49
25751,POS消费,地点195,超市,2014/12/08 12:51:15,3.0,284.49
25751,POS消费,地点192,超市,2014/12/08 13:07:29,8.6,275.89
25751,POS消费,地点219,超市,2014/12/08 16:07:37,4.0,271.89
25751,POS消费,地点219,超市,2014/12/08 17:22:44,6.0,265.89
25751,POS消费,地点1894,淋浴,2014/12/08 23:47:51,2.0,263.89
25751,POS消费,地点1632,开水,2014/12/09 09:41:01,0.01,263.88
25751,POS消费,地点26,图书馆,2014/12/09 10:12:57,5.0,258.88
25751,POS消费,地点21,开水,2014/12/09 12:15:21,8.6,250.28
25751,POS消费,地点21,开水,2014/12/09 12:30:19,5.3,244.98
25751,POS消费,地点1632,开水,2014/12/09 23:39:43,0.01,244.97
25751,POS消费,地点232,食堂,2014/12/10 08:21:34,4.8,240.17
25751,POS消费,地点248,超市,2014/12/10 08:23:52,0.9,239.27
25751,POS消费,地点26,图书馆,2014/12/10 10:01:22,3.0,236.27
25751,POS消费,地点232,食堂,2014/12/10 12:08:27,5.6,230.67
25751,POS消费,地点188,超市,2014/12/10 12:40:53,6.0,224.67
25751,POS消费,地点1894,淋浴,2014/12/11 09:05:00,1.0,223.67
25751,POS消费,地点188,超市,2014/12/11 14:10:17,13.5,210.17
25751,POS消费,地点91,校车,2014/12/12 08:19:00,7.8,202.37
25751,POS消费,地点21,开水,2014/12/12 08:20:00,0.9,201.47
25751,POS消费,地点840,食堂,2014/12/12 17:57:55,6.0,195.47
25751,POS消费,地点188,超市,2014/12/12 18:21:40,6.0,189.47
25751,POS消费,地点59,食堂,2014/12/13 11:58:39,1.5,185.57
25751,POS消费,地点21,开水,2014/12/13 12:06:04,2.4,187.07
25751,POS消费,地点253,食堂,2014/12/13 12:12:47,7.2,178.37
25751,POS消费,地点1894,淋浴,2014/12/13 13:13:23,2.1,176.27
25751,POS消费,地点195,超市,2014/12/13 15:19:20,3.9,172.37
25751,POS消费,地点195,超市,2014/12/13 15:52:01,11.0,161.37
25751,POS消费,地点1961,超市,2014/12/13 15:52:03,4.3,157.07
25751,POS消费,地点188,超市,2014/12/14 22:13:35,10.0,147.07
25751,POS消费,地点65,食堂,2014/12/15 09:08:31,0.7,140.57
25751,POS消费,地点1997,食堂,2014/12/15 09:51:26,4.8,142.27
25751,POS消费,地点1997,食堂,2014/12/15 09:51:29,1.0,141.27
25751,POS消费,地点217,食堂,2014/12/15 12:08:13,0.4,130.17
25751,POS消费,地点217,食堂,2014/12/15 12:08:51,5.0,125.17
25751,POS消费,地点238,食堂,2014/12/15 12:12:24,10.0,130.57
25751,POS消费,地点250,食堂,2014/12/15 12:20:31,14.0,111.17
25751,POS消费,地点219,超市,2014/12/15 16:07:20,4.0,107.17
25751,POS消费,地点219,超市,2014/12/15 16:07:54,4.0,103.17
25751,POS消费,地点840,食堂,2014/12/15 17:54:42,4.5,98.67
25751,POS消费,地点841,食堂,2014/12/15 18:19:59,1.8,96.87
25751,POS消费,地点188,超市,2014/12/15 22:25:34,3.8,93.07
25751,POS消费,地点1614,开水,2014/12/15 22:34:08,0.01,93.06
25751,POS消费,地点1624,淋浴,2014/12/15 23:46:23,0.2,92.86
25751,POS消费,地点1625,淋浴,2014/12/15 23:48:14,1.4,91.46
25751,POS消费,地点1632,开水,2014/12/16 14:04:11,0.01,91.45
25751,POS消费,地点1632,开水,2014/12/16 14:05:22,0.01,91.44
25751,POS消费,地点21,开水,2014/12/16 15:44:07,3.0,88.44
25751,POS消费,地点21,开水,2014/12/16 15:52:24,5.0,83.44
25751,POS消费,地点1632,开水,2014/12/16 16:41:59,0.01,83.43
25751,POS消费,地点256,食堂,2014/12/17 12:02:18,8.0,75.43
25751,POS消费,地点217,食堂,2014/12/17 12:06:46,5.0,70.43
25751,POS消费,地点258,食堂,2014/12/17 12:11:18,3.0,67.43
25751,POS消费,地点258,食堂,2014/12/17 12:11:24,1.0,66.43
25751,POS消费,地点21,开水,2014/12/18 10:02:18,8.4,58.03
25751,POS消费,地点1632,开水,2014/12/18 14:21:23,0.01,58.02
25751,POS消费,地点1632,开水,2014/12/19 08:44:16,0.01,58.01
25751,卡充值,,,2014/12/19 12:58:03,500.0,558.01
25751,POS消费,地点188,超市,2014/12/19 13:00:27,50.0,508.01
25751,POS消费,地点188,超市,2014/12/19 13:00:30,8.5,499.51
25751,POS消费,地点1632,开水,2014/12/19 15:34:56,0.01,499.5
25751,POS消费,地点1632,开水,2014/12/19 15:35:13,0.01,499.49
25751,POS消费,地点188,超市,2014/12/19 21:51:48,4.0,495.49
25751,POS消费,地点1625,淋浴,2014/12/19 22:54:19,1.4,494.09
25751,POS消费,地点1631,开水,2014/12/20 08:24:31,0.02,494.07
25751,POS消费,地点1632,开水,2014/12/20 08:25:28,0.01,494.06
25751,POS消费,地点1632,开水,2014/12/20 08:26:29,0.01,494.05
25751,POS消费,地点219,超市,2014/12/20 15:24:16,4.0,490.05
25751,POS消费,地点219,超市,2014/12/20 15:34:31,5.0,485.05
25751,POS消费,地点837,校车,2014/12/20 15:50:39,1.0,484.05
25751,POS消费,地点192,超市,2014/12/22 12:05:35,21.0,463.05
25751,POS消费,地点188,超市,2014/12/22 12:29:54,6.0,457.05
25751,POS消费,地点219,超市,2014/12/22 16:04:22,4.0,453.05
25751,POS消费,地点219,超市,2014/12/22 16:09:52,2.0,451.05
25751,POS消费,地点1894,淋浴,2014/12/23 00:18:19,1.7,449.35
25751,POS消费,地点192,超市,2014/12/23 20:24:42,22.0,427.35
25751,POS消费,地点1624,淋浴,2014/12/23 23:37:32,0.2,427.15
25751,POS消费,地点1625,淋浴,2014/12/23 23:39:03,1.9,425.25
25751,POS消费,地点232,食堂,2014/12/24 18:10:08,6.0,419.25
25751,POS消费,地点21,开水,2014/12/24 18:11:03,10.0,409.25
25751,POS消费,地点21,开水,2014/12/25 11:44:43,30.0,379.25
25751,POS消费,地点21,开水,2014/12/25 11:44:46,30.0,349.25
25751,POS消费,地点21,开水,2014/12/25 11:44:50,3.5,345.75
25751,POS消费,地点1894,淋浴,2014/12/26 00:55:12,0.1,345.65
25751,POS消费,地点1894,淋浴,2014/12/26 00:56:39,2.8,342.85
25751,POS消费,地点188,超市,2014/12/26 13:31:01,21.0,321.85
25751,POS消费,地点188,超市,2014/12/26 13:32:02,4.0,317.85
25751,POS消费,地点21,开水,2014/12/26 18:04:07,8.5,309.35
25751,POS消费,地点157,食堂,2014/12/26 18:26:16,5.4,303.95
25751,POS消费,地点234,食堂,2014/12/26 18:30:26,6.6,297.35
25751,POS消费,地点146,校车,2014/12/27 09:13:24,1.0,296.35
25751,POS消费,地点188,超市,2014/12/27 20:35:23,16.0,280.35
25751,POS消费,地点69,食堂,2014/12/28 09:31:42,8.0,272.35
25751,POS消费,地点65,食堂,2014/12/28 09:32:47,0.8,271.55
25751,POS消费,地点61,食堂,2014/12/28 09:39:18,4.0,267.55
25751,POS消费,地点1448,校车,2014/12/28 18:15:28,1.0,266.55
25751,POS消费,地点1894,淋浴,2014/12/29 01:06:20,3.0,263.55
25751,POS消费,地点2172,文印中心,2014/12/29 13:24:30,0.6,262.95
25751,POS消费,地点526,食堂,2014/12/29 14:55:37,7.0,242.45
25751,POS消费,地点118,食堂,2014/12/29 14:55:49,13.5,249.45
25751,POS消费,地点1155,食堂,2014/12/29 15:35:25,6.8,235.65
25751,POS消费,地点1624,淋浴,2014/12/29 17:34:01,1.3,234.35
25751,POS消费,地点996,图书馆,2014/12/30 09:34:12,7.2,227.15
25751,POS消费,地点996,图书馆,2014/12/30 12:01:33,4.5,222.65
25751,POS消费,地点996,图书馆,2014/12/30 12:01:55,3.0,219.65
25751,POS消费,地点996,图书馆,2014/12/30 14:14:29,5.2,214.45
25751,POS消费,地点195,超市,2014/12/31 12:22:21,5.0,209.45
25751,POS消费,地点83,食堂,2014/12/31 19:40:03,3.0,206.45
25751,POS消费,地点1889,洗衣房,2015/01/01 19:59:39,3.6,202.85
25751,POS消费,地点1894,淋浴,2015/01/01 20:19:43,0.1,202.75
25751,POS消费,地点1894,淋浴,2015/01/01 20:20:53,0.1,202.65
25751,POS消费,地点1624,淋浴,2015/01/01 20:43:34,2.2,200.45
25751,POS消费,地点69,食堂,2015/01/02 08:34:52,5.8,194.65
25751,POS消费,地点60,食堂,2015/01/02 08:53:02,0.7,193.95
25751,POS消费,地点2179,淋浴,2015/01/03 00:00:14,1.6,192.35
25751,POS消费,地点21,开水,2015/01/03 15:55:10,12.0,180.35
25751,POS消费,地点1996,校车,2015/01/03 18:29:40,1.0,179.35
25751,POS消费,地点1996,校车,2015/01/03 18:29:48,1.0,178.35
25751,POS消费,地点1632,开水,2015/01/04 09:07:25,0.01,178.34
25751,POS消费,地点72,食堂,2015/01/04 09:17:23,4.0,167.74
25751,POS消费,地点61,食堂,2015/01/04 09:24:19,1.8,165.94
25751,POS消费,地点148,开水,2015/01/04 09:42:01,0.01,165.93
25751,POS消费,地点1997,食堂,2015/01/04 10:04:45,6.6,171.74
25751,POS消费,地点148,开水,2015/01/04 12:25:12,0.01,165.92
25751,POS消费,地点188,超市,2015/01/04 13:59:31,22.0,143.92
25751,POS消费,地点232,食堂,2015/01/04 18:15:43,19.8,124.12
25751,POS消费,地点26,图书馆,2015/01/04 21:28:55,12.6,111.52
25751,POS消费,地点1624,淋浴,2015/01/04 22:11:48,0.1,111.42
25751,POS消费,地点1624,淋浴,2015/01/04 22:12:29,1.2,110.22
25751,POS消费,地点1632,开水,2015/01/05 00:24:04,0.01,110.21
25751,POS消费,地点1632,开水,2015/01/05 03:29:07,0.01,110.2
25751,POS消费,地点69,食堂,2015/01/05 08:54:48,6.4,103.8
25751,POS消费,地点69,食堂,2015/01/05 08:54:58,3.2,100.6
25751,POS消费,地点65,食堂,2015/01/05 08:55:29,0.2,100.4
25751,POS消费,地点192,超市,2015/01/05 19:33:37,10.5,89.9
25751,POS消费,地点21,开水,2015/01/06 10:05:10,12.0,77.9
25751,POS消费,地点211,校车,2015/01/06 12:16:12,1.0,76.9
25751,POS消费,地点192,超市,2015/01/06 22:43:18,12.0,64.9
25751,POS消费,地点192,超市,2015/01/06 22:44:17,8.0,56.9
25751,POS消费,地点272,食堂,2015/01/07 11:59:37,12.6,44.3
25751,POS消费,地点258,食堂,2015/01/07 12:12:28,3.0,41.3
25751,POS消费,地点258,食堂,2015/01/07 12:12:33,1.8,39.5
25751,POS消费,地点816,校车,2015/01/08 09:27:44,1.0,38.5
25751,POS消费,地点816,校车,2015/01/08 09:30:50,1.0,37.5
25751,POS消费,地点146,校车,2015/01/08 10:59:27,1.0,36.5
25751,POS消费,地点21,开水,2015/01/08 12:08:24,5.3,31.2
25751,POS消费,地点21,开水,2015/01/08 12:08:43,12.0,19.2
25751,POS消费,地点1893,淋浴,2015/01/08 23:53:21,2.3,16.9
25751,POS消费,地点203,食堂,2015/01/09 12:18:10,6.5,10.4
25751,POS消费,地点678,开水,2015/01/09 14:19:55,0.01,10.39
25751,POS消费,地点192,超市,2015/01/09 22:42:36,8.6,1.79
25751,POS消费,地点1632,开水,2015/01/10 20:20:32,0.01,1.78
25751,卡充值,,,2015/01/14 16:17:40,100.0,101.78
25751,POS消费,地点21,开水,2015/01/14 21:23:18,8.0,93.78
25751,POS消费,地点1893,淋浴,2015/01/15 11:09:23,1.7,92.08
25751,POS消费,地点256,食堂,2015/01/15 11:48:38,16.0,76.08
25751,POS消费,地点1036,食堂,2015/01/15 12:00:35,8.1,67.98
25751,POS消费,地点258,食堂,2015/01/15 12:06:51,3.0,64.98
25751,POS消费,地点83,食堂,2015/01/17 07:26:41,7.5,57.48
25751,POS消费,地点192,超市,2015/03/01 16:03:18,30.0,27.48
25751,POS消费,地点192,超市,2015/03/01 16:03:27,26.0,1.48
25751,卡充值,,,2015/03/01 16:06:03,500.0,501.48
25751,POS消费,地点1451,校车,2015/03/01 16:26:04,1.0,500.48
25751,POS消费,地点1451,校车,2015/03/01 18:08:48,1.0,499.48
25751,POS消费,地点1451,校车,2015/03/01 18:08:55,1.0,498.48
25751,POS消费,地点1996,校车,2015/03/01 18:22:17,1.0,497.48
25751,POS消费,地点1893,淋浴,2015/03/01 22:17:18,0.9,496.58
25751,POS消费,地点1632,开水,2015/03/02 06:47:51,0.01,496.57
25751,POS消费,地点61,食堂,2015/03/02 06:55:49,5.0,491.57
25751,POS消费,地点678,开水,2015/03/02 08:12:48,0.01,491.56
25751,POS消费,地点678,开水,2015/03/02 08:13:02,0.01,491.55
25751,POS消费,地点673,开水,2015/03/02 10:15:56,0.01,491.54
25751,POS消费,地点1632,开水,2015/03/03 06:58:10,0.01,491.53
25751,POS消费,地点1632,开水,2015/03/03 07:01:46,0.01,491.52
25751,POS消费,地点69,食堂,2015/03/03 07:08:22,4.8,485.72
25751,POS消费,地点69,食堂,2015/03/03 07:08:38,5.4,480.32
25751,POS消费,地点60,食堂,2015/03/03 07:31:14,1.0,490.52
25751,POS消费,地点192,超市,2015/03/03 21:21:04,10.0,470.32
25751,POS消费,地点1625,淋浴,2015/03/03 21:53:17,0.3,470.02
25751,POS消费,地点1625,淋浴,2015/03/03 22:01:01,0.5,469.52
25751,POS消费,地点790,开水,2015/03/04 14:22:31,0.01,469.51
25751,POS消费,地点272,食堂,2015/03/04 18:09:40,15.0,454.51
25751,POS消费,地点72,食堂,2015/03/05 07:00:11,5.2,448.31
25751,POS消费,地点684,开水,2015/03/05 07:21:47,0.01,448.3
25751,POS消费,地点60,食堂,2015/03/05 07:26:17,1.0,453.51
25751,POS消费,地点195,超市,2015/03/05 11:38:37,21.0,427.3
25751,POS消费,地点1451,校车,2015/03/05 18:31:47,1.0,426.3
25751,POS消费,地点21,开水,2015/03/05 21:56:55,10.0,416.3
25751,POS消费,地点1893,淋浴,2015/03/05 22:48:36,1.1,415.2
25751,POS消费,地点683,开水,2015/03/06 07:25:16,0.01,409.59
25751,POS消费,地点1997,食堂,2015/03/06 08:10:13,5.6,409.6
25751,换卡,,,2015/03/06 16:46:36,0.0,0.0
25751,POS消费,地点1632,开水,2015/03/08 00:25:31,0.01,409.58
25751,POS消费,地点1894,淋浴,2015/03/08 11:43:16,0.1,409.48
25751,POS消费,地点1624,淋浴,2015/03/08 11:43:54,0.1,409.38
25751,POS消费,地点1624,淋浴,2015/03/08 11:44:33,1.6,407.78
25751,POS消费,地点21,开水,2015/03/08 14:11:51,22.0,385.78
25751,POS消费,地点996,图书馆,2015/03/08 14:18:02,3.5,382.28
25751,POS消费,地点161,食堂,2015/03/09 07:07:13,3.4,378.18
25751,POS消费,地点60,食堂,2015/03/09 07:29:14,0.7,381.58
25751,POS消费,地点673,开水,2015/03/09 10:20:11,0.01,378.17
25751,POS消费,地点219,超市,2015/03/09 16:02:51,5.0,373.17
25751,POS消费,地点1889,洗衣房,2015/03/10 00:13:37,3.6,369.57
25751,POS消费,地点60,食堂,2015/03/10 07:24:09,1.0,368.57
25751,POS消费,地点1997,食堂,2015/03/10 08:03:41,4.0,364.57
25751,POS消费,地点188,超市,2015/03/10 18:08:32,21.0,343.57
25751,POS消费,地点26,图书馆,2015/03/10 18:12:24,46.7,296.87
25751,POS消费,地点1624,淋浴,2015/03/11 01:23:00,2.1,294.77
25751,POS消费,地点65,食堂,2015/03/11 06:58:36,1.0,293.77
25751,POS消费,地点72,食堂,2015/03/11 07:00:39,4.6,285.57
25751,POS消费,地点61,食堂,2015/03/11 07:00:58,3.6,290.17
25751,POS消费,地点1155,食堂,2015/03/11 07:15:37,1.0,284.57
25751,POS消费,地点840,食堂,2015/03/11 11:54:55,8.0,276.57
25751,POS消费,地点314,食堂,2015/03/11 12:12:54,2.0,274.57
25751,POS消费,地点841,食堂,2015/03/11 12:13:48,1.8,272.77
25751,POS消费,地点679,开水,2015/03/11 14:23:52,0.01,272.76
25751,POS消费,地点680,开水,2015/03/11 17:11:31,0.01,272.75
25751,POS消费,地点831,开水,2015/03/11 19:25:51,0.01,272.74
25751,POS消费,地点831,开水,2015/03/11 20:44:28,0.01,272.73
25751,POS消费,地点61,食堂,2015/03/12 06:57:50,3.4,269.33
25751,POS消费,地点60,食堂,2015/03/12 07:21:57,0.7,268.63
25751,POS消费,地点60,食堂,2015/03/12 07:22:07,0.3,268.33
25751,POS消费,地点272,食堂,2015/03/12 11:57:10,12.6,255.73
25751,POS消费,地点258,食堂,2015/03/12 12:11:05,3.2,252.53
25751,POS消费,地点21,开水,2015/03/12 14:17:06,21.0,231.53
25751,POS消费,地点72,食堂,2015/03/12 18:24:48,5.1,226.43
25751,POS消费,地点218,食堂,2015/03/12 18:36:53,1.8,224.63
25751,POS消费,地点681,开水,2015/03/12 18:43:22,0.01,224.62
25751,POS消费,地点65,食堂,2015/03/13 06:59:49,1.0,223.62
25751,POS消费,地点61,食堂,2015/03/13 07:01:54,4.0,219.62
25751,POS消费,地点1961,超市,2015/03/13 17:07:10,5.4,214.22
25751,POS消费,地点1624,淋浴,2015/03/14 11:19:37,1.6,212.62
25751,POS消费,地点1961,超市,2015/03/14 14:40:43,26.0,186.62
25751,POS消费,地点228,食堂,2015/03/15 12:13:20,7.0,179.62
25751,POS消费,地点246,食堂,2015/03/15 12:16:24,0.6,179.02
25751,POS消费,地点21,开水,2015/03/15 12:29:49,7.0,172.02
25751,POS消费,地点218,食堂,2015/03/15 12:30:11,3.6,168.42
25751,POS消费,地点192,超市,2015/03/15 19:51:04,27.0,141.42
25751,POS消费,地点61,食堂,2015/03/16 07:47:38,4.8,135.62
25751,POS消费,地点60,食堂,2015/03/16 08:09:58,1.0,140.42
25751,POS消费,地点219,超市,2015/03/16 15:39:01,3.5,132.12
25751,POS消费,地点219,超市,2015/03/16 15:50:08,2.0,130.12
25751,POS消费,地点1625,淋浴,2015/03/16 18:35:08,1.2,128.92
25751,POS消费,地点1625,淋浴,2015/03/16 18:51:46,0.3,128.62
25751,POS消费,地点61,食堂,2015/03/17 07:02:57,3.6,124.02
25751,POS消费,地点684,开水,2015/03/17 07:21:39,0.02,124.0
25751,POS消费,地点60,食堂,2015/03/17 07:25:50,1.0,127.62
25751,POS消费,地点679,开水,2015/03/17 10:09:44,0.01,123.99
25751,POS消费,地点21,开水,2015/03/17 14:18:33,21.0,102.99
25751,POS消费,地点232,食堂,2015/03/17 18:05:09,4.6,98.39
25751,POS消费,地点91,校车,2015/03/17 18:05:21,5.0,93.39
25751,POS消费,地点21,开水,2015/03/17 18:15:03,2.0,91.39
25751,POS消费,地点21,开水,2015/03/17 18:15:21,2.8,88.59
25751,POS消费,地点61,食堂,2015/03/18 07:00:15,4.4,83.19
25751,POS消费,地点61,食堂,2015/03/18 07:00:42,4.2,78.99
25751,POS消费,地点60,食堂,2015/03/18 07:23:17,1.0,87.59
25751,POS消费,地点683,开水,2015/03/18 07:28:24,0.01,78.98
25751,POS消费,地点832,开水,2015/03/18 10:16:20,0.01,78.97
25751,POS消费,地点822,食堂,2015/03/18 12:13:02,10.6,68.37
25751,POS消费,地点790,开水,2015/03/18 14:28:29,0.01,68.36
25751,POS消费,地点673,开水,2015/03/18 17:10:17,0.01,68.35
25751,POS消费,地点203,食堂,2015/03/18 18:40:40,6.5,61.85
25751,POS消费,地点61,食堂,2015/03/19 07:08:47,6.0,54.85
25751,POS消费,地点60,食堂,2015/03/19 07:30:43,1.0,60.85
25751,卡充值,,,2015/03/19 12:01:55,300.0,354.85
25751,POS消费,地点21,开水,2015/03/19 12:03:11,21.0,333.85
25751,POS消费,地点61,食堂,2015/03/20 06:57:46,1.2,331.95
25751,POS消费,地点60,食堂,2015/03/20 07:19:57,0.7,333.15
25751,POS消费,地点1889,洗衣房,2015/03/20 10:55:39,3.6,328.35
25751,POS消费,地点1624,淋浴,2015/03/20 11:11:58,1.7,326.65
25751,POS消费,地点1889,洗衣房,2015/03/20 12:16:49,3.6,323.05
25751,POS消费,地点1889,洗衣房,2015/03/20 12:24:47,-3.06,326.11
25751,POS消费,地点192,超市,2015/03/20 14:04:15,6.0,320.11
25751,POS消费,地点684,开水,2015/03/20 14:18:49,0.01,320.1
25751,POS消费,地点21,开水,2015/03/20 16:20:41,21.0,299.1
25751,POS消费,地点1961,超市,2015/03/21 21:40:08,25.0,274.1
25751,POS消费,地点65,食堂,2015/03/23 06:51:31,0.7,273.4
25751,POS消费,地点61,食堂,2015/03/23 06:54:14,2.0,271.4
25751,POS消费,地点72,食堂,2015/03/23 06:57:09,0.8,270.6
25751,POS消费,地点684,开水,2015/03/23 07:13:59,0.01,270.59
25751,POS消费,地点1961,超市,2015/03/23 12:45:02,20.0,250.59
25751,POS消费,地点21,开水,2015/03/23 13:31:49,22.12,228.47
25751,POS消费,地点21,开水,2015/03/23 13:31:54,3.5,224.97
25751,POS消费,地点219,超市,2015/03/23 15:52:15,4.0,220.97
25751,POS消费,地点219,超市,2015/03/23 15:56:12,2.0,218.97
25751,POS消费,地点219,超市,2015/03/23 15:57:47,2.0,216.97
25751,POS消费,地点219,超市,2015/03/23 16:00:13,3.5,213.47
25751,POS消费,地点816,校车,2015/03/23 17:32:28,1.0,212.47
25751,POS消费,地点192,超市,2015/03/23 17:59:10,30.0,182.47
25751,POS消费,地点192,超市,2015/03/23 17:59:14,30.0,152.47
25751,POS消费,地点192,超市,2015/03/23 17:59:36,15.4,137.07
25751,POS消费,地点21,开水,2015/03/23 22:43:19,8.0,129.07
25751,POS消费,地点1624,淋浴,2015/03/23 23:40:10,1.5,127.57
25751,POS消费,地点60,食堂,2015/03/24 07:29:37,1.0,126.57
25751,POS消费,地点684,开水,2015/03/24 07:31:20,0.01,126.56
25751,POS消费,地点26,图书馆,2015/03/24 12:06:31,5.0,121.56
25751,POS消费,地点272,食堂,2015/03/24 18:05:59,12.6,108.96
25751,POS消费,地点258,食堂,2015/03/24 18:18:20,6.4,102.56
25751,POS消费,地点192,超市,2015/03/24 22:42:01,8.5,94.06
25751,POS消费,地点65,食堂,2015/03/25 06:51:40,1.0,93.06
25751,POS消费,地点61,食堂,2015/03/25 06:54:49,3.4,89.66
25751,POS消费,地点61,食堂,2015/03/25 07:04:51,2.4,87.26
25751,POS消费,地点684,开水,2015/03/25 07:18:16,0.01,87.25
25751,POS消费,地点840,食堂,2015/03/25 11:59:02,7.0,80.25
25751,POS消费,地点841,食堂,2015/03/25 12:14:13,3.6,76.65
25751,POS消费,地点841,食堂,2015/03/25 12:14:37,3.0,73.65
25751,POS消费,地点1961,超市,2015/03/25 18:53:59,27.5,46.15
25751,POS消费,地点796,开水,2015/03/25 21:09:24,0.01,46.14
25751,POS消费,地点796,开水,2015/03/25 22:03:19,0.01,46.13
25751,POS消费,地点61,食堂,2015/03/26 07:05:40,3.4,42.73
25751,POS消费,地点60,食堂,2015/03/26 07:31:30,1.0,41.73
25751,POS消费,地点193,食堂,2015/03/26 12:02:00,5.0,36.73
25751,POS消费,地点21,开水,2015/03/26 12:26:57,5.5,31.23
25751,POS消费,地点1624,淋浴,2015/03/26 13:26:23,1.8,29.43
25751,POS消费,地点258,食堂,2015/03/27 11:12:16,11.0,18.43
25751,POS消费,地点72,食堂,2015/03/27 12:48:14,5.1,13.33
25751,POS消费,地点21,开水,2015/03/27 12:57:18,2.5,10.83
25751,POS消费,地点2119,食堂,2015/03/28 18:13:51,1.2,8.43
25751,POS消费,地点262,食堂,2015/03/28 18:13:55,1.2,9.63
25751,POS消费,地点253,食堂,2015/03/28 18:14:25,4.6,3.83
25751,POS消费,地点1624,淋浴,2015/03/29 11:57:55,2.0,1.83
25751,卡充值,,,2015/03/29 13:50:36,100.0,101.83
25751,POS消费,地点83,食堂,2015/03/29 19:04:21,3.0,98.83
25751,POS消费,地点65,食堂,2015/03/30 06:51:04,1.0,97.83
25751,POS消费,地点61,食堂,2015/03/30 06:52:51,5.6,92.23
25751,POS消费,地点684,开水,2015/03/30 07:12:06,0.01,92.22
25751,POS消费,地点233,食堂,2015/03/30 12:17:30,4.6,87.62
25751,POS消费,地点822,食堂,2015/03/30 12:18:41,5.0,82.62
25751,POS消费,地点203,食堂,2015/03/30 12:31:43,6.5,76.12
25751,POS消费,地点243,食堂,2015/03/30 12:46:25,3.0,73.12
25751,POS消费,地点219,超市,2015/03/30 15:26:17,3.5,69.62
25751,POS消费,地点192,超市,2015/03/30 18:40:04,2.0,67.62
25751,POS消费,地点65,食堂,2015/03/31 06:53:09,0.5,67.12
25751,POS消费,地点65,食堂,2015/03/31 06:53:14,0.2,66.92
25751,POS消费,地点61,食堂,2015/03/31 06:54:58,4.2,62.72
25751,POS消费,地点684,开水,2015/03/31 07:12:31,0.01,62.71
25751,POS消费,地点272,食堂,2015/03/31 12:07:16,13.0,49.71
25751,POS消费,地点258,食堂,2015/03/31 12:20:45,13.0,36.71
25751,POS消费,地点258,食堂,2015/03/31 12:20:56,1.0,35.71
25751,POS消费,地点1624,淋浴,2015/03/31 13:40:39,1.7,34.01
25751,POS消费,地点1961,超市,2015/03/31 15:06:15,26.8,7.21
25751,POS消费,地点192,超市,2015/03/31 15:16:41,5.0,2.21
25751,卡充值,,,2015/03/31 15:19:04,300.0,302.21
25751,POS消费,地点192,超市,2015/04/01 15:29:11,8.0,294.21
25751,POS消费,地点195,超市,2015/04/01 19:22:51,1.0,293.21
25751,POS消费,地点232,食堂,2015/04/02 08:20:23,11.9,281.31
25751,POS消费,地点188,超市,2015/04/02 11:06:40,3.0,278.31
25751,POS消费,地点21,开水,2015/04/02 11:10:53,3.0,275.31
25751,POS消费,地点1624,淋浴,2015/04/03 01:15:53,1.7,273.61
25751,POS消费,地点83,食堂,2015/04/03 21:56:29,5.5,268.11
25751,POS消费,地点222,校车,2015/04/04 08:44:28,1.0,267.11
25751,POS消费,地点795,开水,2015/04/04 11:43:29,0.01,267.1
25751,POS消费,地点1624,淋浴,2015/04/05 00:53:22,1.9,265.2
25751,POS消费,地点192,超市,2015/04/05 12:40:45,27.0,238.2
25751,POS消费,地点21,开水,2015/04/06 13:07:12,7.3,230.9
25751,POS消费,地点21,开水,2015/04/06 20:42:44,10.0,220.9
25751,POS消费,地点21,开水,2015/04/07 18:26:16,28.2,192.7
25751,POS消费,地点192,超市,2015/04/07 21:26:49,8.0,184.7
25751,POS消费,地点65,食堂,2015/04/08 06:57:14,1.0,183.7
25751,POS消费,地点61,食堂,2015/04/08 06:58:16,4.8,178.9
25751,POS消费,地点683,开水,2015/04/08 07:13:24,0.01,178.89
25751,POS消费,地点1900,洗衣房,2015/04/08 08:25:01,3.6,175.29
25751,POS消费,地点1624,淋浴,2015/04/08 09:16:14,1.3,173.99
25751,POS消费,地点21,开水,2015/04/08 16:20:39,10.0,163.99
25751,POS消费,地点21,开水,2015/04/08 16:50:12,3.0,160.99
25751,POS消费,地点1900,洗衣房,2015/04/09 00:38:10,3.6,157.39
25751,POS消费,地点192,超市,2015/04/09 13:04:34,8.5,148.89
25751,POS消费,地点526,食堂,2015/04/09 13:09:58,8.0,140.89
25751,POS消费,地点1961,超市,2015/04/09 14:03:20,1.0,139.89
25751,POS消费,地点1961,超市,2015/04/09 18:30:22,15.0,124.89
25751,POS消费,地点65,食堂,2015/04/10 06:54:38,0.7,124.19
25751,POS消费,地点61,食堂,2015/04/10 06:56:48,4.2,119.99
25751,POS消费,地点684,开水,2015/04/10 07:16:08,0.01,119.98
25751,POS消费,地点21,开水,2015/04/10 14:08:15,6.0,113.98
25751,POS消费,地点1624,淋浴,2015/04/11 01:25:27,2.0,111.98
25751,POS消费,地点1624,淋浴,2015/04/11 01:52:00,0.7,111.28
25751,POS消费,地点192,超市,2015/04/11 19:34:19,23.3,87.98
25751,POS消费,地点188,超市,2015/04/11 22:38:50,10.5,77.48
25751,POS消费,地点21,开水,2015/04/12 10:49:16,4.0,73.48
25751,POS消费,地点91,校车,2015/04/12 12:20:20,10.0,63.48
25751,POS消费,地点21,开水,2015/04/12 13:52:50,7.8,55.68
25751,POS消费,地点1389,校车,2015/04/12 18:34:08,2.0,53.68
25751,POS消费,地点83,食堂,2015/04/12 19:33:59,3.0,50.68
25751,POS消费,地点1624,淋浴,2015/04/13 12:51:58,1.9,48.78
25751,POS消费,地点21,开水,2015/04/13 14:19:40,10.0,38.78
25751,POS消费,地点21,开水,2015/04/13 14:19:52,3.0,35.78
25751,POS消费,地点219,超市,2015/04/13 15:39:06,5.5,30.28
25751,POS消费,地点219,超市,2015/04/13 15:46:22,2.0,28.28
25751,POS消费,地点21,开水,2015/04/13 15:55:36,1.8,26.48
25751,POS消费,地点21,开水,2015/04/13 15:56:38,3.0,23.48
25751,POS消费,地点21,开水,2015/04/13 18:58:27,3.0,120.48
25751,支付领取,,,2015/04/13 19:37:11,100.0,123.48
25751,POS消费,地点21,开水,2015/04/13 22:38:18,7.5,112.98
25751,POS消费,地点21,开水,2015/04/14 12:50:02,5.4,107.58
25751,POS消费,地点21,开水,2015/04/14 12:50:15,10.0,97.58
25751,POS消费,地点21,开水,2015/04/14 16:18:04,3.0,94.58
25751,POS消费,地点816,校车,2015/04/14 19:39:47,1.0,93.58
25751,POS消费,地点1155,食堂,2015/04/14 22:08:07,8.5,85.08
25751,POS消费,地点1624,淋浴,2015/04/15 12:44:31,1.5,83.58
25751,POS消费,地点26,图书馆,2015/04/15 14:19:48,5.0,78.58
25751,POS消费,地点790,开水,2015/04/15 14:39:33,0.01,78.57
25751,POS消费,地点304,超市,2015/04/15 19:46:53,9.0,69.57
25751,POS消费,地点304,超市,2015/04/15 19:46:59,10.0,59.57
25751,POS消费,地点65,食堂,2015/04/16 06:55:31,1.0,58.57
25751,POS消费,地点61,食堂,2015/04/16 06:56:32,4.0,54.57
25751,POS消费,地点65,食堂,2015/04/16 06:56:50,0.2,54.37
25751,POS消费,地点684,开水,2015/04/16 07:44:00,0.01,54.36
25751,POS消费,地点1448,校车,2015/04/16 09:35:48,1.0,53.36
25751,POS消费,地点258,食堂,2015/04/16 11:33:57,7.2,46.16
25751,POS消费,地点258,食堂,2015/04/16 11:41:41,4.0,42.16
25751,POS消费,地点83,食堂,2015/04/16 16:17:19,2.5,39.66
25751,POS消费,地点69,食堂,2015/04/17 07:22:32,6.8,32.86
25751,POS消费,地点60,食堂,2015/04/17 07:25:30,0.2,32.66
25751,POS消费,地点192,超市,2015/04/17 08:42:31,18.0,14.66
25751,POS消费,地点1624,淋浴,2015/04/17 15:29:51,2.2,12.46
25751,POS消费,地点192,超市,2015/04/17 16:14:14,3.0,9.46
25751,POS消费,地点218,食堂,2015/04/17 16:36:01,4.0,110.46
25751,支付领取,,,2015/04/17 17:15:32,100.0,109.46
25751,支付领取,,,2015/04/17 17:15:34,5.0,114.46
25751,POS消费,地点21,开水,2015/04/17 19:26:42,3.0,107.46
25751,POS消费,地点188,超市,2015/04/17 22:22:59,10.0,97.46
25751,POS消费,地点694,开水,2015/04/18 21:19:53,0.01,97.45
25751,POS消费,地点1155,食堂,2015/04/19 15:30:19,4.8,92.65
25751,POS消费,地点188,超市,2015/04/19 15:36:30,6.0,86.65
25751,POS消费,地点188,超市,2015/04/19 18:17:06,3.0,83.65
25751,POS消费,地点1155,食堂,2015/04/19 22:02:18,2.0,81.65
25751,POS消费,地点192,超市,2015/04/19 22:42:18,10.0,71.65
25751,POS消费,地点60,食堂,2015/04/20 07:02:53,1.2,70.45
25751,POS消费,地点61,食堂,2015/04/20 07:05:40,5.4,65.05
25751,POS消费,地点118,食堂,2015/04/20 10:15:07,3.0,62.05
25751,POS消费,地点1624,淋浴,2015/04/20 12:42:55,2.2,59.85
25751,POS消费,地点219,超市,2015/04/20 15:04:21,3.5,56.35
25751,POS消费,地点192,超市,2015/04/20 19:21:08,10.0,46.35
25751,POS消费,地点192,超市,2015/04/20 22:44:00,15.7,30.65
25751,POS消费,地点21,开水,2015/04/21 18:16:22,16.9,13.75
25751,POS消费,地点815,开水,2015/04/21 21:02:35,0.01,13.74
25751,POS消费,地点684,开水,2015/04/22 07:10:04,0.02,13.72
25751,POS消费,地点304,超市,2015/04/22 09:18:06,4.5,9.22
25751,POS消费,地点1155,食堂,2015/04/22 13:24:53,3.0,6.22
25751,POS消费,地点815,开水,2015/04/22 21:10:56,0.01,6.21
25751,POS消费,地点1894,淋浴,2015/04/22 22:46:26,1.5,4.71
25751,POS消费,地点21,开水,2015/04/25 06:24:53,2.5,2.21
25751,POS消费,地点69,食堂,2015/04/25 06:44:13,2.8,99.41
25751,POS消费,地点65,食堂,2015/04/25 06:45:04,0.2,99.21
25751,支付领取,,,2015/04/25 07:23:57,100.0,102.21
25751,POS消费,地点1155,食堂,2015/04/25 14:27:05,1.8,97.41
25751,POS消费,地点192,超市,2015/04/25 16:07:16,2.8,94.61
25751,POS消费,地点1961,超市,2015/04/25 21:04:02,13.0,81.61
25751,POS消费,地点212,图书馆,2015/04/25 21:27:52,4.7,76.91
25751,POS消费,地点83,食堂,2015/04/25 22:08:01,3.0,73.91
25751,POS消费,地点21,开水,2015/04/25 22:10:18,3.0,70.91
25751,POS消费,地点1893,淋浴,2015/04/25 23:14:57,1.2,69.71
25751,POS消费,地点1900,洗衣房,2015/04/26 02:48:45,3.6,66.11
25751,POS消费,地点1632,开水,2015/04/26 02:56:19,0.01,66.1
25751,POS消费,地点192,超市,2015/04/26 14:49:07,1.5,64.6
25751,POS消费,地点118,食堂,2015/04/26 14:53:42,1.8,62.8
25751,POS消费,地点146,校车,2015/04/26 17:02:11,1.0,58.8
25751,POS消费,地点21,开水,2015/04/26 17:16:07,3.0,59.8
25751,POS消费,地点146,校车,2015/04/26 17:21:24,1.0,57.8
25751,POS消费,地点188,超市,2015/04/26 19:29:10,5.0,52.8
25751,POS消费,地点1631,开水,2015/04/26 23:42:47,0.01,52.79
25751,POS消费,地点1632,开水,2015/04/26 23:45:15,0.01,52.78
25751,POS消费,地点65,食堂,2015/04/27 06:51:53,1.2,51.58
25751,POS消费,地点61,食堂,2015/04/27 06:52:53,5.2,46.38
25751,POS消费,地点683,开水,2015/04/27 07:11:22,0.01,46.37
25751,POS消费,地点225,食堂,2015/04/27 12:16:17,7.6,38.77
25751,POS消费,地点2107,食堂,2015/04/27 12:17:40,1.5,37.27
25751,POS消费,地点1961,超市,2015/04/27 12:40:59,13.0,24.27
25751,POS消费,地点219,超市,2015/04/27 15:20:14,3.5,20.77
25751,POS消费,地点192,超市,2015/04/27 21:33:35,6.3,14.47
25751,POS消费,地点1894,淋浴,2015/04/27 22:37:29,1.7,12.77
25751,POS消费,地点26,图书馆,2015/04/28 15:37:08,3.0,109.77
25751,POS消费,地点243,食堂,2015/04/28 15:41:50,3.0,106.77
25751,支付领取,,,2015/04/28 16:19:04,100.0,112.77
25751,POS消费,地点192,超市,2015/04/29 11:35:42,8.0,98.77
25751,POS消费,地点188,超市,2015/04/29 21:10:10,17.0,81.77
25751,POS消费,地点1996,校车,2015/04/30 09:23:08,1.0,80.77
25751,POS消费,地点1996,校车,2015/04/30 09:23:15,1.0,79.77
25751,POS消费,地点1996,校车,2015/04/30 09:42:47,1.0,78.77
25751,POS消费,地点21,开水,2015/05/04 12:40:13,3.0,75.77
25751,POS消费,地点192,超市,2015/05/04 14:14:24,12.4,63.37
25751,POS消费,地点1624,淋浴,2015/05/04 14:58:22,0.1,63.27
25751,POS消费,地点1624,淋浴,2015/05/04 14:59:09,2.3,60.97
25751,POS消费,地点192,超市,2015/05/04 16:12:47,3.0,57.97
25751,POS消费,地点83,食堂,2015/05/04 19:17:47,5.5,52.47
25751,POS消费,地点21,开水,2015/05/05 16:08:16,5.5,46.97
25751,POS消费,地点61,食堂,2015/05/06 07:09:54,8.4,37.37
25751,POS消费,地点60,食堂,2015/05/06 07:10:03,1.2,45.77
25751,POS消费,地点996,图书馆,2015/05/06 20:13:32,5.8,31.57
25751,POS消费,地点1894,淋浴,2015/05/07 00:08:44,2.4,29.17
25751,POS消费,地点192,超市,2015/05/07 09:23:31,8.3,20.87
25751,POS消费,地点192,超市,2015/05/07 10:03:59,3.0,17.87
25751,POS消费,地点1961,超市,2015/05/07 11:32:45,10.0,7.87
25751,POS消费,地点1632,开水,2015/05/08 00:15:02,0.01,7.86
25751,POS消费,地点1632,开水,2015/05/08 12:39:15,0.01,7.85
25751,卡充值,,,2015/05/08 14:20:41,200.0,207.85
25751,POS消费,地点192,超市,2015/05/08 14:22:43,6.8,201.05
25751,POS消费,地点2172,文印中心,2015/05/08 14:29:44,0.3,200.75
25751,POS消费,地点60,食堂,2015/05/09 07:41:54,1.2,199.55
25751,POS消费,地点61,食堂,2015/05/09 07:45:58,6.0,193.55
25751,POS消费,地点188,超市,2015/05/09 11:43:40,5.0,188.55
25751,POS消费,地点188,超市,2015/05/09 11:43:44,3.0,185.55
25751,POS消费,地点188,超市,2015/05/09 15:28:14,14.0,171.55
25751,POS消费,地点26,图书馆,2015/05/09 20:52:36,20.5,151.05
25751,POS消费,地点1632,开水,2015/05/09 23:04:56,0.01,151.04
25751,POS消费,地点1894,淋浴,2015/05/10 00:23:25,2.7,148.34
25751,POS消费,地点1632,开水,2015/05/10 12:52:13,0.01,148.33
25751,POS消费,地点188,超市,2015/05/10 13:57:05,10.7,137.63
25751,POS消费,地点1155,食堂,2015/05/10 16:37:20,3.0,134.63
25751,POS消费,地点21,开水,2015/05/10 16:53:21,3.0,131.63
25751,POS消费,地点262,食堂,2015/05/10 16:55:50,1.8,129.83
25751,POS消费,地点239,食堂,2015/05/10 16:55:53,6.9,122.93
25751,POS消费,地点253,食堂,2015/05/10 16:56:14,4.0,118.93
25751,POS消费,地点260,食堂,2015/05/10 16:57:14,1.0,117.93
25751,POS消费,地点218,食堂,2015/05/10 17:06:24,6.0,111.93
25751,POS消费,地点192,超市,2015/05/10 22:11:46,30.0,81.93
25751,POS消费,地点192,超市,2015/05/10 22:11:49,1.3,80.63
25751,POS消费,地点21,开水,2015/05/11 18:54:42,19.5,61.13
25751,POS消费,地点26,图书馆,2015/05/11 21:57:01,6.0,55.13
25751,POS消费,地点1632,开水,2015/05/11 22:10:20,0.01,55.12
25751,POS消费,地点65,食堂,2015/05/12 06:54:53,1.2,53.92
25751,POS消费,地点69,食堂,2015/05/12 06:55:53,5.0,48.92
25751,POS消费,地点1894,淋浴,2015/05/12 12:55:12,1.8,47.12
25751,POS消费,地点21,开水,2015/05/12 15:08:01,3.3,43.82
25751,POS消费,地点2172,文印中心,2015/05/12 15:29:18,0.9,42.92
25751,POS消费,地点1155,食堂,2015/05/12 15:38:29,3.0,39.92
25751,POS消费,地点21,开水,2015/05/13 12:38:27,16.3,23.62
25751,POS消费,地点21,开水,2015/05/13 18:04:37,4.1,19.52
25751,POS消费,地点1889,洗衣房,2015/05/13 23:07:57,3.6,15.92
25751,POS消费,地点69,食堂,2015/05/14 06:55:46,4.0,11.92
25751,POS消费,地点82,食堂,2015/05/14 06:57:58,1.0,10.92
25751,POS消费,地点26,图书馆,2015/05/14 09:25:13,3.0,7.92
25751,POS消费,地点243,食堂,2015/05/14 11:07:09,4.0,103.92
25751,POS消费,地点1571,文印中心,2015/05/14 11:36:32,7.95,95.97
25751,支付领取,,,2015/05/14 11:53:58,100.0,107.92
25751,POS消费,地点83,食堂,2015/05/14 11:57:43,4.8,91.17
25751,POS消费,地点1624,淋浴,2015/05/14 23:59:35,1.9,89.27
25751,POS消费,地点1632,开水,2015/05/15 11:23:21,0.01,89.26
25751,POS消费,地点192,超市,2015/05/15 14:28:25,15.0,74.26
25751,POS消费,地点21,开水,2015/05/15 22:08:32,19.46,54.8
25751,POS消费,地点192,超市,2015/05/16 12:21:45,9.2,45.6
25751,POS消费,地点243,食堂,2015/05/16 12:30:24,3.0,42.6
25751,POS消费,地点21,开水,2015/05/16 12:31:31,3.0,39.6
25751,POS消费,地点288,校车,2015/05/16 13:41:23,4.0,35.6
25751,POS消费,地点21,开水,2015/05/16 16:44:45,7.5,28.1
25751,POS消费,地点232,食堂,2015/05/16 17:53:32,8.0,20.1
25751,POS消费,地点21,开水,2015/05/17 14:26:03,17.0,3.1
25751,POS消费,地点1894,淋浴,2015/05/17 23:59:25,1.7,1.4
25751,POS消费,地点1894,淋浴,2015/05/18 00:16:39,0.3,1.1
25751,POS消费,地点21,开水,2015/05/20 12:41:23,14.0,87.1
25751,支付领取,,,2015/05/20 13:28:49,100.0,101.1
25751,POS消费,地点21,开水,2015/05/20 22:33:34,11.0,76.1
25751,POS消费,地点1894,淋浴,2015/05/21 01:10:35,1.4,74.7
25751,POS消费,地点1961,超市,2015/05/22 19:39:12,27.0,47.7
25751,POS消费,地点2172,文印中心,2015/05/23 15:29:52,0.9,46.8
25751,POS消费,地点1961,超市,2015/05/23 18:29:57,26.0,20.8
25751,POS消费,地点1894,淋浴,2015/05/24 19:31:26,0.7,20.1
25751,POS消费,地点65,食堂,2015/05/26 06:46:50,1.2,18.9
25751,POS消费,地点61,食堂,2015/05/26 06:48:23,4.8,14.1
25751,POS消费,地点192,超市,2015/05/26 11:02:53,13.0,1.1
25751,POS消费,地点21,开水,2015/05/26 12:23:54,12.38,88.72
25751,支付领取,,,2015/05/26 13:11:54,100.0,101.1
25751,POS消费,地点21,开水,2015/05/26 16:04:02,3.0,85.72
25751,POS消费,地点1961,超市,2015/05/26 18:29:37,11.0,74.72
25751,POS消费,地点1894,淋浴,2015/05/26 23:25:50,1.2,73.52
25751,POS消费,地点188,超市,2015/05/27 19:19:08,8.0,65.52
25751,POS消费,地点1155,食堂,2015/05/28 09:57:38,5.0,60.52
25751,POS消费,地点1894,淋浴,2015/05/29 00:35:35,2.4,58.12
25751,POS消费,地点1961,超市,2015/05/29 11:29:56,11.0,47.12
25751,POS消费,地点21,开水,2015/05/29 18:31:38,3.0,44.12
25751,POS消费,地点220,校车,2015/05/30 12:39:22,4.0,29.12
25751,POS消费,地点21,开水,2015/05/30 12:50:26,11.0,33.12
25751,POS消费,地点21,开水,2015/05/30 17:44:46,3.0,26.12
25751,POS消费,地点1961,超市,2015/05/30 18:09:41,11.0,15.12
25751,POS消费,地点1889,洗衣房,2015/05/31 10:58:59,3.6,11.52
25751,POS消费,地点1894,淋浴,2015/06/01 11:20:03,2.7,8.82
25751,POS消费,地点1894,淋浴,2015/06/04 01:09:21,1.7,7.12
25751,POS消费,地点83,食堂,2015/06/05 10:48:45,3.4,3.72
25751,POS消费,地点83,食堂,2015/06/05 10:53:10,4.0,99.72
25751,POS消费,地点83,食堂,2015/06/05 11:13:16,16.0,83.72
25751,支付领取,,,2015/06/05 11:43:01,100.0,103.72
25751,POS消费,地点1894,淋浴,2015/06/06 13:38:47,2.1,81.62
25751,POS消费,地点192,超市,2015/06/07 14:46:30,10.8,70.82
25751,POS消费,地点1588,食堂,2015/06/08 12:26:16,0.6,70.22
25751,POS消费,地点1588,食堂,2015/06/08 12:26:57,7.6,62.62
25751,POS消费,地点1961,超市,2015/06/08 14:13:08,17.9,44.72
25751,POS消费,地点26,图书馆,2015/06/08 14:29:36,3.5,41.22
25751,POS消费,地点218,食堂,2015/06/08 17:40:16,3.0,38.22
25751,POS消费,地点21,开水,2015/06/08 17:40:31,3.0,35.22
25751,POS消费,地点1961,超市,2015/06/08 21:51:40,8.8,26.42
25751,POS消费,地点192,超市,2015/06/08 21:58:45,7.0,19.42
25751,POS消费,地点1893,淋浴,2015/06/08 23:47:25,1.2,18.22
25751,POS消费,地点1632,开水,2015/06/09 02:18:04,0.01,18.21
25751,POS消费,地点1961,超市,2015/06/09 14:41:51,3.9,14.31
25751,POS消费,地点218,食堂,2015/06/09 18:04:37,2.0,12.31
25751,POS消费,地点1893,淋浴,2015/06/10 00:12:04,0.5,11.81
25751,POS消费,地点1472,校车,2015/06/10 10:18:18,1.0,96.81
25751,POS消费,地点192,超市,2015/06/10 10:34:40,14.0,97.81
25751,POS消费,地点1472,校车,2015/06/10 10:51:08,1.0,95.81
25751,支付领取,,,2015/06/10 11:26:41,100.0,111.81
25751,POS消费,地点243,食堂,2015/06/10 12:28:07,4.0,91.81
25751,POS消费,地点21,开水,2015/06/10 12:34:06,3.0,88.81
25751,POS消费,地点21,开水,2015/06/10 12:43:32,3.5,85.31
25751,POS消费,地点61,食堂,2015/06/11 06:51:23,4.8,80.51
25751,POS消费,地点65,食堂,2015/06/11 06:51:29,1.0,79.51
25751,POS消费,地点65,食堂,2015/06/11 06:59:47,0.8,78.71
25751,POS消费,地点274,超市,2015/06/11 16:08:51,17.0,61.71
25751,POS消费,地点118,食堂,2015/06/11 16:13:40,3.0,58.71
25751,POS消费,地点21,开水,2015/06/11 18:28:13,3.0,55.71
25751,POS消费,地点21,开水,2015/06/11 18:28:49,3.0,52.71
25751,POS消费,地点21,开水,2015/06/11 22:34:12,3.0,49.71
25751,POS消费,地点192,超市,2015/06/12 19:26:29,15.0,34.71
25751,POS消费,地点281,超市,2015/06/12 22:43:15,16.4,18.31
25751,POS消费,地点1889,洗衣房,2015/06/13 07:52:55,3.6,14.71
25751,POS消费,地点1889,洗衣房,2015/06/13 07:52:55,-3.48,18.19
25751,POS消费,地点1900,洗衣房,2015/06/13 07:54:11,3.6,14.59
25751,POS消费,地点69,食堂,2015/06/13 08:01:32,6.2,8.39
25751,POS消费,地点65,食堂,2015/06/13 08:02:16,0.4,7.99
25751,POS消费,地点1961,超市,2015/06/13 14:33:50,28.3,79.69
25751,支付领取,,,2015/06/13 15:19:22,100.0,107.99
25751,POS消费,地点1961,超市,2015/06/13 17:46:05,5.2,74.49
25751,POS消费,地点1961,超市,2015/06/13 17:48:34,11.0,63.49
25751,POS消费,地点1961,超市,2015/06/13 19:44:59,8.8,54.69
25751,POS消费,地点1894,淋浴,2015/06/14 04:56:11,1.8,52.89
25751,POS消费,地点1961,超市,2015/06/14 21:58:31,4.1,48.79
25751,POS消费,地点192,超市,2015/06/14 22:36:04,17.0,31.79
25751,POS消费,地点192,超市,2015/06/15 14:52:38,8.0,23.79
25751,POS消费,地点21,开水,2015/06/15 18:40:04,3.0,20.79
25751,POS消费,地点212,图书馆,2015/06/15 18:57:06,4.2,16.59
25751,POS消费,地点61,食堂,2015/06/16 06:46:57,3.6,12.99
25751,POS消费,地点65,食堂,2015/06/16 06:47:31,1.2,11.79
25751,POS消费,地点1961,超市,2015/06/16 19:41:02,10.0,1.79
25751,POS消费,地点1894,淋浴,2015/06/18 02:48:44,1.7,0.09
25751,POS消费,地点192,超市,2015/06/18 09:53:28,17.0,83.09
25751,支付领取,,,2015/06/18 10:45:46,100.0,100.09
25751,POS消费,地点243,食堂,2015/06/18 11:39:39,4.0,79.09
25751,POS消费,地点69,食堂,2015/06/19 07:13:46,7.9,71.19
25751,POS消费,地点65,食堂,2015/06/19 07:14:34,1.2,69.99
25751,POS消费,地点192,超市,2015/06/20 11:19:49,11.0,58.99
25751,POS消费,地点1996,校车,2015/06/20 12:21:25,1.0,57.99
25751,POS消费,地点1996,校车,2015/06/20 12:21:38,1.0,56.99
25751,POS消费,地点1996,校车,2015/06/20 12:21:45,1.0,55.99
25751,POS消费,地点192,超市,2015/06/20 15:11:16,9.5,46.49
25751,POS消费,地点69,食堂,2015/06/21 07:11:50,5.4,41.09
25751,POS消费,地点69,食堂,2015/06/21 07:11:53,1.8,39.29
25751,POS消费,地点82,食堂,2015/06/21 07:13:12,0.4,38.89
25751,POS消费,地点1894,淋浴,2015/06/21 16:54:04,2.4,36.49
25751,POS消费,地点188,超市,2015/06/22 15:02:58,6.0,30.49
25751,POS消费,地点306,食堂,2015/06/22 15:06:52,6.5,23.99
25751,POS消费,地点1961,超市,2015/06/22 15:31:53,12.3,11.69
25751,POS消费,地点188,超市,2015/06/22 22:07:29,3.0,8.69
25751,POS消费,地点274,超市,2015/06/23 17:38:34,2.4,106.29
25751,支付领取,,,2015/06/23 18:33:07,100.0,108.69
25751,POS消费,地点192,超市,2015/06/24 18:00:59,11.0,95.29
25751,POS消费,地点1961,超市,2015/06/24 20:38:05,3.0,92.29
25751,POS消费,地点1961,超市,2015/06/24 22:27:37,16.1,76.19
25751,POS消费,地点61,食堂,2015/06/25 08:07:20,7.4,68.79
25751,POS消费,地点60,食堂,2015/06/25 08:12:08,0.4,68.39
25751,POS消费,地点188,超市,2015/06/25 17:19:52,17.0,51.39
25751,POS消费,地点1961,超市,2015/06/25 22:11:51,3.0,48.39
25751,POS消费,地点1894,淋浴,2015/06/26 05:24:47,1.8,46.59
25751,POS消费,地点1961,超市,2015/06/26 15:56:18,24.0,22.59
25751,POS消费,地点26,图书馆,2015/06/27 22:28:20,5.0,17.59
25751,POS消费,地点61,食堂,2015/06/28 08:09:24,6.8,8.99
25751,POS消费,地点65,食堂,2015/06/28 08:10:11,1.2,7.79
25751,POS消费,地点1997,食堂,2015/06/28 09:35:49,1.8,15.79
25751,POS消费,地点1405,校车,2015/06/28 21:31:03,2.0,5.79
25751,POS消费,地点61,食堂,2015/07/02 08:24:03,7.5,96.49
25751,POS消费,地点124,食堂,2015/07/02 08:45:06,3.0,93.49
25751,POS消费,地点124,食堂,2015/07/02 08:45:15,1.0,92.49
25751,支付领取,,,2015/07/02 09:17:44,100.0,103.99
25751,POS消费,地点212,图书馆,2015/07/02 11:24:01,2.2,90.29
25751,POS消费,地点1961,超市,2015/07/03 11:03:43,12.0,78.29
25751,POS消费,地点192,超市,2015/07/05 14:05:40,17.0,59.09
25751,POS消费,地点274,超市,2015/07/05 14:36:16,6.0,53.09
25751,POS消费,地点21,开水,2015/07/05 19:57:21,3.0,50.09
25751,POS消费,地点246,食堂,2015/07/05 20:07:17,15.0,35.09
25751,POS消费,地点89,食堂,2015/07/05 20:07:17,7.0,28.09
25751,POS消费,地点230,食堂,2015/07/05 20:33:38,3.6,24.49
25751,POS消费,地点1961,超市,2015/07/05 21:52:06,11.0,13.49
25751,POS消费,地点72,食堂,2015/07/06 08:45:36,10.5,2.99
25751,POS消费,地点60,食堂,2015/07/06 09:04:24,0.5,2.49
25751,支付领取,,,2015/07/07 08:57:39,100.0,102.49
25751,POS消费,地点1997,食堂,2015/07/07 09:29:27,6.5,95.99
25751,POS消费,地点1961,超市,2015/07/07 20:35:48,16.0,79.99
25751,POS消费,地点1889,洗衣房,2015/07/08 02:18:25,3.6,76.39
25751,POS消费,地点69,食堂,2015/07/08 08:11:10,6.3,68.09
25751,POS消费,地点203,食堂,2015/07/09 19:52:13,6.5,61.59
25751,POS消费,地点21,开水,2015/07/09 20:01:11,3.0,58.59
25751,POS消费,地点83,食堂,2015/07/09 20:04:36,17.0,41.59
25751,POS消费,地点996,图书馆,2015/07/09 20:19:09,2.9,38.69
25751,POS消费,地点192,超市,2015/07/09 21:20:52,18.8,19.89
25751,POS消费,地点61,食堂,2015/07/10 08:14:34,6.9,12.99
25751,POS消费,地点21,开水,2015/07/10 11:25:55,3.0,9.99
25751,POS消费,地点274,超市,2015/07/10 22:13:51,8.0,1.99
25751,支付领取,,,2015/07/15 19:00:07,100.0,100.09
25751,POS消费,地点61,食堂,2015/07/16 08:05:12,3.3,96.79
25751,POS消费,地点65,食堂,2015/07/16 08:05:37,1.0,95.79
25751,POS消费,地点89,食堂,2015/07/16 08:09:32,3.0,92.79
25751,POS消费,地点230,食堂,2015/07/16 21:12:45,1.2,91.59
25751,POS消费,地点227,食堂,2015/07/16 21:16:28,3.0,88.59
25751,POS消费,地点192,超市,2015/07/16 21:36:12,14.8,73.79
25751,POS消费,地点89,食堂,2015/07/17 08:47:54,4.5,69.29
25751,POS消费,地点21,开水,2015/07/17 09:01:14,3.0,66.29
25751,POS消费,地点118,食堂,2015/07/17 10:41:40,6.0,60.29
25751,POS消费,地点192,超市,2015/07/17 14:21:45,24.0,36.29
25751,POS消费,地点274,超市,2015/07/18 14:19:40,25.9,10.39
25751,POS消费,地点21,开水,2015/07/19 07:20:49,5.0,102.29
25751,POS消费,地点69,食堂,2015/07/19 07:21:57,6.2,96.09
25751,POS消费,地点65,食堂,2015/07/19 07:23:31,0.2,95.89
25751,支付领取,,,2015/07/19 08:23:33,100.0,107.29
25751,POS消费,地点274,超市,2015/08/19 13:08:19,6.8,89.09
25751,POS消费,地点21,开水,2015/08/22 08:10:36,5.6,79.89
25751,POS消费,地点188,超市,2015/08/22 12:41:23,28.0,51.89
25751,POS消费,地点192,超市,2015/08/22 15:58:15,6.1,45.79
25751,POS消费,地点21,开水,2015/08/23 07:16:51,6.0,38.19
25751,POS消费,地点118,食堂,2015/08/24 07:22:55,5.0,32.49
25751,POS消费,地点21,开水,2015/08/24 07:59:41,5.1,27.39
25751,POS消费,地点91,校车,2015/08/24 08:08:22,0.8,26.59
25751,POS消费,地点192,超市,2015/08/24 22:07:05,6.0,20.59
25751,POS消费,地点118,食堂,2015/08/25 07:15:13,5.0,13.99
25751,POS消费,地点167,食堂,2015/08/25 08:02:40,8.6,5.39
25751,POS消费,地点167,食堂,2015/08/25 08:09:29,3.6,1.79
25751,POS消费,地点232,食堂,2015/08/26 07:57:05,7.8,93.99
25751,支付领取,,,2015/08/26 08:16:11,100.0,101.79
25751,POS消费,地点227,食堂,2015/08/26 12:22:07,8.0,85.99
25751,POS消费,地点246,食堂,2015/08/26 12:25:12,0.6,85.39
25751,POS消费,地点21,开水,2015/08/26 12:51:10,3.0,82.39
25751,POS消费,地点192,超市,2015/08/26 12:56:48,17.0,65.39
25751,POS消费,地点61,食堂,2015/08/26 17:40:19,3.6,61.79
25751,POS消费,地点239,食堂,2015/08/26 17:42:48,5.0,56.79
25751,POS消费,地点239,食堂,2015/08/26 17:43:05,3.6,53.19
25751,POS消费,地点1889,洗衣房,2015/08/27 00:17:43,3.6,49.59
25751,POS消费,地点1997,食堂,2015/08/27 10:01:40,5.1,43.19
25751,POS消费,地点61,食堂,2015/08/27 12:14:45,6.6,36.59
25751,POS消费,地点61,食堂,2015/08/27 12:14:59,0.4,36.19
25751,POS消费,地点1545,食堂,2015/08/27 12:15:11,8.0,28.19
25751,POS消费,地点21,开水,2015/08/27 12:24:43,3.5,24.69
25751,POS消费,地点21,开水,2015/08/27 12:25:14,3.0,21.69
25751,POS消费,地点118,食堂,2015/08/28 07:10:53,5.0,15.59
25751,POS消费,地点266,食堂,2015/08/28 08:02:32,6.3,9.29
25751,POS消费,地点72,食堂,2015/08/28 17:29:26,8.2,1.09
25751,POS消费,地点21,开水,2015/08/28 17:41:43,3.0,98.09
25751,POS消费,地点218,食堂,2015/08/28 17:42:07,1.8,96.29
25751,支付领取,,,2015/08/28 18:54:25,100.0,101.09
25751,POS消费,地点91,校车,2015/08/29 11:50:10,6.0,89.19
25751,POS消费,地点192,超市,2015/08/29 12:20:10,12.0,77.19
25751,POS消费,地点1961,超市,2015/08/29 17:36:51,1.9,75.29
25751,POS消费,地点61,食堂,2015/08/30 07:21:57,4.4,69.29
25751,POS消费,地点1996,校车,2015/08/30 10:35:30,1.0,68.29
25751,POS消费,地点1996,校车,2015/08/30 10:35:38,1.0,67.29
25751,POS消费,地点118,食堂,2015/08/30 11:06:46,4.0,63.29
25751,POS消费,地点83,食堂,2015/08/31 07:36:05,12.8,49.29
25751,POS消费,地点192,超市,2015/08/31 21:38:49,8.0,41.29
25751,POS消费,地点1894,淋浴,2015/08/31 22:40:20,1.0,40.29
