25784,卡片开户,,,2014/07/14 09:37:08,0.0,0.0
25784,卡充值,,,2014/08/29 12:12:37,200.0,200.0
25784,POS消费,地点70,食堂,2014/08/29 12:14:22,3.0,197.0
25784,POS消费,地点168,食堂,2014/08/29 12:17:54,11.0,186.0
25784,POS消费,地点307,食堂,2014/08/29 12:25:11,1.5,184.5
25784,POS消费,地点1547,食堂,2014/08/29 12:29:12,4.0,180.5
25784,POS消费,地点307,食堂,2014/08/29 12:41:53,1.5,179.0
25784,POS消费,地点21,开水,2014/08/29 12:43:47,1.0,178.0
25784,POS消费,地点168,食堂,2014/08/30 09:45:48,6.5,170.9
25784,POS消费,地点203,食堂,2014/08/30 14:10:27,7.5,163.4
25784,POS消费,地点26,图书馆,2014/08/30 14:49:34,1.8,161.6
25784,POS消费,地点26,图书馆,2014/08/30 14:49:58,0.3,161.3
25784,POS消费,地点21,开水,2014/08/30 18:28:12,8.6,152.7
25784,POS消费,地点1655,淋浴,2014/08/31 08:05:19,0.6,152.1
25784,POS消费,地点232,食堂,2014/08/31 08:31:42,3.0,149.1
25784,POS消费,地点1547,食堂,2014/08/31 08:33:42,3.0,146.1
25784,POS消费,地点218,食堂,2014/08/31 11:09:06,2.9,143.2
25784,POS消费,地点1596,食堂,2014/08/31 12:13:02,8.6,134.6
