25830,卡片开户,,,2014/07/18 11:48:20,0.0,0.0
25830,卡充值,,,2014/08/28 12:55:07,400.0,400.0
25830,POS消费,地点1206,其他,2014/08/29 15:04:26,4.0,396.0
25830,POS消费,地点188,超市,2014/08/30 09:57:06,48.6,347.4
25830,POS消费,地点26,图书馆,2014/08/30 13:04:48,17.9,329.5
25830,POS消费,地点188,超市,2014/08/30 14:01:09,11.9,317.6
25830,POS消费,地点188,超市,2014/08/30 17:22:48,4.6,313.0
25830,POS消费,地点188,超市,2014/08/30 21:07:03,43.6,269.4
25830,POS消费,地点21,开水,2014/08/31 09:29:43,4.0,265.4
25830,POS消费,地点91,校车,2014/08/31 12:27:11,13.6,243.8
25830,POS消费,地点232,食堂,2014/08/31 12:27:27,8.0,257.4
25830,POS消费,地点21,开水,2014/08/31 21:26:46,2.9,240.9
