25880,卡片开户,,,2014/07/16 11:47:34,0.0,0.0
25880,卡充值,,,2014/08/29 10:07:04,600.0,600.0
25880,POS消费,地点192,超市,2014/08/29 10:35:09,30.0,570.0
25880,POS消费,地点192,超市,2014/08/29 10:35:13,30.0,540.0
25880,POS消费,地点192,超市,2014/08/29 10:35:17,5.4,534.6
25880,POS消费,地点65,食堂,2014/08/29 12:38:18,5.6,529.0
25880,POS消费,地点89,食堂,2014/08/29 18:23:28,4.5,524.5
25880,POS消费,地点21,开水,2014/08/30 09:23:37,3.2,520.6
25880,POS消费,地点60,食堂,2014/08/30 09:30:13,0.7,523.8
25880,POS消费,地点314,食堂,2014/08/30 11:24:52,30.0,490.6
25880,POS消费,地点314,食堂,2014/08/30 11:24:56,26.3,464.3
25880,POS消费,地点314,食堂,2014/08/30 11:26:57,28.0,436.3
25880,POS消费,地点21,开水,2014/08/30 12:22:16,15.6,420.7
25880,POS消费,地点188,超市,2014/08/30 12:33:40,16.3,404.4
25880,POS消费,地点232,食堂,2014/08/30 17:54:16,3.0,401.4
25880,POS消费,地点526,食堂,2014/08/30 20:02:31,6.0,395.4
25880,POS消费,地点192,超市,2014/08/31 10:52:07,18.0,377.4
25880,POS消费,地点89,食堂,2014/08/31 12:06:12,4.5,372.9
25880,POS消费,地点1588,食堂,2014/08/31 18:28:13,5.3,367.6
