25888,卡片开户,,,2014/07/17 09:23:40,0.0,0.0
25888,卡充值,,,2014/08/29 12:39:48,100.0,100.0
25888,POS消费,地点314,食堂,2014/08/29 17:00:53,30.0,70.0
25888,POS消费,地点314,食堂,2014/08/29 17:00:57,5.4,64.6
25888,POS消费,地点60,食堂,2014/08/30 07:56:57,0.5,64.1
25888,POS消费,地点314,食堂,2014/08/30 11:22:59,52.2,11.9
25888,POS消费,地点61,食堂,2014/08/30 12:37:00,3.6,8.3
25888,POS消费,地点218,食堂,2014/08/31 10:53:43,2.9,5.4
25888,POS消费,地点21,开水,2014/08/31 11:34:26,3.0,2.4
25888,卡充值,,,2014/08/31 11:42:52,200.0,202.4
