26056,卡片开户,,,2014/07/21 09:47:21,0.0,0.0
26056,卡充值,,,2014/08/29 13:14:52,100.0,100.0
26056,POS消费,地点89,食堂,2014/08/29 13:33:39,6.0,94.0
26056,POS消费,地点218,食堂,2014/08/29 17:35:21,2.9,91.1
26056,POS消费,地点188,超市,2014/08/29 20:06:36,30.6,60.5
26056,POS消费,地点65,食堂,2014/08/30 12:04:24,5.6,54.9
26056,POS消费,地点243,食堂,2014/08/30 12:25:10,0.8,54.1
26056,POS消费,地点89,食堂,2014/08/30 17:37:50,3.0,51.1
26056,POS消费,地点6,淋浴,2014/08/31 08:37:11,1.85,49.25
26056,POS消费,地点21,开水,2014/08/31 08:56:10,2.1,47.15
26056,POS消费,地点21,开水,2014/08/31 11:07:43,7.6,39.55
26056,POS消费,地点1847,食堂,2014/08/31 11:10:05,1.0,38.55
26056,POS消费,地点21,开水,2014/08/31 18:45:25,1.0,37.55
26056,POS消费,地点44,淋浴,2014/08/31 22:15:59,0.1,37.45
26056,POS消费,地点44,淋浴,2014/08/31 22:19:09,0.1,37.35
26056,POS消费,地点44,淋浴,2014/08/31 22:19:28,0.4,36.95
26056,POS消费,地点44,淋浴,2014/08/31 22:24:04,0.8,36.15
26056,POS消费,地点44,淋浴,2014/08/31 22:31:42,0.3,35.85
26056,POS消费,地点50,洗衣房,2014/08/31 23:19:40,3.6,32.25
26056,POS消费,地点50,洗衣房,2014/08/31 23:56:40,-1.38,33.63
