26222,卡片开户,,,2014/07/17 16:08:52,0.0,0.0
26222,卡充值,,,2014/08/29 13:08:40,300.0,300.0
26222,POS消费,地点36,开水,2014/08/31 11:40:36,0.02,299.98
26222,POS消费,地点206,开水,2014/08/31 11:44:27,0.04,299.94
26222,POS消费,地点206,开水,2014/08/31 11:55:16,0.06,299.88
26222,POS消费,地点206,开水,2014/08/31 11:57:58,0.04,299.84
26222,POS消费,地点61,食堂,2014/08/31 12:36:50,8.8,291.04
26222,POS消费,地点61,食堂,2014/08/31 12:37:11,5.8,285.24
26222,POS消费,地点21,开水,2014/08/31 12:41:30,6.7,278.54
26222,POS消费,地点36,开水,2014/08/31 13:00:38,0.01,278.53
26222,POS消费,地点206,开水,2014/08/31 13:54:45,0.03,278.5
26222,POS消费,地点206,开水,2014/08/31 15:14:30,0.06,278.44
26222,POS消费,地点206,开水,2014/08/31 16:36:49,0.03,278.41
26222,POS消费,地点206,开水,2014/08/31 17:13:05,0.03,278.38
26222,POS消费,地点87,食堂,2014/08/31 17:41:32,4.6,262.18
26222,POS消费,地点87,食堂,2014/08/31 17:41:47,-4.6,266.78
26222,POS消费,地点87,食堂,2014/08/31 17:41:54,4.0,262.78
26222,POS消费,地点61,食堂,2014/08/31 17:53:48,11.6,266.78
26222,POS消费,地点206,开水,2014/08/31 21:03:58,0.05,262.73
26222,POS消费,地点232,食堂,2014/08/31 23:00:00,0.7,262.03
26222,POS消费,地点232,食堂,2014/08/31 23:06:34,0.1,261.93
