26332,卡片开户,,,2014/07/13 15:51:14,0.0,0.0
26332,卡充值,,,2014/08/28 17:15:27,300.0,300.0
26332,POS消费,地点232,食堂,2014/08/28 22:51:10,0.9,299.1
26332,POS消费,地点69,食堂,2014/08/29 12:01:39,5.6,293.5
26332,POS消费,地点211,校车,2014/08/29 14:29:01,1.0,292.5
26332,POS消费,地点26,图书馆,2014/08/29 17:06:21,28.0,264.5
26332,POS消费,地点1674,食堂,2014/08/29 17:40:41,3.2,261.3
26332,POS消费,地点264,食堂,2014/08/29 17:41:15,10.0,251.3
26332,POS消费,地点755,淋浴,2014/08/29 23:29:49,1.1,250.2
26332,POS消费,地点36,开水,2014/08/30 07:41:24,0.01,250.19
26332,POS消费,地点36,开水,2014/08/30 07:42:27,0.01,250.18
26332,POS消费,地点206,开水,2014/08/30 07:42:56,0.01,250.17
26332,POS消费,地点206,开水,2014/08/30 07:45:58,0.05,250.12
26332,POS消费,地点124,食堂,2014/08/30 08:54:24,3.0,247.12
26332,POS消费,地点192,超市,2014/08/30 10:32:03,15.7,231.42
26332,POS消费,地点21,开水,2014/08/30 11:35:43,4.1,227.32
26332,POS消费,地点21,开水,2014/08/30 11:35:59,5.6,221.72
26332,POS消费,地点1961,超市,2014/08/30 12:38:34,4.8,216.92
26332,POS消费,地点232,食堂,2014/08/30 15:55:29,0.1,216.82
26332,POS消费,地点232,食堂,2014/08/30 15:56:26,0.1,216.72
26332,POS消费,地点6,淋浴,2014/08/30 15:57:11,0.4,216.32
26332,POS消费,地点6,淋浴,2014/08/30 16:01:12,0.3,216.02
26332,POS消费,地点6,淋浴,2014/08/30 16:04:17,0.4,215.62
26332,POS消费,地点1588,食堂,2014/08/30 17:35:53,4.1,211.52
26332,POS消费,地点134,食堂,2014/08/31 08:51:57,1.55,209.97
26332,POS消费,地点1588,食堂,2014/08/31 11:40:05,7.6,202.37
26332,POS消费,地点134,食堂,2014/08/31 17:54:23,4.6,197.77
26332,POS消费,地点21,开水,2014/08/31 20:53:16,26.8,170.97
26332,POS消费,地点6,淋浴,2014/08/31 23:43:29,0.8,170.17
