26668,卡片开户,,,2014/07/14 10:12:18,0.0,0.0
26668,卡充值,,,2014/08/27 16:51:27,400.0,400.0
26668,POS消费,地点21,开水,2014/08/27 16:58:45,19.5,380.5
26668,POS消费,地点21,开水,2014/08/27 18:27:38,8.5,372.0
26668,POS消费,地点222,校车,2014/08/27 20:06:05,1.0,371.0
26668,POS消费,地点222,校车,2014/08/27 20:07:19,1.0,370.0
26668,POS消费,地点222,校车,2014/08/27 20:08:29,1.0,369.0
26668,POS消费,地点1448,校车,2014/08/28 09:21:19,1.0,368.0
26668,POS消费,地点1870,开水,2014/08/28 10:15:51,0.01,367.99
26668,POS消费,地点192,超市,2014/08/28 11:07:21,12.0,355.99
26668,POS消费,地点21,开水,2014/08/28 12:33:01,8.6,347.39
26668,POS消费,地点248,超市,2014/08/28 12:33:37,5.4,341.99
26668,POS消费,地点21,开水,2014/08/28 12:33:45,6.6,335.39
26668,POS消费,地点21,开水,2014/08/28 12:35:39,1.5,333.89
26668,POS消费,地点21,开水,2014/08/28 12:35:54,1.0,332.89
26668,POS消费,地点1870,开水,2014/08/28 20:24:58,0.01,332.88
26668,POS消费,地点188,超市,2014/08/28 20:59:20,4.8,328.08
26668,POS消费,地点21,开水,2014/08/29 08:45:03,2.5,325.58
26668,POS消费,地点89,食堂,2014/08/29 18:15:12,4.5,321.08
26668,POS消费,地点1884,开水,2014/08/29 19:48:26,0.01,321.07
26668,POS消费,地点1870,开水,2014/08/29 22:44:22,0.01,321.06
26668,POS消费,地点21,开水,2014/08/30 12:10:47,6.6,312.06
26668,POS消费,地点1641,淋浴,2014/08/30 15:35:33,0.4,311.36
26668,POS消费,地点1641,淋浴,2014/08/30 15:36:45,0.3,311.76
26668,POS消费,地点21,开水,2014/08/30 17:09:59,2.5,308.86
26668,POS消费,地点21,开水,2014/08/30 17:10:10,1.5,307.36
26668,POS消费,地点21,开水,2014/08/31 07:26:34,0.5,306.86
26668,POS消费,地点21,开水,2014/08/31 07:27:45,1.2,305.66
26668,POS消费,地点21,开水,2014/08/31 11:40:29,4.1,301.56
26668,POS消费,地点286,食堂,2014/08/31 17:49:15,1.0,300.56
26668,POS消费,地点1686,食堂,2014/08/31 17:50:42,5.0,295.56
26668,POS消费,地点841,食堂,2014/08/31 17:52:02,1.0,294.56
