26678,卡片开户,,,2014/07/15 12:07:58,0.0,0.0
26678,卡充值,,,2014/08/29 11:23:26,200.0,200.0
26678,POS消费,地点114,食堂,2014/08/29 14:17:02,5.0,177.4
26678,POS消费,地点114,食堂,2014/08/29 14:17:08,5.0,172.4
26678,POS消费,地点61,食堂,2014/08/29 14:28:59,17.6,182.4
26678,POS消费,地点21,开水,2014/08/29 15:59:44,3.3,169.1
26678,POS消费,地点203,食堂,2014/08/29 20:03:12,7.5,161.6
26678,POS消费,地点168,食堂,2014/08/30 18:26:09,5.5,156.1
26678,POS消费,地点188,超市,2014/08/30 19:46:32,4.0,152.1
26678,POS消费,地点12,文印中心,2014/08/30 20:23:02,0.8,151.3
26678,POS消费,地点69,食堂,2014/08/31 09:16:55,0.8,150.5
26678,POS消费,地点69,食堂,2014/08/31 09:17:03,1.6,148.9
26678,POS消费,地点61,食堂,2014/08/31 09:33:30,1.0,147.9
26678,POS消费,地点203,食堂,2014/08/31 12:11:51,6.5,141.4
26678,POS消费,地点21,开水,2014/08/31 12:40:38,11.7,129.7
26678,POS消费,地点248,超市,2014/08/31 17:45:51,5.6,124.1
26678,POS消费,地点91,校车,2014/08/31 17:46:07,4.0,120.1
