26752,卡片开户,,,2014/07/20 10:20:07,0.0,0.0
26752,卡充值,,,2014/08/29 11:31:33,200.0,200.0
26752,POS消费,地点21,开水,2014/08/29 12:50:25,8.6,191.4
26752,POS消费,地点21,开水,2014/08/29 12:50:50,8.6,182.8
26752,POS消费,地点21,开水,2014/08/29 12:51:46,1.2,181.6
26752,POS消费,地点21,开水,2014/08/29 12:52:05,1.8,179.8
26752,POS消费,地点21,开水,2014/08/29 12:58:48,12.0,152.0
26752,POS消费,地点161,食堂,2014/08/29 13:05:55,0.6,151.4
26752,POS消费,地点253,食堂,2014/08/29 13:07:06,5.5,174.3
26752,POS消费,地点253,食堂,2014/08/29 13:07:15,5.5,168.8
26752,POS消费,地点253,食堂,2014/08/29 13:07:24,4.8,164.0
26752,POS消费,地点118,食堂,2014/08/29 17:30:48,1.5,149.9
26752,POS消费,地点21,开水,2014/08/29 18:58:28,3.0,146.9
26752,POS消费,地点61,食堂,2014/08/29 19:16:51,8.6,138.3
26752,POS消费,地点61,食堂,2014/08/30 08:11:42,2.25,135.45
26752,POS消费,地点248,超市,2014/08/30 12:06:45,5.1,130.35
26752,POS消费,地点248,超市,2014/08/30 17:08:55,10.6,116.75
26752,POS消费,地点1966,淋浴,2014/08/30 22:49:07,0.4,116.35
26752,POS消费,地点21,开水,2014/08/31 07:29:01,3.6,112.75
26752,POS消费,地点21,开水,2014/08/31 11:13:43,3.1,109.65
26752,POS消费,地点21,开水,2014/08/31 11:26:10,6.0,103.65
26752,POS消费,地点184,食堂,2014/08/31 17:43:13,1.6,102.05
26752,POS消费,地点21,开水,2014/08/31 17:43:23,3.0,93.35
26752,POS消费,地点239,食堂,2014/08/31 17:43:43,5.7,96.35
26752,POS消费,地点1884,开水,2014/08/31 18:36:37,0.01,93.34
26752,POS消费,地点1884,开水,2014/08/31 18:37:28,0.01,93.33
26752,POS消费,地点1884,开水,2014/08/31 23:45:14,0.01,93.31
26752,POS消费,地点1884,开水,2014/08/31 23:45:26,0.01,93.3
26752,POS消费,地点1884,开水,2014/08/31 23:47:00,0.01,93.32
