26768,卡片开户,,,2014/07/16 11:56:39,0.0,0.0
26768,卡充值,,,2014/08/29 17:47:55,300.0,300.0
26768,POS消费,地点184,食堂,2014/08/29 18:46:32,2.6,297.4
26768,POS消费,地点188,超市,2014/08/29 19:56:34,63.3,234.1
26768,POS消费,地点237,食堂,2014/08/30 11:41:25,4.6,229.5
26768,POS消费,地点59,食堂,2014/08/30 11:48:01,1.9,220.0
26768,POS消费,地点21,开水,2014/08/30 11:59:10,7.6,221.9
26768,POS消费,地点1588,食堂,2014/08/30 18:18:08,4.1,215.9
26768,POS消费,地点157,食堂,2014/08/30 18:18:45,5.0,210.9
26768,POS消费,地点314,食堂,2014/08/30 18:44:40,20.6,190.3
26768,POS消费,地点21,开水,2014/08/31 07:52:02,3.1,187.2
26768,POS消费,地点184,食堂,2014/08/31 11:35:01,4.6,182.6
26768,POS消费,地点21,开水,2014/08/31 11:49:51,27.9,154.7
26768,POS消费,地点232,食堂,2014/08/31 17:33:27,3.0,151.7
26768,POS消费,地点21,开水,2014/08/31 17:49:53,8.5,143.2
