26764,卡片开户,,,2014/07/16 15:05:01,0.0,0.0
26764,卡充值,,,2014/08/29 15:51:08,500.0,500.0
26764,POS消费,地点161,食堂,2014/08/29 18:16:23,9.6,490.4
26764,POS消费,地点192,超市,2014/08/29 19:13:05,7.8,482.6
26764,POS消费,地点188,超市,2014/08/29 20:01:33,3.1,479.5
26764,POS消费,地点1155,食堂,2014/08/30 08:46:35,20.0,459.0
26764,POS消费,地点179,食堂,2014/08/30 11:55:27,5.6,453.4
26764,POS消费,地点179,食堂,2014/08/30 11:56:12,7.5,445.9
26764,POS消费,地点26,图书馆,2014/08/30 15:03:22,13.7,432.2
26764,POS消费,地点1884,开水,2014/08/30 15:36:24,0.01,432.19
26764,POS消费,地点21,开水,2014/08/30 17:45:11,27.7,404.49
26764,POS消费,地点264,食堂,2014/08/30 17:47:10,10.6,393.89
26764,POS消费,地点972,食堂,2014/08/30 18:05:19,4.6,389.29
26764,POS消费,地点12,文印中心,2014/08/30 21:33:25,0.3,388.99
26764,POS消费,地点168,食堂,2014/08/31 11:34:19,5.5,383.49
26764,POS消费,地点21,开水,2014/08/31 11:37:34,5.09,377.4
26764,POS消费,地点88,食堂,2014/08/31 11:37:52,1.5,375.9
26764,POS消费,地点182,食堂,2014/08/31 11:39:20,1.0,382.49
26764,POS消费,地点91,校车,2014/08/31 17:28:16,3.2,372.7
26764,POS消费,地点91,校车,2014/08/31 17:32:21,20.4,352.3
