26836,卡片开户,,,2014/07/17 09:44:56,0.0,0.0
26836,卡充值,,,2014/08/29 10:15:51,200.0,200.0
26836,POS消费,地点237,食堂,2014/08/29 12:25:35,4.6,195.4
26836,POS消费,地点237,食堂,2014/08/29 12:26:17,1.4,194.0
26836,POS消费,地点237,食堂,2014/08/29 12:26:43,1.4,192.6
26836,POS消费,地点237,食堂,2014/08/29 12:27:24,2.6,190.0
26836,POS消费,地点237,食堂,2014/08/29 12:27:59,1.4,188.6
26836,POS消费,地点59,食堂,2014/08/29 12:29:33,1.5,187.1
26836,POS消费,地点59,食堂,2014/08/29 12:29:46,1.5,185.6
26836,POS消费,地点59,食堂,2014/08/29 12:30:00,1.5,184.1
26836,POS消费,地点59,食堂,2014/08/29 12:30:11,1.5,182.6
26836,POS消费,地点59,食堂,2014/08/29 12:31:04,1.5,181.1
26836,POS消费,地点59,食堂,2014/08/29 12:31:15,1.5,179.6
26836,POS消费,地点387,淋浴,2014/08/29 22:51:00,0.4,179.2
26836,POS消费,地点168,食堂,2014/08/30 11:19:57,13.0,166.2
26836,POS消费,地点204,食堂,2014/08/30 11:20:47,5.5,160.7
26836,POS消费,地点184,食堂,2014/08/31 09:01:14,4.8,155.7
26836,POS消费,地点494,淋浴,2014/08/31 22:34:31,0.3,155.4
