26886,卡片开户,,,2014/07/17 15:57:08,0.0,0.0
26886,卡充值,,,2014/08/29 13:37:04,200.0,200.0
26886,POS消费,地点1155,食堂,2014/08/29 14:52:34,9.5,190.5
26886,POS消费,地点1852,开水,2014/08/29 22:39:59,0.01,190.49
26886,POS消费,地点1870,开水,2014/08/29 23:35:05,0.01,190.48
26886,POS消费,地点134,食堂,2014/08/30 07:59:45,0.8,189.68
26886,POS消费,地点103,食堂,2014/08/30 08:02:28,0.8,188.88
26886,POS消费,地点103,食堂,2014/08/30 08:02:49,1.8,187.08
26886,POS消费,地点103,食堂,2014/08/30 08:03:02,-1.8,188.88
26886,POS消费,地点103,食堂,2014/08/30 08:03:09,1.0,187.88
26886,POS消费,地点192,超市,2014/08/30 08:32:41,0.6,187.28
26886,POS消费,地点232,食堂,2014/08/30 11:41:20,18.0,169.28
26886,POS消费,地点21,开水,2014/08/30 11:43:43,16.4,152.88
26886,POS消费,地点282,食堂,2014/08/30 17:38:20,5.5,147.38
26886,POS消费,地点21,开水,2014/08/31 08:54:30,2.8,144.58
26886,POS消费,地点1954,淋浴,2014/08/31 10:48:11,0.4,144.18
26886,POS消费,地点1155,食堂,2014/08/31 18:55:13,5.2,138.98
26886,POS消费,地点1884,开水,2014/08/31 23:48:20,0.01,138.97
