27188,卡片开户,,,2014/07/19 10:04:56,0.0,0.0
27188,卡充值,,,2014/08/25 09:26:31,1000.0,1000.0
27188,POS消费,地点146,校车,2014/08/25 10:03:59,1.0,999.0
27188,POS消费,地点146,校车,2014/08/25 10:04:25,1.0,998.0
27188,POS消费,地点146,校车,2014/08/25 10:04:36,1.0,997.0
27188,POS消费,地点222,校车,2014/08/25 12:51:42,1.0,996.0
27188,POS消费,地点21,开水,2014/08/25 13:05:01,30.0,966.0
27188,POS消费,地点21,开水,2014/08/25 13:05:05,9.6,956.4
27188,POS消费,地点146,校车,2014/08/25 14:27:32,1.0,955.4
27188,POS消费,地点1472,校车,2014/08/25 15:36:44,1.0,954.4
27188,POS消费,地点1472,校车,2014/08/25 15:36:51,1.0,953.4
27188,POS消费,地点230,食堂,2014/08/25 17:19:02,5.0,948.4
27188,POS消费,地点21,开水,2014/08/25 17:19:40,4.0,935.7
27188,POS消费,地点184,食堂,2014/08/25 17:26:34,7.2,941.2
27188,POS消费,地点251,食堂,2014/08/25 17:27:31,1.5,939.7
27188,POS消费,地点251,食堂,2014/08/25 17:32:38,1.0,932.7
27188,POS消费,地点21,开水,2014/08/25 17:33:22,2.0,933.7
27188,POS消费,地点21,开水,2014/08/25 18:05:20,30.0,902.7
27188,POS消费,地点21,开水,2014/08/25 18:07:53,17.6,885.1
27188,POS消费,地点14,淋浴,2014/08/25 22:28:56,0.1,885.0
27188,POS消费,地点14,淋浴,2014/08/25 22:29:08,0.1,884.9
27188,POS消费,地点14,淋浴,2014/08/25 22:29:36,0.1,884.8
27188,POS消费,地点884,淋浴,2014/08/25 22:30:54,0.1,884.7
27188,POS消费,地点14,淋浴,2014/08/25 22:31:41,0.2,884.5
27188,POS消费,地点14,淋浴,2014/08/25 22:33:16,1.0,883.5
27188,POS消费,地点69,食堂,2014/08/26 07:08:05,4.0,879.5
27188,POS消费,地点65,食堂,2014/08/26 07:10:47,0.8,878.7
27188,POS消费,地点806,开水,2014/08/26 07:30:30,0.01,878.69
27188,POS消费,地点21,开水,2014/08/26 08:33:47,24.8,853.89
27188,POS消费,地点161,食堂,2014/08/26 11:56:55,12.0,841.89
27188,POS消费,地点140,开水,2014/08/26 12:21:06,0.01,841.88
27188,POS消费,地点140,开水,2014/08/26 13:45:18,0.01,841.87
27188,POS消费,地点161,食堂,2014/08/26 17:13:16,4.6,836.27
27188,POS消费,地点251,食堂,2014/08/26 17:22:01,1.0,840.87
27188,POS消费,地点140,开水,2014/08/26 22:44:26,0.01,836.26
27188,POS消费,地点14,淋浴,2014/08/26 22:59:41,1.1,835.16
27188,POS消费,地点72,食堂,2014/08/27 07:42:07,7.8,826.56
27188,POS消费,地点60,食堂,2014/08/27 07:48:00,0.8,834.36
27188,POS消费,地点1852,开水,2014/08/27 19:04:35,0.01,826.55
27188,POS消费,地点1472,校车,2014/08/27 20:33:10,1.0,825.55
27188,POS消费,地点1472,校车,2014/08/27 20:33:18,1.0,824.55
27188,POS消费,地点1472,校车,2014/08/27 20:33:25,1.0,823.55
27188,POS消费,地点195,超市,2014/08/29 11:45:41,28.0,795.55
27188,POS消费,地点1451,校车,2014/08/29 16:59:18,1.0,794.55
27188,POS消费,地点1451,校车,2014/08/29 16:59:57,1.0,793.55
27188,POS消费,地点237,食堂,2014/08/29 17:40:55,8.4,785.15
27188,POS消费,地点251,食堂,2014/08/29 17:52:44,1.6,783.55
27188,POS消费,地点251,食堂,2014/08/29 17:53:15,1.0,782.55
27188,POS消费,地点21,开水,2014/08/29 17:55:57,4.0,778.55
27188,POS消费,地点251,食堂,2014/08/29 17:56:25,1.0,777.55
27188,POS消费,地点222,校车,2014/08/29 20:04:54,1.0,776.55
27188,POS消费,地点222,校车,2014/08/29 20:06:30,1.0,775.55
27188,POS消费,地点222,校车,2014/08/29 20:08:26,1.0,774.55
27188,POS消费,地点157,食堂,2014/08/31 08:19:18,0.8,772.25
27188,POS消费,地点1409,食堂,2014/08/31 08:25:58,4.4,767.85
27188,POS消费,地点1409,食堂,2014/08/31 08:26:14,4.4,763.45
27188,POS消费,地点1409,食堂,2014/08/31 08:26:38,3.6,759.85
27188,POS消费,地点192,超市,2014/08/31 13:51:06,2.8,757.05
27188,POS消费,地点21,开水,2014/08/31 20:41:21,46.7,710.35
