2719,POS消费,地点26,图书馆,2014/09/02 17:55:18,0.3,0.95
2719,POS消费,地点26,图书馆,2014/09/03 12:04:37,0.4,0.55
2719,卡充值,,,2014/09/10 14:14:15,20.0,20.55
2719,POS消费,地点26,图书馆,2014/09/11 11:09:18,0.7,19.85
2719,POS消费,地点666,洗衣房,2014/09/11 23:32:49,3.6,16.25
2719,POS消费,地点26,图书馆,2014/09/12 12:58:09,0.5,15.75
2719,POS消费,地点26,图书馆,2014/09/13 17:07:57,0.5,15.25
2719,POS消费,地点1472,校车,2014/09/14 15:05:25,1.0,14.25
2719,POS消费,地点665,淋浴,2014/09/14 23:48:00,0.6,13.65
2719,POS消费,地点26,图书馆,2014/09/15 12:42:42,0.8,12.85
2719,POS消费,地点1961,超市,2014/09/15 14:51:14,2.5,10.35
2719,POS消费,地点26,图书馆,2014/09/16 12:19:01,1.7,8.65
2719,POS消费,地点943,洗衣房,2014/09/17 23:04:34,3.6,5.05
2719,POS消费,地点26,图书馆,2014/09/18 09:59:55,1.1,3.95
2719,POS消费,地点26,图书馆,2014/09/18 12:50:04,0.8,3.15
2719,POS消费,地点26,图书馆,2014/09/18 14:29:45,1.3,1.85
2719,POS消费,地点26,图书馆,2014/09/20 12:09:59,0.8,1.05
2719,POS消费,地点145,开水,2014/09/21 22:21:01,0.01,1.04
2719,POS消费,地点1271,淋浴,2014/09/22 12:49:38,0.5,0.54
2719,POS消费,地点665,淋浴,2014/09/22 12:55:03,0.2,0.34
2719,POS消费,地点26,图书馆,2014/09/27 11:57:09,0.2,0.14
2719,卡充值,,,2014/10/01 14:31:44,30.0,30.14
2719,POS消费,地点21,开水,2014/10/01 14:35:54,9.8,10.34
2719,,,,2014/10/01 14:37:56,10.0,20.14
2719,POS消费,地点1155,食堂,2014/10/02 14:47:31,1.8,8.04
2719,POS消费,地点26,图书馆,2014/10/03 11:00:37,0.5,9.84
2719,POS消费,地点26,图书馆,2014/10/03 16:54:09,0.4,7.64
2719,POS消费,地点26,图书馆,2014/10/04 14:03:11,0.2,7.44
2719,POS消费,地点26,图书馆,2014/10/04 14:14:14,0.5,6.94
2719,POS消费,地点26,图书馆,2014/10/04 14:16:02,0.3,6.64
2719,POS消费,地点26,图书馆,2014/10/06 14:48:36,0.8,5.84
2719,POS消费,地点1275,淋浴,2014/10/08 11:27:16,0.1,5.74
2719,POS消费,地点665,淋浴,2014/10/08 11:27:50,0.6,5.14
2719,POS消费,地点26,图书馆,2014/10/10 11:36:45,0.6,4.54
2719,POS消费,地点943,洗衣房,2014/10/12 00:57:44,3.6,0.94
2719,卡充值,,,2014/10/15 14:47:47,50.0,50.94
2719,POS消费,地点188,超市,2014/10/15 14:49:33,5.4,45.54
2719,POS消费,地点214,超市,2014/10/16 22:17:47,2.0,32.64
2719,POS消费,地点190,超市,2014/10/16 22:20:07,10.9,34.64
2719,POS消费,地点21,开水,2014/10/17 12:49:17,8.5,24.14
2719,POS消费,地点190,超市,2014/10/17 17:52:19,6.5,17.64
2719,POS消费,地点21,开水,2014/10/18 07:25:41,1.8,15.84
2719,POS消费,地点21,开水,2014/10/29 15:38:44,10.0,55.84
2719,卡充值,,,2014/10/29 15:46:56,50.0,65.84
2719,POS消费,地点1961,超市,2014/10/29 15:54:43,10.0,45.84
2719,POS消费,地点195,超市,2014/10/29 22:30:11,18.7,27.14
2719,POS消费,地点195,超市,2014/10/29 22:30:26,12.5,14.64
2719,POS消费,地点943,洗衣房,2014/10/29 23:05:03,3.6,11.04
2719,POS消费,地点145,开水,2014/10/29 23:13:55,0.04,11.0
2719,POS消费,地点145,开水,2014/10/29 23:38:27,0.06,10.94
2719,POS消费,地点1275,淋浴,2014/10/30 09:38:13,0.8,10.14
2719,POS消费,地点1275,淋浴,2014/10/31 10:58:31,0.8,9.34
2719,POS消费,地点1275,淋浴,2014/11/01 15:31:41,1.0,8.34
2719,POS消费,地点665,淋浴,2014/11/02 20:12:14,0.2,8.14
2719,POS消费,地点1275,淋浴,2014/11/02 20:13:50,1.1,7.04
2719,POS消费,地点1275,淋浴,2014/11/03 12:23:20,1.4,5.64
2719,POS消费,地点1275,淋浴,2014/11/03 23:14:17,1.8,3.84
2719,POS消费,地点1275,淋浴,2014/11/04 11:49:05,1.3,2.54
2719,POS消费,地点1275,淋浴,2014/11/05 11:45:10,1.2,1.34
2719,卡充值,,,2014/11/11 13:42:05,50.0,51.34
2719,POS消费,地点188,超市,2014/11/11 13:44:03,6.0,45.34
2719,POS消费,地点786,洗衣房,2014/11/13 16:16:02,3.6,41.74
2719,POS消费,地点188,超市,2014/11/13 16:19:43,12.5,29.24
2719,POS消费,地点665,淋浴,2014/11/14 13:09:06,0.6,28.64
2719,POS消费,地点1155,食堂,2014/11/14 13:36:11,5.4,20.49
2719,POS消费,地点21,开水,2014/11/14 13:43:11,2.75,25.89
2719,POS消费,地点1275,淋浴,2014/11/20 12:11:22,0.8,19.69
2719,POS消费,地点1275,淋浴,2014/11/21 13:24:52,1.0,18.69
2719,POS消费,地点118,食堂,2014/11/27 18:26:14,1.8,13.29
2719,POS消费,地点196,洗衣房,2014/11/27 18:27:57,3.6,15.09
2719,POS消费,地点1275,淋浴,2014/11/28 14:00:58,1.0,12.29
2719,POS消费,地点1275,淋浴,2014/11/30 14:19:11,0.6,11.69
2719,POS消费,地点786,洗衣房,2014/12/02 22:37:21,3.6,8.09
2719,POS消费,地点145,开水,2014/12/02 23:30:56,0.07,8.02
2719,POS消费,地点786,洗衣房,2014/12/02 23:48:31,-3.3,7.72
2719,POS消费,地点786,洗衣房,2014/12/02 23:48:31,3.6,4.42
2719,POS消费,地点1275,淋浴,2014/12/03 12:03:34,0.8,6.92
2719,POS消费,地点1275,淋浴,2014/12/04 09:11:14,1.0,5.92
2719,POS消费,地点929,淋浴,2014/12/13 13:57:48,1.0,4.92
2719,POS消费,地点1155,食堂,2014/12/13 15:16:49,1.8,3.12
2719,POS消费,地点929,淋浴,2014/12/14 18:19:02,0.6,2.52
2719,POS消费,地点1155,食堂,2014/12/14 19:08:01,1.0,1.52
2719,POS消费,地点1155,食堂,2014/12/14 19:08:04,0.5,1.02
2719,POS消费,地点33,淋浴,2014/12/15 12:45:16,0.9,0.12
2719,POS消费,地点21,开水,2014/12/15 13:54:26,4.0,46.12
2719,卡充值,,,2014/12/15 14:01:37,50.0,50.12
2719,POS消费,地点83,食堂,2014/12/15 20:05:38,3.2,42.92
2719,POS消费,地点2141,淋浴,2014/12/17 15:16:25,1.2,41.72
2719,POS消费,地点2172,文印中心,2014/12/18 19:12:02,0.15,41.57
2719,POS消费,地点26,图书馆,2014/12/18 19:52:50,29.5,12.07
2719,POS消费,地点1229,淋浴,2014/12/19 16:31:29,1.0,11.07
2719,POS消费,地点145,开水,2014/12/19 23:56:27,0.06,11.01
2719,POS消费,地点786,洗衣房,2014/12/20 00:09:13,-0.3,7.71
2719,POS消费,地点786,洗衣房,2014/12/20 00:09:13,3.6,7.41
2719,POS消费,地点135,淋浴,2014/12/20 14:01:33,0.9,6.81
2719,POS消费,地点929,淋浴,2014/12/21 16:31:50,0.9,5.91
2719,POS消费,地点1229,淋浴,2014/12/22 13:43:12,1.0,4.91
2719,POS消费,地点211,校车,2014/12/22 14:22:56,1.0,3.91
2719,POS消费,地点211,校车,2014/12/22 14:23:04,1.0,2.91
2719,POS消费,地点2141,淋浴,2014/12/23 10:53:17,0.9,2.01
2719,POS消费,地点1229,淋浴,2014/12/28 12:45:52,1.1,0.91
2719,POS消费,地点21,开水,2015/01/01 10:43:24,2.5,88.41
2719,卡充值,,,2015/01/01 10:47:33,90.0,90.91
2719,卡充值,,,2015/01/01 10:55:31,50.0,138.41
2719,,,,2015/01/01 11:10:56,120.0,18.41
2719,POS消费,地点816,校车,2015/01/02 14:12:02,1.0,17.41
2719,POS消费,地点1451,校车,2015/01/04 14:09:05,1.0,16.41
2719,POS消费,地点145,开水,2015/01/04 17:01:38,0.07,16.34
2719,POS消费,地点1472,校车,2015/01/05 15:25:43,1.0,15.34
2719,POS消费,地点1275,淋浴,2015/01/06 16:50:10,0.8,14.54
2719,POS消费,地点222,校车,2015/01/07 17:14:50,1.0,13.54
2719,POS消费,地点1155,食堂,2015/01/08 20:28:42,1.8,11.74
2719,POS消费,地点118,食堂,2015/01/08 20:29:04,2.5,9.24
2719,POS消费,地点816,校车,2015/01/10 18:49:09,1.0,8.24
2719,POS消费,地点1275,淋浴,2015/01/11 17:28:43,0.9,7.34
2719,POS消费,地点1395,校车,2015/01/11 20:22:56,2.0,5.34
2719,POS消费,地点222,校车,2015/01/14 11:44:51,1.0,4.34
2719,POS消费,地点21,开水,2015/01/14 13:04:56,2.3,2.04
2719,POS消费,地点145,开水,2015/01/14 16:29:21,0.07,1.97
2719,POS消费,地点2183,淋浴,2015/01/16 13:12:01,1.2,0.77
2719,POS消费,地点145,开水,2015/01/16 16:56:56,0.06,0.71
2719,POS消费,地点145,开水,2015/03/02 14:41:23,0.06,0.65
2719,卡充值,,,2015/03/05 17:56:38,20.0,20.65
2719,POS消费,地点173,校车,2015/03/05 18:05:48,4.0,16.65
2719,POS消费,地点211,校车,2015/03/07 13:21:20,1.0,15.65
2719,POS消费,地点146,校车,2015/03/09 18:57:23,1.0,14.65
2719,POS消费,地点786,洗衣房,2015/03/10 09:00:42,3.6,11.05
2719,POS消费,地点786,洗衣房,2015/03/10 09:00:42,-3.36,14.41
2719,POS消费,地点943,洗衣房,2015/03/10 09:04:10,3.6,10.81
2719,POS消费,地点943,洗衣房,2015/03/10 09:04:10,-2.46,13.27
2719,POS消费,地点943,洗衣房,2015/03/10 09:23:19,3.6,9.67
2719,POS消费,地点666,洗衣房,2015/03/12 23:08:07,3.6,6.07
2719,POS消费,地点1448,校车,2015/03/14 18:27:44,1.0,5.07
2719,POS消费,地点211,校车,2015/03/19 14:01:13,1.0,4.07
2719,POS消费,地点1448,校车,2015/03/23 14:12:36,1.0,3.07
2719,POS消费,地点785,开水,2015/03/23 16:49:54,0.01,3.06
2719,卡充值,,,2015/03/24 13:37:32,30.0,33.06
2719,POS消费,地点192,超市,2015/03/24 13:48:52,6.5,26.56
2719,POS消费,地点1472,校车,2015/03/26 13:24:57,1.0,25.56
2719,POS消费,地点304,超市,2015/03/26 22:26:33,6.5,19.06
2719,POS消费,地点2183,淋浴,2015/03/27 12:29:54,0.9,18.16
2719,POS消费,地点70,食堂,2015/03/27 13:12:07,9.0,9.16
2719,POS消费,地点304,超市,2015/03/27 13:31:34,8.0,1.16
2719,卡充值,,,2015/03/28 11:52:13,30.0,31.16
2719,POS消费,地点91,校车,2015/03/28 11:56:28,18.0,13.16
2719,POS消费,地点901,校车,2015/03/28 12:16:01,4.0,9.16
2719,POS消费,地点196,洗衣房,2015/03/28 21:56:16,-3.54,9.1
2719,POS消费,地点196,洗衣房,2015/03/28 21:56:16,3.6,5.56
2719,POS消费,地点957,洗衣房,2015/03/28 21:57:43,3.6,5.5
2719,POS消费,地点531,开水,2015/03/28 21:58:15,0.05,5.45
2719,POS消费,地点957,洗衣房,2015/03/28 23:36:32,3.6,1.85
2719,POS消费,地点974,洗衣房,2015/03/28 23:36:45,-3.54,5.33
2719,POS消费,地点974,洗衣房,2015/03/28 23:36:45,3.6,1.79
2719,POS消费,地点957,洗衣房,2015/03/28 23:36:49,-3.54,5.39
2719,POS消费,地点1271,淋浴,2015/03/29 18:08:02,0.7,4.63
2719,卡充值,,,2015/03/30 17:54:24,50.0,54.63
2719,POS消费,地点248,超市,2015/03/30 17:56:17,0.8,53.83
2719,POS消费,地点232,食堂,2015/03/30 17:58:33,5.6,48.23
2719,POS消费,地点21,开水,2015/03/30 18:25:36,3.5,44.73
2719,POS消费,地点21,开水,2015/03/30 18:25:48,3.0,41.73
2719,POS消费,地点2183,淋浴,2015/03/31 16:30:53,0.7,41.03
2719,POS消费,地点1155,食堂,2015/03/31 17:08:48,4.6,36.43
2719,POS消费,地点146,校车,2015/04/02 11:56:38,1.0,35.43
2719,POS消费,地点1155,食堂,2015/04/02 12:18:27,4.5,30.93
2719,POS消费,地点21,开水,2015/04/02 13:10:51,7.5,23.43
2719,POS消费,地点297,校车,2015/04/09 12:45:20,4.0,19.43
2719,POS消费,地点83,食堂,2015/04/09 13:58:22,2.0,17.43
2719,POS消费,地点1155,食堂,2015/04/09 14:02:15,4.0,13.43
2719,POS消费,地点146,校车,2015/04/09 19:05:35,1.0,12.43
2719,POS消费,地点211,校车,2015/04/09 20:04:26,1.0,11.43
2719,POS消费,地点1448,校车,2015/04/12 12:12:27,1.0,10.43
2719,POS消费,地点1155,食堂,2015/04/12 12:39:37,4.0,6.43
2719,POS消费,地点1155,食堂,2015/04/12 12:39:42,2.0,4.43
2719,POS消费,地点83,食堂,2015/04/13 16:38:57,2.9,1.53
2719,卡充值,,,2015/04/19 11:50:41,20.0,21.53
2719,POS消费,地点217,食堂,2015/04/19 12:00:15,12.0,9.53
2719,POS消费,地点21,开水,2015/04/19 18:17:09,8.0,1.53
2719,POS消费,地点529,校车,2015/04/21 12:38:09,4.0,17.53
2719,卡充值,,,2015/04/21 12:38:52,20.0,21.53
2719,POS消费,地点83,食堂,2015/04/24 10:32:42,1.8,15.73
2719,POS消费,地点83,食堂,2015/04/24 10:32:58,0.8,14.93
2719,POS消费,地点83,食堂,2015/04/24 10:33:39,3.5,11.43
2719,POS消费,地点21,开水,2015/04/24 16:14:46,5.0,6.43
2719,卡充值,,,2015/04/25 11:41:03,20.0,26.43
2719,POS消费,地点232,食堂,2015/04/25 11:43:12,7.1,19.33
2719,POS消费,地点232,食堂,2015/04/25 11:43:29,7.1,19.33
2719,POS消费,地点2183,淋浴,2015/04/25 16:36:50,0.6,18.73
2719,POS消费,地点297,校车,2015/04/28 10:15:44,4.0,14.73
2719,POS消费,地点2183,淋浴,2015/05/08 11:57:47,0.4,14.33
2719,POS消费,地点21,开水,2015/05/08 12:20:40,6.0,8.33
2719,卡充值,,,2015/05/08 12:22:06,10.0,18.33
2719,POS消费,地点91,校车,2015/05/08 12:23:59,4.5,13.83
2719,POS消费,地点1542,校车,2015/05/08 12:35:20,4.0,9.83
2719,卡充值,,,2015/05/12 12:15:37,20.0,21.33
2719,POS消费,地点232,食堂,2015/05/12 12:18:42,6.6,14.73
2719,POS消费,地点295,校车,2015/05/12 12:35:09,4.0,10.73
2719,POS消费,地点220,校车,2015/05/17 13:40:48,4.0,6.73
2719,POS消费,地点220,校车,2015/05/17 13:40:54,4.0,2.73
2719,POS消费,地点1451,校车,2015/06/18 13:52:07,1.0,1.73
2719,POS消费,地点1989,校车,2015/06/25 23:00:58,4.0,49.58
2719,POS消费,地点1472,校车,2015/06/27 16:29:43,1.0,0.73
2719,POS消费,地点901,校车,2015/06/29 10:05:46,4.0,16.73
2719,POS消费,地点901,校车,2015/06/29 10:05:53,4.0,12.73
2719,卡充值,,,2015/06/29 10:09:40,20.0,20.73
2719,POS消费,地点221,校车,2015/06/30 12:39:01,4.0,2.83
2719,POS消费,地点83,食堂,2015/06/30 12:42:55,5.9,6.83
2719,POS消费,地点837,校车,2015/07/14 15:37:24,1.0,1.83
2719,卡充值,,,2015/07/15 12:12:30,50.0,51.83
2719,POS消费,地点91,校车,2015/07/15 12:21:54,2.0,49.83
2719,POS消费,地点91,校车,2015/07/15 12:22:57,8.6,41.23
2719,,,,2015/07/15 17:50:04,10.0,31.23
2719,POS消费,地点816,校车,2015/07/15 17:50:10,1.0,30.23
2719,POS消费,地点1472,校车,2015/07/15 19:26:40,1.0,29.23
2719,POS消费,地点21,开水,2015/07/15 19:55:21,10.28,18.95
2719,POS消费,地点135,淋浴,2015/07/16 11:50:48,0.9,18.05
2719,POS消费,地点21,开水,2015/07/16 12:25:56,4.0,14.05
2719,POS消费,地点217,食堂,2015/07/16 12:41:51,8.0,6.05
2719,POS消费,地点83,食堂,2015/07/16 16:30:27,3.5,2.55
2719,卡充值,,,2015/07/18 14:09:49,30.0,32.55
2719,POS消费,地点21,开水,2015/07/18 14:16:52,5.02,27.53
2719,POS消费,地点1275,淋浴,2015/07/18 16:56:45,0.1,27.43
2719,POS消费,地点2183,淋浴,2015/07/18 16:57:14,0.1,27.33
2719,POS消费,地点665,淋浴,2015/07/18 16:57:35,0.1,27.23
2719,POS消费,地点135,淋浴,2015/07/18 16:59:14,0.8,26.43
2719,POS消费,地点786,洗衣房,2015/07/18 23:21:39,3.6,22.83
2719,,,,2015/07/19 20:37:38,10.0,12.83
2719,,,,2015/07/19 20:45:39,1.0,11.83
2719,POS消费,地点196,洗衣房,2015/07/19 22:33:20,3.6,8.23
2719,POS消费,地点943,洗衣房,2015/07/20 08:00:57,3.6,4.63
2719,POS消费,地点943,洗衣房,2015/07/20 14:38:18,3.6,1.03
2719,POS消费,地点943,洗衣房,2015/07/20 14:38:18,-3.54,4.57
2719,POS消费,地点786,洗衣房,2015/07/20 14:39:20,3.6,0.97
2719,POS消费,地点786,洗衣房,2015/07/20 14:39:20,-3.54,4.51
2719,POS消费,地点196,洗衣房,2015/07/20 14:40:08,3.6,0.91
2719,POS消费,地点196,洗衣房,2015/07/20 14:40:08,-2.94,3.85
2719,POS消费,地点786,洗衣房,2015/07/20 22:41:20,3.6,0.25
2719,POS消费,地点786,洗衣房,2015/07/20 22:42:20,-3.54,3.79
2719,POS消费,地点666,洗衣房,2015/07/20 22:42:21,3.6,0.19
2719,POS消费,地点135,淋浴,2015/07/21 07:15:34,0.1,0.09
2719,卡充值,,,2015/08/20 11:52:53,50.0,50.09
2719,POS消费,地点192,超市,2015/08/20 11:55:58,3.2,46.89
2719,,,,2015/08/20 13:10:58,5.0,41.89
2719,POS消费,地点192,超市,2015/08/23 12:25:26,5.5,36.39
2719,POS消费,地点192,超市,2015/08/23 12:50:22,2.7,33.69
2719,,,,2015/08/23 17:31:24,8.0,25.69
2719,POS消费,地点2183,淋浴,2015/08/26 13:10:58,0.1,25.59
2719,POS消费,地点1229,淋浴,2015/08/26 13:13:03,0.1,25.49
2719,POS消费,地点1996,校车,2015/08/26 17:59:35,1.0,24.49
2719,POS消费,地点1996,校车,2015/08/26 17:59:43,1.0,23.49
2719,POS消费,地点196,洗衣房,2015/08/27 12:54:17,3.6,19.89
2719,POS消费,地点83,食堂,2015/08/29 11:54:43,2.7,16.99
2719,POS消费,地点2142,淋浴,2015/08/31 09:29:29,0.1,19.69
2719,POS消费,地点974,洗衣房,2015/08/31 09:35:43,3.6,13.39
