27348,卡片开户,,,2014/07/16 11:51:50,0.0,0.0
27348,卡充值,,,2014/08/29 09:31:38,700.0,700.0
27348,POS消费,地点1847,食堂,2014/08/29 12:41:42,7.3,663.9
27348,POS消费,地点157,食堂,2014/08/29 12:50:43,9.6,690.4
27348,POS消费,地点157,食堂,2014/08/29 12:51:34,10.6,679.8
27348,POS消费,地点157,食堂,2014/08/29 12:53:24,8.6,671.2
27348,POS消费,地点1913,淋浴,2014/08/29 22:54:28,0.1,663.8
27348,POS消费,地点1913,淋浴,2014/08/29 22:55:29,0.4,663.4
27348,POS消费,地点65,食堂,2014/08/30 08:46:40,1.0,662.4
27348,POS消费,地点184,食堂,2014/08/30 11:19:56,5.6,656.8
27348,POS消费,地点21,开水,2014/08/30 11:30:30,22.5,634.3
27348,POS消费,地点233,食堂,2014/08/30 16:57:03,7.6,626.7
27348,POS消费,地点1911,淋浴,2014/08/30 23:09:46,1.1,625.6
27348,POS消费,地点6,淋浴,2014/08/31 07:38:00,0.95,624.65
27348,POS消费,地点314,食堂,2014/08/31 12:53:47,17.6,607.05
27348,POS消费,地点182,食堂,2014/08/31 18:25:56,7.1,599.95
27348,POS消费,地点1155,食堂,2014/08/31 21:35:20,19.3,580.65
27348,POS消费,地点1954,淋浴,2014/08/31 22:24:16,1.6,579.05
