27412,POS消费,地点26,图书馆,2014/07/03 11:53:31,0.12,0.81
27412,POS消费,地点26,图书馆,2014/07/03 11:53:31,0.0,0.0
27412,卡片开户,,,2014/07/17 09:37:08,0.0,0.0
27412,卡充值,,,2014/08/29 16:28:25,300.0,300.0
27412,POS消费,地点195,超市,2014/08/29 17:03:59,106.3,193.7
27412,POS消费,地点61,食堂,2014/08/29 18:34:31,9.6,184.1
27412,POS消费,地点61,食堂,2014/08/29 18:34:50,8.6,175.5
27412,POS消费,地点40,淋浴,2014/08/29 22:14:37,1.4,174.1
27412,POS消费,地点168,食堂,2014/08/30 09:00:17,5.5,168.6
27412,POS消费,地点204,食堂,2014/08/30 09:02:02,5.5,163.1
27412,POS消费,地点204,食堂,2014/08/30 09:02:13,5.0,158.1
27412,POS消费,地点232,食堂,2014/08/30 09:06:08,0.35,157.75
27412,POS消费,地点232,食堂,2014/08/30 09:06:20,0.35,157.4
27412,POS消费,地点69,食堂,2014/08/30 12:25:07,10.6,146.8
27412,POS消费,地点21,开水,2014/08/30 17:39:53,1.8,145.0
27412,POS消费,地点103,食堂,2014/08/30 17:41:55,3.5,141.5
27412,POS消费,地点40,淋浴,2014/08/30 22:40:02,0.1,141.4
27412,POS消费,地点40,淋浴,2014/08/30 22:40:42,0.1,141.3
27412,POS消费,地点40,淋浴,2014/08/30 22:41:40,0.7,140.6
27412,POS消费,地点65,食堂,2014/08/31 07:46:05,0.8,139.8
27412,POS消费,地点65,食堂,2014/08/31 07:46:12,0.2,139.6
27412,POS消费,地点21,开水,2014/08/31 08:04:30,1.2,138.4
27412,POS消费,地点192,超市,2014/08/31 10:35:29,6.8,131.6
27412,POS消费,地点21,开水,2014/08/31 11:40:33,3.5,123.5
27412,POS消费,地点21,开水,2014/08/31 11:40:53,3.5,120.0
27412,POS消费,地点1596,食堂,2014/08/31 11:52:18,4.6,127.0
27412,POS消费,地点269,食堂,2014/08/31 17:59:50,4.6,115.4
27412,POS消费,地点307,食堂,2014/08/31 18:01:01,1.0,114.4
27412,POS消费,地点21,开水,2014/08/31 20:16:41,9.6,104.8
27412,POS消费,地点188,超市,2014/08/31 20:19:50,5.8,99.0
27412,POS消费,地点808,淋浴,2014/08/31 22:40:09,0.7,98.3
