27432,卡片开户,,,2014/07/19 15:16:52,0.0,0.0
27432,卡充值,,,2014/08/29 19:08:37,30.0,30.0
27432,POS消费,地点134,食堂,2014/08/30 08:42:25,0.8,29.2
27432,POS消费,地点745,洗衣房,2014/08/30 09:12:17,3.6,25.6
27432,卡充值,,,2014/08/30 12:24:42,500.0,525.6
27432,POS消费,地点275,食堂,2014/08/30 12:30:17,10.0,515.6
27432,POS消费,地点314,食堂,2014/08/30 13:58:10,30.0,485.6
27432,POS消费,地点314,食堂,2014/08/30 13:58:13,30.0,455.6
27432,POS消费,地点314,食堂,2014/08/30 13:58:17,25.0,430.6
27432,POS消费,地点1551,食堂,2014/08/30 18:41:19,12.6,418.0
27432,POS消费,地点526,食堂,2014/08/30 20:12:43,13.0,405.0
27432,POS消费,地点26,图书馆,2014/08/30 21:32:38,0.7,404.3
27432,POS消费,地点91,校车,2014/08/31 12:01:57,0.5,403.8
27432,POS消费,地点232,食堂,2014/08/31 12:09:15,10.0,393.8
27432,POS消费,地点204,食堂,2014/08/31 16:40:55,5.5,388.3
27432,POS消费,地点26,图书馆,2014/08/31 20:25:45,0.1,388.2
27432,POS消费,地点26,图书馆,2014/08/31 20:27:28,0.5,387.7
