27434,卡片开户,,,2014/07/20 13:07:28,0.0,0.0
27434,卡充值,,,2014/08/28 17:39:47,300.0,300.0
27434,POS消费,地点161,食堂,2014/08/28 17:46:16,9.2,290.8
27434,POS消费,地点161,食堂,2014/08/28 17:46:50,12.4,278.4
27434,POS消费,地点161,食堂,2014/08/28 17:47:30,15.2,263.2
27434,POS消费,地点227,食堂,2014/08/28 17:59:12,5.0,258.2
27434,POS消费,地点87,食堂,2014/08/28 18:03:38,4.0,254.2
27434,POS消费,地点188,超市,2014/08/29 08:52:52,5.6,248.6
27434,POS消费,地点195,超市,2014/08/29 10:34:59,30.0,218.6
27434,POS消费,地点195,超市,2014/08/29 10:35:02,2.5,216.1
27434,卡充值,,,2014/08/29 11:43:47,200.0,416.1
27434,POS消费,地点1847,食堂,2014/08/29 12:04:10,22.0,394.1
27434,POS消费,地点234,食堂,2014/08/29 12:23:43,14.1,380.0
27434,POS消费,地点234,食堂,2014/08/29 12:23:47,20.0,360.0
27434,POS消费,地点179,食堂,2014/08/29 12:32:29,4.0,356.0
27434,POS消费,地点21,开水,2014/08/29 18:00:11,4.7,339.1
27434,POS消费,地点305,食堂,2014/08/29 18:00:56,0.2,343.8
27434,POS消费,地点179,食堂,2014/08/29 18:14:17,0.2,338.9
27434,POS消费,地点1701,食堂,2014/08/29 18:22:27,12.0,344.0
27434,POS消费,地点40,淋浴,2014/08/29 21:09:41,0.1,338.8
27434,POS消费,地点40,淋浴,2014/08/29 21:12:21,1.0,337.8
27434,POS消费,地点745,洗衣房,2014/08/29 21:45:25,3.6,334.2
27434,POS消费,地点745,洗衣房,2014/08/29 21:45:25,-3.54,337.74
27434,POS消费,地点745,洗衣房,2014/08/29 21:46:18,3.6,334.14
27434,POS消费,地点168,食堂,2014/08/30 09:55:26,4.5,329.64
27434,POS消费,地点972,食堂,2014/08/30 11:36:55,6.0,323.64
27434,POS消费,地点161,食堂,2014/08/30 16:50:42,6.4,317.24
27434,POS消费,地点72,食堂,2014/08/30 16:53:03,1.0,316.24
27434,POS消费,地点21,开水,2014/08/31 10:36:50,2.7,313.54
27434,POS消费,地点213,食堂,2014/08/31 10:57:17,0.5,313.04
27434,POS消费,地点91,校车,2014/08/31 11:37:33,3.7,309.34
27434,POS消费,地点21,开水,2014/08/31 11:39:40,2.0,307.34
27434,POS消费,地点264,食堂,2014/08/31 16:54:33,5.0,301.14
27434,POS消费,地点21,开水,2014/08/31 17:06:08,1.2,306.14
27434,POS消费,地点314,食堂,2014/08/31 20:27:23,6.0,295.14
27434,POS消费,地点40,淋浴,2014/08/31 20:48:14,1.4,293.74
27434,POS消费,地点745,洗衣房,2014/08/31 21:16:32,3.6,290.14
27434,POS消费,地点745,洗衣房,2014/08/31 22:20:22,3.6,286.54
