27692,卡片开户,,,2014/07/19 10:23:17,0.0,0.0
27692,卡充值,,,2014/08/28 17:10:27,500.0,500.0
27692,POS消费,地点188,超市,2014/08/28 21:34:43,29.7,470.3
27692,POS消费,地点180,开水,2014/08/28 21:50:27,0.01,470.29
27692,POS消费,地点172,淋浴,2014/08/28 21:56:46,0.8,469.49
27692,POS消费,地点60,食堂,2014/08/29 07:49:08,0.5,466.59
27692,POS消费,地点60,食堂,2014/08/29 07:49:35,0.5,466.09
27692,POS消费,地点61,食堂,2014/08/29 07:53:02,2.4,467.09
27692,POS消费,地点204,食堂,2014/08/29 11:52:44,5.5,460.59
27692,POS消费,地点35,淋浴,2014/08/29 20:06:25,0.1,460.49
27692,POS消费,地点757,淋浴,2014/08/29 20:10:21,0.1,460.39
27692,POS消费,地点21,开水,2014/08/30 08:18:09,2.4,457.99
27692,POS消费,地点21,开水,2014/08/30 08:19:02,0.5,457.49
27692,POS消费,地点234,食堂,2014/08/30 17:43:51,4.6,452.89
27692,POS消费,地点61,食堂,2014/08/31 08:05:52,7.8,445.09
27692,POS消费,地点249,食堂,2014/08/31 12:12:05,10.6,434.49
27692,POS消费,地点251,食堂,2014/08/31 18:02:51,1.0,433.46
