27720,卡片开户,,,2014/07/17 16:16:43,0.0,0.0
27720,更新卡信息,,,2014/07/17 16:41:21,0.0,0.0
27720,卡充值,,,2014/08/28 09:35:17,300.0,300.0
27720,POS消费,地点188,超市,2014/08/28 10:06:22,19.5,280.5
27720,POS消费,地点188,超市,2014/08/28 10:06:51,100.0,180.5
27720,POS消费,地点811,洗衣房,2014/08/28 10:23:54,3.6,176.9
27720,POS消费,地点811,洗衣房,2014/08/28 10:23:54,-3.48,180.38
27720,POS消费,地点811,洗衣房,2014/08/28 10:25:52,3.6,176.78
27720,POS消费,地点749,洗衣房,2014/08/28 10:26:11,3.6,176.72
27720,POS消费,地点811,洗衣房,2014/08/28 10:28:00,-3.54,180.32
27720,POS消费,地点65,食堂,2014/08/28 11:26:16,11.1,165.62
27720,POS消费,地点218,食堂,2014/08/28 11:42:04,2.9,162.72
27720,POS消费,地点180,开水,2014/08/28 16:49:24,0.03,162.69
27720,POS消费,地点231,食堂,2014/08/28 18:42:19,0.6,162.09
27720,POS消费,地点21,开水,2014/08/28 19:44:35,6.8,155.29
27720,POS消费,地点172,淋浴,2014/08/28 21:02:58,0.7,154.59
27720,POS消费,地点283,食堂,2014/08/29 18:06:00,5.5,149.09
27720,POS消费,地点182,食堂,2014/08/30 11:55:10,2.1,146.99
27720,POS消费,地点21,开水,2014/08/30 11:59:49,3.61,143.38
27720,POS消费,地点21,开水,2014/08/30 18:19:46,3.96,137.82
27720,POS消费,地点182,食堂,2014/08/30 18:21:39,1.6,141.78
27720,POS消费,地点19,开水,2014/08/31 07:31:37,0.16,137.66
27720,POS消费,地点6,淋浴,2014/08/31 07:51:38,3.8,133.86
27720,POS消费,地点225,食堂,2014/08/31 18:03:23,2.1,131.76
27720,POS消费,地点21,开水,2014/08/31 18:04:16,3.43,128.33
27720,POS消费,地点21,开水,2014/08/31 18:04:21,3.0,125.33
