27902,卡片开户,,,2014/07/20 11:06:17,0.0,0.0
27902,卡充值,,,2014/08/30 11:56:38,500.0,500.0
27902,POS消费,地点91,校车,2014/08/30 12:16:17,5.5,494.5
27902,POS消费,地点232,食堂,2014/08/30 12:17:11,30.0,464.5
27902,POS消费,地点748,洗衣房,2014/08/30 13:25:27,-0.9,461.8
27902,POS消费,地点748,洗衣房,2014/08/30 13:25:27,3.6,460.9
27902,POS消费,地点756,淋浴,2014/08/30 23:10:56,0.1,461.7
27902,POS消费,地点65,食堂,2014/08/31 07:36:58,1.6,460.1
27902,POS消费,地点91,校车,2014/08/31 12:00:32,8.0,452.1
27902,POS消费,地点243,食堂,2014/08/31 12:24:44,1.0,451.1
27902,POS消费,地点218,食堂,2014/08/31 17:10:54,1.8,449.3
27902,POS消费,地点243,食堂,2014/08/31 17:44:08,1.0,448.3
27902,POS消费,地点141,开水,2014/08/31 20:31:32,0.01,448.29
27902,POS消费,地点21,开水,2014/08/31 21:04:27,3.8,444.49
27902,POS消费,地点166,淋浴,2014/08/31 22:28:11,0.8,443.69
