27986,卡片开户,,,2014/07/16 11:39:27,0.0,0.0
27986,卡充值,,,2014/08/30 12:58:05,200.0,200.0
27986,POS消费,地点161,食堂,2014/08/30 13:05:08,9.2,190.8
27986,POS消费,地点213,食堂,2014/08/30 15:39:33,0.5,190.3
27986,POS消费,地点269,食堂,2014/08/30 18:41:26,7.6,182.7
27986,POS消费,地点569,淋浴,2014/08/30 21:04:19,0.7,182.0
27986,POS消费,地点65,食堂,2014/08/31 07:45:45,0.8,181.2
27986,POS消费,地点65,食堂,2014/08/31 07:45:51,-0.8,182.0
27986,POS消费,地点69,食堂,2014/08/31 11:50:06,6.6,175.4
27986,POS消费,地点69,食堂,2014/08/31 11:50:11,1.0,174.4
27986,POS消费,地点188,超市,2014/08/31 13:49:50,5.0,169.4
27986,POS消费,地点21,开水,2014/08/31 16:39:14,30.0,139.4
27986,POS消费,地点21,开水,2014/08/31 16:39:18,6.7,132.7
27986,POS消费,地点72,食堂,2014/08/31 17:14:59,5.8,126.9
