28076,卡片开户,,,2014/07/17 09:42:28,0.0,0.0
28076,卡充值,,,2014/08/28 18:51:11,1000.0,1000.0
28076,POS消费,地点91,校车,2014/08/28 19:05:28,24.0,976.0
28076,POS消费,地点91,校车,2014/08/28 19:05:42,-24.0,1000.0
28076,POS消费,地点91,校车,2014/08/28 19:06:04,20.0,980.0
28076,POS消费,地点91,校车,2014/08/28 19:06:36,14.0,966.0
28076,POS消费,地点1847,食堂,2014/08/29 12:50:11,5.8,949.6
28076,POS消费,地点157,食堂,2014/08/29 13:02:16,10.6,955.4
28076,POS消费,地点139,开水,2014/08/30 13:18:29,0.04,949.56
28076,POS消费,地点139,开水,2014/08/30 13:20:51,0.15,949.41
28076,POS消费,地点21,开水,2014/08/30 18:33:18,4.6,944.81
28076,POS消费,地点756,淋浴,2014/08/30 22:21:37,0.4,944.41
28076,POS消费,地点139,开水,2014/08/31 07:20:24,0.12,944.29
28076,POS消费,地点65,食堂,2014/08/31 11:34:29,5.6,938.69
28076,POS消费,地点218,食堂,2014/08/31 11:42:01,1.0,937.69
28076,POS消费,地点188,超市,2014/08/31 12:12:12,0.9,936.79
28076,POS消费,地点218,食堂,2014/08/31 17:41:54,4.5,920.59
28076,POS消费,地点82,食堂,2014/08/31 17:47:50,4.1,932.69
28076,POS消费,地点82,食堂,2014/08/31 17:48:15,7.6,925.09
