28168,卡片开户,,,2014/07/16 13:35:30,0.0,0.0
28168,卡充值,,,2014/08/27 09:01:43,50.0,50.0
28168,POS消费,地点69,食堂,2014/08/27 11:46:36,10.6,39.4
28168,POS消费,地点21,开水,2014/08/27 12:07:06,3.3,36.1
28168,POS消费,地点239,食堂,2014/08/27 12:07:24,10.4,25.7
28168,POS消费,地点21,开水,2014/08/27 17:54:55,4.6,21.1
28168,POS消费,地点72,食堂,2014/08/28 07:45:28,3.6,17.5
28168,POS消费,地点60,食堂,2014/08/28 07:54:25,0.3,17.2
28168,POS消费,地点60,食堂,2014/08/28 07:54:32,0.3,16.9
28168,POS消费,地点61,食堂,2014/08/28 08:01:16,4.2,12.7
28168,卡充值,,,2014/08/28 09:41:56,200.0,212.7
28168,POS消费,地点21,开水,2014/08/28 18:11:49,4.4,208.3
28168,POS消费,地点69,食堂,2014/08/29 08:58:51,2.2,206.1
28168,POS消费,地点61,食堂,2014/08/29 12:27:43,6.6,199.5
28168,POS消费,地点1447,校车,2014/08/29 19:48:29,1.0,198.5
28168,POS消费,地点72,食堂,2014/08/30 08:31:42,3.6,194.9
28168,POS消费,地点195,超市,2014/08/30 10:16:05,28.0,166.9
28168,POS消费,地点61,食堂,2014/08/30 12:04:24,7.6,159.3
28168,POS消费,地点182,食堂,2014/08/30 17:30:15,8.6,150.7
28168,POS消费,地点21,开水,2014/08/30 21:04:42,6.0,144.7
28168,POS消费,地点103,食堂,2014/08/31 07:50:52,2.4,142.3
28168,POS消费,地点21,开水,2014/08/31 12:02:27,5.1,137.2
