28264,卡片开户,,,2014/07/16 15:17:00,0.0,0.0
28264,卡充值,,,2014/08/29 13:03:50,500.0,500.0
28264,POS消费,地点21,开水,2014/08/29 13:19:26,100.0,400.0
28264,POS消费,地点21,开水,2014/08/29 13:19:38,49.4,350.6
28264,POS消费,地点188,超市,2014/08/29 19:49:09,48.3,302.3
28264,POS消费,地点103,食堂,2014/08/30 08:00:00,2.8,299.5
28264,POS消费,地点134,食堂,2014/08/30 08:00:38,0.9,298.6
28264,POS消费,地点263,食堂,2014/08/30 11:40:22,8.8,289.8
28264,POS消费,地点1847,食堂,2014/08/30 17:26:13,2.9,286.9
28264,POS消费,地点232,食堂,2014/08/30 17:32:21,10.9,276.0
28264,POS消费,地点232,食堂,2014/08/31 08:13:50,4.0,272.0
28264,POS消费,地点6,淋浴,2014/08/31 11:16:32,1.8,270.2
28264,POS消费,地点91,校车,2014/08/31 11:19:34,5.2,265.0
28264,POS消费,地点188,超市,2014/08/31 14:02:27,4.9,260.1
28264,POS消费,地点91,校车,2014/08/31 17:22:27,5.2,254.9
28264,POS消费,地点91,校车,2014/08/31 17:23:39,1.0,253.9
28264,POS消费,地点21,开水,2014/08/31 17:34:40,3.9,250.0
