28418,卡片开户,,,2014/07/10 12:44:10,0.0,0.0
28418,卡充值,,,2014/08/27 15:42:02,300.0,300.0
28418,POS消费,地点21,开水,2014/08/27 16:36:07,100.0,200.0
28418,POS消费,地点21,开水,2014/08/27 16:36:43,36.8,163.2
28418,POS消费,地点118,食堂,2014/08/28 09:47:56,5.7,157.5
28418,POS消费,地点182,食堂,2014/08/28 12:09:37,8.6,148.9
28418,POS消费,地点195,超市,2014/08/28 12:22:50,2.0,146.9
28418,POS消费,地点69,食堂,2014/08/29 11:32:18,9.6,137.3
28418,POS消费,地点26,图书馆,2014/08/29 12:41:35,7.6,129.7
28418,POS消费,地点961,洗衣房,2014/08/29 21:15:13,3.6,126.1
28418,POS消费,地点741,淋浴,2014/08/29 21:32:23,1.5,124.6
28418,POS消费,地点961,洗衣房,2014/08/29 22:15:35,3.6,121.0
28418,POS消费,地点961,洗衣房,2014/08/29 22:15:35,-3.24,124.24
28418,POS消费,地点6,淋浴,2014/08/30 08:41:36,0.7,123.54
28418,POS消费,地点232,食堂,2014/08/30 08:43:23,1.0,122.54
28418,POS消费,地点21,开水,2014/08/30 13:02:50,8.6,113.94
28418,POS消费,地点1447,校车,2014/08/31 12:31:51,1.0,112.94
28418,POS消费,地点188,超市,2014/08/31 12:41:18,13.9,99.04
28418,POS消费,地点48,淋浴,2014/08/31 12:51:47,0.7,98.34
28418,POS消费,地点21,开水,2014/08/31 16:30:25,4.6,93.74
28418,POS消费,地点248,超市,2014/08/31 16:31:59,5.0,88.74
28418,POS消费,地点195,超市,2014/08/31 21:14:25,9.2,79.54
