28444,卡片开户,,,2014/07/10 12:47:20,0.0,0.0
28444,卡充值,,,2014/08/30 15:15:25,300.0,300.0
28444,POS消费,地点269,食堂,2014/08/30 17:32:14,4.6,295.4
28444,POS消费,地点1961,超市,2014/08/30 18:48:10,5.0,290.4
28444,POS消费,地点192,超市,2014/08/30 20:29:06,2.8,287.6
28444,POS消费,地点741,淋浴,2014/08/30 20:49:36,0.1,287.5
28444,POS消费,地点741,淋浴,2014/08/30 20:51:58,0.9,286.6
28444,POS消费,地点232,食堂,2014/08/31 07:30:58,4.6,282.0
28444,POS消费,地点222,校车,2014/08/31 11:44:00,1.0,281.0
28444,POS消费,地点213,食堂,2014/08/31 16:47:46,0.5,280.5
28444,POS消费,地点255,食堂,2014/08/31 17:32:26,6.1,274.4
28444,POS消费,地点1961,超市,2014/08/31 21:18:10,21.0,253.4
