28588,POS消费,地点26,图书馆,2014/06/30 11:00:12,0.0,0.0
28588,POS消费,地点26,图书馆,2014/06/30 11:00:12,0.1,1.9
28588,卡片开户,,,2014/07/17 16:04:35,0.0,0.0
28588,卡充值,,,2014/08/28 11:35:23,100.0,100.0
28588,POS消费,地点61,食堂,2014/08/28 12:09:43,7.6,92.4
28588,POS消费,地点22,开水,2014/08/28 18:07:57,0.01,92.39
28588,POS消费,地点61,食堂,2014/08/28 18:33:14,9.2,83.19
28588,POS消费,地点25,开水,2014/08/28 22:50:41,0.13,83.06
28588,POS消费,地点25,开水,2014/08/28 22:50:54,0.08,82.98
28588,POS消费,地点22,开水,2014/08/29 07:21:00,0.02,82.96
28588,POS消费,地点22,开水,2014/08/29 08:01:04,0.02,82.94
28588,POS消费,地点65,食堂,2014/08/29 11:05:48,4.6,78.34
28588,POS消费,地点22,开水,2014/08/29 15:39:11,0.01,78.33
28588,POS消费,地点22,开水,2014/08/29 15:39:28,0.01,78.32
28588,POS消费,地点22,开水,2014/08/29 16:05:10,0.01,78.31
28588,POS消费,地点21,开水,2014/08/29 17:01:03,30.0,48.31
28588,POS消费,地点21,开水,2014/08/29 17:01:08,16.5,31.81
28588,POS消费,地点264,食堂,2014/08/29 17:25:46,5.6,26.21
28588,POS消费,地点22,开水,2014/08/29 19:16:33,0.14,26.07
28588,POS消费,地点22,开水,2014/08/29 19:58:54,0.14,25.93
28588,卡充值,,,2014/08/30 08:38:52,100.0,125.93
28588,POS消费,地点103,食堂,2014/08/30 09:08:29,3.6,122.33
28588,POS消费,地点59,食堂,2014/08/30 11:16:43,3.6,118.73
28588,POS消费,地点22,开水,2014/08/30 11:50:13,0.02,118.71
28588,POS消费,地点263,食堂,2014/08/30 17:55:59,9.6,109.11
28588,POS消费,地点21,开水,2014/08/30 22:04:54,61.1,48.01
28588,POS消费,地点21,开水,2014/08/30 22:05:01,0.3,47.71
28588,POS消费,地点22,开水,2014/08/30 22:23:26,0.02,47.69
28588,POS消费,地点61,食堂,2014/08/31 07:48:49,1.6,46.09
28588,POS消费,地点21,开水,2014/08/31 07:50:12,3.0,43.09
28588,POS消费,地点134,食堂,2014/08/31 11:28:44,4.6,38.49
28588,POS消费,地点188,超市,2014/08/31 11:36:41,1.8,36.69
28588,POS消费,地点195,超市,2014/08/31 11:47:42,30.0,6.69
28588,POS消费,地点195,超市,2014/08/31 11:47:45,2.5,4.19
