28698,卡片开户,,,2014/07/18 11:58:49,0.0,0.0
28698,卡充值,,,2014/08/29 10:03:48,1000.0,1000.0
28698,POS消费,地点203,食堂,2014/08/29 13:40:40,16.5,983.5
28698,更新卡信息,,,2014/08/29 15:01:17,0.0,0.0
28698,POS消费,地点192,超市,2014/08/29 18:36:07,30.0,953.5
28698,POS消费,地点192,超市,2014/08/29 18:36:11,11.1,942.4
28698,POS消费,地点21,开水,2014/08/29 19:01:34,8.6,933.8
28698,POS消费,地点211,校车,2014/08/29 19:28:57,1.0,932.8
28698,POS消费,地点1155,食堂,2014/08/29 20:26:05,3.0,929.8
28698,POS消费,地点45,淋浴,2014/08/29 22:15:32,0.7,929.1
28698,POS消费,地点60,食堂,2014/08/30 09:33:34,0.5,927.2
28698,POS消费,地点61,食堂,2014/08/30 09:37:25,1.4,927.7
28698,POS消费,地点1447,校车,2014/08/30 09:50:26,1.0,926.2
28698,POS消费,地点739,淋浴,2014/08/30 20:53:01,0.5,925.7
28698,POS消费,地点21,开水,2014/08/31 07:43:42,2.4,923.3
28698,POS消费,地点26,图书馆,2014/08/31 11:29:18,13.3,910.0
28698,POS消费,地点26,图书馆,2014/08/31 11:51:31,15.0,895.0
28698,POS消费,地点21,开水,2014/08/31 17:39:30,9.1,885.9
28698,POS消费,地点1847,食堂,2014/08/31 17:43:40,1.0,884.9
28698,POS消费,地点45,淋浴,2014/08/31 22:09:09,0.6,884.3
