28720,卡片开户,,,2014/07/17 08:51:00,0.0,0.0
28720,卡充值,,,2014/08/28 12:34:00,100.0,100.0
28720,POS消费,地点228,食堂,2014/08/28 12:52:43,15.0,85.0
28720,POS消费,地点69,食堂,2014/08/28 12:56:14,1.2,83.8
28720,POS消费,地点87,食堂,2014/08/28 12:57:52,4.0,79.8
28720,POS消费,地点21,开水,2014/08/28 13:23:37,14.6,65.2
28720,卡充值,,,2014/08/28 13:26:29,200.0,265.2
28720,POS消费,地点70,食堂,2014/08/28 15:26:58,5.5,259.7
28720,POS消费,地点89,食堂,2014/08/28 17:12:17,7.5,252.2
28720,POS消费,地点25,开水,2014/08/28 18:15:55,0.02,252.18
28720,POS消费,地点25,开水,2014/08/28 18:55:59,0.01,252.17
28720,POS消费,地点82,食堂,2014/08/29 11:55:51,12.6,239.55
28720,POS消费,地点82,食堂,2014/08/29 11:56:10,6.3,233.25
28720,POS消费,地点25,开水,2014/08/29 14:20:44,0.01,252.16
28720,POS消费,地点25,开水,2014/08/29 14:21:30,0.01,252.15
28720,POS消费,地点65,食堂,2014/08/29 17:09:33,8.1,225.15
28720,POS消费,地点87,食堂,2014/08/29 17:09:58,4.0,221.15
28720,POS消费,地点69,食堂,2014/08/30 07:05:40,3.15,218.0
28720,POS消费,地点65,食堂,2014/08/30 07:06:34,0.8,217.2
28720,POS消费,地点124,食堂,2014/08/30 11:09:16,4.5,212.7
28720,POS消费,地点283,食堂,2014/08/30 17:37:33,5.5,207.2
28720,POS消费,地点22,开水,2014/08/30 20:50:30,0.04,207.16
28720,POS消费,地点2,淋浴,2014/08/30 21:04:17,0.4,206.76
28720,POS消费,地点60,食堂,2014/08/31 07:00:49,0.3,204.66
28720,POS消费,地点61,食堂,2014/08/31 07:04:47,1.8,204.96
28720,POS消费,地点232,食堂,2014/08/31 11:31:21,12.0,192.66
28720,POS消费,地点26,图书馆,2014/08/31 11:46:38,3.5,189.16
28720,POS消费,地点203,食堂,2014/08/31 16:39:35,6.5,182.66
28720,POS消费,地点22,开水,2014/08/31 17:02:13,0.05,182.61
