28814,卡片开户,,,2014/07/16 13:27:52,0.0,0.0
28814,卡充值,,,2014/08/27 11:40:43,300.0,300.0
28814,POS消费,地点249,食堂,2014/08/27 11:58:24,10.6,289.4
28814,POS消费,地点134,食堂,2014/08/27 11:59:45,5.4,257.8
28814,POS消费,地点249,食堂,2014/08/27 11:59:52,26.2,263.2
28814,POS消费,地点249,食堂,2014/08/27 12:00:39,10.6,247.2
28814,POS消费,地点134,食堂,2014/08/27 12:01:50,8.4,238.8
28814,POS消费,地点249,食堂,2014/08/27 12:03:06,10.6,228.2
28814,POS消费,地点249,食堂,2014/08/27 12:04:12,10.8,217.4
28814,POS消费,地点134,食堂,2014/08/27 12:04:52,8.6,208.8
28814,POS消费,地点1847,食堂,2014/08/27 12:14:31,7.0,201.8
28814,POS消费,地点21,开水,2014/08/27 12:27:55,30.0,171.8
28814,POS消费,地点21,开水,2014/08/27 12:28:04,30.0,141.8
28814,POS消费,地点21,开水,2014/08/27 12:28:12,30.0,111.8
28814,POS消费,地点21,开水,2014/08/27 12:28:19,90.0,21.8
28814,POS消费,地点21,开水,2014/08/27 12:30:00,9.1,12.7
28814,卡充值,,,2014/08/27 13:01:25,400.0,412.7
28814,POS消费,地点21,开水,2014/08/27 16:21:48,30.6,382.1
28814,POS消费,地点1596,食堂,2014/08/27 18:01:18,8.6,373.5
28814,POS消费,地点21,开水,2014/08/27 22:10:37,52.3,321.2
28814,POS消费,地点89,食堂,2014/08/28 08:14:46,3.0,318.2
28814,POS消费,地点26,图书馆,2014/08/28 10:55:50,26.5,291.7
28814,POS消费,地点91,校车,2014/08/28 11:50:07,10.0,281.7
28814,POS消费,地点195,超市,2014/08/28 12:38:16,58.0,223.7
28814,POS消费,地点124,食堂,2014/08/28 17:15:04,4.5,219.2
28814,POS消费,地点124,食堂,2014/08/28 17:16:44,2.0,217.2
28814,POS消费,地点742,淋浴,2014/08/28 18:10:46,0.1,217.1
28814,POS消费,地点742,淋浴,2014/08/28 18:13:22,0.3,216.8
28814,POS消费,地点742,淋浴,2014/08/28 18:14:15,0.5,216.3
28814,POS消费,地点938,洗衣房,2014/08/28 18:15:11,1.2,215.1
28814,POS消费,地点938,洗衣房,2014/08/28 18:17:53,-1.14,216.24
28814,POS消费,地点938,洗衣房,2014/08/28 18:18:49,1.2,215.04
28814,POS消费,地点938,洗衣房,2014/08/28 18:19:45,-1.14,216.18
28814,POS消费,地点987,洗衣房,2014/08/28 18:23:32,1.2,214.98
28814,POS消费,地点234,食堂,2014/08/29 11:04:05,18.2,196.78
28814,POS消费,地点1847,食堂,2014/08/29 17:36:08,7.0,189.78
28814,POS消费,地点1514,淋浴,2014/08/29 19:55:28,0.5,189.28
28814,POS消费,地点21,开水,2014/08/29 23:39:50,0.08,189.2
28814,POS消费,地点314,食堂,2014/08/30 10:37:52,91.3,97.9
28814,POS消费,地点314,食堂,2014/08/30 10:38:17,28.0,69.9
28814,POS消费,地点21,开水,2014/08/30 11:50:31,7.6,62.3
28814,POS消费,地点1514,淋浴,2014/08/30 14:42:04,0.5,61.8
28814,POS消费,地点168,食堂,2014/08/30 17:52:59,5.5,56.3
28814,POS消费,地点269,食堂,2014/08/30 18:01:12,5.6,50.7
28814,POS消费,地点938,洗衣房,2014/08/30 18:44:00,1.2,49.5
28814,POS消费,地点21,开水,2014/08/30 20:48:53,8.5,41.0
28814,POS消费,地点103,食堂,2014/08/31 08:16:15,2.3,38.7
28814,POS消费,地点103,食堂,2014/08/31 08:16:32,2.6,36.1
28814,POS消费,地点233,食堂,2014/08/31 10:53:02,6.6,29.5
28814,POS消费,地点21,开水,2014/08/31 11:14:15,4.5,25.0
28814,POS消费,地点263,食堂,2014/08/31 17:49:08,7.8,17.2
28814,POS消费,地点742,淋浴,2014/08/31 22:25:19,1.0,16.2
