28864,卡片开户,,,2014/07/19 15:59:12,0.0,0.0
28864,卡充值,,,2014/08/28 11:14:07,300.0,300.0
28864,POS消费,地点21,开水,2014/08/29 16:14:23,3.0,297.0
28864,POS消费,地点228,食堂,2014/08/29 18:00:20,4.0,293.0
28864,POS消费,地点231,食堂,2014/08/29 18:14:53,0.2,292.8
28864,POS消费,地点373,开水,2014/08/29 21:21:31,0.07,292.73
28864,POS消费,地点1961,超市,2014/08/30 11:12:55,140.7,152.03
28864,POS消费,地点65,食堂,2014/08/30 17:33:39,8.1,137.93
28864,POS消费,地点87,食堂,2014/08/30 17:37:05,4.0,133.93
28864,POS消费,地点89,食堂,2014/08/30 17:38:50,3.0,149.03
28864,POS消费,地点89,食堂,2014/08/30 17:40:21,3.0,146.03
28864,POS消费,地点21,开水,2014/08/30 17:56:31,23.5,110.43
28864,POS消费,地点460,淋浴,2014/08/30 22:23:35,1.6,108.83
28864,POS消费,地点192,超市,2014/08/31 11:02:54,4.3,104.53
28864,POS消费,地点459,淋浴,2014/08/31 22:01:04,0.9,103.63
