28920,卡片开户,,,2014/07/14 10:13:50,0.0,0.0
28920,卡充值,,,2014/08/28 16:50:25,200.0,200.0
28920,POS消费,地点190,超市,2014/08/28 17:28:56,0.6,199.4
28920,POS消费,地点1603,洗衣房,2014/08/28 17:49:21,3.6,195.8
28920,POS消费,地点885,开水,2014/08/28 18:01:40,0.02,195.78
28920,POS消费,地点349,开水,2014/08/28 18:05:03,0.02,195.76
28920,POS消费,地点1603,洗衣房,2014/08/28 18:37:42,-0.78,196.54
28920,POS消费,地点218,食堂,2014/08/29 13:04:40,1.0,195.54
28920,POS消费,地点456,淋浴,2014/08/29 18:23:05,0.1,195.34
28920,POS消费,地点456,淋浴,2014/08/29 18:35:09,0.1,194.94
28920,POS消费,地点1384,淋浴,2014/08/29 18:35:28,0.1,194.74
28920,POS消费,地点6,淋浴,2014/08/29 18:37:40,0.3,194.44
28920,POS消费,地点373,开水,2014/08/29 22:18:25,0.02,194.42
28920,POS消费,地点21,开水,2014/08/30 11:20:20,2.0,192.42
28920,POS消费,地点243,食堂,2014/08/30 11:37:42,3.0,189.42
28920,POS消费,地点373,开水,2014/08/30 13:53:08,0.01,189.41
28920,POS消费,地点373,开水,2014/08/30 13:53:37,0.05,189.36
28920,POS消费,地点239,食堂,2014/08/30 17:37:04,4.4,184.96
28920,POS消费,地点242,食堂,2014/08/30 17:38:33,1.5,183.46
28920,POS消费,地点426,淋浴,2014/08/30 21:24:13,0.1,183.36
28920,POS消费,地点456,淋浴,2014/08/30 21:24:39,0.1,183.26
28920,POS消费,地点456,淋浴,2014/08/30 21:24:47,0.1,183.16
28920,POS消费,地点321,淋浴,2014/08/30 21:28:45,0.1,182.86
28920,POS消费,地点321,淋浴,2014/08/30 21:32:09,0.2,182.96
28920,POS消费,地点184,食堂,2014/08/31 07:59:10,1.6,181.26
28920,POS消费,地点251,食堂,2014/08/31 12:33:21,2.2,179.06
28920,POS消费,地点251,食堂,2014/08/31 12:35:00,1.0,178.06
28920,POS消费,地点1547,食堂,2014/08/31 18:10:16,4.5,173.56
28920,POS消费,地点346,淋浴,2014/08/31 21:33:19,0.2,173.36
