28986,卡片开户,,,2014/07/13 10:55:48,0.0,0.0
28986,卡充值,,,2014/08/29 13:37:55,200.0,200.0
28986,POS消费,地点21,开水,2014/08/29 14:15:18,12.6,187.4
28986,POS消费,地点21,开水,2014/08/29 14:15:45,12.6,174.8
28986,POS消费,地点114,食堂,2014/08/29 14:25:06,7.0,167.8
28986,POS消费,地点195,超市,2014/08/30 10:24:50,1.0,166.8
28986,POS消费,地点82,食堂,2014/08/30 11:55:19,9.8,157.0
28986,POS消费,地点91,校车,2014/08/30 16:41:51,6.6,150.4
28986,POS消费,地点21,开水,2014/08/31 12:31:40,7.1,143.3
28986,POS消费,地点190,超市,2014/08/31 12:39:29,2.3,141.0
28986,POS消费,地点244,食堂,2014/08/31 17:55:20,8.6,132.4
28986,POS消费,地点70,食堂,2014/08/31 17:57:15,2.5,129.9
28986,POS消费,地点70,食堂,2014/08/31 17:57:20,2.5,127.4
