29090,卡片开户,,,2014/07/19 09:59:57,0.0,0.0
29090,卡充值,,,2014/08/28 13:03:15,200.0,200.0
29090,POS消费,地点61,食堂,2014/08/28 13:20:46,8.6,191.4
29090,POS消费,地点21,开水,2014/08/28 18:14:06,3.0,185.2
29090,POS消费,地点21,开水,2014/08/28 18:27:23,3.2,188.2
29090,POS消费,地点161,食堂,2014/08/29 09:00:32,4.6,180.6
29090,POS消费,地点91,校车,2014/08/29 13:36:17,5.5,175.1
29090,POS消费,地点91,校车,2014/08/29 13:46:22,8.0,167.1
29090,POS消费,地点325,淋浴,2014/08/29 21:22:26,0.1,167.0
29090,POS消费,地点485,淋浴,2014/08/29 21:27:59,0.2,166.8
29090,POS消费,地点485,淋浴,2014/08/29 21:35:06,0.1,166.7
29090,POS消费,地点485,淋浴,2014/08/29 21:35:47,0.3,166.4
29090,POS消费,地点485,淋浴,2014/08/29 21:54:48,0.5,165.9
29090,POS消费,地点103,食堂,2014/08/30 08:44:07,2.2,163.7
29090,POS消费,地点134,食堂,2014/08/30 08:44:25,0.8,162.9
29090,POS消费,地点134,食堂,2014/08/30 08:44:31,0.8,162.1
29090,POS消费,地点203,食堂,2014/08/30 11:43:59,6.5,155.6
29090,POS消费,地点283,食堂,2014/08/30 11:49:11,9.5,146.1
29090,POS消费,地点195,超市,2014/08/30 20:25:27,30.0,116.1
29090,POS消费,地点195,超市,2014/08/30 20:25:30,2.5,113.6
29090,POS消费,地点378,淋浴,2014/08/30 22:09:35,0.4,113.2
29090,POS消费,地点1588,食堂,2014/08/31 07:19:03,3.6,109.6
29090,POS消费,地点91,校车,2014/08/31 12:22:41,5.5,104.1
29090,POS消费,地点91,校车,2014/08/31 12:22:48,5.5,98.6
29090,POS消费,地点232,食堂,2014/08/31 18:18:33,6.0,92.6
