29092,卡片开户,,,2014/07/14 10:21:42,0.0,0.0
29092,卡充值,,,2014/08/27 10:30:07,100.0,100.0
29092,POS消费,地点21,开水,2014/08/27 11:42:50,4.2,95.8
29092,POS消费,地点21,开水,2014/08/27 11:43:11,4.6,91.2
29092,POS消费,地点65,食堂,2014/08/27 11:46:54,8.6,82.6
29092,POS消费,地点146,校车,2014/08/27 12:10:02,1.0,81.6
29092,POS消费,地点146,校车,2014/08/27 12:10:12,1.0,80.6
29092,POS消费,地点146,校车,2014/08/27 12:10:22,1.0,79.6
29092,POS消费,地点1451,校车,2014/08/27 15:45:30,1.0,78.6
29092,POS消费,地点1451,校车,2014/08/27 15:45:36,1.0,77.6
29092,POS消费,地点1451,校车,2014/08/27 15:45:42,1.0,76.6
29092,POS消费,地点1472,校车,2014/08/27 18:57:21,1.0,75.6
29092,POS消费,地点1472,校车,2014/08/27 18:57:28,1.0,74.6
29092,POS消费,地点1472,校车,2014/08/27 18:57:34,1.0,73.6
29092,POS消费,地点1442,校车,2014/08/28 19:34:23,1.0,72.6
29092,POS消费,地点1472,校车,2014/08/28 20:27:00,1.0,71.6
29092,POS消费,地点1472,校车,2014/08/28 20:27:12,1.0,70.6
29092,POS消费,地点222,校车,2014/08/29 07:44:14,1.0,69.6
29092,POS消费,地点222,校车,2014/08/29 07:45:49,1.0,68.6
29092,POS消费,地点222,校车,2014/08/29 07:47:07,1.0,67.6
29092,POS消费,地点27,教务处,2014/08/29 10:05:09,15.0,52.6
29092,POS消费,地点65,食堂,2014/08/29 13:25:00,4.6,30.8
29092,POS消费,地点65,食堂,2014/08/29 13:25:15,0.6,30.2
29092,POS消费,地点65,食堂,2014/08/29 13:25:51,20.0,10.2
29092,POS消费,地点60,食堂,2014/08/29 13:29:01,8.6,44.0
29092,POS消费,地点60,食堂,2014/08/29 13:29:50,8.6,35.4
29092,POS消费,地点21,开水,2014/08/29 13:48:41,3.0,7.2
29092,POS消费,地点1448,校车,2014/08/29 14:10:25,1.0,6.2
29092,POS消费,地点1448,校车,2014/08/29 14:10:32,1.0,5.2
29092,POS消费,地点1448,校车,2014/08/29 14:10:38,1.0,4.2
29092,POS消费,地点1472,校车,2014/08/29 15:33:20,1.0,3.2
29092,POS消费,地点211,校车,2014/08/30 08:44:48,1.0,2.2
29092,卡充值,,,2014/08/30 09:45:05,100.0,102.2
29092,POS消费,地点59,食堂,2014/08/30 11:48:53,3.6,98.6
29092,POS消费,地点89,食堂,2014/08/30 12:01:23,3.0,95.6
29092,POS消费,地点89,食堂,2014/08/30 12:01:27,3.0,92.6
29092,POS消费,地点59,食堂,2014/08/30 12:06:50,0.4,92.2
29092,POS消费,地点146,校车,2014/08/30 16:03:27,1.0,91.2
29092,POS消费,地点87,食堂,2014/08/31 07:03:59,3.0,88.2
29092,POS消费,地点60,食堂,2014/08/31 07:16:15,0.3,86.1
29092,POS消费,地点61,食堂,2014/08/31 07:19:19,1.8,86.4
29092,POS消费,地点91,校车,2014/08/31 12:23:27,5.5,80.6
