29160,卡片开户,,,2014/07/16 12:37:45,0.0,0.0
29160,卡充值,,,2014/08/29 18:04:55,200.0,200.0
29160,POS消费,地点218,食堂,2014/08/29 18:05:25,3.0,197.0
29160,POS消费,地点233,食堂,2014/08/29 18:09:34,5.6,191.4
29160,POS消费,地点225,食堂,2014/08/29 18:10:35,3.0,188.4
29160,POS消费,地点233,食堂,2014/08/29 18:10:46,7.6,180.8
29160,POS消费,地点233,食堂,2014/08/29 18:11:02,0.6,180.2
29160,POS消费,地点536,开水,2014/08/30 07:47:25,0.01,180.18
29160,POS消费,地点568,开水,2014/08/30 07:50:14,0.01,180.19
29160,POS消费,地点89,食堂,2014/08/30 08:53:49,3.0,177.18
29160,POS消费,地点89,食堂,2014/08/30 08:54:00,1.0,176.18
29160,POS消费,地点822,食堂,2014/08/30 11:50:18,5.6,161.98
29160,POS消费,地点203,食堂,2014/08/30 11:52:16,6.5,155.48
29160,POS消费,地点182,食堂,2014/08/30 11:52:17,8.6,167.58
29160,POS消费,地点232,食堂,2014/08/30 17:42:41,7.1,148.38
29160,POS消费,地点1527,淋浴,2014/08/30 22:58:53,0.7,147.68
29160,POS消费,地点21,开水,2014/08/31 12:08:13,3.5,144.18
29160,POS消费,地点283,食堂,2014/08/31 17:19:12,5.5,138.68
29160,POS消费,地点1527,淋浴,2014/08/31 22:35:41,0.4,138.28
