29218,卡片开户,,,2014/07/17 16:03:36,0.0,0.0
29218,卡充值,,,2014/08/29 16:45:13,500.0,500.0
29218,POS消费,地点114,食堂,2014/08/30 07:39:53,2.0,497.8
29218,POS消费,地点1961,超市,2014/08/30 10:38:40,56.0,441.8
29218,POS消费,地点566,开水,2014/08/30 11:07:10,0.01,441.79
29218,POS消费,地点222,校车,2014/08/30 15:10:03,1.0,440.79
29218,POS消费,地点211,校车,2014/08/30 15:33:16,1.0,439.79
29218,POS消费,地点211,校车,2014/08/30 15:33:31,1.0,438.79
29218,POS消费,地点219,超市,2014/08/30 16:38:19,6.0,432.79
29218,POS消费,地点326,洗衣房,2014/08/30 17:04:31,0.5,432.29
29218,POS消费,地点21,开水,2014/08/30 18:21:13,12.6,419.69
29218,POS消费,地点21,开水,2014/08/30 18:21:31,9.6,410.09
29218,POS消费,地点188,超市,2014/08/30 21:17:03,6.7,403.39
29218,POS消费,地点124,食堂,2014/08/31 07:51:37,3.0,400.39
29218,POS消费,地点124,食堂,2014/08/31 07:59:04,3.0,397.39
29218,POS消费,地点566,开水,2014/08/31 08:54:07,0.01,397.38
29218,POS消费,地点190,超市,2014/08/31 17:02:04,2.7,394.68
29218,POS消费,地点91,校车,2014/08/31 17:24:53,8.6,386.08
29218,POS消费,地点188,超市,2014/08/31 21:38:45,23.0,363.08
