29438,卡片开户,,,2014/07/08 15:35:36,0.0,0.0
29438,卡充值,,,2014/08/29 13:32:13,500.0,500.0
29438,POS消费,地点314,食堂,2014/08/29 15:21:05,302.5,197.5
29438,POS消费,地点562,淋浴,2014/08/29 20:42:06,0.1,197.4
29438,POS消费,地点562,淋浴,2014/08/29 20:43:38,0.6,196.8
29438,POS消费,地点192,超市,2014/08/30 15:29:37,30.0,166.8
29438,POS消费,地点192,超市,2014/08/30 15:29:40,8.5,158.3
29438,POS消费,地点192,超市,2014/08/30 15:29:47,0.3,158.0
29438,POS消费,地点91,校车,2014/08/30 17:34:57,10.9,147.1
29438,POS消费,地点188,超市,2014/08/30 20:42:36,71.7,75.4
29438,POS消费,地点166,淋浴,2014/08/30 21:24:57,0.5,74.9
29438,POS消费,地点21,开水,2014/08/31 07:31:45,5.5,69.4
29438,POS消费,地点192,超市,2014/08/31 10:07:04,5.6,63.8
29438,POS消费,地点134,食堂,2014/08/31 11:45:33,4.6,59.2
29438,,,,2014/08/31 12:05:14,10.0,49.2
29438,POS消费,地点166,淋浴,2014/08/31 22:14:19,0.7,48.5
