29490,卡片开户,,,2014/07/08 15:29:53,0.0,0.0
29490,卡充值,,,2014/08/29 15:40:11,20.0,20.0
29490,POS消费,地点1472,校车,2014/08/30 09:45:58,1.0,19.0
29490,卡充值,,,2014/08/30 12:02:46,200.0,219.0
29490,POS消费,地点262,食堂,2014/08/30 12:11:03,3.5,215.5
29490,POS消费,地点230,食堂,2014/08/30 12:31:20,5.0,210.5
29490,POS消费,地点211,校车,2014/08/30 13:01:48,1.0,209.5
29490,POS消费,地点69,食堂,2014/08/30 17:24:51,9.4,200.1
29490,POS消费,地点195,超市,2014/08/31 10:17:32,30.0,169.4
29490,POS消费,地点195,超市,2014/08/31 10:17:35,26.0,143.4
29490,POS消费,地点21,开水,2014/08/31 11:37:25,4.9,138.5
29490,POS消费,地点1686,食堂,2014/08/31 18:08:44,5.0,133.5
