29708,卡片开户,,,2014/07/18 11:08:39,0.0,0.0
29708,卡充值,,,2014/08/29 14:03:46,500.0,500.0
29708,POS消费,地点72,食堂,2014/08/29 14:06:56,8.2,491.8
29708,POS消费,地点21,开水,2014/08/29 14:07:14,8.6,483.2
29708,POS消费,地点21,开水,2014/08/29 14:07:35,8.6,474.6
29708,POS消费,地点21,开水,2014/08/30 17:37:33,3.0,471.6
29708,POS消费,地点195,超市,2014/08/30 21:28:16,30.0,441.6
29708,POS消费,地点195,超市,2014/08/30 21:28:20,16.2,425.4
29708,POS消费,地点1907,淋浴,2014/08/30 22:34:41,0.3,425.1
29708,POS消费,地点65,食堂,2014/08/31 08:33:57,0.2,424.9
29708,POS消费,地点60,食堂,2014/08/31 08:44:05,0.5,424.4
29708,POS消费,地点27,教务处,2014/08/31 09:52:12,15.0,409.4
29708,POS消费,地点972,食堂,2014/08/31 12:34:51,5.4,404.0
29708,POS消费,地点103,食堂,2014/08/31 12:34:56,3.5,400.5
29708,POS消费,地点1567,开水,2014/08/31 13:25:28,0.04,400.46
29708,POS消费,地点1926,淋浴,2014/08/31 21:41:01,0.5,399.96
