29832,卡片开户,,,2014/07/18 11:03:45,0.0,0.0
29832,卡充值,,,2014/08/30 10:03:00,100.0,100.0
29832,POS消费,地点114,食堂,2014/08/30 10:05:24,3.0,97.0
29832,POS消费,地点27,教务处,2014/08/30 10:36:30,15.0,81.5
29832,POS消费,地点213,食堂,2014/08/30 10:37:53,0.5,96.5
29832,POS消费,地点192,超市,2014/08/30 17:06:25,26.0,55.5
29832,POS消费,地点1701,食堂,2014/08/30 17:40:32,5.1,50.4
29832,POS消费,地点1532,淋浴,2014/08/30 23:54:12,0.1,50.3
29832,POS消费,地点1532,淋浴,2014/08/30 23:57:13,0.1,50.2
29832,POS消费,地点1532,淋浴,2014/08/30 23:57:19,0.3,49.9
29832,POS消费,地点1532,淋浴,2014/08/31 00:04:17,0.6,49.3
29832,POS消费,地点65,食堂,2014/08/31 08:37:40,0.5,48.8
29832,POS消费,地点65,食堂,2014/08/31 08:37:49,0.2,48.6
29832,POS消费,地点91,校车,2014/08/31 11:53:05,7.0,41.6
29832,POS消费,地点114,食堂,2014/08/31 12:17:06,2.0,39.6
29832,POS消费,地点61,食堂,2014/08/31 18:23:28,8.6,31.0
29832,POS消费,地点114,食堂,2014/08/31 18:24:23,3.0,28.0
