29964,卡片开户,,,2014/07/20 10:12:24,0.0,0.0
29964,卡充值,,,2014/08/28 16:41:37,500.0,500.0
29964,POS消费,地点264,食堂,2014/08/30 12:24:57,20.2,479.8
29964,POS消费,地点305,食堂,2014/08/30 12:29:29,6.0,473.8
29964,POS消费,地点21,开水,2014/08/30 12:51:16,8.0,465.8
29964,POS消费,地点1890,开水,2014/08/30 13:36:19,0.22,465.58
29964,POS消费,地点1919,淋浴,2014/08/30 20:31:22,0.3,465.28
29964,POS消费,地点1322,淋浴,2014/08/31 07:21:46,0.1,465.18
29964,POS消费,地点1321,淋浴,2014/08/31 07:24:26,0.6,464.58
29964,POS消费,地点21,开水,2014/08/31 08:33:44,2.8,461.78
29964,POS消费,地点91,校车,2014/08/31 11:04:52,5.6,456.18
29964,POS消费,地点233,食堂,2014/08/31 17:09:37,7.6,448.58
29964,POS消费,地点1321,淋浴,2014/08/31 18:23:32,0.4,448.18
29964,POS消费,地点1922,洗衣房,2014/08/31 18:41:17,-2.52,447.1
29964,POS消费,地点1922,洗衣房,2014/08/31 18:41:17,3.6,444.58
