29986,卡片开户,,,2014/07/12 16:02:14,0.0,0.0
29986,POS消费,地点91,校车,2014/08/29 17:25:09,7.0,93.0
29986,卡充值,,,2014/08/29 17:27:23,100.0,100.0
29986,POS消费,地点1890,开水,2014/08/30 07:05:10,0.16,92.84
29986,POS消费,地点230,食堂,2014/08/30 12:56:32,5.0,87.84
29986,POS消费,地点114,食堂,2014/08/30 16:37:28,5.0,82.84
29986,POS消费,地点237,食堂,2014/08/30 18:08:48,3.7,79.14
29986,POS消费,地点1890,开水,2014/08/30 21:05:51,0.02,79.12
29986,POS消费,地点1890,开水,2014/08/30 21:13:36,0.17,78.95
29986,POS消费,地点184,食堂,2014/08/31 08:06:46,2.0,76.95
29986,POS消费,地点237,食堂,2014/08/31 11:15:47,2.4,74.55
29986,POS消费,地点230,食堂,2014/08/31 18:17:02,4.5,70.05
29986,POS消费,地点1890,开水,2014/08/31 19:30:58,0.17,69.88
