29998,卡片开户,,,2014/07/20 10:12:09,0.0,0.0
29998,POS消费,地点21,开水,2014/08/28 16:23:02,12.9,187.1
29998,卡充值,,,2014/08/28 16:24:25,200.0,200.0
29998,POS消费,地点232,食堂,2014/08/29 13:20:22,5.5,181.6
29998,POS消费,地点91,校车,2014/08/29 13:23:06,16.0,165.6
29998,POS消费,地点91,校车,2014/08/29 13:31:21,3.2,162.4
29998,卡充值,,,2014/08/29 13:45:44,500.0,662.4
29998,POS消费,地点114,食堂,2014/08/29 13:46:39,7.5,654.9
29998,POS消费,地点21,开水,2014/08/29 13:54:00,6.0,648.9
29998,POS消费,地点21,开水,2014/08/29 13:57:13,7.65,641.25
29998,POS消费,地点21,开水,2014/08/29 14:00:02,6.3,634.95
29998,POS消费,地点232,食堂,2014/08/29 17:37:54,8.9,626.05
29998,POS消费,地点222,校车,2014/08/30 09:17:16,1.0,625.05
29998,POS消费,地点222,校车,2014/08/30 09:18:41,1.0,624.05
29998,POS消费,地点26,图书馆,2014/08/30 16:41:21,28.0,596.05
29998,POS消费,地点91,校车,2014/08/30 16:50:47,3.0,585.05
29998,POS消费,地点232,食堂,2014/08/30 16:51:50,8.0,588.05
29998,POS消费,地点114,食堂,2014/08/30 17:30:17,2.0,583.05
29998,POS消费,地点1950,淋浴,2014/08/30 20:42:15,0.5,582.55
29998,POS消费,地点192,超市,2014/08/31 10:42:23,28.4,554.15
29998,POS消费,地点1950,淋浴,2014/08/31 13:19:11,0.3,553.85
29998,POS消费,地点1155,食堂,2014/08/31 16:43:24,15.0,538.85
29998,POS消费,地点12,文印中心,2014/08/31 21:12:47,0.5,538.35
