30066,卡片开户,,,2014/07/18 11:01:23,0.0,0.0
30066,卡充值,,,2014/08/29 09:45:18,200.0,200.0
30066,POS消费,地点59,食堂,2014/08/29 12:03:54,5.1,194.9
30066,POS消费,地点59,食堂,2014/08/29 12:04:42,4.9,190.0
30066,POS消费,地点59,食堂,2014/08/29 12:05:29,5.5,184.5
30066,POS消费,地点1890,开水,2014/08/29 20:17:24,0.17,184.33
30066,POS消费,地点1890,开水,2014/08/29 20:19:14,0.16,184.17
30066,POS消费,地点21,开水,2014/08/30 08:29:57,3.6,180.57
30066,POS消费,地点1448,校车,2014/08/30 11:53:34,1.0,179.57
30066,POS消费,地点239,食堂,2014/08/30 12:24:31,7.4,172.17
30066,POS消费,地点237,食堂,2014/08/30 17:24:07,2.2,169.97
30066,POS消费,地点1890,开水,2014/08/30 22:03:53,0.1,169.87
30066,POS消费,地点1321,淋浴,2014/08/30 22:08:11,0.3,169.57
30066,POS消费,地点184,食堂,2014/08/31 08:18:57,1.6,167.97
30066,POS消费,地点184,食堂,2014/08/31 08:19:08,1.4,166.57
30066,POS消费,地点82,食堂,2014/08/31 12:23:49,4.2,162.37
30066,POS消费,地点1890,开水,2014/08/31 20:20:56,0.16,162.21
