30138,卡片开户,,,2014/07/17 10:11:12,0.0,0.0
30138,卡充值,,,2014/08/28 15:33:18,500.0,500.0
30138,POS消费,地点314,食堂,2014/08/28 21:03:51,246.1,253.9
30138,POS消费,地点222,校车,2014/08/29 09:25:25,1.0,252.9
30138,POS消费,地点233,食堂,2014/08/29 11:18:05,0.6,252.3
30138,POS消费,地点233,食堂,2014/08/29 11:18:17,4.0,248.3
30138,POS消费,地点282,食堂,2014/08/29 11:19:40,7.0,238.3
30138,POS消费,地点822,食堂,2014/08/29 11:20:27,10.6,227.7
30138,POS消费,地点822,食堂,2014/08/29 11:21:01,5.0,222.7
30138,POS消费,地点182,食堂,2014/08/29 11:21:43,3.0,245.3
30138,POS消费,地点168,食堂,2014/08/29 11:22:31,4.5,218.2
30138,POS消费,地点1321,淋浴,2014/08/29 20:27:27,1.1,217.1
30138,POS消费,地点1890,开水,2014/08/29 20:55:05,0.08,217.02
30138,POS消费,地点65,食堂,2014/08/30 09:20:57,0.8,215.12
30138,POS消费,地点61,食堂,2014/08/30 09:33:06,1.1,215.92
30138,POS消费,地点222,校车,2014/08/30 11:20:58,1.0,214.12
30138,POS消费,地点1890,开水,2014/08/30 13:00:21,0.24,213.88
30138,POS消费,地点1321,淋浴,2014/08/30 16:15:36,1.3,212.58
30138,POS消费,地点21,开水,2014/08/30 17:51:38,1.4,211.18
30138,POS消费,地点21,开水,2014/08/30 17:51:45,1.2,209.98
30138,POS消费,地点21,开水,2014/08/30 20:12:42,6.7,203.28
30138,POS消费,地点65,食堂,2014/08/31 07:59:26,0.8,202.48
30138,POS消费,地点161,食堂,2014/08/31 08:06:43,1.6,200.88
30138,POS消费,地点1890,开水,2014/08/31 10:44:52,0.15,200.73
30138,POS消费,地点1919,淋浴,2014/08/31 17:18:10,0.1,200.63
30138,POS消费,地点1321,淋浴,2014/08/31 17:18:45,0.8,199.83
30138,POS消费,地点204,食堂,2014/08/31 18:16:17,4.5,195.33
30138,POS消费,地点83,食堂,2014/08/31 18:52:28,14.0,181.33
