30176,卡片开户,,,2014/07/19 11:39:36,0.0,0.0
30176,卡充值,,,2014/08/28 14:18:57,500.0,500.0
30176,POS消费,地点146,校车,2014/08/28 15:17:09,1.0,499.0
30176,POS消费,地点146,校车,2014/08/28 15:17:16,1.0,498.0
30176,POS消费,地点222,校车,2014/08/28 15:37:39,1.0,497.0
30176,POS消费,地点222,校车,2014/08/28 15:38:42,1.0,496.0
30176,POS消费,地点195,超市,2014/08/30 10:40:49,29.9,466.1
30176,POS消费,地点242,食堂,2014/08/30 11:31:46,2.1,464.0
30176,POS消费,地点239,食堂,2014/08/30 11:32:41,13.0,451.0
30176,POS消费,地点72,食堂,2014/08/30 17:20:49,5.1,445.9
30176,POS消费,地点192,超市,2014/08/30 18:17:18,2.8,443.1
30176,POS消费,地点326,洗衣房,2014/08/30 20:59:52,0.2,442.9
30176,POS消费,地点326,洗衣房,2014/08/30 21:01:19,0.1,442.8
30176,POS消费,地点60,食堂,2014/08/31 08:07:10,0.8,442.0
30176,POS消费,地点239,食堂,2014/08/31 11:37:19,6.2,435.8
30176,POS消费,地点242,食堂,2014/08/31 11:39:09,1.5,434.3
30176,POS消费,地点239,食堂,2014/08/31 17:42:42,5.7,428.6
30176,POS消费,地点242,食堂,2014/08/31 17:44:11,1.5,427.1
30176,POS消费,地点568,开水,2014/08/31 19:44:05,0.01,427.09
30176,POS消费,地点21,开水,2014/08/31 20:08:33,2.3,424.79
30176,POS消费,地点21,开水,2014/08/31 20:50:53,12.8,411.99
30176,POS消费,地点326,洗衣房,2014/08/31 22:01:23,0.2,411.79
