30394,卡片开户,,,2014/07/19 09:53:05,0.0,0.0
30394,卡充值,,,2014/08/29 14:43:36,100.0,100.0
30394,POS消费,地点168,食堂,2014/08/29 14:48:54,13.0,87.0
30394,POS消费,地点168,食堂,2014/08/29 14:49:19,5.5,81.5
30394,POS消费,地点114,食堂,2014/08/29 15:05:36,3.0,78.5
30394,POS消费,地点21,开水,2014/08/29 19:05:39,3.0,75.5
30394,POS消费,地点232,食堂,2014/08/29 19:07:16,21.0,54.5
30394,POS消费,地点91,校车,2014/08/29 19:10:15,5.5,49.0
30394,POS消费,地点21,开水,2014/08/29 19:20:10,3.2,45.8
30394,POS消费,地点21,开水,2014/08/29 19:33:25,3.0,42.8
30394,卡充值,,,2014/08/30 09:42:55,200.0,242.8
30394,POS消费,地点168,食堂,2014/08/30 09:54:22,6.5,236.3
30394,POS消费,地点168,食堂,2014/08/30 09:54:25,4.5,231.8
30394,更新卡信息,,,2014/08/30 10:57:02,0.0,0.0
30394,更新卡信息,,,2014/08/30 10:58:08,0.0,0.0
30394,POS消费,地点83,食堂,2014/08/30 18:36:53,11.0,220.8
30394,POS消费,地点83,食堂,2014/08/30 18:37:56,0.1,220.7
30394,POS消费,地点83,食堂,2014/08/30 18:38:12,13.0,207.7
30394,POS消费,地点83,食堂,2014/08/30 18:38:53,0.1,207.6
30394,POS消费,地点6,淋浴,2014/08/30 22:21:46,0.4,207.2
30394,POS消费,地点83,食堂,2014/08/31 08:09:25,8.5,198.7
30394,POS消费,地点6,淋浴,2014/08/31 11:37:54,1.2,197.5
30394,POS消费,地点1447,校车,2014/08/31 13:46:56,1.0,196.5
30394,POS消费,地点21,开水,2014/08/31 18:13:59,3.0,193.5
30394,POS消费,地点21,开水,2014/08/31 18:31:43,26.0,167.5
