30468,卡片开户,,,2014/07/19 10:01:44,0.0,0.0
30468,卡充值,,,2014/08/29 09:55:11,300.0,300.0
30468,POS消费,地点61,食堂,2014/08/29 14:04:54,8.6,291.4
30468,POS消费,地点753,开水,2014/08/29 21:21:00,0.03,291.37
30468,POS消费,地点21,开水,2014/08/30 17:47:26,1.6,289.77
30468,POS消费,地点65,食堂,2014/08/31 07:40:55,0.8,288.97
30468,POS消费,地点161,食堂,2014/08/31 07:47:06,1.6,287.37
30468,POS消费,地点184,食堂,2014/08/31 12:15:10,5.8,281.57
30468,POS消费,地点188,超市,2014/08/31 17:10:46,2.4,279.17
30468,POS消费,地点21,开水,2014/08/31 17:41:00,1.5,277.67
