30486,卡片开户,,,2014/07/13 15:52:42,0.0,0.0
30486,卡充值,,,2014/08/29 11:39:04,500.0,500.0
30486,POS消费,地点70,食堂,2014/08/29 11:41:26,2.5,497.5
30486,POS消费,地点21,开水,2014/08/29 11:57:11,0.7,496.8
30486,POS消费,地点260,食堂,2014/08/29 11:59:32,2.0,494.8
30486,POS消费,地点27,教务处,2014/08/29 16:09:03,15.0,479.8
30486,POS消费,地点21,开水,2014/08/29 16:43:18,0.01,479.79
30486,POS消费,地点237,食堂,2014/08/29 18:14:03,3.0,476.79
30486,POS消费,地点21,开水,2014/08/29 18:27:28,0.7,476.09
30486,POS消费,地点218,食堂,2014/08/29 18:29:42,1.0,475.09
30486,POS消费,地点314,食堂,2014/08/30 09:42:49,30.0,445.09
30486,POS消费,地点314,食堂,2014/08/30 09:42:55,4.8,440.29
30486,POS消费,地点21,开水,2014/08/30 12:43:32,8.6,431.69
30486,POS消费,地点314,食堂,2014/08/30 15:08:32,2.9,428.79
30486,POS消费,地点192,超市,2014/08/30 16:27:17,15.4,413.39
30486,POS消费,地点237,食堂,2014/08/30 18:11:58,2.5,410.89
30486,POS消费,地点21,开水,2014/08/30 18:26:06,0.75,410.14
30486,POS消费,地点21,开水,2014/08/30 20:19:57,0.01,410.13
30486,POS消费,地点1847,食堂,2014/08/31 12:34:45,1.0,404.53
30486,POS消费,地点1596,食堂,2014/08/31 12:45:00,4.6,405.53
30486,POS消费,地点21,开水,2014/08/31 17:28:32,0.01,404.52
30486,POS消费,地点72,食堂,2014/08/31 18:16:09,4.0,400.52
30486,POS消费,地点21,开水,2014/08/31 18:30:08,0.7,399.82
30486,POS消费,地点41,淋浴,2014/08/31 19:30:15,0.7,399.12
