30656,卡片开户,,,2014/07/12 12:32:53,0.0,0.0
30656,卡充值,,,2014/08/18 12:22:58,1000.0,1000.0
30656,POS消费,地点21,开水,2014/08/18 12:32:33,13.0,987.0
30656,POS消费,地点1700,食堂,2014/08/18 12:47:20,6.0,981.0
30656,POS消费,地点21,开水,2014/08/18 14:59:04,3.6,977.4
30656,POS消费,地点21,开水,2014/08/18 16:06:52,8.0,969.4
30656,POS消费,地点21,开水,2014/08/18 16:14:44,6.0,963.4
30656,POS消费,地点21,开水,2014/08/18 17:54:55,1.0,948.6
30656,POS消费,地点60,食堂,2014/08/18 18:02:16,1.5,947.1
30656,POS消费,地点61,食堂,2014/08/18 18:06:27,3.6,959.8
30656,POS消费,地点61,食堂,2014/08/18 18:06:53,4.6,955.2
30656,POS消费,地点61,食堂,2014/08/18 18:07:15,5.6,949.6
30656,POS消费,地点188,超市,2014/08/18 19:42:20,25.9,921.2
30656,POS消费,地点65,食堂,2014/08/19 06:44:41,0.8,918.0
30656,POS消费,地点61,食堂,2014/08/19 06:51:38,2.4,918.8
30656,POS消费,地点65,食堂,2014/08/19 17:30:21,6.8,911.2
30656,POS消费,地点21,开水,2014/08/19 18:06:18,7.5,903.7
30656,POS消费,地点72,食堂,2014/08/20 18:18:32,4.6,899.1
30656,POS消费,地点61,食堂,2014/08/21 07:17:09,1.4,897.7
30656,POS消费,地点21,开水,2014/08/21 11:48:53,4.8,892.9
30656,POS消费,地点72,食堂,2014/08/21 17:28:16,5.8,887.1
30656,POS消费,地点192,超市,2014/08/21 18:53:16,21.6,865.5
