31138,卡片开户,,,2014/07/16 10:11:29,0.0,0.0
31138,卡充值,,,2014/08/16 12:36:32,100.0,100.0
31138,POS消费,地点72,食堂,2014/08/16 12:40:10,6.8,93.2
31138,POS消费,地点91,校车,2014/08/17 11:59:39,3.0,90.2
31138,POS消费,地点232,食堂,2014/08/17 12:01:11,2.0,88.2
31138,更新卡信息,,,2014/08/28 17:10:04,0.0,0.0
31138,POS消费,地点91,校车,2014/08/29 11:38:12,5.1,83.1
31138,POS消费,地点91,校车,2014/08/29 11:39:06,8.6,74.5
31138,POS消费,地点91,校车,2014/08/29 11:40:51,3.6,70.9
31138,POS消费,地点1304,开水,2014/08/30 21:14:55,0.01,70.89
31138,POS消费,地点1303,开水,2014/08/30 21:16:46,0.01,70.88
31138,POS消费,地点1962,洗衣房,2014/08/31 07:35:41,-1.56,68.84
31138,POS消费,地点1962,洗衣房,2014/08/31 07:35:41,3.6,67.28
31138,POS消费,地点1588,食堂,2014/08/31 09:05:03,1.3,67.54
31138,POS消费,地点179,食堂,2014/08/31 09:06:06,3.1,64.44
31138,POS消费,地点21,开水,2014/08/31 19:18:16,2.6,61.84
31138,POS消费,地点1303,开水,2014/08/31 19:23:03,0.01,61.83
31138,POS消费,地点1303,开水,2014/08/31 19:23:13,0.01,61.82
