31184,卡片开户,,,2014/07/15 15:51:43,0.0,0.0
31184,卡充值,,,2014/08/29 13:38:33,300.0,300.0
31184,POS消费,地点91,校车,2014/08/29 13:41:54,3.2,296.8
31184,POS消费,地点232,食堂,2014/08/29 13:48:42,2.0,294.8
31184,POS消费,地点232,食堂,2014/08/29 13:50:33,20.0,274.8
31184,POS消费,地点237,食堂,2014/08/29 18:11:37,3.8,271.0
31184,POS消费,地点237,食堂,2014/08/29 18:12:08,3.6,267.4
31184,POS消费,地点251,食堂,2014/08/29 18:24:29,0.6,266.8
31184,POS消费,地点21,开水,2014/08/29 18:26:35,0.35,266.45
31184,POS消费,地点1358,淋浴,2014/08/29 21:10:25,0.1,266.35
31184,POS消费,地点1358,淋浴,2014/08/29 21:13:01,0.2,266.15
31184,POS消费,地点1621,淋浴,2014/08/29 21:54:58,0.7,265.45
31184,POS消费,地点69,食堂,2014/08/30 08:38:07,1.6,263.85
31184,POS消费,地点232,食堂,2014/08/30 17:30:02,12.0,251.85
31184,POS消费,地点1621,淋浴,2014/08/30 18:28:05,0.6,251.25
31184,POS消费,地点1622,淋浴,2014/08/30 20:26:18,0.6,250.65
31184,POS消费,地点1588,食堂,2014/08/31 07:47:35,2.4,248.25
31184,POS消费,地点1588,食堂,2014/08/31 07:47:50,1.6,246.65
31184,POS消费,地点1622,淋浴,2014/08/31 19:52:03,0.6,246.05
31184,POS消费,地点1303,开水,2014/08/31 20:30:15,0.01,246.04
