31210,卡片开户,,,2014/07/16 12:19:15,0.0,0.0
31210,卡充值,,,2014/08/28 14:28:08,200.0,200.0
31210,POS消费,地点188,超市,2014/08/28 15:08:39,55.0,145.0
31210,POS消费,地点1993,洗衣房,2014/08/28 17:54:25,1.26,143.74
31210,POS消费,地点1993,洗衣房,2014/08/28 18:17:33,1.26,142.48
31210,POS消费,地点1993,洗衣房,2014/08/29 06:49:17,1.26,141.22
31210,POS消费,地点1993,洗衣房,2014/08/29 06:49:17,-0.96,142.08
31210,POS消费,地点1621,淋浴,2014/08/29 06:53:14,0.1,141.12
31210,POS消费,地点1993,洗衣房,2014/08/29 06:53:43,1.26,140.82
31210,POS消费,地点1621,淋浴,2014/08/29 06:54:30,0.1,140.72
31210,POS消费,地点213,食堂,2014/08/29 09:08:26,1.5,139.22
31210,POS消费,地点816,校车,2014/08/29 09:16:55,1.0,138.22
31210,POS消费,地点188,超市,2014/08/29 11:19:46,11.5,126.72
31210,POS消费,地点218,食堂,2014/08/29 11:54:04,3.8,112.62
31210,POS消费,地点82,食堂,2014/08/29 12:05:57,10.3,116.42
31210,POS消费,地点1303,开水,2014/08/29 16:24:05,0.01,112.6
31210,POS消费,地点1303,开水,2014/08/29 16:24:26,0.01,112.61
31210,POS消费,地点1303,开水,2014/08/29 16:29:50,0.01,112.59
31210,POS消费,地点1303,开水,2014/08/29 17:16:14,0.01,112.58
31210,POS消费,地点1621,淋浴,2014/08/29 21:53:25,0.9,111.68
31210,POS消费,地点1303,开水,2014/08/30 00:10:04,0.01,111.67
31210,POS消费,地点1993,洗衣房,2014/08/30 07:08:32,3.6,108.07
31210,POS消费,地点1303,开水,2014/08/30 07:12:47,0.01,108.06
31210,POS消费,地点1303,开水,2014/08/30 07:14:13,0.01,108.05
31210,POS消费,地点103,食堂,2014/08/30 08:18:26,2.1,105.95
31210,POS消费,地点218,食堂,2014/08/30 11:27:32,3.8,93.95
31210,POS消费,地点82,食堂,2014/08/30 11:40:41,8.2,97.75
31210,POS消费,地点239,食堂,2014/08/30 11:48:22,0.4,93.55
31210,POS消费,地点1303,开水,2014/08/30 15:39:07,0.01,93.54
31210,POS消费,地点82,食堂,2014/08/30 17:47:31,9.33,84.21
31210,POS消费,地点134,食堂,2014/08/31 07:52:03,1.4,82.81
31210,POS消费,地点1303,开水,2014/08/31 10:21:24,0.01,82.8
31210,POS消费,地点822,食堂,2014/08/31 11:26:47,22.6,60.2
31210,POS消费,地点1617,淋浴,2014/08/31 21:08:26,0.5,59.7
