31220,卡片开户,,,2014/07/18 16:29:59,0.0,0.0
31220,卡充值,,,2014/08/28 16:51:51,300.0,300.0
31220,POS消费,地点314,食堂,2014/08/28 17:10:04,110.9,189.1
31220,POS消费,地点816,校车,2014/08/30 09:42:42,1.0,188.1
31220,POS消费,地点816,校车,2014/08/30 09:42:48,1.0,187.1
31220,POS消费,地点314,食堂,2014/08/30 12:14:40,1.8,185.3
31220,POS消费,地点1963,洗衣房,2014/08/30 13:30:11,-0.06,184.1
31220,POS消费,地点1963,洗衣房,2014/08/30 13:30:11,1.26,184.04
31220,POS消费,地点146,校车,2014/08/30 17:59:51,1.0,183.1
31220,POS消费,地点146,校车,2014/08/30 18:00:00,1.0,182.1
31220,POS消费,地点866,淋浴,2014/08/30 19:27:03,0.1,182.0
31220,POS消费,地点866,淋浴,2014/08/30 19:27:56,0.4,181.6
31220,POS消费,地点866,淋浴,2014/08/30 20:01:53,0.5,181.1
31220,POS消费,地点204,食堂,2014/08/31 09:33:57,5.5,175.6
31220,POS消费,地点275,食堂,2014/08/31 12:03:47,10.0,165.6
31220,POS消费,地点1551,食堂,2014/08/31 12:07:11,22.4,143.2
31220,POS消费,地点21,开水,2014/08/31 12:34:17,15.8,127.4
31220,POS消费,地点21,开水,2014/08/31 12:34:25,10.6,116.8
31220,POS消费,地点874,淋浴,2014/08/31 19:45:54,1.0,112.8
