31358,卡片开户,,,2014/07/19 09:18:39,0.0,0.0
31358,卡充值,,,2014/08/28 11:01:41,300.0,300.0
31358,POS消费,地点213,食堂,2014/08/28 11:06:04,1.0,299.0
31358,POS消费,地点65,食堂,2014/08/28 11:12:11,10.6,288.4
31358,POS消费,地点65,食堂,2014/08/28 11:12:31,9.6,278.8
31358,POS消费,地点21,开水,2014/08/28 11:30:27,3.0,275.8
31358,POS消费,地点21,开水,2014/08/28 15:58:19,2.4,273.4
31358,POS消费,地点72,食堂,2014/08/28 18:44:26,4.6,268.8
31358,POS消费,地点204,食堂,2014/08/29 10:37:25,5.5,263.3
31358,POS消费,地点168,食堂,2014/08/30 09:41:45,7.5,252.82
31358,POS消费,地点204,食堂,2014/08/30 20:02:16,5.5,247.32
31358,POS消费,地点21,开水,2014/08/30 20:25:52,2.4,244.92
31358,POS消费,地点204,食堂,2014/08/31 09:35:43,5.5,238.82
31358,POS消费,地点61,食堂,2014/08/31 12:18:14,6.6,232.22
