31380,卡片开户,,,2014/07/19 09:02:45,0.0,0.0
31380,卡充值,,,2014/08/29 13:20:50,200.0,200.0
31380,POS消费,地点72,食堂,2014/08/29 13:25:06,9.6,190.4
31380,POS消费,地点72,食堂,2014/08/29 13:25:28,9.6,180.8
31380,POS消费,地点72,食堂,2014/08/29 13:26:00,9.6,171.2
31380,POS消费,地点72,食堂,2014/08/29 18:53:19,8.6,162.6
31380,POS消费,地点72,食堂,2014/08/29 18:53:41,8.6,154.0
31380,POS消费,地点134,食堂,2014/08/30 08:31:45,0.9,152.5
31380,POS消费,地点314,食堂,2014/08/30 09:00:47,28.0,124.5
31380,POS消费,地点1448,校车,2014/08/30 11:40:10,1.0,123.5
31380,POS消费,地点192,超市,2014/08/30 13:48:42,2.7,120.8
31380,POS消费,地点203,食堂,2014/08/30 17:18:17,7.5,113.3
31380,POS消费,地点188,超市,2014/08/30 17:44:29,3.2,110.1
31380,POS消费,地点188,超市,2014/08/30 20:57:23,1.5,108.6
31380,POS消费,地点134,食堂,2014/08/31 07:57:32,0.9,107.3
31380,POS消费,地点1596,食堂,2014/08/31 12:09:23,8.6,98.7
31380,POS消费,地点21,开水,2014/08/31 18:36:13,4.1,94.6
31380,POS消费,地点203,食堂,2014/08/31 18:57:09,6.5,88.1
