31392,卡片开户,,,2014/07/19 09:38:43,0.0,0.0
31392,卡充值,,,2014/08/28 17:27:30,100.0,100.0
31392,POS消费,地点69,食堂,2014/08/28 17:31:11,9.6,90.4
31392,POS消费,地点21,开水,2014/08/29 09:03:45,3.6,86.2
31392,POS消费,地点213,食堂,2014/08/29 11:13:15,3.0,83.2
31392,POS消费,地点134,食堂,2014/08/29 12:45:46,8.6,74.6
31392,POS消费,地点72,食堂,2014/08/29 18:51:38,8.6,66.0
31392,POS消费,地点192,超市,2014/08/29 22:25:32,7.1,58.9
31392,POS消费,地点21,开水,2014/08/30 08:42:23,3.0,51.7
31392,POS消费,地点21,开水,2014/08/30 08:42:31,0.6,51.1
31392,POS消费,地点1451,校车,2014/08/30 09:33:41,1.0,50.1
31392,POS消费,地点816,校车,2014/08/30 16:53:19,1.0,49.1
31392,POS消费,地点816,校车,2014/08/30 16:53:25,1.0,48.1
31392,POS消费,地点21,开水,2014/08/30 17:56:23,7.9,40.2
31392,POS消费,地点204,食堂,2014/08/31 09:15:54,4.5,35.1
31392,POS消费,地点118,食堂,2014/08/31 22:19:36,4.3,30.8
