31632,POS消费,地点26,图书馆,2014/07/10 18:36:34,0.0,0.0
31632,POS消费,地点26,图书馆,2014/07/10 18:36:34,0.13,0.64
31632,卡片开户,,,2014/07/19 09:52:40,0.0,0.0
31632,卡充值,,,2014/08/28 17:53:31,200.0,200.0
31632,POS消费,地点218,食堂,2014/08/28 17:53:31,3.6,196.4
31632,POS消费,地点65,食堂,2014/08/28 17:56:39,9.6,186.8
31632,POS消费,地点89,食堂,2014/08/28 18:12:21,3.0,183.8
31632,POS消费,地点314,食堂,2014/08/29 17:30:11,80.7,103.1
31632,POS消费,地点866,淋浴,2014/08/29 20:12:02,0.5,102.6
31632,POS消费,地点69,食堂,2014/08/30 11:53:48,9.4,93.2
31632,POS消费,地点26,图书馆,2014/08/30 15:22:30,11.5,81.7
31632,POS消费,地点26,图书馆,2014/08/30 15:22:45,11.9,69.8
31632,POS消费,地点230,食堂,2014/08/30 18:33:03,4.5,65.3
31632,POS消费,地点866,淋浴,2014/08/30 19:13:03,0.1,65.2
31632,POS消费,地点1700,食堂,2014/08/31 08:47:31,2.0,63.2
31632,POS消费,地点87,食堂,2014/08/31 12:14:38,4.2,59.0
31632,POS消费,地点195,超市,2014/08/31 12:33:38,15.8,43.2
31632,POS消费,地点866,淋浴,2014/08/31 22:19:32,0.7,42.5
