31752,卡片开户,,,2014/07/18 16:45:09,0.0,0.0
31752,卡充值,,,2014/08/28 10:30:31,500.0,500.0
31752,POS消费,地点26,图书馆,2014/08/28 10:44:22,30.0,470.0
31752,POS消费,地点26,图书馆,2014/08/28 10:44:29,30.0,440.0
31752,POS消费,地点26,图书馆,2014/08/28 10:44:36,16.3,423.7
31752,POS消费,地点89,食堂,2014/08/28 12:06:23,4.5,419.2
31752,POS消费,地点227,食堂,2014/08/28 18:24:02,5.0,414.2
31752,POS消费,地点192,超市,2014/08/28 18:57:41,6.7,407.5
31752,POS消费,地点1565,开水,2014/08/29 07:38:52,0.08,407.42
31752,POS消费,地点60,食堂,2014/08/29 08:21:03,0.3,407.12
31752,POS消费,地点188,超市,2014/08/29 10:29:12,4.0,403.12
31752,POS消费,地点114,食堂,2014/08/29 19:04:39,3.0,400.12
31752,POS消费,地点232,食堂,2014/08/29 20:26:59,0.2,399.92
31752,POS消费,地点89,食堂,2014/08/30 08:11:26,3.0,396.92
31752,POS消费,地点89,食堂,2014/08/30 08:18:19,1.0,395.92
31752,POS消费,地点72,食堂,2014/08/30 17:19:07,5.6,390.32
31752,POS消费,地点232,食堂,2014/08/30 22:21:52,0.4,389.92
31752,POS消费,地点21,开水,2014/08/31 08:04:52,3.0,386.92
31752,POS消费,地点232,食堂,2014/08/31 12:25:12,10.0,376.92
31752,POS消费,地点219,超市,2014/08/31 17:08:57,4.0,372.92
31752,POS消费,地点91,校车,2014/08/31 17:30:15,3.9,369.02
31752,POS消费,地点1541,淋浴,2014/08/31 18:28:18,0.4,368.62
31752,POS消费,地点21,开水,2014/08/31 22:08:23,2.0,366.62
