31790,卡片开户,,,2014/07/19 11:49:10,0.0,0.0
31790,卡充值,,,2014/08/28 12:15:54,200.0,200.0
31790,POS消费,地点134,食堂,2014/08/28 12:33:49,8.6,191.4
31790,POS消费,地点134,食堂,2014/08/28 12:34:17,8.6,182.8
31790,POS消费,地点1588,食堂,2014/08/28 12:35:22,6.1,176.7
31790,POS消费,地点21,开水,2014/08/28 12:44:48,6.27,170.43
31790,POS消费,地点21,开水,2014/08/28 12:45:20,3.0,167.43
31790,POS消费,地点21,开水,2014/08/28 12:45:32,3.0,164.43
31790,POS消费,地点211,校车,2014/08/28 16:10:41,1.0,163.43
31790,POS消费,地点1451,校车,2014/08/28 17:14:50,1.0,162.43
31790,POS消费,地点1451,校车,2014/08/28 17:14:58,1.0,161.43
31790,POS消费,地点1564,开水,2014/08/28 17:22:11,0.06,161.37
31790,POS消费,地点21,开水,2014/08/28 17:50:53,30.0,131.37
31790,POS消费,地点21,开水,2014/08/28 17:50:58,16.4,114.97
31790,POS消费,地点1565,开水,2014/08/28 18:45:16,0.01,114.96
31790,POS消费,地点21,开水,2014/08/28 19:06:53,3.0,111.96
31790,POS消费,地点211,校车,2014/08/28 19:19:13,1.0,110.96
31790,POS消费,地点211,校车,2014/08/28 19:19:21,1.0,109.96
31790,POS消费,地点211,校车,2014/08/28 19:19:28,1.0,108.96
31790,POS消费,地点211,校车,2014/08/28 21:01:31,1.0,107.96
31790,POS消费,地点1541,淋浴,2014/08/28 22:29:37,0.7,107.26
31790,POS消费,地点1541,淋浴,2014/08/28 22:37:22,0.1,107.16
31790,POS消费,地点83,食堂,2014/08/29 07:54:21,3.0,104.16
31790,POS消费,地点232,食堂,2014/08/29 11:32:13,8.0,96.09
31790,POS消费,地点232,食堂,2014/08/29 11:33:29,10.0,86.09
31790,POS消费,地点21,开水,2014/08/29 11:36:47,10.6,75.49
31790,POS消费,地点21,开水,2014/08/29 11:38:59,2.5,72.99
31790,POS消费,地点21,开水,2014/08/29 11:43:51,3.0,69.99
31790,POS消费,地点21,开水,2014/08/29 11:51:17,4.0,65.99
31790,POS消费,地点114,食堂,2014/08/29 13:52:59,5.0,38.49
31790,POS消费,地点21,开水,2014/08/29 13:53:20,22.5,43.49
31790,卡充值,,,2014/08/29 13:55:25,200.0,238.49
31790,POS消费,地点1565,开水,2014/08/29 14:22:12,0.07,104.09
31790,POS消费,地点91,校车,2014/08/29 17:57:32,6.0,232.49
31790,POS消费,地点91,校车,2014/08/29 18:03:22,1.8,227.19
31790,POS消费,地点232,食堂,2014/08/29 18:05:38,1.0,231.49
31790,POS消费,地点21,开水,2014/08/29 18:08:13,2.5,228.99
31790,POS消费,地点91,校车,2014/08/29 18:21:00,5.5,221.69
31790,POS消费,地点91,校车,2014/08/29 18:29:55,3.6,218.09
31790,POS消费,地点91,校车,2014/08/29 18:32:53,2.5,215.59
31790,POS消费,地点1565,开水,2014/08/29 21:15:57,0.07,215.52
31790,POS消费,地点1638,淋浴,2014/08/29 22:18:10,0.8,214.72
31790,POS消费,地点1588,食堂,2014/08/30 09:33:35,1.5,206.42
31790,POS消费,地点103,食堂,2014/08/30 09:33:38,6.8,207.92
31790,POS消费,地点91,校车,2014/08/30 11:29:48,11.2,187.22
31790,POS消费,地点91,校车,2014/08/30 11:30:16,3.0,184.22
31790,POS消费,地点232,食堂,2014/08/30 11:32:50,8.0,198.42
31790,POS消费,地点21,开水,2014/08/30 11:40:31,7.0,177.22
31790,POS消费,地点251,食堂,2014/08/30 12:21:15,2.0,175.22
31790,POS消费,地点1564,开水,2014/08/30 13:59:57,0.07,175.15
31790,POS消费,地点314,食堂,2014/08/30 17:09:10,56.7,118.45
31790,POS消费,地点83,食堂,2014/08/30 17:19:29,10.8,107.65
31790,POS消费,地点232,食堂,2014/08/30 22:39:58,0.4,107.05
31790,POS消费,地点1638,淋浴,2014/08/30 22:41:54,0.2,107.45
31790,POS消费,地点134,食堂,2014/08/31 08:09:13,1.6,105.45
31790,POS消费,地点179,食堂,2014/08/31 08:13:09,1.3,104.15
31790,POS消费,地点195,超市,2014/08/31 08:33:31,14.7,89.45
31790,POS消费,地点168,食堂,2014/08/31 18:33:20,5.55,83.9
31790,POS消费,地点168,食堂,2014/08/31 18:34:11,1.0,82.9
31790,POS消费,地点1565,开水,2014/08/31 21:59:58,0.07,82.83
31790,POS消费,地点1638,淋浴,2014/08/31 22:18:43,0.3,82.53
