31826,卡片开户,,,2014/07/15 15:48:53,0.0,0.0
31826,卡充值,,,2014/08/29 12:45:55,100.0,100.0
31826,POS消费,地点168,食堂,2014/08/29 12:52:19,5.5,94.5
31826,POS消费,地点168,食堂,2014/08/29 12:52:36,5.5,89.0
31826,POS消费,地点222,校车,2014/08/30 09:48:25,1.0,88.0
31826,POS消费,地点307,食堂,2014/08/30 11:49:45,1.5,86.5
31826,POS消费,地点263,食堂,2014/08/30 12:27:01,6.6,79.9
31826,POS消费,地点269,食堂,2014/08/30 12:30:23,8.4,71.5
31826,POS消费,地点307,食堂,2014/08/30 12:36:56,1.0,70.5
31826,POS消费,地点1929,洗衣房,2014/08/30 14:26:22,3.6,66.83
31826,POS消费,地点1929,洗衣房,2014/08/30 14:26:46,3.6,63.23
31826,POS消费,地点1929,洗衣房,2014/08/30 14:26:46,-3.3,66.53
31826,POS消费,地点1565,开水,2014/08/30 14:27:21,0.07,70.43
31826,POS消费,地点188,超市,2014/08/30 17:15:55,4.3,62.23
31826,POS消费,地点314,食堂,2014/08/30 17:48:38,28.2,34.03
31826,POS消费,地点314,食堂,2014/08/31 09:47:50,28.0,6.03
31826,卡充值,,,2014/08/31 12:21:37,200.0,206.03
31826,POS消费,地点168,食堂,2014/08/31 18:15:30,5.5,200.53
31826,POS消费,地点21,开水,2014/08/31 21:29:36,2.3,198.23
31826,POS消费,地点1565,开水,2014/08/31 22:58:36,0.03,197.7
31826,POS消费,地点1638,淋浴,2014/08/31 22:59:48,0.5,197.73
