31852,卡片开户,,,2014/07/19 09:17:36,0.0,0.0
31852,卡充值,,,2014/08/29 16:17:33,600.0,600.0
31852,POS消费,地点21,开水,2014/08/29 18:18:29,6.6,593.4
31852,POS消费,地点1541,淋浴,2014/08/29 21:59:47,0.2,593.0
31852,POS消费,地点1541,淋浴,2014/08/29 22:01:27,0.2,593.2
31852,POS消费,地点1565,开水,2014/08/30 07:32:30,0.02,592.98
31852,POS消费,地点60,食堂,2014/08/30 08:02:24,0.5,592.48
31852,POS消费,地点192,超市,2014/08/30 08:18:35,4.2,588.28
31852,POS消费,地点195,超市,2014/08/30 08:36:54,28.0,560.28
31852,POS消费,地点61,食堂,2014/08/30 12:14:39,7.6,552.68
31852,POS消费,地点1564,开水,2014/08/30 14:27:01,0.01,552.67
31852,POS消费,地点61,食堂,2014/08/30 17:59:19,9.6,543.07
31852,POS消费,地点26,图书馆,2014/08/30 19:46:16,15.4,527.67
31852,POS消费,地点1638,淋浴,2014/08/30 22:02:59,0.5,527.17
31852,POS消费,地点65,食堂,2014/08/31 08:39:39,0.5,526.67
31852,POS消费,地点192,超市,2014/08/31 08:54:16,30.0,496.67
31852,POS消费,地点192,超市,2014/08/31 08:54:19,15.4,481.27
31852,POS消费,地点65,食堂,2014/08/31 12:12:04,9.6,471.67
31852,POS消费,地点1565,开水,2014/08/31 12:35:06,0.01,471.66
31852,POS消费,地点72,食堂,2014/08/31 18:02:07,4.6,467.06
31852,POS消费,地点21,开水,2014/08/31 18:20:11,30.0,437.06
31852,POS消费,地点21,开水,2014/08/31 18:20:37,3.2,433.86
