31884,卡片开户,,,2014/07/18 16:44:36,0.0,0.0
31884,卡充值,,,2014/08/29 11:42:41,500.0,500.0
31884,POS消费,地点124,食堂,2014/08/29 11:52:22,7.6,492.4
31884,POS消费,地点1847,食堂,2014/08/29 12:09:19,3.0,489.4
31884,POS消费,地点21,开水,2014/08/29 12:39:31,13.1,476.3
31884,POS消费,地点59,食堂,2014/08/29 12:53:54,3.6,460.6
31884,POS消费,地点227,食堂,2014/08/29 12:56:29,3.5,472.8
31884,POS消费,地点61,食堂,2014/08/29 13:03:48,8.6,464.2
31884,POS消费,地点21,开水,2014/08/29 19:49:19,6.0,454.6
31884,POS消费,地点1638,淋浴,2014/08/29 22:52:39,0.6,454.0
31884,POS消费,地点1961,超市,2014/08/30 11:59:57,42.2,411.8
31884,POS消费,地点1541,淋浴,2014/08/30 16:52:39,0.1,411.7
31884,POS消费,地点1602,淋浴,2014/08/30 16:58:27,0.4,411.3
31884,POS消费,地点232,食堂,2014/08/30 18:14:38,6.6,404.7
31884,POS消费,地点21,开水,2014/08/30 18:41:51,9.0,395.7
31884,POS消费,地点232,食堂,2014/08/30 23:10:23,0.5,395.2
31884,POS消费,地点21,开水,2014/08/31 08:30:20,4.8,390.4
31884,POS消费,地点21,开水,2014/08/31 12:14:36,6.6,383.8
31884,POS消费,地点21,开水,2014/08/31 12:16:14,3.0,380.8
31884,POS消费,地点157,食堂,2014/08/31 17:23:48,10.6,370.2
31884,POS消费,地点1847,食堂,2014/08/31 17:24:59,2.9,367.3
31884,POS消费,地点21,开水,2014/08/31 22:24:32,30.0,337.3
31884,POS消费,地点21,开水,2014/08/31 22:24:35,4.0,333.3
31884,POS消费,地点1541,淋浴,2014/08/31 23:19:55,0.5,332.8
