31918,卡片开户,,,2014/07/18 16:28:02,0.0,0.0
31918,卡充值,,,2014/08/30 11:17:48,100.0,100.0
31918,POS消费,地点213,食堂,2014/08/30 11:19:51,1.0,99.0
31918,POS消费,地点161,食堂,2014/08/30 12:18:10,7.4,91.6
31918,POS消费,地点243,食堂,2014/08/30 12:20:06,3.0,88.6
31918,POS消费,地点72,食堂,2014/08/30 18:27:06,5.6,83.0
31918,POS消费,地点72,食堂,2014/08/30 18:27:25,5.6,77.4
31918,POS消费,地点243,食堂,2014/08/30 18:36:19,3.0,74.4
31918,POS消费,地点243,食堂,2014/08/30 18:36:22,3.0,71.4
31918,POS消费,地点232,食堂,2014/08/31 09:26:27,0.5,70.9
31918,POS消费,地点1472,校车,2014/08/31 13:02:26,1.0,69.9
31918,POS消费,地点188,超市,2014/08/31 13:08:20,11.0,58.9
31918,POS消费,地点188,超市,2014/08/31 16:47:29,8.5,50.4
31918,POS消费,地点87,食堂,2014/08/31 18:03:46,4.6,45.8
31918,POS消费,地点314,食堂,2014/08/31 21:24:32,3.9,41.9
31918,POS消费,地点1564,开水,2014/08/31 22:07:11,0.02,41.88
