31956,卡片开户,,,2014/07/18 16:34:45,0.0,0.0
31956,卡充值,,,2014/08/29 10:25:49,100.0,100.0
31956,POS消费,地点27,教务处,2014/08/29 10:25:59,15.0,84.0
31956,POS消费,地点213,食堂,2014/08/29 10:28:06,1.0,99.0
31956,POS消费,地点188,超市,2014/08/29 17:24:42,49.1,34.9
31956,POS消费,地点232,食堂,2014/08/29 18:48:48,8.0,26.9
31956,POS消费,地点21,开水,2014/08/29 19:55:33,9.8,17.1
31956,POS消费,地点1561,开水,2014/08/29 20:10:10,0.05,17.05
31956,POS消费,地点60,食堂,2014/08/30 08:53:08,0.5,16.55
31956,POS消费,地点195,超市,2014/08/30 09:07:21,0.7,15.85
31956,卡充值,,,2014/08/30 09:15:03,400.0,415.85
31956,POS消费,地点188,超市,2014/08/30 10:07:02,35.6,380.25
31956,POS消费,地点1561,开水,2014/08/30 10:52:30,0.04,380.21
31956,POS消费,地点232,食堂,2014/08/30 12:02:50,10.9,369.31
31956,POS消费,地点1875,淋浴,2014/08/30 20:43:54,0.2,369.11
31956,POS消费,地点1561,开水,2014/08/31 08:11:06,0.06,369.05
31956,POS消费,地点69,食堂,2014/08/31 08:45:59,2.6,366.45
31956,POS消费,地点1847,食堂,2014/08/31 12:06:51,1.8,358.85
31956,POS消费,地点134,食堂,2014/08/31 12:18:15,5.8,360.65
31956,POS消费,地点91,校车,2014/08/31 18:27:35,4.7,354.15
31956,POS消费,地点248,超市,2014/08/31 18:28:24,0.6,353.55
31956,POS消费,地点21,开水,2014/08/31 18:30:25,3.0,350.55
31956,POS消费,地点1874,淋浴,2014/08/31 20:41:53,0.3,350.25
31956,POS消费,地点1561,开水,2014/08/31 21:16:26,0.08,350.17
