31952,卡片开户,,,2014/07/16 12:19:24,0.0,0.0
31952,卡充值,,,2014/08/29 09:58:32,200.0,200.0
31952,POS消费,地点61,食堂,2014/08/29 13:21:03,10.1,189.84
31952,POS消费,地点1561,开水,2014/08/29 14:22:14,0.06,199.94
31952,POS消费,地点72,食堂,2014/08/29 18:32:29,12.6,177.24
31952,POS消费,地点72,食堂,2014/08/29 18:32:57,8.6,168.64
31952,卡充值,,,2014/08/29 19:03:19,200.0,368.64
31952,POS消费,地点1561,开水,2014/08/30 06:55:34,0.02,368.62
31952,POS消费,地点21,开水,2014/08/30 07:31:31,2.6,366.02
31952,POS消费,地点60,食堂,2014/08/30 08:17:59,0.3,363.02
31952,POS消费,地点61,食堂,2014/08/30 08:22:14,2.7,363.32
31952,POS消费,地点146,校车,2014/08/30 16:30:05,1.0,362.02
31952,POS消费,地点146,校车,2014/08/30 16:30:18,1.0,361.02
31952,POS消费,地点314,食堂,2014/08/30 18:35:29,30.0,331.02
31952,POS消费,地点314,食堂,2014/08/30 18:35:33,26.9,304.12
31952,POS消费,地点69,食堂,2014/08/31 07:02:04,4.3,299.82
31952,POS消费,地点1561,开水,2014/08/31 07:20:30,0.06,299.76
31952,POS消费,地点1588,食堂,2014/08/31 07:58:36,3.3,296.46
31952,POS消费,地点134,食堂,2014/08/31 07:59:29,0.5,295.96
31952,POS消费,地点314,食堂,2014/08/31 08:29:59,56.0,239.96
31952,POS消费,地点192,超市,2014/08/31 10:12:35,30.0,209.96
31952,POS消费,地点192,超市,2014/08/31 10:12:48,30.0,179.96
31952,POS消费,地点192,超市,2014/08/31 10:13:11,19.2,160.76
31952,POS消费,地点1596,食堂,2014/08/31 11:32:30,8.6,152.16
31952,POS消费,地点1596,食堂,2014/08/31 11:33:03,8.6,143.56
