31996,卡片开户,,,2014/07/19 09:06:42,0.0,0.0
31996,卡充值,,,2014/08/28 12:54:26,300.0,300.0
31996,POS消费,地点204,食堂,2014/08/28 13:28:54,5.5,294.5
31996,POS消费,地点204,食堂,2014/08/28 13:29:16,20.0,274.5
31996,POS消费,地点204,食堂,2014/08/28 13:30:02,0.5,274.0
31996,POS消费,地点161,食堂,2014/08/30 07:53:51,5.4,268.6
31996,POS消费,地点146,校车,2014/08/30 13:04:16,1.0,267.6
31996,POS消费,地点21,开水,2014/08/30 16:34:54,7.6,259.0
31996,POS消费,地点222,校车,2014/08/30 16:36:21,1.0,266.6
31996,POS消费,地点184,食堂,2014/08/31 08:11:55,3.2,255.8
31996,POS消费,地点69,食堂,2014/08/31 11:30:24,5.6,250.2
31996,POS消费,地点192,超市,2014/08/31 13:34:01,3.4,246.8
