32142,卡片开户,,,2014/07/19 09:50:05,0.0,0.0
32142,卡充值,,,2014/08/30 15:03:57,500.0,500.0
32142,POS消费,地点232,食堂,2014/08/30 17:56:18,10.0,490.0
32142,POS消费,地点26,图书馆,2014/08/30 18:34:12,46.9,443.1
32142,POS消费,地点188,超市,2014/08/30 18:51:02,5.0,438.1
32142,POS消费,地点124,食堂,2014/08/31 08:14:27,3.0,435.1
32142,POS消费,地点21,开水,2014/08/31 09:36:13,16.0,419.1
32142,POS消费,地点21,开水,2014/08/31 11:54:29,3.9,415.2
32142,POS消费,地点1961,超市,2014/08/31 12:11:48,28.0,387.2
32142,POS消费,地点1588,食堂,2014/08/31 18:18:31,5.1,382.1
