32172,卡片开户,,,2014/07/12 14:50:31,0.0,0.0
32172,卡充值,,,2014/08/29 09:19:35,500.0,500.0
32172,POS消费,地点91,校车,2014/08/30 17:35:50,10.9,489.1
32172,POS消费,地点91,校车,2014/08/30 17:41:42,9.0,480.1
32172,POS消费,地点91,校车,2014/08/30 17:46:34,6.44,473.66
32172,POS消费,地点21,开水,2014/08/30 17:52:04,2.5,471.16
32172,POS消费,地点232,食堂,2014/08/30 17:53:05,16.0,455.16
32172,POS消费,地点69,食堂,2014/08/31 08:48:28,1.4,453.76
32172,POS消费,地点1847,食堂,2014/08/31 11:01:28,6.0,447.76
32172,POS消费,地点103,食堂,2014/08/31 11:23:37,4.1,443.66
32172,POS消费,地点192,超市,2014/08/31 11:40:23,7.1,436.56
32172,POS消费,地点157,食堂,2014/08/31 17:31:04,9.6,426.96
32172,POS消费,地点1847,食堂,2014/08/31 17:35:46,1.5,425.46
32172,POS消费,地点1561,开水,2014/08/31 22:46:15,0.11,425.35
