3218,POS消费,地点213,食堂,2013/09/01 16:14:37,2.85,129.1
3218,POS消费,地点91,校车,2013/09/01 16:39:51,8.0,121.1
3218,POS消费,地点59,食堂,2013/09/02 07:06:04,2.8,118.3
3218,POS消费,地点247,食堂,2013/09/02 12:03:19,15.0,103.3
3218,POS消费,地点21,开水,2013/09/02 18:35:29,9.6,93.7
3218,POS消费,地点91,校车,2013/09/04 08:06:02,3.5,90.2
3218,POS消费,地点247,食堂,2013/09/04 11:54:44,15.0,75.2
3218,POS消费,地点250,食堂,2013/09/04 17:59:00,14.0,61.2
3218,POS消费,地点195,超市,2013/09/05 09:39:05,10.9,50.3
3218,POS消费,地点204,食堂,2013/09/05 09:51:01,5.5,44.8
3218,POS消费,地点204,食堂,2013/09/05 09:51:06,1.0,43.8
3218,POS消费,地点21,开水,2013/09/05 12:54:08,12.3,31.5
3218,POS消费,地点192,超市,2013/09/05 18:45:48,18.8,12.7
3218,POS消费,地点21,开水,2013/09/06 07:25:18,2.9,9.8
3218,POS消费,地点21,开水,2013/09/06 20:17:25,5.0,4.8
3218,POS消费,地点911,淋浴,2013/09/06 23:28:27,2.1,2.7
3218,POS消费,地点911,淋浴,2013/09/08 00:01:00,2.7,0.0
3218,卡充值,,,2013/09/11 14:13:37,100.0,100.0
3218,POS消费,地点526,食堂,2013/09/11 14:19:59,11.0,89.0
3218,POS消费,地点21,开水,2013/09/11 17:58:39,21.3,67.7
3218,POS消费,地点198,淋浴,2013/09/11 23:06:02,2.0,65.7
3218,POS消费,地点277,食堂,2013/09/13 11:16:17,2.5,53.2
3218,POS消费,地点256,食堂,2013/09/13 11:22:31,10.0,55.7
3218,POS消费,地点21,开水,2013/09/13 11:39:09,2.5,50.7
3218,POS消费,地点188,超市,2013/09/13 20:33:29,20.9,29.8
3218,POS消费,地点82,食堂,2013/09/14 11:40:20,4.6,25.2
3218,POS消费,地点213,食堂,2013/09/14 15:02:53,0.15,25.05
3218,POS消费,地点232,食堂,2013/09/14 18:06:41,10.0,15.05
3218,POS消费,地点232,食堂,2013/09/14 18:06:45,10.0,5.05
3218,POS消费,地点790,开水,2013/09/17 19:53:00,0.02,5.03
3218,POS消费,地点118,食堂,2013/09/18 08:27:55,3.5,1.53
3218,POS消费,地点806,开水,2013/09/20 09:45:31,0.17,1.36
3218,POS消费,地点741,淋浴,2013/09/23 23:21:04,1.3,0.06
3218,卡充值,,,2013/10/08 13:58:03,100.0,100.06
3218,POS消费,地点21,开水,2013/10/08 14:01:46,11.5,88.56
3218,POS消费,地点204,食堂,2013/10/08 17:18:00,6.5,82.06
3218,POS消费,地点21,开水,2013/10/09 08:17:37,4.83,77.23
3218,POS消费,地点204,食堂,2013/10/09 10:17:40,11.0,66.23
3218,POS消费,地点204,食堂,2013/10/09 10:17:44,2.0,64.23
3218,POS消费,地点21,开水,2013/10/09 12:29:36,7.2,57.03
3218,POS消费,地点21,开水,2013/10/09 14:01:47,6.6,50.43
3218,POS消费,地点192,超市,2013/10/09 18:49:21,18.5,31.93
3218,POS消费,地点806,开水,2013/10/09 19:21:52,0.02,31.91
3218,POS消费,地点21,开水,2013/10/09 20:44:47,17.7,14.21
3218,POS消费,地点188,超市,2013/10/10 10:07:31,3.6,10.61
3218,POS消费,地点188,超市,2013/10/10 10:17:43,4.7,5.91
3218,卡充值,,,2013/10/10 12:09:17,100.0,105.91
3218,POS消费,地点192,超市,2013/10/10 12:13:33,3.5,102.41
3218,POS消费,地点72,食堂,2013/10/10 18:18:15,5.1,97.31
3218,POS消费,地点48,淋浴,2013/10/10 22:31:11,0.3,97.01
3218,POS消费,地点11,淋浴,2013/10/10 22:39:12,0.2,96.51
3218,POS消费,地点14,淋浴,2013/10/10 22:40:44,4.8,91.71
3218,POS消费,地点48,淋浴,2013/10/10 22:42:32,0.3,96.71
3218,POS消费,地点188,超市,2013/10/11 13:32:11,5.9,85.81
3218,POS消费,地点188,超市,2013/10/11 18:52:54,21.1,64.71
3218,POS消费,地点2,淋浴,2013/10/11 22:18:43,1.2,63.51
3218,POS消费,地点59,食堂,2013/10/12 07:28:03,1.5,62.01
3218,POS消费,地点59,食堂,2013/10/12 07:28:08,2.3,59.71
3218,POS消费,地点21,开水,2013/10/12 07:29:05,0.9,58.81
3218,POS消费,地点21,开水,2013/10/12 15:01:27,7.5,51.31
3218,POS消费,地点188,超市,2013/10/12 15:54:20,8.8,42.51
3218,POS消费,地点247,食堂,2013/10/12 17:46:42,15.0,27.51
3218,POS消费,地点203,食堂,2013/10/13 11:56:00,6.1,21.41
3218,POS消费,地点243,食堂,2013/10/13 12:02:48,5.8,15.61
3218,POS消费,地点21,开水,2013/10/13 17:32:25,5.0,10.61
3218,POS消费,地点526,食堂,2013/10/13 19:58:29,5.0,5.61
3218,卡充值,,,2013/10/14 08:23:27,100.0,105.61
3218,POS消费,地点57,食堂,2013/10/14 08:26:14,4.3,101.31
3218,POS消费,地点57,食堂,2013/10/14 08:26:24,3.03,98.28
3218,POS消费,地点232,食堂,2013/10/14 11:09:28,15.0,83.28
3218,POS消费,地点1036,食堂,2013/10/14 11:10:29,1.5,81.78
3218,POS消费,地点21,开水,2013/10/14 22:26:44,5.5,76.28
3218,POS消费,地点168,食堂,2013/10/15 18:09:23,5.5,70.78
3218,POS消费,地点204,食堂,2013/10/15 18:12:11,1.0,69.78
3218,POS消费,地点57,食堂,2013/10/16 08:31:48,5.0,64.78
3218,POS消费,地点21,开水,2013/10/16 08:33:22,0.9,63.88
3218,POS消费,地点232,食堂,2013/10/16 11:37:02,9.9,53.98
3218,POS消费,地点188,超市,2013/10/16 12:13:57,18.3,35.68
3218,POS消费,地点168,食堂,2013/10/16 19:20:04,5.5,30.18
3218,POS消费,地点204,食堂,2013/10/16 19:21:14,1.0,29.18
3218,POS消费,地点21,开水,2013/10/16 20:53:11,18.5,10.68
3218,POS消费,地点203,食堂,2013/10/17 11:56:15,8.1,2.58
3218,POS消费,地点48,淋浴,2013/10/18 23:58:54,2.5,0.08
3218,卡充值,,,2013/10/23 11:59:42,100.0,100.08
3218,POS消费,地点203,食堂,2013/10/23 12:10:18,7.1,92.98
3218,POS消费,地点118,食堂,2013/10/24 10:15:00,7.5,85.48
3218,POS消费,地点232,食堂,2013/10/24 12:12:36,10.0,75.48
3218,POS消费,地点232,食堂,2013/10/24 12:14:01,10.0,65.48
3218,POS消费,地点806,开水,2013/10/25 07:49:03,0.09,65.39
3218,POS消费,地点247,食堂,2013/10/25 11:51:46,30.0,35.39
3218,POS消费,地点188,超市,2013/10/25 20:48:29,8.1,27.29
3218,POS消费,地点188,超市,2013/10/28 14:54:38,3.2,24.09
3218,POS消费,地点232,食堂,2013/10/28 17:57:21,12.9,11.19
3218,POS消费,地点157,食堂,2013/10/28 18:36:31,4.9,6.29
3218,卡充值,,,2013/10/29 12:43:11,200.0,206.29
3218,POS消费,地点204,食堂,2013/10/29 12:53:59,6.5,199.79
3218,POS消费,地点526,食堂,2013/10/29 19:05:47,9.5,190.29
3218,POS消费,地点168,食堂,2013/10/30 12:38:54,5.5,184.79
3218,POS消费,地点204,食堂,2013/10/30 12:40:31,1.0,183.79
3218,POS消费,地点21,开水,2013/10/30 18:52:43,14.0,169.79
3218,POS消费,地点21,开水,2013/10/30 18:52:52,10.0,159.79
3218,POS消费,地点21,开水,2013/10/30 20:44:50,11.3,148.49
3218,POS消费,地点806,开水,2013/10/31 00:54:42,0.15,148.34
3218,POS消费,地点91,校车,2013/10/31 17:34:40,10.9,137.44
3218,POS消费,地点91,校车,2013/10/31 17:35:02,3.0,134.44
3218,POS消费,地点157,食堂,2013/10/31 18:14:24,6.1,128.34
3218,POS消费,地点188,超市,2013/10/31 21:00:24,11.9,116.44
3218,POS消费,地点21,开水,2013/11/01 11:03:23,2.5,108.34
3218,POS消费,地点162,食堂,2013/11/01 11:03:58,5.6,110.84
3218,POS消费,地点168,食堂,2013/11/02 09:40:59,18.0,90.34
3218,POS消费,地点204,食堂,2013/11/02 09:44:05,1.0,89.34
3218,POS消费,地点204,食堂,2013/11/02 09:44:10,1.0,88.34
3218,POS消费,地点192,超市,2013/11/04 16:13:37,20.4,67.94
3218,POS消费,地点219,超市,2013/11/05 10:06:24,11.5,56.44
3218,POS消费,地点168,食堂,2013/11/05 10:50:17,5.5,50.94
3218,POS消费,地点204,食堂,2013/11/05 10:52:03,1.0,49.94
3218,POS消费,地点232,食堂,2013/11/05 18:24:19,10.0,39.94
3218,POS消费,地点277,食堂,2013/11/05 18:26:35,3.9,36.04
3218,POS消费,地点1036,食堂,2013/11/05 18:40:23,1.5,34.54
3218,POS消费,地点21,开水,2013/11/05 18:52:43,5.5,29.04
3218,POS消费,地点91,校车,2013/11/06 11:44:10,6.0,23.04
3218,POS消费,地点192,超市,2013/11/06 21:56:21,10.8,12.24
3218,POS消费,地点91,校车,2013/11/07 11:27:17,8.0,104.24
3218,POS消费,地点91,校车,2013/11/07 11:28:05,10.0,94.24
3218,卡充值,,,2013/11/07 11:33:49,100.0,112.24
3218,POS消费,地点61,食堂,2013/11/07 17:35:11,5.4,88.84
3218,POS消费,地点21,开水,2013/11/08 22:09:31,15.5,73.34
3218,POS消费,地点217,食堂,2013/11/09 18:16:34,2.2,71.14
3218,POS消费,地点247,食堂,2013/11/09 18:23:49,15.0,56.14
3218,POS消费,地点21,开水,2013/11/09 21:56:31,13.5,42.64
3218,POS消费,地点118,食堂,2013/11/10 08:56:06,7.9,34.74
3218,POS消费,地点91,校车,2013/11/10 17:47:48,10.6,24.14
3218,POS消费,地点21,开水,2013/11/11 08:24:41,2.3,21.84
3218,POS消费,地点21,开水,2013/11/11 08:26:43,0.9,20.94
3218,POS消费,地点192,超市,2013/11/11 20:46:11,9.0,11.94
3218,POS消费,地点806,开水,2013/11/11 20:53:53,0.01,11.93
3218,POS消费,地点806,开水,2013/11/12 12:49:20,0.01,11.92
3218,卡充值,,,2013/11/12 13:00:37,100.0,111.92
3218,POS消费,地点203,食堂,2013/11/12 13:12:08,7.5,104.42
3218,POS消费,地点203,食堂,2013/11/12 13:12:24,6.5,97.92
3218,POS消费,地点203,食堂,2013/11/12 13:12:39,7.1,90.82
3218,POS消费,地点203,食堂,2013/11/12 17:48:46,7.1,83.72
3218,POS消费,地点192,超市,2013/11/12 19:36:49,11.2,72.52
3218,POS消费,地点21,开水,2013/11/14 11:10:16,3.2,63.22
3218,POS消费,地点203,食堂,2013/11/14 11:18:00,6.1,66.42
3218,POS消费,地点21,开水,2013/11/14 18:26:49,5.1,58.12
3218,POS消费,地点21,开水,2013/11/15 12:22:16,4.4,53.72
3218,POS消费,地点27,教务处,2013/11/16 17:07:27,12.0,38.72
3218,POS消费,地点254,食堂,2013/11/16 18:00:57,3.0,50.72
3218,POS消费,地点258,食堂,2013/11/16 18:27:38,3.5,35.22
3218,POS消费,地点192,超市,2013/11/16 21:04:58,20.0,15.22
3218,POS消费,地点806,开水,2013/11/17 10:39:53,0.02,15.2
3218,POS消费,地点168,食堂,2013/11/17 16:28:32,5.5,9.7
3218,POS消费,地点168,食堂,2013/11/17 16:28:52,5.5,4.2
3218,POS消费,地点204,食堂,2013/11/17 16:33:44,1.0,3.2
3218,POS消费,地点204,食堂,2013/11/17 16:33:56,1.0,2.2
3218,POS消费,地点806,开水,2013/11/17 23:33:45,0.09,2.11
3218,POS消费,地点693,开水,2013/11/18 12:10:55,0.01,2.1
3218,,,,2013/11/21 18:49:09,2.0,0.1
3218,POS消费,地点806,开水,2013/11/24 10:42:04,0.06,0.04
3218,卡充值,,,2013/11/29 15:51:57,100.0,100.04
3218,POS消费,地点168,食堂,2013/11/30 13:17:58,4.0,96.04
3218,POS消费,地点168,食堂,2013/11/30 13:18:06,0.5,95.54
3218,POS消费,地点204,食堂,2013/11/30 13:19:25,1.0,94.54
3218,POS消费,地点203,食堂,2013/11/30 13:21:05,5.5,89.04
3218,POS消费,地点192,超市,2013/11/30 13:40:57,8.0,81.04
3218,,,,2013/11/30 23:55:06,10.0,71.04
3218,POS消费,地点188,超市,2013/12/01 16:59:46,28.8,42.24
3218,POS消费,地点21,开水,2013/12/02 11:41:39,6.0,36.24
3218,POS消费,地点21,开水,2013/12/02 11:50:17,6.2,30.04
3218,POS消费,地点192,超市,2013/12/02 20:17:31,22.9,7.14
3218,POS消费,地点168,食堂,2013/12/03 19:35:50,5.5,1.64
3218,POS消费,地点806,开水,2013/12/07 11:14:07,0.08,1.56
3218,卡充值,,,2013/12/11 11:25:22,100.0,101.56
3218,POS消费,地点61,食堂,2013/12/11 11:38:35,3.6,97.96
3218,POS消费,地点61,食堂,2013/12/11 11:38:57,7.3,90.66
3218,POS消费,地点239,食堂,2013/12/11 11:40:01,6.0,84.66
3218,POS消费,地点188,超市,2013/12/11 14:11:02,19.4,65.26
3218,POS消费,地点21,开水,2013/12/11 17:21:13,6.4,58.86
3218,POS消费,地点192,超市,2013/12/11 21:05:27,2.5,56.36
3218,POS消费,地点45,淋浴,2013/12/12 00:05:17,4.8,51.56
3218,POS消费,地点91,校车,2013/12/12 11:48:11,8.0,43.56
3218,POS消费,地点91,校车,2013/12/12 11:50:11,13.9,29.66
3218,POS消费,地点188,超市,2013/12/12 12:22:21,7.9,19.26
3218,POS消费,地点70,食堂,2013/12/12 12:25:27,2.5,27.16
3218,POS消费,地点21,开水,2013/12/12 16:26:46,8.0,11.26
3218,POS消费,地点21,开水,2013/12/12 17:35:58,5.6,5.66
3218,POS消费,地点188,超市,2013/12/12 17:51:23,3.0,2.66
3218,卡充值,,,2014/01/07 17:40:45,100.0,102.66
3218,POS消费,地点232,食堂,2014/01/07 17:52:53,15.0,87.66
3218,POS消费,地点192,超市,2014/01/07 21:28:05,30.0,57.66
3218,POS消费,地点192,超市,2014/01/07 21:28:11,6.4,51.26
3218,POS消费,地点526,食堂,2014/01/08 11:09:44,8.5,42.76
3218,POS消费,地点91,校车,2014/01/08 17:46:29,10.9,31.86
3218,POS消费,地点21,开水,2014/01/08 18:25:22,5.1,26.76
3218,POS消费,地点21,开水,2014/01/08 18:26:27,0.83,25.93
3218,POS消费,地点253,食堂,2014/01/08 18:26:44,3.6,22.33
3218,POS消费,地点192,超市,2014/01/09 17:38:10,13.3,9.03
3218,POS消费,地点192,超市,2014/01/09 17:38:22,7.5,1.53
3218,卡充值,,,2014/02/27 13:41:33,60.0,61.53
3218,POS消费,地点118,食堂,2014/02/28 12:05:51,1.8,59.73
3218,POS消费,地点21,开水,2014/03/01 18:24:18,15.4,44.33
3218,POS消费,地点21,开水,2014/03/02 08:43:36,3.1,41.23
3218,POS消费,地点188,超市,2014/03/02 11:37:09,2.0,39.23
3218,POS消费,地点188,超市,2014/03/03 17:21:13,17.6,21.63
3218,POS消费,地点21,开水,2014/03/05 11:40:34,2.0,19.63
3218,POS消费,地点21,开水,2014/03/05 17:18:21,11.7,7.93
3218,卡充值,,,2014/03/07 15:00:00,50.0,57.93
3218,POS消费,地点118,食堂,2014/03/10 08:07:20,8.0,49.93
3218,POS消费,地点21,开水,2014/03/10 09:53:24,9.6,40.33
3218,POS消费,地点21,开水,2014/03/12 17:57:15,6.8,33.53
3218,POS消费,地点526,食堂,2014/03/13 10:04:45,8.5,25.03
3218,POS消费,地点21,开水,2014/03/14 10:02:06,9.0,16.03
3218,POS消费,地点188,超市,2014/03/16 11:18:01,8.6,7.43
3218,POS消费,地点526,食堂,2014/03/17 14:17:35,2.9,4.53
3218,POS消费,地点829,图书馆,2014/03/19 09:18:27,3.0,1.53
3218,卡充值,,,2014/03/19 10:11:38,60.0,61.53
3218,POS消费,地点1448,校车,2014/03/19 10:21:09,1.0,60.53
3218,POS消费,地点188,超市,2014/03/19 15:21:10,14.0,46.53
3218,POS消费,地点192,超市,2014/03/20 10:08:13,10.9,35.63
3218,POS消费,地点118,食堂,2014/03/21 08:03:51,5.5,30.13
3218,POS消费,地点118,食堂,2014/03/21 14:14:58,3.5,26.63
3218,卡挂失,,,2014/04/02 11:48:25,0.0,0.0
3218,卡片开户,,,2014/04/02 11:49:19,20.0,5.0
3218,更新卡信息,,,2014/04/02 11:49:50,0.0,0.0
3218,POS消费,地点27,教务处,2014/04/03 16:46:19,1.8,3.2
3218,卡片销户,,,2014/04/10 10:07:00,3.2,0.0
3218,卡补办,,,2014/04/10 10:07:43,18.2,29.83
3218,更新卡信息,,,2014/04/10 10:08:03,0.0,0.0
3218,POS消费,地点188,超市,2014/04/10 10:13:31,9.4,20.43
3218,POS消费,地点232,食堂,2014/04/10 12:26:38,15.0,5.43
3218,POS消费,地点277,食堂,2014/04/10 12:27:54,3.0,2.43
3218,POS消费,地点140,开水,2014/05/05 10:20:41,0.01,2.42
3218,卡挂失,,,2014/05/13 13:35:51,0.0,0.0
3218,POS消费,地点961,洗衣房,2014/05/15 15:46:23,1.2,1.22
3218,卡补办,,,2014/05/20 16:02:39,15.0,1.22
3218,更新卡信息,,,2014/05/20 16:04:07,0.0,0.0
3218,POS消费,地点198,淋浴,2014/06/16 00:19:26,0.7,0.52
3218,卡充值,,,2014/07/04 09:27:01,100.0,100.52
3218,POS消费,地点118,食堂,2014/07/08 12:43:19,8.0,92.52
3218,POS消费,地点188,超市,2014/07/10 16:52:44,10.5,82.02
3218,POS消费,地点1442,校车,2014/07/11 09:29:18,1.0,81.02
3218,POS消费,地点1442,校车,2014/07/11 09:33:14,1.0,80.02
3218,POS消费,地点1442,校车,2014/07/11 09:33:28,1.0,79.02
3218,POS消费,地点21,开水,2014/07/11 09:45:45,4.2,74.82
3218,POS消费,地点1269,校车,2014/07/11 14:29:40,2.0,72.82
3218,POS消费,地点21,开水,2014/07/11 17:17:39,3.1,69.72
3218,POS消费,地点21,开水,2014/07/11 17:18:12,4.0,65.72
3218,POS消费,地点21,开水,2014/07/11 17:18:18,4.1,61.62
3218,POS消费,地点21,开水,2014/07/11 17:18:29,3.5,58.12
3218,POS消费,地点21,开水,2014/07/11 17:55:54,4.0,54.12
3218,POS消费,地点1387,校车,2014/07/11 18:50:44,2.0,52.12
3218,POS消费,地点1726,淋浴,2014/07/12 08:11:41,0.1,52.02
3218,POS消费,地点1724,淋浴,2014/07/12 08:13:22,0.1,51.92
3218,POS消费,地点1796,淋浴,2014/07/12 08:14:34,0.1,51.82
3218,POS消费,地点1796,淋浴,2014/07/12 08:15:07,0.1,51.72
3218,POS消费,地点1734,淋浴,2014/07/12 08:16:11,0.2,51.52
3218,POS消费,地点1734,淋浴,2014/07/13 13:04:19,0.9,50.62
3218,POS消费,地点21,开水,2014/07/13 14:26:49,22.5,28.12
3218,POS消费,地点21,开水,2014/07/13 16:08:55,8.9,19.22
3218,POS消费,地点21,开水,2014/07/13 17:07:44,2.9,16.32
3218,POS消费,地点21,开水,2014/07/13 17:07:47,0.8,15.52
3218,POS消费,地点21,开水,2014/07/13 17:20:35,4.0,11.52
3218,POS消费,地点1215,校车,2014/07/14 08:01:34,2.0,9.52
3218,POS消费,地点1386,校车,2014/07/14 08:47:57,2.0,7.52
3218,POS消费,地点1386,校车,2014/07/14 08:48:04,2.0,5.52
3218,POS消费,地点21,开水,2014/07/14 11:34:30,3.6,1.92
3218,POS消费,地点21,开水,2014/07/14 11:34:55,1.5,0.42
