32296,卡片开户,,,2014/07/15 11:23:18,0.0,0.0
32296,卡充值,,,2014/08/29 15:59:26,200.0,200.0
32296,POS消费,地点1963,洗衣房,2014/08/30 15:52:57,1.26,198.74
32296,POS消费,地点1882,洗衣房,2014/08/30 16:08:14,3.6,195.14
32296,POS消费,地点21,开水,2014/08/30 17:49:58,3.0,192.14
32296,POS消费,地点230,食堂,2014/08/30 18:03:30,5.0,187.14
32296,POS消费,地点195,超市,2014/08/30 18:39:34,30.0,157.14
32296,POS消费,地点195,超市,2014/08/30 18:39:37,30.0,127.14
32296,POS消费,地点195,超市,2014/08/30 18:39:40,12.9,114.24
32296,POS消费,地点195,超市,2014/08/30 18:40:35,19.9,94.34
32296,POS消费,地点227,食堂,2014/08/31 11:44:19,3.5,90.84
32296,POS消费,地点231,食堂,2014/08/31 11:49:03,0.4,90.44
32296,POS消费,地点231,食堂,2014/08/31 11:49:20,0.8,89.64
32296,POS消费,地点231,食堂,2014/08/31 11:50:02,0.4,89.24
32296,POS消费,地点114,食堂,2014/08/31 11:56:16,2.5,86.74
32296,POS消费,地点195,超市,2014/08/31 12:36:21,6.0,80.74
32296,POS消费,地点195,超市,2014/08/31 12:36:24,0.3,80.44
32296,卡充值,,,2014/08/31 16:58:49,800.0,880.44
32296,POS消费,地点114,食堂,2014/08/31 16:59:45,2.0,878.44
32296,POS消费,地点134,食堂,2014/08/31 17:17:30,8.2,870.24
32296,POS消费,地点1951,淋浴,2014/08/31 19:46:43,1.5,868.74
