32348,卡片开户,,,2014/07/18 16:22:40,0.0,0.0
32348,卡充值,,,2014/08/29 11:53:29,200.0,200.0
32348,POS消费,地点1389,校车,2014/08/29 16:37:15,2.0,198.0
32348,POS消费,地点230,食堂,2014/08/30 18:27:22,9.0,189.0
32348,POS消费,地点69,食堂,2014/08/31 09:09:22,1.8,187.1
32348,POS消费,地点60,食堂,2014/08/31 09:19:20,0.5,186.6
32348,POS消费,地点91,校车,2014/08/31 12:04:18,7.0,179.6
32348,POS消费,地点21,开水,2014/08/31 12:29:02,6.5,173.1
32348,POS消费,地点91,校车,2014/08/31 17:21:40,4.9,168.2
32348,POS消费,地点1645,淋浴,2014/08/31 22:21:08,0.1,168.1
