32350,卡片开户,,,2014/07/18 16:22:54,0.0,0.0
32350,卡充值,,,2014/08/29 12:36:37,100.0,100.0
32350,POS消费,地点227,食堂,2014/08/29 12:52:32,5.0,95.0
32350,POS消费,地点89,食堂,2014/08/29 12:57:04,3.0,92.0
32350,POS消费,地点218,食堂,2014/08/29 13:03:12,3.6,88.4
32350,POS消费,地点1645,淋浴,2014/08/30 20:56:49,0.1,88.3
32350,POS消费,地点188,超市,2014/08/30 21:26:13,28.5,59.8
32350,POS消费,地点184,食堂,2014/08/31 08:05:34,4.0,55.8
32350,POS消费,地点168,食堂,2014/08/31 13:01:57,5.5,50.3
32350,POS消费,地点232,食堂,2014/08/31 17:47:46,10.0,40.3
32350,POS消费,地点192,超市,2014/08/31 18:30:07,10.3,30.0
