32422,卡片开户,,,2014/07/15 15:53:32,0.0,0.0
32422,卡充值,,,2014/08/30 10:30:33,500.0,500.0
32422,POS消费,地点69,食堂,2014/08/30 11:57:43,8.6,491.4
32422,POS消费,地点69,食堂,2014/08/30 11:58:11,5.6,485.8
32422,POS消费,地点1547,食堂,2014/08/30 17:47:51,4.5,481.3
32422,POS消费,地点1547,食堂,2014/08/30 17:48:02,4.5,476.8
32422,POS消费,地点60,食堂,2014/08/31 08:56:06,0.7,476.1
32422,POS消费,地点60,食堂,2014/08/31 08:56:14,0.7,475.4
32422,POS消费,地点239,食堂,2014/08/31 12:15:52,9.2,466.2
32422,POS消费,地点239,食堂,2014/08/31 12:16:30,6.2,460.0
32422,POS消费,地点192,超市,2014/08/31 13:11:58,1.5,458.5
32422,POS消费,地点232,食堂,2014/08/31 17:02:34,3.0,455.5
32422,POS消费,地点192,超市,2014/08/31 17:23:03,2.0,453.5
32422,POS消费,地点1547,食堂,2014/08/31 18:23:36,4.5,449.0
32422,POS消费,地点21,开水,2014/08/31 18:33:37,1.8,447.2
32422,POS消费,地点188,超市,2014/08/31 20:26:02,3.5,443.7
