32536,卡片开户,,,2014/07/19 09:47:42,0.0,0.0
32536,POS消费,地点91,校车,2014/08/29 10:51:26,4.4,95.6
32536,POS消费,地点91,校车,2014/08/29 10:51:45,5.0,90.6
32536,POS消费,地点21,开水,2014/08/29 10:52:26,1.5,89.1
32536,POS消费,地点21,开水,2014/08/29 10:52:40,1.5,87.6
32536,卡充值,,,2014/08/29 10:55:33,100.0,100.0
32536,POS消费,地点21,开水,2014/08/29 11:02:36,1.5,86.1
32536,POS消费,地点87,食堂,2014/08/29 16:53:42,4.2,81.9
32536,POS消费,地点87,食堂,2014/08/29 16:54:02,4.6,77.3
32536,POS消费,地点1882,洗衣房,2014/08/29 18:50:26,3.6,73.7
32536,POS消费,地点1951,淋浴,2014/08/29 21:38:00,0.3,73.4
32536,POS消费,地点124,食堂,2014/08/30 08:38:08,3.0,70.4
32536,POS消费,地点21,开水,2014/08/30 12:07:48,3.0,67.4
32536,POS消费,地点203,食堂,2014/08/30 17:03:40,6.5,60.9
32536,POS消费,地点1888,开水,2014/08/30 17:42:59,0.01,60.89
32536,POS消费,地点1888,开水,2014/08/30 17:55:06,0.01,60.88
32536,POS消费,地点1905,淋浴,2014/08/31 10:03:09,0.3,60.58
32536,POS消费,地点21,开水,2014/08/31 10:56:10,4.2,56.38
32536,POS消费,地点21,开水,2014/08/31 10:57:35,4.0,52.38
32536,POS消费,地点21,开水,2014/08/31 17:07:56,6.0,46.38
32536,POS消费,地点195,超市,2014/08/31 18:12:07,1.0,45.38
32536,POS消费,地点1951,淋浴,2014/08/31 22:36:38,0.2,45.18
