32558,卡片开户,,,2014/07/16 11:10:45,0.0,0.0
32558,卡充值,,,2014/08/29 17:22:14,300.0,300.0
32558,POS消费,地点218,食堂,2014/08/29 17:24:12,2.9,297.1
32558,POS消费,地点65,食堂,2014/08/29 17:29:26,5.6,291.5
32558,POS消费,地点60,食堂,2014/08/30 08:04:06,0.8,290.7
32558,POS消费,地点21,开水,2014/08/30 08:21:31,28.0,262.7
32558,POS消费,地点1961,超市,2014/08/30 10:53:18,11.2,251.5
32558,POS消费,地点263,食堂,2014/08/30 11:52:58,5.6,245.9
32558,POS消费,地点21,开水,2014/08/30 11:54:42,3.12,242.78
32558,POS消费,地点1961,超市,2014/08/30 17:08:18,2.5,240.28
32558,POS消费,地点91,校车,2014/08/30 17:19:21,7.9,232.38
32558,POS消费,地点103,食堂,2014/08/31 08:59:08,2.4,229.98
32558,POS消费,地点21,开水,2014/08/31 10:08:26,8.3,221.68
32558,POS消费,地点21,开水,2014/08/31 11:53:23,2.95,214.13
32558,POS消费,地点182,食堂,2014/08/31 11:55:25,4.6,217.08
32558,POS消费,地点21,开水,2014/08/31 16:35:32,4.6,209.53
32558,POS消费,地点841,食堂,2014/08/31 16:54:56,2.9,206.63
