7529,POS消费,地点179,食堂,2014/09/01 08:06:32,3.1,120.12
7529,POS消费,地点996,图书馆,2014/09/01 09:51:15,5.5,114.62
7529,POS消费,地点996,图书馆,2014/09/01 15:29:48,2.5,112.12
7529,POS消费,地点203,食堂,2014/09/01 17:42:03,7.5,104.62
7529,POS消费,地点21,开水,2014/09/02 08:25:58,4.0,100.62
7529,POS消费,地点21,开水,2014/09/02 08:26:02,0.6,100.02
7529,POS消费,地点526,食堂,2014/09/02 10:19:27,8.0,92.02
7529,POS消费,地点59,食堂,2014/09/02 11:28:18,1.9,90.12
7529,POS消费,地点161,食堂,2014/09/02 11:28:23,1.2,88.92
7529,POS消费,地点1472,校车,2014/09/02 17:18:25,1.0,87.92
7529,POS消费,地点21,开水,2014/09/03 09:50:38,18.7,69.22
7529,POS消费,地点1998,食堂,2014/09/03 12:14:02,3.9,65.32
7529,POS消费,地点996,图书馆,2014/09/03 16:05:46,6.9,58.42
7529,POS消费,地点161,食堂,2014/09/03 17:06:15,7.4,51.02
7529,POS消费,地点203,食堂,2014/09/04 10:08:25,15.0,36.02
7529,POS消费,地点239,食堂,2014/09/04 17:15:53,4.7,31.32
7529,POS消费,地点21,开水,2014/09/04 17:18:14,1.8,29.52
7529,POS消费,地点192,超市,2014/09/04 21:49:55,6.4,23.12
7529,POS消费,地点59,食堂,2014/09/05 11:35:31,1.5,11.52
7529,POS消费,地点243,食堂,2014/09/05 11:36:25,2.9,7.12
7529,POS消费,地点239,食堂,2014/09/05 11:45:00,5.3,17.82
7529,POS消费,地点239,食堂,2014/09/05 11:45:29,4.8,13.02
7529,POS消费,地点242,食堂,2014/09/05 11:47:05,1.5,10.02
7529,POS消费,地点118,食堂,2014/09/06 13:33:28,2.9,4.22
7529,POS消费,地点21,开水,2014/09/07 21:39:53,0.7,3.52
7529,卡充值,,,2014/09/10 17:54:54,100.0,103.52
7529,POS消费,地点243,食堂,2014/09/10 18:04:10,1.8,96.72
7529,POS消费,地点218,食堂,2014/09/10 18:10:00,2.9,93.82
7529,POS消费,地点253,食堂,2014/09/10 18:14:29,5.0,98.52
7529,POS消费,地点61,食堂,2014/09/11 08:17:52,3.8,90.02
7529,POS消费,地点21,开水,2014/09/11 10:39:36,5.7,84.32
7529,POS消费,地点211,校车,2014/09/11 18:15:43,1.0,83.32
7529,POS消费,地点26,图书馆,2014/09/12 09:48:55,2.5,80.82
7529,POS消费,地点232,食堂,2014/09/12 11:50:33,6.0,74.82
7529,POS消费,地点91,校车,2014/09/12 11:52:32,3.0,71.82
7529,POS消费,地点243,食堂,2014/09/12 12:07:33,3.0,68.82
7529,POS消费,地点188,超市,2014/09/12 21:32:34,11.3,57.52
7529,POS消费,地点218,食堂,2014/09/13 12:28:02,4.7,47.22
7529,POS消费,地点253,食堂,2014/09/13 12:37:45,4.0,53.52
7529,POS消费,地点184,食堂,2014/09/13 12:39:14,1.6,51.92
7529,POS消费,地点232,食堂,2014/09/14 11:18:07,8.9,38.32
7529,POS消费,地点21,开水,2014/09/14 11:30:27,4.8,33.52
7529,POS消费,地点218,食堂,2014/09/14 11:39:28,3.0,30.52
7529,POS消费,地点91,校车,2014/09/14 17:36:37,3.5,27.02
7529,POS消费,地点21,开水,2014/09/14 17:36:56,4.9,22.12
7529,POS消费,地点218,食堂,2014/09/14 17:52:59,2.8,19.32
7529,POS消费,地点192,超市,2014/09/14 21:42:41,4.0,15.32
7529,POS消费,地点118,食堂,2014/09/15 08:17:40,11.4,3.92
7529,POS消费,地点21,开水,2014/09/15 14:07:38,1.2,2.72
7529,卡充值,,,2014/09/16 12:01:26,100.0,102.72
7529,POS消费,地点21,开水,2014/09/16 12:08:08,9.0,93.72
7529,POS消费,地点91,校车,2014/09/16 16:31:19,8.0,85.72
7529,POS消费,地点232,食堂,2014/09/16 16:32:16,8.9,76.82
7529,POS消费,地点91,校车,2014/09/16 16:32:34,1.5,75.32
7529,POS消费,地点232,食堂,2014/09/16 16:33:12,0.5,74.82
7529,POS消费,地点232,食堂,2014/09/16 16:35:02,0.6,74.22
7529,POS消费,地点218,食堂,2014/09/16 16:51:59,3.0,71.22
7529,POS消费,地点218,食堂,2014/09/16 16:52:02,1.0,70.22
7529,POS消费,地点204,食堂,2014/09/17 09:51:40,5.5,64.72
7529,POS消费,地点204,食堂,2014/09/17 09:52:38,1.0,63.72
7529,POS消费,地点21,开水,2014/09/17 21:15:28,6.5,57.22
7529,POS消费,地点203,食堂,2014/09/18 10:31:34,7.5,44.22
7529,POS消费,地点204,食堂,2014/09/18 10:31:47,5.5,51.72
7529,POS消费,地点21,开水,2014/09/18 10:37:25,3.45,40.77
7529,POS消费,地点1448,校车,2014/09/21 11:04:50,1.0,39.77
7529,POS消费,地点1448,校车,2014/09/21 11:04:58,1.0,38.77
7529,POS消费,地点192,超市,2014/09/21 11:12:15,12.2,26.57
7529,POS消费,地点239,食堂,2014/09/21 17:18:44,4.9,21.67
7529,POS消费,地点242,食堂,2014/09/21 17:20:12,1.5,20.17
7529,POS消费,地点184,食堂,2014/09/21 17:21:16,1.0,19.17
7529,POS消费,地点118,食堂,2014/09/22 08:20:44,3.0,16.17
7529,POS消费,地点1847,食堂,2014/09/22 12:04:08,2.9,5.77
7529,POS消费,地点21,开水,2014/09/22 12:07:53,2.5,8.67
7529,POS消费,地点236,食堂,2014/09/22 12:09:15,5.0,11.17
7529,POS消费,地点243,食堂,2014/09/25 17:18:21,4.0,1.77
7529,卡充值,,,2014/10/09 10:15:59,200.0,201.77
7529,POS消费,地点168,食堂,2014/10/09 10:19:49,5.5,196.27
7529,POS消费,地点192,超市,2014/10/09 10:29:58,10.4,185.87
7529,POS消费,地点243,食堂,2014/10/09 12:25:36,3.0,182.87
7529,POS消费,地点192,超市,2014/10/09 21:57:22,13.3,169.57
7529,POS消费,地点239,食堂,2014/10/10 17:08:38,5.0,164.57
7529,POS消费,地点243,食堂,2014/10/10 17:22:00,3.0,159.57
7529,POS消费,地点260,食堂,2014/10/10 17:24:52,2.0,162.57
7529,POS消费,地点21,开水,2014/10/11 12:02:59,11.2,148.37
7529,POS消费,地点1847,食堂,2014/10/11 12:21:49,2.9,145.47
7529,POS消费,地点192,超市,2014/10/11 21:52:37,9.5,135.97
7529,POS消费,地点21,开水,2014/10/13 11:05:53,8.5,127.47
7529,POS消费,地点225,食堂,2014/10/13 16:49:20,4.6,122.87
7529,POS消费,地点225,食堂,2014/10/13 16:49:47,4.6,118.27
7529,POS消费,地点21,开水,2014/10/13 16:51:16,4.0,114.27
7529,POS消费,地点21,开水,2014/10/13 17:00:06,0.93,113.34
7529,POS消费,地点263,食堂,2014/10/14 11:56:08,4.6,108.74
7529,POS消费,地点21,开水,2014/10/14 11:57:46,2.0,106.74
7529,POS消费,地点243,食堂,2014/10/14 12:06:18,3.0,103.74
7529,POS消费,地点26,图书馆,2014/10/14 16:15:38,10.0,93.74
7529,POS消费,地点226,食堂,2014/10/15 12:06:03,4.1,89.64
7529,POS消费,地点1674,食堂,2014/10/15 12:11:48,1.2,83.44
7529,POS消费,地点1847,食堂,2014/10/15 12:18:46,3.0,80.44
7529,POS消费,地点236,食堂,2014/10/15 12:24:17,5.0,84.64
7529,POS消费,地点226,食堂,2014/10/15 17:56:11,1.6,74.14
7529,POS消费,地点236,食堂,2014/10/15 18:12:30,4.7,75.74
7529,POS消费,地点83,食堂,2014/10/16 08:18:11,8.0,66.14
7529,POS消费,地点204,食堂,2014/10/16 10:13:36,11.0,55.14
7529,POS消费,地点225,食堂,2014/10/16 16:51:18,4.6,50.54
7529,POS消费,地点233,食堂,2014/10/16 16:51:49,4.6,45.94
7529,POS消费,地点21,开水,2014/10/16 16:53:30,2.0,43.94
7529,POS消费,地点21,开水,2014/10/16 17:01:06,3.03,40.91
7529,POS消费,地点233,食堂,2014/10/17 12:06:12,4.6,36.31
7529,POS消费,地点21,开水,2014/10/17 12:06:54,2.0,34.31
7529,POS消费,地点21,开水,2014/10/17 12:15:39,4.0,30.31
7529,POS消费,地点188,超市,2014/10/17 22:16:24,8.9,21.41
7529,POS消费,地点89,食堂,2014/10/18 08:15:11,3.0,18.41
7529,POS消费,地点253,食堂,2014/10/18 12:13:39,6.1,12.31
7529,POS消费,地点21,开水,2014/10/18 12:16:21,2.0,10.31
7529,POS消费,地点213,食堂,2014/10/20 15:39:50,0.15,10.16
7529,POS消费,地点219,超市,2014/10/20 17:30:22,7.5,2.66
7529,POS消费,地点1447,校车,2014/11/06 15:53:29,1.0,1.66
7529,卡充值,,,2015/03/01 11:38:39,200.0,201.66
7529,POS消费,地点1596,食堂,2015/03/01 11:45:49,4.0,195.86
7529,POS消费,地点192,超市,2015/03/01 12:25:39,30.0,165.86
7529,POS消费,地点192,超市,2015/03/01 12:25:44,9.6,156.26
7529,POS消费,地点1998,食堂,2015/03/01 12:32:55,1.8,199.86
7529,POS消费,地点134,食堂,2015/03/01 17:29:53,4.4,151.86
7529,POS消费,地点72,食堂,2015/03/02 08:05:46,2.8,149.06
7529,POS消费,地点264,食堂,2015/03/02 11:53:32,5.6,143.46
7529,POS消费,地点1847,食堂,2015/03/02 12:13:30,2.8,140.66
7529,POS消费,地点259,食堂,2015/03/02 17:59:02,5.6,135.06
7529,POS消费,地点1997,食堂,2015/03/03 08:55:59,2.5,132.56
7529,POS消费,地点91,校车,2015/03/03 12:11:00,10.9,121.66
7529,POS消费,地点243,食堂,2015/03/03 12:22:49,1.0,120.66
7529,POS消费,地点1588,食堂,2015/03/03 18:05:26,3.9,116.76
7529,POS消费,地点1588,食堂,2015/03/03 18:05:37,4.1,112.66
7529,POS消费,地点21,开水,2015/03/03 21:46:58,6.0,106.66
7529,POS消费,地点134,食堂,2015/03/04 12:08:38,4.6,102.06
7529,POS消费,地点972,食堂,2015/03/04 12:17:22,4.0,93.96
7529,POS消费,地点1998,食堂,2015/03/04 12:57:05,4.1,97.96
7529,POS消费,地点226,食堂,2015/03/04 17:51:41,1.0,92.96
7529,POS消费,地点1997,食堂,2015/03/05 08:49:40,2.8,90.16
7529,POS消费,地点249,食堂,2015/03/05 12:06:59,5.6,84.56
7529,POS消费,地点1451,校车,2015/03/05 16:34:10,1.0,83.56
7529,POS消费,地点69,食堂,2015/03/06 11:29:07,4.6,78.96
7529,POS消费,地点222,校车,2015/03/06 13:48:03,1.0,77.96
7529,POS消费,地点1961,超市,2015/03/06 15:25:35,6.2,71.76
7529,POS消费,地点192,超市,2015/03/06 15:52:08,1.0,70.76
7529,POS消费,地点1588,食堂,2015/03/06 18:15:17,4.1,66.66
7529,POS消费,地点1155,食堂,2015/03/07 10:15:37,7.5,59.16
7529,POS消费,地点61,食堂,2015/03/07 11:58:45,4.6,54.56
7529,POS消费,地点60,食堂,2015/03/07 17:41:29,5.6,48.96
7529,POS消费,地点1997,食堂,2015/03/08 11:58:15,4.6,44.36
7529,POS消费,地点21,开水,2015/03/08 17:02:40,1.2,40.56
7529,POS消费,地点61,食堂,2015/03/08 17:04:40,3.0,37.56
7529,POS消费,地点184,食堂,2015/03/08 17:05:41,2.6,41.76
7529,POS消费,地点1997,食堂,2015/03/09 09:35:59,2.8,34.76
7529,POS消费,地点1596,食堂,2015/03/09 11:20:37,4.6,30.16
7529,POS消费,地点83,食堂,2015/03/09 15:41:46,5.0,25.16
7529,POS消费,地点259,食堂,2015/03/09 18:03:49,5.1,20.06
7529,POS消费,地点72,食堂,2015/03/10 08:25:22,2.8,17.26
7529,POS消费,地点237,食堂,2015/03/10 11:21:49,2.0,10.66
7529,POS消费,地点60,食堂,2015/03/10 11:45:23,4.6,12.66
7529,POS消费,地点83,食堂,2015/03/10 15:10:50,6.0,4.66
7529,卡充值,,,2015/03/10 18:54:54,100.0,104.66
7529,POS消费,地点26,图书馆,2015/03/10 18:56:54,6.0,98.66
7529,POS消费,地点1155,食堂,2015/03/10 19:02:20,4.8,93.86
7529,POS消费,地点69,食堂,2015/03/11 08:08:14,2.9,90.96
7529,POS消费,地点21,开水,2015/03/11 12:18:59,1.2,83.96
7529,POS消费,地点249,食堂,2015/03/11 12:20:34,5.8,85.16
7529,POS消费,地点21,开水,2015/03/11 12:30:19,3.5,80.46
7529,POS消费,地点203,食堂,2015/03/11 20:33:15,7.5,72.96
7529,POS消费,地点21,开水,2015/03/11 20:47:43,1.0,71.96
7529,POS消费,地点72,食堂,2015/03/12 08:10:54,3.2,68.76
7529,POS消费,地点259,食堂,2015/03/12 11:58:25,5.6,63.16
7529,POS消费,地点1466,食堂,2015/03/12 12:07:58,2.2,60.96
7529,POS消费,地点21,开水,2015/03/12 17:49:07,4.5,56.46
7529,POS消费,地点2119,食堂,2015/03/12 18:46:39,2.4,54.06
7529,POS消费,地点61,食堂,2015/03/13 08:52:35,4.0,50.06
7529,POS消费,地点21,开水,2015/03/13 11:29:11,4.5,45.56
7529,POS消费,地点192,超市,2015/03/13 11:46:07,27.9,16.46
7529,POS消费,地点2119,食堂,2015/03/13 12:26:13,1.2,44.36
7529,POS消费,地点69,食堂,2015/03/13 17:37:10,5.66,10.8
7529,POS消费,地点237,食堂,2015/03/13 17:39:23,1.0,9.8
7529,POS消费,地点72,食堂,2015/03/14 09:21:59,2.4,7.4
7529,POS消费,地点1700,食堂,2015/03/14 09:51:36,3.5,3.9
7529,卡充值,,,2015/03/14 12:08:22,100.0,103.9
7529,POS消费,地点12,文印中心,2015/03/14 12:10:16,11.0,92.9
7529,POS消费,地点65,食堂,2015/03/15 09:17:17,0.8,88.8
7529,POS消费,地点1997,食堂,2015/03/15 10:20:18,3.3,89.6
7529,POS消费,地点1596,食堂,2015/03/15 11:42:38,4.6,84.2
7529,POS消费,地点21,开水,2015/03/15 11:42:58,2.5,81.7
7529,POS消费,地点237,食堂,2015/03/15 17:27:27,2.6,79.1
7529,POS消费,地点61,食堂,2015/03/15 17:28:57,3.0,76.1
7529,POS消费,地点1588,食堂,2015/03/16 08:07:35,4.0,72.1
7529,POS消费,地点1674,食堂,2015/03/16 11:56:28,2.5,64.0
7529,POS消费,地点249,食堂,2015/03/16 12:05:53,5.6,66.5
7529,POS消费,地点21,开水,2015/03/16 12:37:16,7.0,57.0
7529,POS消费,地点996,图书馆,2015/03/16 13:55:20,4.0,53.0
7529,POS消费,地点1623,图书馆,2015/03/16 14:05:00,28.94,24.06
7529,POS消费,地点192,超市,2015/03/16 19:23:26,7.5,16.56
7529,POS消费,地点65,食堂,2015/03/17 12:11:50,6.8,9.76
7529,POS消费,地点21,开水,2015/03/17 16:18:56,7.0,2.76
7529,卡充值,,,2015/03/18 12:03:00,50.0,52.76
7529,POS消费,地点21,开水,2015/03/18 12:26:19,29.2,17.96
7529,POS消费,地点1700,食堂,2015/03/18 12:34:06,5.6,47.16
7529,POS消费,地点171,食堂,2015/03/18 19:23:41,5.5,12.46
7529,POS消费,地点21,开水,2015/03/18 19:34:16,1.9,10.56
7529,POS消费,地点1997,食堂,2015/03/19 09:04:31,3.5,7.06
7529,POS消费,地点264,食堂,2015/03/19 11:51:56,5.6,1.46
7529,卡充值,,,2015/03/24 16:35:32,100.0,101.46
7529,POS消费,地点2172,文印中心,2015/03/24 16:48:25,0.3,101.16
7529,POS消费,地点192,超市,2015/03/24 17:58:32,10.5,90.66
7529,POS消费,地点21,开水,2015/03/24 22:07:27,8.4,82.26
7529,POS消费,地点171,食堂,2015/03/25 10:05:16,5.5,76.76
7529,POS消费,地点65,食堂,2015/03/26 08:15:04,0.8,75.96
7529,POS消费,地点161,食堂,2015/03/27 11:02:08,7.4,68.56
7529,POS消费,地点188,超市,2015/03/27 19:02:52,3.5,65.06
7529,POS消费,地点188,超市,2015/03/27 22:19:22,10.5,54.56
7529,POS消费,地点21,开水,2015/03/29 21:55:09,13.8,40.76
7529,POS消费,地点1997,食堂,2015/03/30 09:16:04,3.7,37.06
7529,POS消费,地点228,食堂,2015/03/30 11:25:05,6.5,30.56
7529,POS消费,地点228,食堂,2015/03/30 11:25:09,6.5,24.06
7529,POS消费,地点228,食堂,2015/03/30 11:25:19,8.0,16.06
7529,POS消费,地点246,食堂,2015/03/30 11:27:24,0.8,15.26
7529,POS消费,地点243,食堂,2015/03/30 11:29:36,9.0,6.26
7529,POS消费,地点21,开水,2015/03/30 11:29:38,3.5,2.76
7529,POS消费,地点211,校车,2015/03/30 18:31:19,1.0,1.76
