10007,卡充值,,,2014/09/01 11:55:00,100.0,100.37
10007,POS消费,地点21,开水,2014/09/01 12:02:23,3.1,97.27
10007,POS消费,地点1472,校车,2014/09/02 10:33:38,1.0,96.27
10007,POS消费,地点1472,校车,2014/09/02 10:33:45,1.0,95.27
10007,POS消费,地点222,校车,2014/09/02 14:59:35,1.0,94.27
10007,POS消费,地点222,校车,2014/09/02 15:01:13,1.0,93.27
10007,POS消费,地点532,洗衣房,2014/09/02 22:50:31,1.2,92.07
10007,POS消费,地点647,淋浴,2014/09/02 23:04:11,1.0,91.07
10007,POS消费,地点532,洗衣房,2014/09/02 23:25:53,1.2,89.87
10007,POS消费,地点532,洗衣房,2014/09/02 23:42:47,1.2,88.73
10007,POS消费,地点532,洗衣房,2014/09/02 23:44:10,-0.06,89.93
10007,POS消费,地点532,洗衣房,2014/09/03 00:02:40,-0.12,88.85
10007,POS消费,地点9,洗衣房,2014/09/03 00:04:23,1.2,87.65
10007,POS消费,地点9,洗衣房,2014/09/03 00:05:56,-1.02,88.67
10007,POS消费,地点237,食堂,2014/09/03 12:12:09,1.0,87.67
10007,POS消费,地点239,食堂,2014/09/03 12:24:15,6.0,81.67
10007,POS消费,地点242,食堂,2014/09/03 12:25:20,1.5,80.17
10007,POS消费,地点21,开水,2014/09/03 12:27:23,0.7,79.47
10007,POS消费,地点63,淋浴,2014/09/03 23:27:57,0.2,79.27
10007,POS消费,地点63,淋浴,2014/09/04 10:33:04,0.4,78.87
10007,POS消费,地点59,食堂,2014/09/04 10:53:36,3.0,73.87
10007,POS消费,地点184,食堂,2014/09/04 11:03:29,2.0,76.87
10007,POS消费,地点21,开水,2014/09/04 11:06:17,0.7,73.17
10007,POS消费,地点63,淋浴,2014/09/05 14:02:08,0.7,72.47
10007,POS消费,地点59,食堂,2014/09/05 17:20:45,3.0,69.47
10007,POS消费,地点239,食堂,2014/09/05 17:33:26,5.5,63.62
10007,POS消费,地点21,开水,2014/09/05 17:33:32,0.35,69.12
10007,POS消费,地点243,食堂,2014/09/05 17:49:09,2.9,60.72
10007,POS消费,地点72,食堂,2014/09/07 12:38:33,4.6,56.12
10007,POS消费,地点532,洗衣房,2014/09/11 21:46:43,3.6,52.52
10007,POS消费,地点532,洗衣房,2014/09/11 21:53:08,-3.12,55.64
10007,POS消费,地点63,淋浴,2014/09/11 22:01:08,0.7,54.94
10007,POS消费,地点843,洗衣房,2014/09/11 22:09:23,3.6,51.34
10007,POS消费,地点843,洗衣房,2014/09/11 22:09:23,-0.54,51.88
10007,POS消费,地点63,淋浴,2014/09/12 20:55:58,0.6,51.28
10007,POS消费,地点168,食堂,2014/09/13 19:26:16,6.5,44.78
10007,POS消费,地点63,淋浴,2014/09/14 23:23:51,0.5,44.28
10007,POS消费,地点72,食堂,2014/09/15 16:49:35,5.0,39.28
10007,POS消费,地点59,食堂,2014/09/15 16:51:41,3.0,36.28
10007,POS消费,地点21,开水,2014/09/15 17:04:09,0.7,35.58
10007,POS消费,地点190,超市,2014/09/15 22:25:34,1.0,34.58
10007,POS消费,地点190,超市,2014/09/15 22:25:37,9.0,25.58
10007,POS消费,地点651,洗衣房,2014/09/15 23:26:57,3.6,21.98
10007,POS消费,地点647,淋浴,2014/09/16 16:48:33,0.4,21.58
10007,POS消费,地点65,食堂,2014/09/16 17:07:29,2.2,19.38
10007,POS消费,地点21,开水,2014/09/16 17:08:02,2.0,14.38
10007,POS消费,地点59,食堂,2014/09/16 17:09:14,3.0,16.38
10007,POS消费,地点237,食堂,2014/09/17 07:08:45,3.4,10.98
10007,POS消费,地点72,食堂,2014/09/17 07:09:23,5.4,5.58
10007,POS消费,地点72,食堂,2014/09/17 07:10:07,2.8,2.78
10007,POS消费,地点60,食堂,2014/09/17 07:22:15,1.5,1.28
10007,POS消费,地点647,淋浴,2014/09/19 19:06:03,0.6,0.68
10007,POS消费,地点239,食堂,2014/10/23 12:11:45,7.2,393.48
10007,POS消费,地点69,食堂,2014/10/23 12:15:35,5.0,387.78
10007,卡充值,,,2014/10/23 12:17:47,400.0,400.68
10007,POS消费,地点21,开水,2014/10/23 12:27:53,0.7,392.78
10007,POS消费,地点91,校车,2014/10/24 17:41:15,6.0,381.78
10007,POS消费,地点91,校车,2014/10/24 17:41:35,5.5,376.28
10007,POS消费,地点21,开水,2014/10/24 17:42:08,1.5,374.78
10007,POS消费,地点21,开水,2014/10/24 17:56:41,6.5,368.28
10007,POS消费,地点190,超市,2014/10/24 22:36:44,10.0,348.28
10007,,,,2014/10/24 22:40:56,10.0,358.28
10007,POS消费,地点214,超市,2014/10/24 22:47:38,22.0,326.28
10007,POS消费,地点214,超市,2014/10/24 22:48:26,8.2,318.08
10007,POS消费,地点214,超市,2014/10/24 22:49:04,5.5,312.58
10007,POS消费,地点219,超市,2014/10/25 17:36:44,7.0,305.58
10007,POS消费,地点91,校车,2014/10/25 18:33:43,13.6,291.98
10007,POS消费,地点91,校车,2014/10/25 18:34:00,1.2,290.78
10007,POS消费,地点21,开水,2014/10/25 18:34:34,0.35,290.43
10007,POS消费,地点63,淋浴,2014/10/26 15:38:13,0.4,290.03
10007,POS消费,地点231,食堂,2014/10/26 21:19:49,30.0,260.03
10007,POS消费,地点231,食堂,2014/10/26 21:19:52,15.0,245.03
10007,POS消费,地点230,食堂,2014/10/26 21:26:34,1.2,243.83
10007,POS消费,地点89,食堂,2014/10/26 21:37:53,6.0,237.83
10007,POS消费,地点91,校车,2014/10/27 18:01:02,10.6,227.23
10007,POS消费,地点21,开水,2014/10/27 18:05:16,2.7,224.53
10007,POS消费,地点21,开水,2014/10/28 08:46:30,6.6,217.93
10007,POS消费,地点190,超市,2014/10/28 08:46:37,10.0,207.93
10007,POS消费,地点21,开水,2014/10/28 17:28:52,4.6,203.33
10007,POS消费,地点91,校车,2014/10/28 17:30:05,3.1,200.23
10007,POS消费,地点91,校车,2014/10/28 17:31:36,4.8,195.43
10007,POS消费,地点21,开水,2014/10/28 17:32:18,1.5,193.93
10007,POS消费,地点190,超市,2014/10/28 17:41:22,15.3,178.63
10007,POS消费,地点72,食堂,2014/10/29 08:25:03,6.8,171.83
10007,POS消费,地点72,食堂,2014/10/29 08:25:30,3.8,168.03
10007,POS消费,地点65,食堂,2014/10/29 08:33:28,0.6,167.43
10007,POS消费,地点192,超市,2014/10/29 08:36:55,20.0,147.43
10007,POS消费,地点91,校车,2014/10/30 17:39:30,8.6,138.83
10007,POS消费,地点91,校车,2014/10/30 17:42:49,5.1,133.73
10007,POS消费,地点91,校车,2014/10/30 17:43:01,2.2,131.53
10007,POS消费,地点190,超市,2014/10/30 17:55:28,24.7,106.83
10007,POS消费,地点91,校车,2014/10/31 17:12:44,5.8,101.03
10007,POS消费,地点91,校车,2014/10/31 17:13:09,3.0,98.03
10007,POS消费,地点91,校车,2014/10/31 17:14:32,10.0,88.03
10007,POS消费,地点91,校车,2014/10/31 17:16:20,5.8,82.23
10007,POS消费,地点21,开水,2014/11/01 01:27:27,0.01,82.22
10007,POS消费,地点190,超市,2014/11/01 13:59:39,27.7,54.52
10007,POS消费,地点219,超市,2014/11/01 16:42:54,7.0,47.52
10007,POS消费,地点59,食堂,2014/11/01 17:27:35,3.5,43.29
10007,POS消费,地点239,食堂,2014/11/01 17:28:28,10.5,32.79
10007,POS消费,地点192,超市,2014/11/01 17:31:02,10.0,22.79
10007,POS消费,地点21,开水,2014/11/01 17:41:03,0.73,46.79
10007,POS消费,地点72,食堂,2014/11/02 08:23:22,3.8,18.99
10007,POS消费,地点188,超市,2014/11/02 08:42:04,15.1,3.89
10007,POS消费,地点214,超市,2014/11/10 22:52:19,2.0,1.49
10007,POS消费,地点63,淋浴,2014/11/11 14:08:58,0.4,3.49
10007,POS消费,地点63,淋浴,2014/11/12 17:18:08,0.5,0.99
10007,POS消费,地点63,淋浴,2014/11/16 10:21:20,0.8,0.19
10007,卡充值,,,2015/06/16 10:59:20,50.0,50.19
10007,POS消费,地点91,校车,2015/06/16 11:00:18,5.6,44.59
10007,POS消费,地点21,开水,2015/06/16 11:00:39,3.0,41.59
10007,POS消费,地点91,校车,2015/06/16 11:02:29,7.6,33.99
10007,POS消费,地点21,开水,2015/06/16 11:14:16,3.0,30.99
10007,POS消费,地点253,食堂,2015/06/17 12:32:08,5.2,20.59
10007,POS消费,地点63,淋浴,2015/06/17 12:32:11,0.6,30.39
10007,POS消费,地点253,食堂,2015/06/17 12:32:36,3.0,17.59
10007,POS消费,地点1997,食堂,2015/06/17 13:56:37,4.6,25.79
10007,POS消费,地点651,洗衣房,2015/06/18 00:36:07,3.6,13.99
10007,POS消费,地点260,食堂,2015/06/18 11:30:52,1.6,10.43
10007,POS消费,地点59,食堂,2015/06/18 11:31:22,1.5,8.93
10007,POS消费,地点239,食堂,2015/06/18 11:32:20,6.0,2.93
10007,POS消费,地点651,洗衣房,2015/06/18 22:17:09,3.6,10.39
10007,POS消费,地点651,洗衣房,2015/06/19 01:37:07,-2.04,12.43
10007,POS消费,地点63,淋浴,2015/06/19 12:42:38,0.4,12.03
10007,POS消费,地点63,淋浴,2015/06/23 11:03:06,0.3,2.63
10007,POS消费,地点63,淋浴,2015/06/23 11:11:03,0.3,2.33
10007,POS消费,地点63,淋浴,2015/06/23 11:13:04,0.3,2.03
10007,POS消费,地点63,淋浴,2015/06/23 14:03:02,0.5,1.53
10007,POS消费,地点647,淋浴,2015/06/24 08:49:05,0.4,1.13
10007,POS消费,地点63,淋浴,2015/06/30 14:04:01,0.3,0.83
10007,卡充值,,,2015/08/31 11:45:12,500.0,500.83
10007,POS消费,地点82,食堂,2015/08/31 11:47:14,7.5,493.33
10007,POS消费,地点239,食堂,2015/08/31 11:49:53,8.3,485.03
10007,POS消费,地点2119,食堂,2015/08/31 11:53:33,1.15,483.88
10007,POS消费,地点218,食堂,2015/08/31 12:06:03,3.9,479.98
10007,POS消费,地点1996,校车,2015/08/31 14:46:34,1.0,478.98
10007,POS消费,地点1996,校车,2015/08/31 14:46:43,1.0,477.98
10007,POS消费,地点184,食堂,2015/08/31 16:56:50,3.0,474.28
10007,POS消费,地点2119,食堂,2015/08/31 16:58:54,0.7,477.28
10007,POS消费,地点242,食堂,2015/08/31 16:58:56,3.0,471.28
10007,POS消费,地点2277,食堂,2015/08/31 17:00:53,2.0,469.28
10007,POS消费,地点218,食堂,2015/08/31 17:08:00,4.3,464.98
