10259,卡充值,,,2015/03/01 09:52:18,100.0,100.44
10259,POS消费,地点192,超市,2015/03/01 09:58:01,3.0,97.44
10259,POS消费,地点21,开水,2015/03/01 14:03:21,25.0,72.44
10259,POS消费,地点289,淋浴,2015/03/01 22:00:38,0.5,71.94
10259,POS消费,地点223,淋浴,2015/03/02 14:16:50,1.4,70.54
10259,POS消费,地点224,校车,2015/03/02 15:52:08,4.0,66.54
10259,POS消费,地点26,图书馆,2015/03/02 16:19:16,4.5,62.04
10259,POS消费,地点21,开水,2015/03/03 08:51:47,1.6,60.44
10259,POS消费,地点91,校车,2015/03/03 09:05:17,5.0,55.44
10259,POS消费,地点91,校车,2015/03/03 09:05:39,3.0,52.44
10259,POS消费,地点91,校车,2015/03/03 11:43:55,12.0,40.44
10259,POS消费,地点21,开水,2015/03/03 12:16:44,3.5,36.94
10259,POS消费,地点91,校车,2015/03/03 17:37:05,8.0,28.94
10259,POS消费,地点223,淋浴,2015/03/03 22:59:12,0.8,28.14
10259,POS消费,地点91,校车,2015/03/04 12:18:17,9.0,19.14
10259,POS消费,地点232,食堂,2015/03/04 17:34:34,10.0,9.14
10259,POS消费,地点21,开水,2015/03/04 17:52:06,3.3,5.84
10259,POS消费,地点229,开水,2015/03/05 10:31:08,0.01,5.83
10259,卡充值,,,2015/03/05 12:34:16,100.0,105.83
10259,POS消费,地点223,淋浴,2015/03/05 23:23:25,1.1,104.73
10259,POS消费,地点91,校车,2015/03/06 18:12:16,9.0,95.73
10259,POS消费,地点223,淋浴,2015/03/06 23:57:45,1.4,94.33
10259,POS消费,地点223,淋浴,2015/03/08 20:57:07,1.5,92.83
10259,POS消费,地点21,开水,2015/03/09 10:38:48,4.4,88.43
10259,POS消费,地点91,校车,2015/03/09 12:22:02,6.0,82.43
10259,POS消费,地点223,淋浴,2015/03/09 21:56:38,1.4,81.03
10259,POS消费,地点91,校车,2015/03/10 12:36:17,3.0,78.03
10259,POS消费,地点91,校车,2015/03/10 18:21:36,10.0,68.03
10259,POS消费,地点91,校车,2015/03/10 23:04:45,3.0,65.03
10259,POS消费,地点21,开水,2015/03/11 09:27:39,2.0,63.03
10259,POS消费,地点232,食堂,2015/03/11 11:57:58,7.6,55.43
10259,POS消费,地点223,淋浴,2015/03/11 22:17:06,1.5,53.93
10259,POS消费,地点91,校车,2015/03/12 12:05:13,8.0,45.93
10259,POS消费,地点91,校车,2015/03/12 12:27:38,3.5,42.43
10259,POS消费,地点223,淋浴,2015/03/12 22:34:32,1.6,40.83
10259,POS消费,地点223,淋浴,2015/03/13 23:42:51,1.2,39.63
10259,POS消费,地点232,食堂,2015/03/14 12:18:27,7.0,32.63
10259,POS消费,地点21,开水,2015/03/14 12:34:51,2.0,30.63
10259,POS消费,地点21,开水,2015/03/15 13:18:35,24.0,6.63
10259,POS消费,地点91,校车,2015/03/15 18:53:31,3.0,3.63
10259,POS消费,地点223,淋浴,2015/03/15 22:20:50,1.5,2.13
10259,卡充值,,,2015/03/17 11:35:04,100.0,102.13
10259,POS消费,地点91,校车,2015/03/17 11:36:17,5.6,96.53
10259,POS消费,地点21,开水,2015/03/17 11:50:02,2.0,94.53
10259,POS消费,地点223,淋浴,2015/03/17 15:39:53,0.1,94.43
10259,POS消费,地点223,淋浴,2015/03/17 22:27:36,1.3,93.13
10259,POS消费,地点21,开水,2015/03/18 08:47:36,1.9,91.23
10259,POS消费,地点21,开水,2015/03/18 14:25:35,6.5,84.73
10259,POS消费,地点91,校车,2015/03/18 17:05:16,11.0,73.73
10259,POS消费,地点91,校车,2015/03/18 17:05:56,7.0,66.73
10259,POS消费,地点21,开水,2015/03/18 21:47:42,5.4,61.33
10259,POS消费,地点229,开水,2015/03/18 22:12:56,0.03,61.3
10259,POS消费,地点229,开水,2015/03/19 12:05:20,0.08,61.22
10259,POS消费,地点91,校车,2015/03/19 12:22:51,8.0,53.22
10259,POS消费,地点91,校车,2015/03/19 12:22:56,8.0,45.22
10259,POS消费,地点91,校车,2015/03/19 12:23:24,1.0,44.22
10259,POS消费,地点21,开水,2015/03/19 12:24:14,2.0,42.22
10259,POS消费,地点232,食堂,2015/03/19 18:28:06,7.0,35.22
10259,POS消费,地点21,开水,2015/03/19 18:50:05,10.7,24.52
10259,POS消费,地点223,淋浴,2015/03/19 23:21:40,1.0,23.52
10259,POS消费,地点91,校车,2015/03/20 12:06:38,5.0,18.52
10259,POS消费,地点21,开水,2015/03/20 12:07:27,2.0,16.52
10259,POS消费,地点26,图书馆,2015/03/20 16:09:30,10.95,5.57
10259,POS消费,地点223,淋浴,2015/03/21 00:37:40,0.6,4.97
10259,POS消费,地点1386,校车,2015/03/23 07:28:36,2.0,2.97
10259,POS消费,地点1405,校车,2015/03/23 18:48:02,2.0,0.97
10259,POS消费,地点229,开水,2015/03/24 09:16:24,0.12,0.85
10259,卡充值,,,2015/03/24 11:54:09,100.0,100.85
10259,POS消费,地点91,校车,2015/03/24 12:21:10,3.0,97.85
10259,POS消费,地点91,校车,2015/03/24 17:11:32,9.0,88.85
10259,POS消费,地点1456,校车,2015/03/25 07:44:18,2.0,86.85
10259,POS消费,地点91,校车,2015/03/25 19:28:25,3.5,83.35
10259,POS消费,地点223,淋浴,2015/03/25 22:58:38,1.0,82.35
10259,POS消费,地点1386,校车,2015/03/26 07:45:32,2.0,80.35
10259,POS消费,地点1269,校车,2015/03/26 18:17:24,2.0,78.35
10259,POS消费,地点223,淋浴,2015/03/26 22:49:25,1.2,77.15
10259,POS消费,地点1386,校车,2015/03/27 06:14:49,2.0,70.62
10259,POS消费,地点21,开水,2015/03/27 07:27:15,2.0,75.15
10259,POS消费,地点21,开水,2015/03/27 07:28:44,2.53,72.62
10259,POS消费,地点91,校车,2015/03/27 19:19:58,3.0,67.62
10259,POS消费,地点223,淋浴,2015/03/28 00:00:40,0.9,66.72
10259,POS消费,地点91,校车,2015/03/28 12:20:29,11.0,55.72
10259,POS消费,地点21,开水,2015/03/28 12:41:02,2.0,53.72
10259,POS消费,地点91,校车,2015/03/28 13:03:26,3.0,50.72
10259,POS消费,地点91,校车,2015/03/28 13:04:04,3.0,47.72
10259,POS消费,地点1392,校车,2015/03/28 21:33:36,2.0,45.72
10259,POS消费,地点1392,校车,2015/03/28 21:33:42,2.0,43.72
10259,POS消费,地点91,校车,2015/03/29 12:02:44,4.8,38.92
10259,POS消费,地点21,开水,2015/03/29 12:03:36,3.5,35.42
10259,POS消费,地点232,食堂,2015/03/29 12:04:24,10.0,25.42
10259,POS消费,地点221,校车,2015/03/29 12:41:55,4.0,21.42
10259,POS消费,地点294,校车,2015/04/12 09:22:46,4.0,17.42
10259,POS消费,地点1491,校车,2015/04/18 16:08:06,4.0,13.42
10259,POS消费,地点1491,校车,2015/04/18 16:08:15,4.0,9.42
10259,POS消费,地点1456,校车,2015/04/19 19:03:11,2.0,7.42
10259,POS消费,地点1456,校车,2015/04/19 19:03:17,2.0,5.42
10259,卡充值,,,2015/04/26 18:21:28,20.0,25.42
10259,POS消费,地点1456,校车,2015/05/01 16:32:53,2.0,21.42
10259,POS消费,地点1456,校车,2015/05/01 16:33:01,2.0,19.42
10259,POS消费,地点232,食堂,2015/05/01 18:03:20,10.0,9.42
10259,POS消费,地点91,校车,2015/05/02 12:37:28,3.0,6.42
10259,POS消费,地点1387,校车,2015/05/20 21:32:23,2.0,2.42
10259,卡充值,,,2015/06/22 16:49:50,10.0,10.42
10259,POS消费,地点1394,校车,2015/06/22 21:21:02,2.0,8.42
10259,POS消费,地点1405,校车,2015/06/27 16:41:03,2.0,6.42
10259,POS消费,地点21,开水,2015/07/11 21:50:20,2.8,3.62
10259,POS消费,地点1405,校车,2015/07/12 21:27:35,2.0,1.62
10259,卡充值,,,2015/08/29 12:21:56,100.0,101.62
10259,POS消费,地点1405,校车,2015/08/29 13:30:57,2.0,99.62
10259,POS消费,地点289,淋浴,2015/08/30 00:46:55,0.9,98.72
10259,POS消费,地点21,开水,2015/08/31 10:07:55,4.0,94.72
10259,POS消费,地点1385,校车,2015/08/31 10:21:32,2.0,92.72
10259,POS消费,地点1385,校车,2015/08/31 10:21:38,2.0,90.72
10259,POS消费,地点1385,校车,2015/08/31 10:26:35,2.0,88.72
10259,POS消费,地点289,淋浴,2015/08/31 23:35:35,0.9,87.82
