10325,POS消费,地点232,食堂,2014/09/01 17:55:20,8.0,70.28
10325,POS消费,地点91,校车,2014/09/03 18:42:42,3.0,67.28
10325,POS消费,地点91,校车,2014/09/04 17:25:24,11.0,56.28
10325,POS消费,地点91,校车,2014/09/04 17:25:41,9.0,47.28
10325,POS消费,地点26,图书馆,2014/09/04 17:30:54,2.9,44.38
10325,POS消费,地点91,校车,2014/09/05 17:44:26,11.0,33.38
10325,POS消费,地点26,图书馆,2014/09/05 17:51:39,2.9,30.48
10325,卡充值,,,2014/09/11 16:33:52,100.0,130.48
10325,POS消费,地点91,校车,2014/09/11 18:21:10,3.0,127.48
10325,POS消费,地点232,食堂,2014/09/15 18:06:29,10.0,117.48
10325,POS消费,地点26,图书馆,2014/09/15 18:22:58,1.5,115.98
10325,POS消费,地点91,校车,2014/09/17 11:59:26,11.5,104.48
10325,POS消费,地点21,开水,2014/09/19 20:42:40,9.6,94.88
10325,POS消费,地点21,开水,2014/09/22 12:48:28,10.2,84.68
10325,POS消费,地点21,开水,2014/09/22 16:01:42,4.0,80.68
10325,POS消费,地点232,食堂,2014/09/22 17:55:38,8.0,72.68
10325,POS消费,地点91,校车,2014/09/22 22:00:40,11.0,61.68
10325,POS消费,地点26,图书馆,2014/09/23 10:01:46,4.33,57.35
10325,POS消费,地点91,校车,2014/09/24 12:27:12,10.0,47.35
10325,POS消费,地点26,图书馆,2014/09/24 12:29:34,4.05,43.3
10325,POS消费,地点91,校车,2014/09/24 18:17:58,10.0,33.3
10325,POS消费,地点21,开水,2014/09/25 16:17:15,2.0,31.3
10325,POS消费,地点21,开水,2014/09/29 14:43:24,2.0,29.3
10325,POS消费,地点21,开水,2014/09/29 16:01:56,2.8,26.5
10325,POS消费,地点21,开水,2014/09/29 17:57:38,3.0,23.5
10325,POS消费,地点91,校车,2014/10/08 18:16:47,12.0,11.5
10325,POS消费,地点21,开水,2014/10/10 14:06:10,7.9,3.6
10325,卡充值,,,2014/10/10 16:49:57,100.0,103.6
10325,卡充值,,,2014/10/13 17:54:28,100.0,203.6
10325,POS消费,地点91,校车,2014/10/13 18:03:40,10.0,193.6
10325,POS消费,地点21,开水,2014/10/15 20:21:53,7.0,186.6
10325,POS消费,地点21,开水,2014/10/16 09:05:28,4.0,182.6
10325,POS消费,地点21,开水,2014/10/16 12:08:50,5.6,177.0
10325,POS消费,地点21,开水,2014/10/16 12:10:52,4.3,172.7
10325,POS消费,地点21,开水,2014/10/16 12:12:22,2.9,169.8
10325,POS消费,地点91,校车,2014/10/16 17:59:23,6.0,163.8
10325,POS消费,地点26,图书馆,2014/10/16 18:07:25,5.4,158.4
10325,POS消费,地点21,开水,2014/10/21 10:04:40,5.83,152.57
10325,POS消费,地点21,开水,2014/10/21 11:53:00,4.0,148.57
10325,POS消费,地点232,食堂,2014/10/21 11:54:33,8.0,140.57
10325,POS消费,地点913,淋浴,2014/10/21 22:00:01,0.7,139.87
10325,POS消费,地点21,开水,2014/10/22 16:17:26,4.0,135.87
10325,POS消费,地点232,食堂,2014/10/22 17:32:27,7.6,128.27
10325,POS消费,地点21,开水,2014/10/23 09:30:37,4.0,124.27
10325,POS消费,地点91,校车,2014/10/23 12:10:46,10.0,114.27
10325,POS消费,地点21,开水,2014/10/23 12:14:05,2.9,111.37
10325,POS消费,地点232,食堂,2014/10/27 18:11:29,7.5,103.87
10325,POS消费,地点21,开水,2014/10/27 22:10:04,3.5,100.37
10325,POS消费,地点232,食堂,2014/10/28 12:13:26,8.0,92.37
10325,POS消费,地点21,开水,2014/10/29 09:59:08,6.5,85.87
10325,POS消费,地点21,开水,2014/10/29 09:59:17,0.3,85.57
10325,POS消费,地点91,校车,2014/10/29 12:07:12,10.0,75.57
10325,POS消费,地点91,校车,2014/10/29 17:40:33,6.0,69.57
10325,POS消费,地点26,图书馆,2014/10/29 17:43:22,4.6,64.97
10325,POS消费,地点26,图书馆,2014/10/29 17:44:31,3.5,61.47
10325,POS消费,地点21,开水,2014/10/30 08:57:52,3.4,58.07
10325,POS消费,地点91,校车,2014/10/30 12:16:09,3.0,55.07
10325,POS消费,地点21,开水,2014/10/30 12:22:52,8.4,46.67
10325,POS消费,地点21,开水,2014/11/04 10:04:42,6.33,40.34
10325,POS消费,地点21,开水,2014/11/05 12:12:12,4.0,36.34
10325,POS消费,地点21,开水,2014/11/05 12:13:15,2.0,34.34
10325,POS消费,地点21,开水,2014/11/05 12:44:56,8.4,25.94
10325,卡充值,,,2014/11/05 18:20:03,100.0,125.94
10325,POS消费,地点91,校车,2014/11/06 12:03:23,10.0,115.94
10325,POS消费,地点21,开水,2014/11/06 12:44:26,2.7,113.24
10325,POS消费,地点21,开水,2014/11/13 13:34:56,3.9,109.34
10325,POS消费,地点21,开水,2014/11/19 19:52:24,3.5,105.84
10325,POS消费,地点91,校车,2014/11/20 12:11:18,10.0,95.84
10325,POS消费,地点21,开水,2014/11/22 18:04:14,4.0,91.84
10325,POS消费,地点21,开水,2014/11/25 12:08:20,8.0,83.84
10325,POS消费,地点91,校车,2014/11/26 12:45:09,6.0,77.84
10325,POS消费,地点21,开水,2014/11/27 14:01:01,4.0,73.84
10325,POS消费,地点26,图书馆,2014/11/29 16:47:51,1.35,72.49
10325,POS消费,地点21,开水,2014/11/29 17:07:19,4.0,68.49
10325,POS消费,地点91,校车,2014/12/01 18:11:13,6.0,62.49
10325,POS消费,地点21,开水,2014/12/01 18:35:15,3.0,59.49
10325,POS消费,地点21,开水,2014/12/01 18:36:42,2.8,56.69
10325,POS消费,地点913,淋浴,2014/12/02 23:30:33,2.2,54.49
10325,POS消费,地点21,开水,2014/12/03 15:09:21,6.9,47.59
10325,POS消费,地点901,校车,2014/12/03 16:50:06,4.0,43.59
10325,POS消费,地点1215,校车,2014/12/03 20:45:24,2.0,41.59
10325,POS消费,地点1215,校车,2014/12/03 20:45:35,2.0,39.59
10325,POS消费,地点1215,校车,2014/12/03 20:45:48,2.0,37.59
10325,POS消费,地点91,校车,2014/12/03 21:55:21,3.0,34.59
10325,POS消费,地点21,开水,2014/12/04 14:38:39,17.4,17.19
10325,POS消费,地点21,开水,2014/12/08 15:59:00,7.5,9.69
10325,卡充值,,,2014/12/08 16:13:09,100.0,109.69
10325,POS消费,地点913,淋浴,2014/12/08 23:52:49,2.2,107.49
10325,POS消费,地点21,开水,2014/12/09 19:18:32,7.4,100.09
10325,POS消费,地点21,开水,2014/12/11 14:40:31,29.0,71.09
10325,POS消费,地点21,开水,2014/12/20 22:31:59,7.4,63.69
10325,POS消费,地点21,开水,2014/12/21 14:53:39,25.3,38.39
10325,POS消费,地点21,开水,2014/12/27 16:24:31,2.7,35.69
10325,POS消费,地点21,开水,2014/12/28 14:44:00,9.5,26.19
10325,POS消费,地点21,开水,2014/12/28 21:12:18,9.4,16.79
10325,POS消费,地点26,图书馆,2014/12/29 17:54:36,0.6,16.19
10325,卡充值,,,2014/12/29 17:56:57,100.0,116.19
10325,POS消费,地点21,开水,2014/12/29 17:59:18,1.5,114.69
10325,POS消费,地点21,开水,2014/12/29 18:01:06,2.6,112.09
10325,POS消费,地点21,开水,2014/12/30 12:26:40,12.3,99.79
10325,POS消费,地点21,开水,2014/12/30 13:58:23,1.9,97.89
10325,POS消费,地点21,开水,2014/12/30 19:11:04,4.0,93.89
10325,POS消费,地点21,开水,2014/12/31 14:57:56,9.8,84.09
10325,POS消费,地点91,校车,2014/12/31 18:16:24,6.0,78.09
10325,POS消费,地点913,淋浴,2015/03/01 22:29:32,2.2,75.89
10325,POS消费,地点215,开水,2015/03/02 11:31:49,0.13,75.76
10325,POS消费,地点913,淋浴,2015/03/02 22:39:01,1.6,74.16
10325,POS消费,地点215,开水,2015/03/03 11:28:28,0.13,74.03
10325,POS消费,地点913,淋浴,2015/03/03 15:29:35,0.1,73.93
10325,POS消费,地点913,淋浴,2015/03/03 18:21:16,1.4,72.53
10325,POS消费,地点913,淋浴,2015/03/03 23:43:28,0.1,72.43
10325,POS消费,地点913,淋浴,2015/03/04 14:07:53,2.3,70.13
10325,POS消费,地点913,淋浴,2015/03/05 00:14:37,0.4,69.73
10325,POS消费,地点215,开水,2015/03/05 10:48:05,0.17,69.56
10325,POS消费,地点913,淋浴,2015/03/05 14:30:43,1.9,67.66
10325,POS消费,地点913,淋浴,2015/03/05 23:52:50,1.3,66.36
10325,POS消费,地点913,淋浴,2015/03/06 13:48:21,1.9,64.46
10325,POS消费,地点913,淋浴,2015/03/07 13:31:06,0.2,64.26
10325,POS消费,地点913,淋浴,2015/03/07 13:34:26,1.9,62.36
10325,POS消费,地点913,淋浴,2015/03/08 13:10:16,1.4,60.86
10325,POS消费,地点913,淋浴,2015/03/08 13:43:32,0.1,62.26
10325,POS消费,地点913,淋浴,2015/03/08 13:49:43,0.9,59.96
10325,POS消费,地点913,淋浴,2015/03/08 23:59:17,1.5,58.46
10325,POS消费,地点913,淋浴,2015/03/09 13:15:20,0.1,58.36
10325,POS消费,地点913,淋浴,2015/03/09 13:15:51,2.1,56.26
10325,POS消费,地点913,淋浴,2015/03/10 18:28:19,2.3,53.96
10325,POS消费,地点215,开水,2015/03/11 11:33:47,0.14,53.82
10325,POS消费,地点514,淋浴,2015/03/11 20:51:05,0.6,53.22
10325,POS消费,地点21,开水,2015/03/12 12:03:53,13.2,40.02
10325,POS消费,地点215,开水,2015/03/12 13:08:31,0.03,39.99
10325,POS消费,地点913,淋浴,2015/03/12 13:32:53,2.1,37.89
10325,POS消费,地点913,淋浴,2015/03/13 00:32:20,0.1,37.79
10325,POS消费,地点913,淋浴,2015/03/13 17:30:47,2.2,35.59
10325,POS消费,地点21,开水,2015/03/14 12:57:51,8.1,27.49
10325,POS消费,地点215,开水,2015/03/14 13:09:11,0.03,27.46
10325,POS消费,地点913,淋浴,2015/03/14 18:32:13,1.7,25.76
10325,POS消费,地点913,淋浴,2015/03/15 13:50:20,0.1,25.66
10325,POS消费,地点913,淋浴,2015/03/15 18:14:09,1.9,23.76
10325,POS消费,地点21,开水,2015/03/16 13:21:23,6.9,16.86
10325,POS消费,地点215,开水,2015/03/16 13:25:55,0.03,16.83
10325,POS消费,地点913,淋浴,2015/03/16 18:50:15,2.0,14.83
10325,POS消费,地点913,淋浴,2015/03/16 21:57:08,1.1,13.73
10325,POS消费,地点215,开水,2015/03/16 22:29:26,0.19,13.54
10325,POS消费,地点21,开水,2015/03/17 12:05:31,13.5,0.04
10325,POS消费,地点215,开水,2015/03/17 13:16:14,0.03,0.01
10325,卡充值,,,2015/05/02 15:32:17,50.0,50.01
10325,POS消费,地点215,开水,2015/05/02 23:23:37,0.17,49.84
10325,POS消费,地点215,开水,2015/05/05 23:25:56,0.16,49.68
10325,POS消费,地点215,开水,2015/05/07 22:57:59,0.19,49.49
10325,POS消费,地点913,淋浴,2015/05/10 20:55:24,1.1,48.39
10325,POS消费,地点215,开水,2015/05/11 22:57:29,0.18,48.21
10325,POS消费,地点215,开水,2015/05/12 22:18:31,0.17,48.04
10325,POS消费,地点913,淋浴,2015/05/13 23:21:24,0.6,47.44
10325,POS消费,地点215,开水,2015/05/14 20:30:17,0.19,47.25
10325,POS消费,地点215,开水,2015/05/15 20:14:01,0.18,47.07
10325,POS消费,地点913,淋浴,2015/05/17 21:51:31,0.8,46.27
10325,POS消费,地点215,开水,2015/05/20 20:54:51,0.18,46.09
10325,POS消费,地点913,淋浴,2015/05/20 23:21:15,0.8,45.29
10325,POS消费,地点913,淋浴,2015/05/30 15:06:09,0.8,44.49
10325,POS消费,地点215,开水,2015/06/04 00:05:42,0.18,44.31
10325,POS消费,地点913,淋浴,2015/06/04 00:23:31,0.9,43.41
10325,POS消费,地点2259,洗衣房,2015/06/08 14:40:26,3.6,39.81
10325,POS消费,地点2259,洗衣房,2015/06/08 15:47:50,3.6,36.21
10325,POS消费,地点2259,洗衣房,2015/06/08 17:09:07,3.6,32.61
10325,POS消费,地点913,淋浴,2015/06/08 22:08:56,0.9,31.71
10325,POS消费,地点215,开水,2015/06/15 23:56:23,0.18,31.53
10325,POS消费,地点913,淋浴,2015/06/17 23:41:34,0.7,30.83
10325,POS消费,地点2259,洗衣房,2015/06/22 17:02:57,-3.54,30.77
10325,POS消费,地点2259,洗衣房,2015/06/22 17:02:57,3.6,27.23
10325,POS消费,地点2259,洗衣房,2015/06/22 17:03:16,3.6,27.17
10325,POS消费,地点2259,洗衣房,2015/06/22 21:10:37,-3.24,26.81
10325,POS消费,地点2259,洗衣房,2015/06/22 21:10:37,3.6,23.57
10325,POS消费,地点913,淋浴,2015/06/24 00:00:28,0.4,26.41
10325,POS消费,地点913,淋浴,2015/06/27 13:53:55,1.6,24.81
10325,POS消费,地点2259,洗衣房,2015/06/28 13:41:28,-0.66,21.87
10325,POS消费,地点2259,洗衣房,2015/06/28 13:41:28,3.6,21.21
10325,POS消费,地点2259,洗衣房,2015/06/28 14:29:53,-1.62,19.89
10325,POS消费,地点2259,洗衣房,2015/06/28 14:29:53,3.6,18.27
10325,POS消费,地点913,淋浴,2015/06/28 21:48:38,0.7,19.19
10325,POS消费,地点913,淋浴,2015/06/30 17:53:10,1.0,18.19
10325,POS消费,地点913,淋浴,2015/07/01 14:18:12,1.4,16.79
10325,POS消费,地点913,淋浴,2015/07/01 23:55:19,1.0,15.79
10325,POS消费,地点913,淋浴,2015/07/02 19:28:50,0.6,15.19
10325,POS消费,地点913,淋浴,2015/07/03 13:43:56,1.1,14.09
10325,POS消费,地点913,淋浴,2015/07/04 13:14:57,1.1,12.99
10325,POS消费,地点913,淋浴,2015/07/05 13:41:16,1.2,11.79
10325,POS消费,地点913,淋浴,2015/07/05 23:57:55,0.4,11.39
10325,POS消费,地点913,淋浴,2015/07/06 13:15:46,1.1,10.29
10325,POS消费,地点913,淋浴,2015/07/08 13:12:47,1.1,9.19
10325,POS消费,地点913,淋浴,2015/07/10 14:30:35,0.9,8.29
10325,POS消费,地点2259,洗衣房,2015/07/11 11:27:29,3.6,4.69
10325,POS消费,地点2259,洗衣房,2015/07/11 11:27:29,-3.54,8.23
10325,POS消费,地点2259,洗衣房,2015/07/11 11:28:58,3.6,4.63
10325,POS消费,地点2259,洗衣房,2015/07/11 11:28:58,-3.54,8.17
10325,POS消费,地点2259,洗衣房,2015/07/11 11:38:51,3.6,4.57
10325,卡充值,,,2015/07/11 16:29:24,50.0,54.57
10325,POS消费,地点26,图书馆,2015/07/11 22:41:06,9.5,45.07
10325,POS消费,地点913,淋浴,2015/07/11 23:02:36,0.1,44.97
10325,POS消费,地点913,淋浴,2015/07/12 13:14:45,1.1,43.87
10325,POS消费,地点913,淋浴,2015/07/12 17:26:17,0.4,43.47
10325,POS消费,地点913,淋浴,2015/07/12 23:25:29,1.6,41.87
10325,POS消费,地点21,开水,2015/07/13 18:21:34,5.6,36.27
10325,POS消费,地点21,开水,2015/07/13 18:21:55,2.0,34.27
10325,POS消费,地点913,淋浴,2015/07/14 15:27:27,1.3,32.97
10325,POS消费,地点913,淋浴,2015/07/15 13:56:17,1.2,31.77
10325,POS消费,地点913,淋浴,2015/07/16 14:24:13,1.2,30.57
10325,POS消费,地点913,淋浴,2015/07/16 23:48:45,0.4,30.17
10325,POS消费,地点913,淋浴,2015/07/16 23:55:04,1.0,29.17
10325,POS消费,地点913,淋浴,2015/07/17 14:08:18,1.4,27.77
10325,POS消费,地点913,淋浴,2015/07/18 14:41:29,0.7,27.07
10325,POS消费,地点2259,洗衣房,2015/07/19 13:11:07,3.6,23.47
10325,POS消费,地点2259,洗衣房,2015/07/19 14:33:02,3.6,19.87
10325,POS消费,地点2259,洗衣房,2015/07/19 14:33:02,-3.24,23.11
10325,POS消费,地点913,淋浴,2015/07/19 15:02:28,0.8,22.31
10325,POS消费,地点913,淋浴,2015/07/19 15:14:17,1.8,20.51
10325,POS消费,地点913,淋浴,2015/07/20 22:33:51,1.0,19.51
10325,POS消费,地点913,淋浴,2015/07/21 14:25:56,1.2,18.31
10325,POS消费,地点913,淋浴,2015/07/22 13:29:14,1.6,16.71
10325,POS消费,地点913,淋浴,2015/07/23 18:03:10,1.0,15.71
10325,POS消费,地点2259,洗衣房,2015/07/28 21:08:42,3.6,12.11
10325,POS消费,地点913,淋浴,2015/07/28 23:05:44,0.2,11.91
10325,POS消费,地点913,淋浴,2015/07/31 23:32:56,0.7,11.21
10325,POS消费,地点913,淋浴,2015/08/13 07:01:59,2.0,9.21
10325,POS消费,地点913,淋浴,2015/08/23 23:11:29,1.0,8.21
10325,POS消费,地点2259,洗衣房,2015/08/24 11:46:45,3.6,4.61
10325,POS消费,地点913,淋浴,2015/08/26 13:54:00,1.8,2.81
10325,POS消费,地点913,淋浴,2015/08/27 00:26:21,0.9,1.91
10325,POS消费,地点913,淋浴,2015/08/28 00:36:15,0.7,1.21
10325,POS消费,地点913,淋浴,2015/08/28 20:31:06,0.8,0.41
10325,POS消费,地点913,淋浴,2015/08/29 18:04:46,0.1,0.31
