10515,POS消费,地点21,开水,2015/03/07 12:00:57,1.2,33.86
10515,POS消费,地点91,校车,2015/03/07 12:06:39,17.0,16.86
10515,卡充值,,,2015/03/07 18:16:13,100.0,116.86
10515,POS消费,地点21,开水,2015/03/07 18:17:41,5.3,111.56
10515,POS消费,地点21,开水,2015/03/07 18:17:45,3.6,107.96
10515,POS消费,地点232,食堂,2015/03/07 18:18:25,2.5,105.46
10515,POS消费,地点21,开水,2015/03/07 18:27:24,0.2,105.26
10515,POS消费,地点232,食堂,2015/03/09 11:22:14,5.4,99.86
10515,POS消费,地点21,开水,2015/03/09 11:22:49,3.0,96.86
10515,POS消费,地点91,校车,2015/03/09 17:23:32,8.3,88.56
10515,POS消费,地点21,开水,2015/03/09 17:24:07,2.0,86.56
10515,POS消费,地点248,超市,2015/03/09 18:10:39,2.4,84.16
10515,POS消费,地点91,校车,2015/03/11 11:40:56,5.2,78.96
10515,POS消费,地点21,开水,2015/03/11 11:41:47,3.5,75.46
10515,POS消费,地点232,食堂,2015/03/11 11:54:25,0.2,75.26
10515,POS消费,地点21,开水,2015/03/13 11:26:20,6.9,68.36
10515,POS消费,地点21,开水,2015/03/13 11:40:49,0.2,68.16
10515,POS消费,地点91,校车,2015/03/14 11:27:02,6.0,62.16
10515,POS消费,地点21,开水,2015/03/14 11:27:51,4.1,58.06
10515,POS消费,地点21,开水,2015/03/14 11:28:27,1.5,56.56
10515,POS消费,地点21,开水,2015/03/14 13:48:27,4.2,52.36
10515,POS消费,地点26,图书馆,2015/03/14 16:11:48,15.3,37.06
10515,POS消费,地点21,开水,2015/03/15 17:24:31,3.9,33.16
10515,POS消费,地点21,开水,2015/03/15 17:25:18,4.0,29.16
10515,POS消费,地点21,开水,2015/03/15 17:25:23,2.0,27.16
10515,POS消费,地点21,开水,2015/03/15 17:27:24,0.35,26.81
10515,POS消费,地点21,开水,2015/03/15 17:27:44,3.0,23.81
10515,POS消费,地点21,开水,2015/03/17 14:32:47,4.2,19.61
10515,POS消费,地点91,校车,2015/03/23 12:00:16,5.8,13.81
10515,POS消费,地点21,开水,2015/03/24 15:14:05,3.0,10.81
10515,POS消费,地点21,开水,2015/03/24 18:56:49,3.0,7.81
10515,POS消费,地点21,开水,2015/03/29 11:58:21,3.5,4.31
10515,POS消费,地点91,校车,2015/03/30 11:57:11,4.0,0.31
10515,卡充值,,,2015/03/30 17:20:10,100.0,100.31
10515,POS消费,地点91,校车,2015/03/30 17:21:30,1.4,98.91
10515,POS消费,地点91,校车,2015/03/30 17:22:08,9.0,89.91
10515,POS消费,地点21,开水,2015/03/30 17:22:48,3.0,86.91
10515,POS消费,地点21,开水,2015/04/01 11:51:39,0.5,86.41
10515,POS消费,地点232,食堂,2015/04/01 11:52:53,6.0,80.41
10515,POS消费,地点21,开水,2015/04/01 11:59:37,5.0,75.41
10515,POS消费,地点21,开水,2015/04/01 12:00:05,2.0,73.41
10515,POS消费,地点21,开水,2015/04/01 17:26:29,2.4,71.01
10515,POS消费,地点91,校车,2015/04/02 11:46:30,6.0,65.01
10515,POS消费,地点21,开水,2015/04/02 12:08:22,4.0,61.01
10515,POS消费,地点232,食堂,2015/04/03 11:41:44,6.0,55.01
10515,POS消费,地点91,校车,2015/04/03 19:40:42,10.0,45.01
10515,POS消费,地点91,校车,2015/04/03 19:41:02,7.0,38.01
10515,POS消费,地点21,开水,2015/04/06 11:13:32,2.3,35.71
10515,POS消费,地点21,开水,2015/04/06 11:36:41,1.5,34.21
10515,POS消费,地点26,图书馆,2015/04/06 15:31:01,9.7,24.51
10515,POS消费,地点21,开水,2015/04/11 12:14:55,5.3,19.21
10515,POS消费,地点21,开水,2015/04/11 12:15:15,4.6,14.61
10515,POS消费,地点232,食堂,2015/04/11 12:16:34,1.5,13.11
10515,POS消费,地点21,开水,2015/04/11 12:21:03,0.2,12.91
10515,POS消费,地点232,食堂,2015/04/13 11:44:50,5.7,7.21
10515,POS消费,地点21,开水,2015/04/13 14:50:38,6.5,0.71
10515,卡充值,,,2015/04/13 14:52:33,100.0,100.71
10515,POS消费,地点232,食堂,2015/04/16 11:43:39,6.0,94.71
10515,POS消费,地点21,开水,2015/04/16 11:45:55,6.0,88.71
10515,POS消费,地点21,开水,2015/04/16 11:46:20,2.0,86.71
10515,POS消费,地点21,开水,2015/04/16 11:46:27,0.5,86.21
10515,POS消费,地点21,开水,2015/04/16 11:46:32,0.5,85.71
10515,POS消费,地点21,开水,2015/04/16 15:35:41,8.0,77.71
10515,POS消费,地点248,超市,2015/04/17 18:25:01,3.9,73.81
10515,POS消费,地点21,开水,2015/04/18 12:44:12,5.3,68.51
10515,POS消费,地点248,超市,2015/04/18 13:11:16,10.5,58.01
10515,POS消费,地点91,校车,2015/04/19 11:16:18,6.0,52.01
10515,POS消费,地点21,开水,2015/04/19 11:17:20,1.5,45.91
10515,POS消费,地点232,食堂,2015/04/19 11:19:14,4.6,47.41
10515,POS消费,地点248,超市,2015/04/19 11:30:04,1.5,44.41
10515,POS消费,地点232,食堂,2015/04/20 11:15:50,5.9,38.51
10515,POS消费,地点21,开水,2015/04/20 15:01:10,6.5,32.01
10515,POS消费,地点232,食堂,2015/04/21 11:27:48,5.8,26.21
10515,POS消费,地点21,开水,2015/04/21 12:54:12,3.9,22.31
10515,POS消费,地点294,校车,2015/04/21 13:00:07,4.0,18.31
10515,POS消费,地点21,开水,2015/04/25 11:59:13,5.3,11.01
10515,POS消费,地点21,开水,2015/04/25 17:19:06,5.3,5.71
10515,POS消费,地点21,开水,2015/04/25 17:20:10,3.0,2.71
10515,POS消费,地点91,校车,2015/04/25 17:27:55,0.2,2.51
10515,卡充值,,,2015/04/26 12:48:46,50.0,52.51
10515,POS消费,地点21,开水,2015/04/26 12:50:54,3.5,49.01
10515,POS消费,地点91,校车,2015/04/26 17:23:43,6.0,43.01
10515,POS消费,地点21,开水,2015/04/27 11:50:10,5.7,37.31
10515,POS消费,地点248,超市,2015/04/27 15:00:59,2.7,34.61
10515,POS消费,地点232,食堂,2015/04/28 11:03:06,10.0,24.61
10515,POS消费,地点21,开水,2015/04/28 11:04:06,0.65,23.96
10515,POS消费,地点21,开水,2015/04/28 11:04:38,2.0,21.96
10515,POS消费,地点21,开水,2015/04/28 15:19:49,2.6,19.36
10515,POS消费,地点232,食堂,2015/05/01 09:34:34,10.0,9.36
10515,卡充值,,,2015/05/01 12:12:40,100.0,109.36
10515,POS消费,地点21,开水,2015/05/01 12:16:35,5.7,103.66
10515,POS消费,地点21,开水,2015/05/01 12:16:55,2.3,101.36
10515,POS消费,地点21,开水,2015/05/01 12:18:33,4.5,96.86
10515,POS消费,地点21,开水,2015/05/02 11:16:30,4.2,92.66
10515,POS消费,地点21,开水,2015/05/02 11:17:35,1.5,91.16
10515,POS消费,地点248,超市,2015/05/03 11:51:52,6.5,84.66
10515,POS消费,地点1989,校车,2015/05/04 17:33:50,4.0,16.19
10515,POS消费,地点232,食堂,2015/05/05 11:48:16,5.7,78.96
10515,POS消费,地点21,开水,2015/05/07 11:51:03,5.7,73.26
10515,POS消费,地点232,食堂,2015/05/09 11:48:06,6.0,67.26
10515,POS消费,地点91,校车,2015/05/09 17:39:28,4.4,62.86
10515,POS消费,地点91,校车,2015/05/11 11:35:08,2.4,60.46
10515,POS消费,地点21,开水,2015/05/11 11:35:24,2.0,58.46
10515,POS消费,地点91,校车,2015/05/11 11:50:27,3.0,55.46
10515,POS消费,地点232,食堂,2015/05/23 11:35:29,3.5,51.96
10515,POS消费,地点232,食堂,2015/05/23 11:35:49,6.0,45.96
10515,POS消费,地点21,开水,2015/05/23 11:36:12,0.65,45.31
10515,POS消费,地点91,校车,2015/05/23 11:37:50,5.0,40.31
10515,POS消费,地点232,食堂,2015/05/23 18:20:53,4.0,36.31
10515,POS消费,地点232,食堂,2015/05/23 18:21:32,6.0,30.31
10515,POS消费,地点21,开水,2015/05/23 18:21:56,0.45,29.86
10515,POS消费,地点21,开水,2015/05/23 18:22:05,0.55,29.31
10515,POS消费,地点232,食堂,2015/05/25 12:39:07,6.0,23.31
10515,POS消费,地点21,开水,2015/05/25 12:39:34,0.45,22.86
10515,POS消费,地点91,校车,2015/05/25 12:40:26,1.0,21.86
10515,POS消费,地点91,校车,2015/05/25 12:40:33,3.0,18.86
10515,POS消费,地点91,校车,2015/05/26 11:48:27,5.7,13.16
10515,POS消费,地点21,开水,2015/05/26 14:47:50,6.5,6.66
10515,POS消费,地点21,开水,2015/05/26 14:48:34,6.5,0.16
10515,卡充值,,,2015/05/30 11:51:48,100.0,100.16
10515,POS消费,地点91,校车,2015/05/30 11:59:10,5.0,95.16
10515,POS消费,地点232,食堂,2015/05/31 17:32:39,6.0,89.16
10515,POS消费,地点21,开水,2015/05/31 17:34:01,2.0,87.16
10515,POS消费,地点91,校车,2015/05/31 17:35:03,4.0,83.16
10515,POS消费,地点91,校车,2015/06/01 11:19:46,5.7,77.46
10515,POS消费,地点21,开水,2015/06/01 14:42:07,6.5,70.96
10515,POS消费,地点21,开水,2015/06/02 13:54:01,7.4,63.56
10515,POS消费,地点21,开水,2015/06/02 17:42:06,3.7,59.86
10515,POS消费,地点248,超市,2015/06/02 18:07:50,1.9,57.96
10515,POS消费,地点232,食堂,2015/06/03 11:43:12,4.0,53.96
10515,POS消费,地点91,校车,2015/06/03 11:43:38,5.0,48.96
10515,POS消费,地点21,开水,2015/06/03 11:44:11,0.65,48.31
10515,POS消费,地点91,校车,2015/06/04 11:52:51,5.0,43.31
10515,POS消费,地点21,开水,2015/06/04 11:53:27,0.65,42.66
10515,POS消费,地点125,淋浴,2015/06/08 21:58:47,0.01,42.65
10515,POS消费,地点232,食堂,2015/06/09 11:43:51,4.4,38.25
10515,POS消费,地点232,食堂,2015/06/09 17:38:53,3.5,34.75
10515,POS消费,地点21,开水,2015/06/09 17:39:32,0.65,34.1
10515,POS消费,地点91,校车,2015/06/09 17:40:08,4.0,30.1
10515,POS消费,地点125,淋浴,2015/06/10 14:36:58,0.01,30.09
10515,POS消费,地点91,校车,2015/06/10 18:04:22,4.4,25.69
10515,POS消费,地点125,淋浴,2015/06/10 21:21:24,0.01,25.68
10515,POS消费,地点125,淋浴,2015/06/10 21:32:05,0.01,25.67
10515,POS消费,地点125,淋浴,2015/06/11 08:54:27,0.01,25.66
10515,POS消费,地点21,开水,2015/06/11 08:58:29,2.3,23.36
10515,POS消费,地点232,食堂,2015/06/11 11:36:34,4.0,19.36
10515,POS消费,地点91,校车,2015/06/11 11:37:14,3.5,15.86
10515,POS消费,地点21,开水,2015/06/11 11:37:45,0.65,15.21
10515,POS消费,地点91,校车,2015/06/12 17:13:35,1.3,13.91
10515,POS消费,地点125,淋浴,2015/06/12 20:01:33,0.01,13.9
10515,POS消费,地点21,开水,2015/06/13 12:01:54,0.45,13.45
10515,POS消费,地点91,校车,2015/06/13 12:02:33,1.5,11.95
10515,POS消费,地点21,开水,2015/06/15 07:30:34,0.63,11.32
10515,POS消费,地点21,开水,2015/06/15 07:30:51,2.0,9.32
10515,POS消费,地点21,开水,2015/06/15 11:33:16,5.7,3.62
10515,POS消费,地点125,淋浴,2015/06/15 15:35:35,0.01,3.61
10515,POS消费,地点479,淋浴,2015/06/15 19:59:18,0.9,2.71
10515,POS消费,地点125,淋浴,2015/06/15 23:26:45,0.01,2.7
10515,卡充值,,,2015/06/16 11:09:32,50.0,52.7
10515,POS消费,地点91,校车,2015/06/16 11:10:20,5.8,46.9
10515,POS消费,地点21,开水,2015/06/16 19:59:00,7.8,39.1
10515,POS消费,地点125,淋浴,2015/06/16 20:02:42,0.01,39.09
10515,POS消费,地点125,淋浴,2015/06/16 20:34:22,0.01,39.08
10515,POS消费,地点21,开水,2015/06/17 09:01:25,13.0,26.08
10515,POS消费,地点479,淋浴,2015/06/18 19:25:40,0.1,25.98
10515,POS消费,地点21,开水,2015/06/19 07:29:06,2.0,23.98
10515,POS消费,地点21,开水,2015/06/19 07:29:43,0.83,23.15
10515,POS消费,地点232,食堂,2015/06/19 11:17:44,5.8,17.35
10515,POS消费,地点479,淋浴,2015/06/19 22:58:52,0.8,16.55
10515,卡充值,,,2015/06/25 11:32:46,100.0,116.55
10515,POS消费,地点232,食堂,2015/06/25 11:34:59,8.0,108.55
10515,POS消费,地点232,食堂,2015/06/25 17:36:58,6.0,102.55
10515,POS消费,地点21,开水,2015/06/26 11:36:43,2.3,100.25
10515,POS消费,地点91,校车,2015/06/26 17:43:49,10.0,90.25
10515,POS消费,地点479,淋浴,2015/06/26 21:54:36,0.1,90.15
10515,POS消费,地点91,校车,2015/06/27 10:57:20,3.8,86.35
10515,POS消费,地点232,食堂,2015/06/27 10:58:43,6.0,80.35
10515,POS消费,地点248,超市,2015/06/27 11:14:30,1.5,78.85
10515,POS消费,地点479,淋浴,2015/06/27 16:13:13,0.7,78.15
10515,POS消费,地点232,食堂,2015/06/29 11:32:07,5.8,72.35
10515,POS消费,地点21,开水,2015/06/29 13:55:28,7.3,65.05
10515,POS消费,地点21,开水,2015/07/07 07:31:56,0.83,64.22
10515,POS消费,地点21,开水,2015/07/07 07:32:27,3.0,61.22
10515,POS消费,地点21,开水,2015/07/07 11:30:28,5.8,55.42
10515,POS消费,地点21,开水,2015/07/07 17:42:13,5.9,49.52
10515,POS消费,地点21,开水,2015/07/07 17:44:06,7.3,42.22
10515,POS消费,地点21,开水,2015/07/08 11:11:49,5.8,36.42
10515,POS消费,地点21,开水,2015/07/17 11:21:35,5.8,30.62
10515,POS消费,地点21,开水,2015/07/17 17:38:37,3.8,26.82
10515,POS消费,地点21,开水,2015/07/18 08:21:24,1.53,25.29
10515,POS消费,地点21,开水,2015/07/18 11:23:56,4.3,20.99
10515,POS消费,地点479,淋浴,2015/07/18 22:52:15,0.1,20.89
10515,POS消费,地点479,淋浴,2015/07/19 13:19:55,0.1,20.79
10515,POS消费,地点479,淋浴,2015/07/19 13:21:18,0.6,20.19
10515,POS消费,地点1386,校车,2015/07/24 16:39:38,2.0,14.19
10515,POS消费,地点479,淋浴,2015/07/24 22:20:14,0.1,14.09
10515,POS消费,地点21,开水,2015/07/25 11:24:32,3.8,10.29
10515,POS消费,地点21,开水,2015/07/30 17:33:22,4.2,6.09
10515,卡充值,,,2015/07/31 17:35:59,100.0,106.09
10515,POS消费,地点21,开水,2015/07/31 17:37:32,4.3,101.79
10515,POS消费,地点21,开水,2015/07/31 17:38:13,4.0,97.79
10515,POS消费,地点248,超市,2015/08/01 18:02:44,2.8,94.99
10515,POS消费,地点91,校车,2015/08/02 17:25:24,4.0,90.99
10515,POS消费,地点91,校车,2015/08/02 17:25:39,5.0,85.99
10515,POS消费,地点21,开水,2015/08/02 17:26:07,0.45,85.54
10515,POS消费,地点479,淋浴,2015/08/02 23:58:08,0.1,85.44
10515,POS消费,地点21,开水,2015/08/03 17:29:28,5.4,80.04
10515,POS消费,地点479,淋浴,2015/08/03 22:30:06,1.1,78.94
10515,POS消费,地点479,淋浴,2015/08/03 22:48:57,0.1,78.84
10515,POS消费,地点479,淋浴,2015/08/03 23:45:24,0.1,78.74
10515,POS消费,地点479,淋浴,2015/08/03 23:50:10,0.1,78.64
10515,POS消费,地点232,食堂,2015/08/04 11:34:47,7.0,71.64
10515,POS消费,地点91,校车,2015/08/05 11:52:35,9.0,62.64
10515,POS消费,地点91,校车,2015/08/06 11:55:03,4.0,58.64
10515,POS消费,地点21,开水,2015/08/06 11:55:32,0.45,58.19
10515,POS消费,地点21,开水,2015/08/06 17:33:45,5.3,52.89
10515,POS消费,地点91,校车,2015/08/08 12:19:50,4.0,48.69
10515,POS消费,地点21,开水,2015/08/08 12:20:10,0.45,48.24
10515,POS消费,地点91,校车,2015/08/08 17:30:11,8.0,40.24
10515,POS消费,地点91,校车,2015/08/09 11:54:44,5.0,35.24
10515,POS消费,地点21,开水,2015/08/09 11:55:13,0.45,34.79
10515,POS消费,地点91,校车,2015/08/12 11:49:20,9.0,25.49
10515,POS消费,地点91,校车,2015/08/12 17:32:59,4.0,21.49
10515,POS消费,地点21,开水,2015/08/12 17:33:15,0.65,20.84
10515,POS消费,地点232,食堂,2015/08/12 17:33:48,6.0,14.84
10515,POS消费,地点479,淋浴,2015/08/12 19:03:14,0.2,52.69
10515,POS消费,地点479,淋浴,2015/08/12 19:24:32,0.3,34.49
10515,POS消费,地点479,淋浴,2015/08/12 22:40:05,0.2,14.64
10515,POS消费,地点6,淋浴,2015/08/13 11:39:57,5.3,9.34
10515,POS消费,地点91,校车,2015/08/15 11:34:11,5.3,3.64
10515,POS消费,地点479,淋浴,2015/08/15 13:32:42,0.2,9.14
10515,POS消费,地点479,淋浴,2015/08/15 13:54:19,0.2,8.94
10515,POS消费,地点248,超市,2015/08/15 18:06:34,2.9,0.74
10515,POS消费,地点479,淋浴,2015/08/15 21:57:42,0.6,0.14
10515,POS消费,地点479,淋浴,2015/08/15 22:59:49,0.1,0.04
10515,卡充值,,,2015/08/16 11:50:50,100.0,100.04
10515,POS消费,地点21,开水,2015/08/16 11:52:24,4.2,95.84
10515,POS消费,地点91,校车,2015/08/16 11:53:13,3.0,92.84
10515,POS消费,地点91,校车,2015/08/19 11:43:19,8.0,84.84
10515,POS消费,地点232,食堂,2015/08/20 11:52:26,6.0,78.84
10515,POS消费,地点21,开水,2015/08/20 11:53:05,0.45,78.39
10515,POS消费,地点91,校车,2015/08/20 18:00:40,10.0,68.39
10515,POS消费,地点21,开水,2015/08/23 19:29:10,3.5,64.89
10515,POS消费,地点91,校车,2015/08/24 11:44:16,7.0,57.89
10515,POS消费,地点479,淋浴,2015/08/28 20:30:42,0.9,56.99
10515,POS消费,地点91,校车,2015/08/29 11:37:47,8.0,48.99
10515,POS消费,地点232,食堂,2015/08/29 17:51:56,5.4,43.59
10515,POS消费,地点479,淋浴,2015/08/29 23:31:00,0.1,43.49
10515,POS消费,地点21,开水,2015/08/30 11:48:06,2.2,41.29
10515,POS消费,地点479,淋浴,2015/08/30 13:46:00,0.1,41.19
10515,POS消费,地点91,校车,2015/08/31 11:41:00,4.8,36.39
10515,POS消费,地点21,开水,2015/08/31 18:03:17,3.3,33.09
