10691,POS消费,地点302,淋浴,2014/09/01 00:07:57,0.5,79.87
10691,POS消费,地点21,开水,2014/09/01 09:25:07,1.23,78.64
10691,POS消费,地点21,开水,2014/09/01 09:25:42,3.3,75.34
10691,POS消费,地点21,开水,2014/09/01 18:03:04,1.63,73.71
10691,POS消费,地点21,开水,2014/09/01 18:03:19,0.83,72.88
10691,POS消费,地点21,开水,2014/09/02 08:10:03,1.23,71.65
10691,POS消费,地点91,校车,2014/09/03 11:40:08,5.6,66.05
10691,POS消费,地点91,校车,2014/09/03 11:41:06,3.0,63.05
10691,POS消费,地点21,开水,2014/09/03 15:07:47,1.8,61.25
10691,POS消费,地点91,校车,2014/09/04 12:01:14,9.4,51.85
10691,POS消费,地点21,开水,2014/09/09 08:13:29,1.23,50.62
10691,POS消费,地点1269,校车,2014/09/09 10:08:28,2.0,48.62
10691,POS消费,地点1456,校车,2014/09/09 14:38:53,2.0,46.62
10691,POS消费,地点21,开水,2014/09/09 18:01:55,3.4,43.22
10691,POS消费,地点91,校车,2014/09/09 18:02:33,2.0,41.22
10691,POS消费,地点91,校车,2014/09/09 18:03:33,3.0,38.22
10691,POS消费,地点302,淋浴,2014/09/09 22:46:52,0.3,37.92
10691,POS消费,地点302,淋浴,2014/09/09 22:52:41,1.2,36.72
10691,POS消费,地点21,开水,2014/09/11 09:59:15,1.23,35.49
10691,POS消费,地点21,开水,2014/09/11 09:59:28,3.5,31.99
10691,POS消费,地点91,校车,2014/09/11 12:00:12,5.0,26.99
10691,POS消费,地点21,开水,2014/09/11 12:04:05,1.8,25.19
10691,POS消费,地点21,开水,2014/09/13 10:26:40,2.03,21.66
10691,POS消费,地点1386,校车,2014/09/14 07:34:24,2.0,17.63
10691,POS消费,地点21,开水,2014/09/14 08:04:46,2.03,19.63
10691,POS消费,地点302,淋浴,2014/09/14 09:23:31,1.5,23.69
10691,POS消费,地点1997,食堂,2014/09/14 11:34:05,4.2,13.43
10691,POS消费,地点192,超市,2014/09/14 13:38:50,7.9,5.53
10691,卡充值,,,2014/09/15 16:09:48,200.0,205.53
10691,POS消费,地点91,校车,2014/09/15 16:12:29,3.0,202.53
10691,POS消费,地点21,开水,2014/09/16 08:17:30,4.23,198.3
10691,POS消费,地点232,食堂,2014/09/16 11:59:38,12.0,186.3
10691,POS消费,地点232,食堂,2014/09/16 12:00:33,10.0,176.3
10691,POS消费,地点271,校医院,2014/09/16 12:02:19,1.1,175.2
10691,POS消费,地点21,开水,2014/09/16 12:12:54,0.9,174.3
10691,POS消费,地点302,淋浴,2014/09/16 21:14:32,0.7,173.6
10691,POS消费,地点21,开水,2014/09/18 08:14:44,1.23,172.37
10691,POS消费,地点91,校车,2014/09/18 12:12:30,9.4,162.97
10691,POS消费,地点21,开水,2014/09/21 14:59:07,3.6,159.37
10691,POS消费,地点221,校车,2014/09/21 15:36:02,4.0,155.37
10691,POS消费,地点211,校车,2014/09/21 20:37:03,1.0,154.37
10691,POS消费,地点91,校车,2014/09/22 20:36:19,3.0,151.37
10691,POS消费,地点91,校车,2014/09/22 20:39:05,14.7,136.67
10691,POS消费,地点302,淋浴,2014/09/22 22:22:57,0.1,136.57
10691,POS消费,地点302,淋浴,2014/09/22 22:23:36,0.2,136.37
10691,POS消费,地点21,开水,2014/09/23 10:25:41,6.0,130.37
10691,POS消费,地点21,开水,2014/09/23 17:02:56,3.4,126.97
10691,POS消费,地点91,校车,2014/09/23 17:03:40,2.0,124.97
10691,POS消费,地点21,开水,2014/09/23 17:05:04,2.53,122.44
10691,POS消费,地点302,淋浴,2014/09/23 19:28:59,0.7,121.74
10691,POS消费,地点21,开水,2014/09/24 08:17:05,1.03,120.71
10691,POS消费,地点21,开水,2014/09/24 11:32:11,2.6,118.11
10691,POS消费,地点21,开水,2014/09/24 11:33:02,4.0,114.11
10691,POS消费,地点1214,校车,2014/09/25 11:06:39,2.0,112.11
10691,POS消费,地点1386,校车,2014/09/25 21:24:39,2.0,110.11
10691,POS消费,地点91,校车,2014/09/25 22:30:24,3.0,107.11
10691,POS消费,地点302,淋浴,2014/09/25 22:59:40,0.5,106.61
10691,POS消费,地点232,食堂,2014/09/26 11:49:25,10.4,96.21
10691,POS消费,地点21,开水,2014/09/26 11:50:05,2.0,94.21
10691,POS消费,地点21,开水,2014/09/27 11:36:54,5.6,88.61
10691,POS消费,地点21,开水,2014/09/27 11:38:11,2.0,86.61
10691,POS消费,地点302,淋浴,2014/09/28 00:46:07,0.5,86.11
10691,POS消费,地点21,开水,2014/09/28 11:31:24,3.6,82.51
10691,POS消费,地点21,开水,2014/09/28 11:32:17,2.0,80.51
10691,POS消费,地点91,校车,2014/09/28 11:34:28,8.9,71.61
10691,POS消费,地点91,校车,2014/09/28 16:22:20,3.0,68.61
10691,POS消费,地点21,开水,2014/09/28 16:22:24,3.0,65.61
10691,POS消费,地点302,淋浴,2014/09/28 21:57:27,0.9,64.71
10691,POS消费,地点21,开水,2014/09/29 11:32:15,2.4,62.31
10691,POS消费,地点21,开水,2014/09/29 11:32:20,1.5,60.81
10691,POS消费,地点91,校车,2014/09/29 11:35:10,6.8,54.01
10691,POS消费,地点21,开水,2014/09/29 11:36:08,3.0,51.01
10691,POS消费,地点248,超市,2014/09/29 16:09:03,3.0,48.01
10691,POS消费,地点21,开水,2014/09/30 08:13:43,0.8,47.21
10691,POS消费,地点21,开水,2014/09/30 08:13:55,0.03,47.18
10691,POS消费,地点21,开水,2014/10/08 08:15:25,0.83,46.35
10691,POS消费,地点91,校车,2014/10/08 11:16:57,6.5,39.85
10691,POS消费,地点91,校车,2014/10/08 11:17:02,-6.5,46.35
10691,POS消费,地点91,校车,2014/10/08 11:17:06,5.5,40.85
10691,POS消费,地点26,图书馆,2014/10/08 11:24:59,1.8,39.05
10691,POS消费,地点21,开水,2014/10/09 09:55:17,0.83,38.22
10691,POS消费,地点91,校车,2014/10/09 12:04:11,3.0,35.22
10691,POS消费,地点21,开水,2014/10/09 12:07:39,4.1,31.12
10691,POS消费,地点21,开水,2014/10/09 12:08:32,2.5,28.62
10691,POS消费,地点21,开水,2014/10/10 09:48:02,1.23,27.39
10691,POS消费,地点21,开水,2014/10/10 09:48:33,2.0,25.39
10691,POS消费,地点91,校车,2014/10/10 11:35:47,9.4,15.99
10691,POS消费,地点1456,校车,2014/10/10 13:57:14,2.0,13.99
10691,POS消费,地点21,开水,2014/10/10 18:15:37,1.0,12.99
10691,POS消费,地点21,开水,2014/10/10 18:15:44,1.8,11.19
10691,POS消费,地点21,开水,2014/10/11 08:19:27,1.23,9.96
10691,POS消费,地点21,开水,2014/10/11 08:20:56,3.0,6.96
10691,卡充值,,,2014/10/11 10:11:30,100.0,103.96
10691,POS消费,地点91,校车,2014/10/11 10:13:28,3.0,3.96
10691,POS消费,地点21,开水,2014/10/11 11:52:18,4.6,99.36
10691,POS消费,地点26,图书馆,2014/10/11 11:54:43,1.8,97.56
10691,POS消费,地点21,开水,2014/10/12 08:45:48,2.03,95.53
10691,POS消费,地点21,开水,2014/10/13 10:50:28,3.6,91.93
10691,POS消费,地点21,开水,2014/10/13 10:50:57,4.0,87.93
10691,POS消费,地点21,开水,2014/10/13 10:52:41,2.0,85.93
10691,POS消费,地点302,淋浴,2014/10/13 20:28:58,1.2,84.73
10691,POS消费,地点21,开水,2014/10/14 08:17:57,0.83,83.9
10691,POS消费,地点21,开水,2014/10/14 10:28:24,2.0,81.9
10691,POS消费,地点21,开水,2014/10/14 11:41:49,5.7,76.2
10691,POS消费,地点21,开水,2014/10/14 19:21:49,1.9,74.3
10691,POS消费,地点26,图书馆,2014/10/14 19:29:13,30.0,44.3
10691,POS消费,地点26,图书馆,2014/10/14 19:29:21,5.4,38.9
10691,POS消费,地点26,图书馆,2014/10/14 19:29:28,0.4,38.5
10691,POS消费,地点21,开水,2014/10/15 08:37:56,1.23,37.27
10691,POS消费,地点21,开水,2014/10/15 08:39:19,2.0,35.27
10691,POS消费,地点21,开水,2014/10/16 08:25:19,0.83,34.44
10691,POS消费,地点91,校车,2014/10/16 11:21:47,1.0,33.44
10691,POS消费,地点91,校车,2014/10/16 11:23:24,3.5,29.94
10691,POS消费,地点248,超市,2014/10/16 11:23:42,1.2,28.74
10691,POS消费,地点302,淋浴,2014/10/16 13:57:41,0.1,28.64
10691,POS消费,地点302,淋浴,2014/10/16 13:58:19,0.1,28.54
10691,POS消费,地点1405,校车,2014/10/16 17:40:20,2.0,26.54
10691,POS消费,地点26,图书馆,2014/10/16 20:35:45,15.4,11.14
10691,POS消费,地点302,淋浴,2014/10/16 22:26:39,1.0,10.14
10691,卡充值,,,2014/10/17 09:58:01,100.0,110.14
10691,POS消费,地点21,开水,2014/10/17 10:02:36,2.03,108.11
10691,POS消费,地点1387,校车,2014/10/17 10:21:04,2.0,106.11
10691,POS消费,地点1215,校车,2014/10/17 21:13:32,2.0,104.11
10691,POS消费,地点21,开水,2014/10/19 09:08:26,1.23,102.88
10691,POS消费,地点901,校车,2014/10/19 14:06:05,4.0,98.88
10691,POS消费,地点302,淋浴,2014/10/19 22:28:39,0.6,98.28
10691,POS消费,地点91,校车,2014/10/20 11:43:12,5.6,92.68
10691,POS消费,地点91,校车,2014/10/20 11:44:33,2.0,90.68
10691,POS消费,地点91,校车,2014/10/21 16:17:10,6.8,83.88
10691,POS消费,地点91,校车,2014/10/21 16:17:35,3.0,80.88
10691,POS消费,地点232,食堂,2014/10/22 12:03:17,6.0,73.38
10691,POS消费,地点21,开水,2014/10/22 12:08:11,1.5,79.38
10691,POS消费,地点21,开水,2014/10/22 12:12:09,2.7,70.68
10691,POS消费,地点21,开水,2014/10/22 12:31:13,1.5,69.18
10691,POS消费,地点302,淋浴,2014/10/22 22:59:16,0.7,68.48
10691,POS消费,地点21,开水,2014/10/23 10:11:08,1.23,67.25
10691,POS消费,地点21,开水,2014/10/23 12:24:34,5.7,61.55
10691,POS消费,地点21,开水,2014/10/23 13:14:37,14.0,47.55
10691,POS消费,地点1387,校车,2014/10/23 13:25:45,2.0,45.55
10691,POS消费,地点1448,校车,2014/10/23 14:58:02,1.0,44.55
10691,POS消费,地点302,淋浴,2014/10/23 22:33:51,0.7,43.85
10691,POS消费,地点302,淋浴,2014/10/23 22:52:55,0.1,43.75
10691,POS消费,地点91,校车,2014/10/24 11:50:44,3.0,35.05
10691,POS消费,地点232,食堂,2014/10/24 11:55:08,5.7,38.05
10691,POS消费,地点302,淋浴,2014/10/26 00:33:37,1.0,34.05
10691,POS消费,地点1386,校车,2014/10/26 14:10:56,2.0,32.05
10691,POS消费,地点21,开水,2014/10/27 18:44:21,4.0,28.05
10691,POS消费,地点302,淋浴,2014/10/27 22:20:26,1.0,27.05
10691,POS消费,地点248,超市,2014/10/28 12:12:43,9.1,17.95
10691,POS消费,地点21,开水,2014/10/29 08:31:03,1.23,16.72
10691,POS消费,地点91,校车,2014/10/30 12:11:47,3.0,2.92
10691,POS消费,地点21,开水,2014/10/30 12:14:02,5.7,11.02
10691,POS消费,地点91,校车,2014/10/30 12:15:40,5.1,5.92
10691,POS消费,地点302,淋浴,2014/10/30 21:46:35,0.7,2.22
10691,POS消费,地点302,淋浴,2014/11/03 20:02:48,0.7,1.52
10691,卡充值,,,2014/11/04 18:22:13,100.0,101.52
10691,POS消费,地点12,文印中心,2014/11/05 12:10:32,6.4,95.12
10691,POS消费,地点91,校车,2014/11/05 16:53:43,9.8,85.32
10691,POS消费,地点21,开水,2014/11/06 09:58:55,1.23,84.09
10691,POS消费,地点302,淋浴,2014/11/11 22:52:27,0.9,83.19
10691,POS消费,地点302,淋浴,2014/11/11 23:06:31,0.1,83.09
10691,POS消费,地点1394,校车,2014/11/13 11:05:55,2.0,81.09
10691,POS消费,地点21,开水,2014/11/17 10:20:56,4.0,77.09
10691,POS消费,地点21,开水,2014/11/17 16:07:45,1.9,75.19
10691,POS消费,地点294,校车,2014/11/17 17:02:49,4.0,71.19
10691,POS消费,地点1389,校车,2014/11/17 21:29:58,2.0,69.19
10691,POS消费,地点21,开水,2014/11/18 08:46:18,2.0,67.19
10691,POS消费,地点21,开水,2014/11/18 08:47:20,0.83,66.36
10691,POS消费,地点21,开水,2014/11/18 11:28:33,2.8,63.56
10691,POS消费,地点232,食堂,2014/11/18 11:29:49,5.7,57.86
10691,POS消费,地点91,校车,2014/11/19 11:28:22,21.0,36.86
10691,POS消费,地点125,淋浴,2014/11/19 15:21:49,0.03,36.83
10691,POS消费,地点125,淋浴,2014/11/19 15:23:07,0.03,36.8
10691,POS消费,地点302,淋浴,2014/11/19 22:20:43,1.0,35.8
10691,POS消费,地点21,开水,2014/11/20 07:49:13,1.23,34.57
10691,POS消费,地点302,淋浴,2014/11/22 20:45:58,1.2,33.37
10691,POS消费,地点12,文印中心,2014/11/24 11:29:08,6.4,26.97
10691,POS消费,地点26,图书馆,2014/11/24 11:30:23,3.0,23.97
10691,POS消费,地点91,校车,2014/11/25 19:02:28,17.7,6.27
10691,POS消费,地点302,淋浴,2014/11/26 21:59:23,1.3,4.97
10691,POS消费,地点191,校车,2014/11/29 08:18:33,4.0,0.97
10691,卡充值,,,2014/11/29 13:10:23,100.0,100.97
10691,POS消费,地点901,校车,2014/11/29 14:34:57,4.0,96.97
10691,POS消费,地点12,文印中心,2014/11/29 16:11:05,2.3,94.67
10691,POS消费,地点91,校车,2014/11/29 17:40:48,8.4,86.27
10691,POS消费,地点21,开水,2014/11/29 17:42:47,2.53,83.74
10691,POS消费,地点302,淋浴,2014/11/29 23:33:54,1.2,82.54
10691,POS消费,地点91,校车,2014/12/02 11:48:33,9.4,73.14
10691,POS消费,地点26,图书馆,2014/12/02 11:51:07,3.0,70.14
10691,POS消费,地点6,淋浴,2014/12/02 18:35:22,16.0,54.14
10691,POS消费,地点6,淋浴,2014/12/02 18:39:25,0.5,53.64
10691,POS消费,地点302,淋浴,2014/12/02 21:48:51,1.6,52.04
10691,POS消费,地点91,校车,2014/12/03 11:45:36,9.4,42.64
10691,POS消费,地点26,图书馆,2014/12/03 11:46:36,3.0,39.64
10691,POS消费,地点1394,校车,2014/12/04 10:21:31,2.0,37.64
10691,POS消费,地点1269,校车,2014/12/04 14:30:10,2.0,35.64
10691,POS消费,地点21,开水,2014/12/04 17:43:11,3.7,31.94
10691,POS消费,地点21,开水,2014/12/04 17:44:02,2.0,29.94
10691,POS消费,地点21,开水,2014/12/04 17:48:29,11.9,18.04
10691,POS消费,地点302,淋浴,2014/12/04 21:45:02,1.8,16.24
10691,POS消费,地点302,淋浴,2014/12/05 21:22:40,1.2,15.04
10691,POS消费,地点1269,校车,2014/12/06 13:01:15,2.0,13.04
10691,POS消费,地点1269,校车,2014/12/06 13:01:23,2.0,11.04
10691,POS消费,地点125,淋浴,2014/12/06 21:29:17,0.01,11.03
10691,POS消费,地点91,校车,2014/12/07 20:52:40,3.0,8.03
10691,卡充值,,,2014/12/08 11:35:29,100.0,108.03
10691,POS消费,地点91,校车,2014/12/08 11:38:08,9.4,98.63
10691,POS消费,地点21,开水,2014/12/08 11:40:41,9.9,88.73
10691,POS消费,地点21,开水,2014/12/08 16:53:29,6.0,82.73
10691,POS消费,地点302,淋浴,2014/12/08 22:00:56,1.3,81.43
10691,POS消费,地点21,开水,2014/12/09 20:33:16,7.5,73.93
10691,POS消费,地点1214,校车,2014/12/10 09:02:17,2.0,71.93
10691,POS消费,地点1214,校车,2014/12/10 09:03:01,2.0,69.93
10691,POS消费,地点1214,校车,2014/12/10 09:03:57,2.0,67.93
10691,POS消费,地点1214,校车,2014/12/10 09:36:14,2.0,65.93
10691,POS消费,地点302,淋浴,2014/12/11 21:13:44,0.8,65.13
10691,POS消费,地点529,校车,2014/12/12 17:04:29,4.0,61.13
10691,POS消费,地点1386,校车,2014/12/12 20:12:03,2.0,59.13
10691,POS消费,地点302,淋浴,2014/12/14 17:32:46,1.2,57.93
10691,POS消费,地点21,开水,2014/12/17 17:41:50,4.7,53.23
10691,POS消费,地点21,开水,2014/12/17 17:42:45,2.53,50.7
10691,POS消费,地点302,淋浴,2014/12/17 21:21:21,1.1,49.6
10691,POS消费,地点21,开水,2014/12/19 11:39:21,5.6,44.0
10691,POS消费,地点91,校车,2014/12/19 11:42:49,10.2,33.8
10691,POS消费,地点91,校车,2014/12/19 17:45:42,9.4,24.4
10691,POS消费,地点21,开水,2014/12/19 17:46:53,1.8,22.6
10691,POS消费,地点302,淋浴,2014/12/19 22:20:45,1.4,21.2
10691,POS消费,地点91,校车,2014/12/20 11:28:38,5.7,15.5
10691,POS消费,地点21,开水,2014/12/20 11:30:31,10.0,5.5
10691,POS消费,地点302,淋浴,2014/12/22 20:51:17,1.0,4.5
10691,卡充值,,,2014/12/23 16:09:04,100.0,104.5
10691,POS消费,地点91,校车,2014/12/25 12:22:18,18.0,86.5
10691,POS消费,地点288,校车,2014/12/25 12:37:56,4.0,82.5
10691,POS消费,地点302,淋浴,2014/12/25 22:37:30,0.9,81.6
10691,POS消费,地点21,开水,2014/12/26 09:37:09,1.23,80.37
10691,POS消费,地点21,开水,2014/12/27 16:58:11,10.5,69.87
10691,POS消费,地点91,校车,2014/12/27 21:24:25,18.5,51.37
10691,POS消费,地点91,校车,2014/12/27 21:25:21,12.3,39.07
10691,POS消费,地点21,开水,2014/12/29 21:09:07,3.0,36.07
10691,POS消费,地点302,淋浴,2014/12/29 21:22:56,1.4,34.67
10691,POS消费,地点91,校车,2014/12/30 12:12:40,5.5,29.17
10691,POS消费,地点21,开水,2014/12/30 12:23:21,1.8,27.37
10691,POS消费,地点21,开水,2014/12/31 17:31:31,3.0,24.37
10691,POS消费,地点21,开水,2015/01/04 13:30:54,1.9,22.47
10691,POS消费,地点21,开水,2015/01/05 12:13:11,2.1,20.37
10691,POS消费,地点21,开水,2015/01/06 17:04:36,4.0,16.37
10691,POS消费,地点1269,校车,2015/01/08 15:06:57,2.0,14.37
10691,POS消费,地点1478,校车,2015/01/08 18:11:47,4.0,10.37
10691,POS消费,地点302,淋浴,2015/01/10 22:03:12,1.3,9.07
