10717,卡挂失,,,2014/09/02 13:06:53,0.0,0.0
10717,卡补办,,,2014/09/05 09:56:06,20.0,49.13
10717,更新卡信息,,,2014/09/05 09:56:18,0.0,0.0
10717,POS消费,地点21,开水,2014/09/05 09:58:55,1.83,47.3
10717,POS消费,地点21,开水,2014/09/05 10:00:39,8.4,38.9
10717,POS消费,地点21,开水,2014/09/09 20:11:50,2.4,36.5
10717,POS消费,地点21,开水,2014/09/09 22:21:40,5.4,31.1
10717,POS消费,地点311,淋浴,2014/09/09 22:52:42,0.4,30.7
10717,POS消费,地点232,食堂,2014/09/10 11:28:52,8.0,22.7
10717,POS消费,地点26,图书馆,2014/09/10 11:35:56,6.8,15.9
10717,POS消费,地点21,开水,2014/09/10 18:19:36,1.83,14.07
10717,POS消费,地点91,校车,2014/09/10 21:30:10,3.0,11.07
10717,POS消费,地点21,开水,2014/09/10 21:33:37,3.3,7.77
10717,POS消费,地点311,淋浴,2014/09/10 22:23:00,0.3,7.47
10717,POS消费,地点21,开水,2014/09/11 11:25:41,4.3,3.17
10717,POS消费,地点21,开水,2014/09/11 11:26:27,1.0,2.17
10717,POS消费,地点21,开水,2014/09/11 11:28:06,1.2,0.97
10717,卡充值,,,2014/09/30 09:40:30,100.0,100.97
10717,POS消费,地点21,开水,2014/09/30 09:45:11,5.5,95.47
10717,POS消费,地点21,开水,2014/09/30 11:12:21,3.1,92.37
10717,POS消费,地点21,开水,2014/09/30 11:12:43,1.5,90.87
10717,POS消费,地点21,开水,2014/09/30 11:22:05,2.7,88.17
10717,POS消费,地点311,淋浴,2014/10/01 01:04:50,0.1,88.07
10717,POS消费,地点21,开水,2014/10/01 19:08:51,4.6,83.47
10717,POS消费,地点21,开水,2014/10/01 20:04:51,21.0,62.47
10717,POS消费,地点21,开水,2014/10/01 22:45:57,4.0,58.47
10717,POS消费,地点21,开水,2014/10/02 11:40:25,5.6,52.87
10717,POS消费,地点21,开水,2014/10/02 11:40:51,5.3,47.57
10717,POS消费,地点91,校车,2014/10/02 11:41:53,4.5,43.07
10717,POS消费,地点26,图书馆,2014/10/02 11:50:33,6.0,37.07
10717,POS消费,地点21,开水,2014/10/08 07:29:40,6.6,30.47
10717,POS消费,地点21,开水,2014/10/09 08:16:23,4.03,26.44
10717,POS消费,地点311,淋浴,2014/10/09 22:10:38,0.2,26.24
10717,POS消费,地点21,开水,2014/10/10 10:46:59,3.0,23.24
10717,POS消费,地点21,开水,2014/10/13 11:14:36,11.7,11.54
10717,POS消费,地点104,开水,2014/10/13 11:24:47,0.03,11.51
10717,POS消费,地点21,开水,2014/10/14 12:31:39,3.0,8.51
10717,POS消费,地点21,开水,2014/10/15 09:54:31,4.3,4.21
10717,POS消费,地点21,开水,2014/10/15 11:41:51,3.4,0.81
10717,卡充值,,,2014/10/16 09:22:25,100.0,100.81
10717,POS消费,地点21,开水,2014/10/16 09:27:08,6.0,94.81
10717,POS消费,地点21,开水,2014/10/16 09:27:44,2.0,92.81
10717,POS消费,地点21,开水,2014/10/16 10:30:16,8.8,84.01
10717,POS消费,地点104,开水,2014/10/16 10:35:28,0.02,83.99
10717,POS消费,地点1215,校车,2014/10/17 21:15:11,2.0,81.99
10717,POS消费,地点21,开水,2014/10/18 13:56:53,3.4,78.59
10717,POS消费,地点91,校车,2014/10/19 11:15:03,6.0,72.59
10717,POS消费,地点91,校车,2014/10/19 11:19:22,1.0,71.59
10717,POS消费,地点21,开水,2014/10/19 11:38:10,2.8,68.79
10717,POS消费,地点232,食堂,2014/10/19 17:52:43,8.0,60.79
10717,POS消费,地点21,开水,2014/10/19 18:13:55,7.9,52.89
10717,POS消费,地点104,开水,2014/10/19 18:24:06,0.03,52.86
10717,POS消费,地点91,校车,2014/10/19 21:59:33,3.0,49.86
10717,POS消费,地点232,食堂,2014/10/20 11:24:22,10.0,39.86
10717,POS消费,地点232,食堂,2014/10/20 11:25:03,7.0,32.86
10717,POS消费,地点21,开水,2014/10/20 11:43:07,5.6,27.26
10717,POS消费,地点232,食堂,2014/10/20 18:02:43,7.0,20.23
10717,POS消费,地点232,食堂,2014/10/20 18:03:05,7.0,13.23
10717,POS消费,地点21,开水,2014/10/20 18:12:04,2.53,10.7
10717,卡充值,,,2014/10/21 11:48:22,50.0,60.7
10717,POS消费,地点21,开水,2014/10/22 08:01:12,8.3,52.4
10717,POS消费,地点248,超市,2014/10/22 10:26:13,6.8,45.6
10717,POS消费,地点104,开水,2014/10/22 14:35:29,0.03,27.23
10717,POS消费,地点21,开水,2014/10/25 17:02:11,3.4,42.2
10717,POS消费,地点311,淋浴,2014/10/26 00:32:55,0.3,41.9
10717,POS消费,地点21,开水,2014/10/26 09:04:48,5.33,36.57
10717,POS消费,地点21,开水,2014/10/26 12:37:00,3.4,33.17
10717,POS消费,地点232,食堂,2014/10/27 11:42:33,10.0,23.17
10717,POS消费,地点21,开水,2014/10/27 11:57:14,3.0,20.17
10717,POS消费,地点21,开水,2014/10/28 10:29:45,4.03,16.14
10717,POS消费,地点21,开水,2014/10/28 10:35:21,3.0,13.14
10717,POS消费,地点248,超市,2014/10/28 11:46:15,4.0,9.14
10717,POS消费,地点232,食堂,2014/10/28 17:36:33,7.0,2.14
10717,POS消费,地点311,淋浴,2014/10/29 22:49:22,0.3,1.84
10717,POS消费,地点311,淋浴,2014/11/05 21:51:47,0.4,1.44
10717,POS消费,地点104,开水,2014/11/05 23:24:00,0.05,1.39
10717,卡充值,,,2014/11/11 12:00:06,40.0,41.39
10717,POS消费,地点232,食堂,2014/11/11 12:01:35,10.0,31.39
10717,POS消费,地点21,开水,2014/11/11 19:51:42,13.8,17.59
10717,POS消费,地点311,淋浴,2014/11/11 21:36:25,0.4,17.19
10717,POS消费,地点248,超市,2014/11/12 10:03:26,5.7,11.49
10717,POS消费,地点232,食堂,2014/11/12 11:17:49,10.0,1.49
10717,POS消费,地点311,淋浴,2014/11/15 00:20:49,0.2,1.29
10717,POS消费,地点311,淋浴,2014/11/16 02:15:07,0.1,1.19
10717,POS消费,地点104,开水,2014/11/16 16:54:52,0.04,1.15
10717,POS消费,地点311,淋浴,2014/11/16 22:50:49,0.3,0.85
10717,卡充值,,,2014/11/19 11:44:32,30.0,30.85
10717,POS消费,地点247,食堂,2014/11/19 11:56:05,15.0,15.85
10717,POS消费,地点258,食堂,2014/11/19 12:03:08,3.2,12.65
10717,POS消费,地点21,开水,2014/11/19 12:24:04,1.0,11.65
10717,POS消费,地点1214,校车,2014/11/19 15:38:40,2.0,9.65
10717,POS消费,地点21,开水,2014/11/19 16:55:34,5.0,4.65
10717,POS消费,地点21,开水,2014/11/19 16:56:01,4.5,0.15
10717,POS消费,地点311,淋浴,2014/11/23 22:28:56,0.1,0.05
10717,卡充值,,,2014/12/09 09:11:32,20.0,20.05
10717,POS消费,地点21,开水,2014/12/09 09:14:35,7.8,12.25
10717,POS消费,地点311,淋浴,2014/12/09 20:10:06,0.5,11.75
10717,POS消费,地点311,淋浴,2014/12/10 22:48:00,0.4,11.35
10717,POS消费,地点21,开水,2014/12/15 09:43:08,6.5,4.85
10717,POS消费,地点248,超市,2014/12/15 10:03:52,0.5,4.35
10717,POS消费,地点21,开水,2014/12/15 14:12:31,2.8,1.55
10717,POS消费,地点311,淋浴,2015/01/31 21:31:34,0.3,1.25
10717,POS消费,地点311,淋浴,2015/03/16 19:45:48,0.2,1.05
10717,POS消费,地点311,淋浴,2015/03/21 23:40:07,0.5,0.55
10717,POS消费,地点215,开水,2015/03/21 23:49:45,0.13,0.42
10717,POS消费,地点311,淋浴,2015/03/22 20:59:01,0.4,0.02
10717,卡充值,,,2015/03/30 12:41:27,50.0,50.02
10717,POS消费,地点2259,洗衣房,2015/03/30 13:56:15,3.6,46.42
10717,POS消费,地点311,淋浴,2015/03/30 21:19:12,0.4,46.02
10717,POS消费,地点104,开水,2015/03/30 23:09:39,0.01,46.01
10717,POS消费,地点21,开水,2015/03/31 07:49:45,7.03,38.98
10717,POS消费,地点21,开水,2015/03/31 07:50:15,2.03,36.95
10717,POS消费,地点21,开水,2015/03/31 19:50:40,9.8,27.15
10717,POS消费,地点965,淋浴,2015/03/31 21:02:58,0.3,26.85
10717,POS消费,地点311,淋浴,2015/03/31 21:36:07,0.3,26.55
10717,POS消费,地点104,开水,2015/04/01 19:12:05,0.01,26.54
10717,POS消费,地点311,淋浴,2015/04/01 20:55:55,0.7,25.84
10717,POS消费,地点21,开水,2015/04/02 18:46:20,4.5,21.34
10717,POS消费,地点21,开水,2015/04/03 19:31:03,3.0,18.34
10717,POS消费,地点2259,洗衣房,2015/04/03 22:42:43,3.6,14.74
10717,POS消费,地点311,淋浴,2015/04/03 22:44:01,0.5,14.24
10717,POS消费,地点104,开水,2015/04/07 19:00:23,0.01,14.23
10717,POS消费,地点21,开水,2015/04/08 08:00:58,4.3,9.93
10717,POS消费,地点311,淋浴,2015/04/08 21:57:27,0.8,9.13
10717,POS消费,地点21,开水,2015/04/09 07:50:56,1.83,7.3
10717,POS消费,地点104,开水,2015/04/09 19:21:54,0.01,7.29
10717,POS消费,地点311,淋浴,2015/04/09 22:30:28,0.9,6.39
10717,POS消费,地点21,开水,2015/04/10 07:55:25,2.63,3.76
10717,POS消费,地点104,开水,2015/04/10 18:23:07,0.01,3.75
10717,POS消费,地点311,淋浴,2015/04/10 18:46:32,0.3,3.45
10717,POS消费,地点104,开水,2015/04/10 22:27:25,0.01,3.44
10717,POS消费,地点104,开水,2015/04/11 07:55:45,0.12,3.32
10717,POS消费,地点311,淋浴,2015/04/11 12:08:14,1.1,2.22
10717,POS消费,地点311,淋浴,2015/04/13 21:13:51,0.7,1.52
10717,POS消费,地点311,淋浴,2015/04/15 22:39:49,0.6,0.92
10717,POS消费,地点311,淋浴,2015/04/16 20:28:23,0.4,0.52
10717,POS消费,地点104,开水,2015/04/21 09:33:36,0.01,0.51
10717,POS消费,地点311,淋浴,2015/04/22 21:02:20,0.3,0.21
10717,POS消费,地点104,开水,2015/04/22 21:10:26,0.02,0.19
10717,卡充值,,,2015/04/23 12:27:39,50.0,50.19
10717,POS消费,地点311,淋浴,2015/04/23 21:08:54,0.1,50.09
10717,POS消费,地点232,食堂,2015/04/25 09:11:58,5.0,45.09
10717,POS消费,地点21,开水,2015/04/25 09:20:34,5.03,40.06
10717,POS消费,地点91,校车,2015/04/25 20:16:32,4.0,36.06
10717,POS消费,地点21,开水,2015/04/26 09:23:31,5.8,30.26
10717,POS消费,地点21,开水,2015/04/26 09:24:15,2.5,27.76
10717,POS消费,地点21,开水,2015/04/26 09:24:35,0.5,27.26
10717,POS消费,地点21,开水,2015/04/27 07:49:19,4.63,22.63
10717,POS消费,地点104,开水,2015/04/27 17:23:05,0.03,22.6
10717,POS消费,地点21,开水,2015/04/28 07:51:18,5.33,17.27
10717,POS消费,地点21,开水,2015/04/29 07:57:17,4.03,13.24
10717,POS消费,地点21,开水,2015/04/29 07:58:16,5.63,7.61
10717,POS消费,地点2259,洗衣房,2015/05/01 10:09:43,3.6,4.01
10717,POS消费,地点2259,洗衣房,2015/05/01 11:54:07,3.6,0.41
10717,POS消费,地点311,淋浴,2015/05/06 20:46:12,0.3,0.11
10717,POS消费,地点104,开水,2015/05/09 15:31:31,0.01,0.1
10717,卡充值,,,2015/05/11 11:15:52,50.0,50.1
10717,POS消费,地点26,图书馆,2015/05/11 19:54:47,7.0,43.1
10717,POS消费,地点21,开水,2015/05/11 19:57:54,7.8,35.3
10717,POS消费,地点215,开水,2015/05/11 20:02:26,0.03,35.27
10717,POS消费,地点21,开水,2015/05/12 08:02:20,3.83,31.44
10717,POS消费,地点26,图书馆,2015/05/12 21:37:37,6.0,25.44
10717,POS消费,地点21,开水,2015/05/13 07:58:40,3.83,21.61
10717,POS消费,地点311,淋浴,2015/05/13 22:49:33,0.8,20.81
10717,POS消费,地点21,开水,2015/05/14 07:55:30,2.03,18.78
10717,POS消费,地点21,开水,2015/05/14 07:56:30,7.53,11.25
10717,POS消费,地点26,图书馆,2015/05/14 20:32:26,3.0,8.25
10717,POS消费,地点21,开水,2015/05/14 20:34:31,6.0,2.25
10717,POS消费,地点104,开水,2015/05/14 20:54:36,0.01,2.24
10717,POS消费,地点21,开水,2015/05/18 07:58:18,1.83,0.41
10717,POS消费,地点311,淋浴,2015/05/18 23:37:10,0.3,0.11
10717,卡充值,,,2015/05/25 12:40:39,50.0,50.11
10717,POS消费,地点91,校车,2015/05/25 18:00:03,6.0,44.11
10717,POS消费,地点21,开水,2015/05/25 21:31:06,21.5,22.61
10717,POS消费,地点21,开水,2015/05/26 22:36:29,12.5,10.11
10717,POS消费,地点104,开水,2015/05/26 22:46:23,0.01,10.1
10717,POS消费,地点104,开水,2015/05/26 22:46:34,0.03,10.07
10717,POS消费,地点2259,洗衣房,2015/05/27 09:54:39,3.6,6.47
10717,POS消费,地点2259,洗衣房,2015/05/27 12:12:23,3.6,2.87
