10716,卡充值,,,2013/09/02 12:11:15,100.0,100.79
10716,POS消费,地点21,开水,2013/09/02 14:11:17,1.0,99.79
10716,POS消费,地点21,开水,2013/09/02 20:22:05,5.9,93.89
10716,POS消费,地点311,淋浴,2013/09/02 20:49:06,0.5,93.39
10716,POS消费,地点21,开水,2013/09/03 08:43:20,4.0,89.39
10716,POS消费,地点311,淋浴,2013/09/03 15:05:50,1.1,88.29
10716,POS消费,地点21,开水,2013/09/04 08:40:23,6.6,81.69
10716,POS消费,地点21,开水,2013/09/04 11:01:18,4.83,76.86
10716,POS消费,地点21,开水,2013/09/04 11:03:31,4.2,72.66
10716,POS消费,地点21,开水,2013/09/04 18:26:48,2.5,70.16
10716,POS消费,地点311,淋浴,2013/09/04 21:32:55,0.5,69.66
10716,POS消费,地点21,开水,2013/09/05 09:11:52,6.1,63.56
10716,POS消费,地点26,图书馆,2013/09/05 11:25:42,3.0,60.56
10716,POS消费,地点21,开水,2013/09/05 20:16:46,15.0,45.56
10716,POS消费,地点311,淋浴,2013/09/05 20:35:07,0.3,45.26
10716,POS消费,地点232,食堂,2013/09/06 11:13:52,8.0,37.26
10716,POS消费,地点232,食堂,2013/09/06 11:17:27,3.0,34.26
10716,POS消费,地点26,图书馆,2013/09/06 11:19:24,3.0,31.26
10716,POS消费,地点311,淋浴,2013/09/06 12:16:28,0.1,31.16
10716,POS消费,地点21,开水,2013/09/06 16:17:26,10.6,20.56
10716,POS消费,地点311,淋浴,2013/09/06 21:28:42,0.8,19.76
10716,POS消费,地点104,开水,2013/09/06 23:39:15,0.1,19.66
10716,POS消费,地点21,开水,2013/09/07 08:38:57,4.8,14.86
10716,POS消费,地点21,开水,2013/09/07 08:40:26,2.5,12.36
10716,POS消费,地点21,开水,2013/09/07 10:46:11,3.0,9.36
10716,POS消费,地点21,开水,2013/09/09 13:04:52,5.0,4.36
10716,POS消费,地点21,开水,2013/09/09 14:14:18,3.7,0.66
10716,卡充值,,,2013/09/09 18:07:33,100.0,100.66
10716,POS消费,地点21,开水,2013/09/09 18:08:22,3.0,97.66
10716,POS消费,地点21,开水,2013/09/09 18:09:00,3.8,93.86
10716,POS消费,地点21,开水,2013/09/09 21:19:12,6.0,87.86
10716,POS消费,地点311,淋浴,2013/09/09 21:51:19,0.3,87.56
10716,POS消费,地点21,开水,2013/09/10 08:36:34,3.4,84.16
10716,POS消费,地点21,开水,2013/09/10 18:03:40,3.4,80.76
10716,POS消费,地点91,校车,2013/09/10 18:04:32,5.8,74.96
10716,POS消费,地点311,淋浴,2013/09/10 22:25:44,0.4,74.56
10716,POS消费,地点232,食堂,2013/09/11 11:30:42,8.0,66.56
10716,POS消费,地点232,食堂,2013/09/11 11:36:25,3.0,63.56
10716,POS消费,地点21,开水,2013/09/11 11:56:28,8.0,55.56
10716,POS消费,地点21,开水,2013/09/11 18:05:01,6.0,49.56
10716,POS消费,地点91,校车,2013/09/11 18:12:25,6.0,43.56
10716,POS消费,地点311,淋浴,2013/09/11 22:13:18,0.3,43.26
10716,POS消费,地点91,校车,2013/09/12 08:59:37,5.0,38.26
10716,POS消费,地点21,开水,2013/09/12 09:01:48,4.1,34.16
10716,POS消费,地点311,淋浴,2013/09/12 12:17:50,0.1,34.06
10716,POS消费,地点232,食堂,2013/09/12 17:27:09,8.0,26.06
10716,POS消费,地点21,开水,2013/09/12 17:50:46,5.3,20.76
10716,POS消费,地点311,淋浴,2013/09/12 20:05:38,0.3,20.46
10716,POS消费,地点21,开水,2013/09/13 14:37:05,13.6,6.86
10716,卡充值,,,2013/09/15 12:13:59,30.0,36.86
10716,POS消费,地点21,开水,2013/09/15 13:24:02,1.5,35.36
10716,POS消费,地点21,开水,2013/09/15 14:55:54,2.8,32.56
10716,POS消费,地点21,开水,2013/09/15 17:00:44,4.5,28.06
10716,POS消费,地点21,开水,2013/09/16 10:54:37,4.7,23.36
10716,POS消费,地点21,开水,2013/09/16 13:35:33,7.5,15.86
10716,POS消费,地点311,淋浴,2013/09/16 13:49:53,0.4,15.46
10716,POS消费,地点21,开水,2013/09/17 07:30:05,6.6,8.86
10716,POS消费,地点21,开水,2013/09/17 12:26:08,6.0,2.86
10716,POS消费,地点311,淋浴,2013/09/17 15:38:18,0.4,2.46
10716,POS消费,地点311,淋浴,2013/09/17 21:41:20,0.4,2.06
10716,卡充值,,,2013/09/29 10:34:01,50.0,52.06
10716,POS消费,地点21,开水,2013/09/29 10:36:46,3.0,49.06
10716,POS消费,地点311,淋浴,2013/10/08 20:31:15,0.6,48.46
10716,POS消费,地点21,开水,2013/10/09 07:27:16,5.0,43.46
10716,POS消费,地点21,开水,2013/10/09 07:27:29,4.0,39.46
10716,POS消费,地点21,开水,2013/10/09 07:28:13,0.2,39.26
10716,POS消费,地点248,超市,2013/10/09 10:12:04,2.5,36.76
10716,POS消费,地点21,开水,2013/10/09 20:57:51,9.0,27.76
10716,POS消费,地点311,淋浴,2013/10/09 21:17:39,0.5,27.26
10716,POS消费,地点91,校车,2013/10/10 08:52:38,6.0,21.26
10716,POS消费,地点21,开水,2013/10/10 08:58:44,2.0,19.26
10716,POS消费,地点21,开水,2013/10/10 08:59:22,1.2,18.06
10716,POS消费,地点311,淋浴,2013/10/10 21:14:23,0.3,17.76
10716,POS消费,地点21,开水,2013/10/11 08:23:36,4.6,13.16
10716,POS消费,地点21,开水,2013/10/11 08:41:09,2.3,10.86
10716,POS消费,地点21,开水,2013/10/12 10:00:27,4.6,6.26
10716,POS消费,地点21,开水,2013/10/12 12:12:11,2.8,3.46
10716,POS消费,地点311,淋浴,2013/10/13 18:03:52,0.3,3.16
10716,POS消费,地点311,淋浴,2013/10/16 23:06:38,0.4,2.76
10716,POS消费,地点311,淋浴,2013/10/17 21:58:02,0.4,2.36
10716,POS消费,地点311,淋浴,2013/10/23 17:20:50,0.2,2.16
10716,POS消费,地点311,淋浴,2013/10/23 22:26:43,0.4,1.76
10716,POS消费,地点104,开水,2013/10/24 12:31:39,0.02,1.74
10716,POS消费,地点311,淋浴,2013/10/28 23:20:49,0.1,1.64
10716,POS消费,地点311,淋浴,2013/10/29 21:30:04,0.6,1.04
10716,POS消费,地点311,淋浴,2013/11/04 22:17:29,0.4,0.64
10716,卡挂失,,,2014/02/25 11:45:32,0.0,0.0
10716,卡补办,,,2014/03/03 10:40:37,100.0,85.64
10716,更新卡信息,,,2014/03/03 10:40:54,0.0,0.0
10716,POS消费,地点21,开水,2014/03/03 16:13:09,13.9,71.74
10716,POS消费,地点311,淋浴,2014/03/03 20:54:42,0.3,71.44
10716,POS消费,地点21,开水,2014/03/04 08:43:58,1.7,69.74
10716,POS消费,地点21,开水,2014/03/04 08:45:09,2.8,66.94
10716,POS消费,地点21,开水,2014/03/04 08:45:34,2.0,64.94
10716,POS消费,地点21,开水,2014/03/04 08:56:33,2.5,62.44
10716,POS消费,地点21,开水,2014/03/05 08:53:08,2.0,60.44
10716,POS消费,地点21,开水,2014/03/05 08:53:13,0.2,60.24
10716,POS消费,地点21,开水,2014/03/05 08:54:38,6.0,54.24
10716,POS消费,地点21,开水,2014/03/05 10:49:52,7.5,46.74
10716,POS消费,地点311,淋浴,2014/03/05 15:15:45,0.1,46.64
10716,POS消费,地点311,淋浴,2014/03/05 21:44:18,1.0,45.64
10716,POS消费,地点311,淋浴,2014/03/05 23:23:52,0.1,45.54
10716,POS消费,地点91,校车,2014/03/06 12:41:01,3.0,42.54
10716,POS消费,地点21,开水,2014/03/06 12:43:48,5.2,37.34
10716,POS消费,地点311,淋浴,2014/03/06 20:09:42,0.5,36.84
10716,POS消费,地点104,开水,2014/03/07 08:16:57,0.07,36.77
10716,POS消费,地点21,开水,2014/03/07 08:27:52,1.5,35.27
10716,POS消费,地点21,开水,2014/03/07 08:28:21,0.2,35.07
10716,POS消费,地点21,开水,2014/03/07 08:29:46,5.3,29.77
10716,POS消费,地点21,开水,2014/03/07 08:30:04,2.0,27.77
10716,POS消费,地点21,开水,2014/03/07 08:42:16,2.5,25.27
10716,POS消费,地点1395,校车,2014/03/07 14:37:57,2.0,23.27
10716,POS消费,地点21,开水,2014/03/10 08:17:22,7.23,16.04
10716,POS消费,地点91,校车,2014/03/10 18:01:59,3.0,13.04
10716,POS消费,地点21,开水,2014/03/10 20:00:26,2.8,10.24
10716,POS消费,地点21,开水,2014/03/10 20:01:08,2.0,8.24
10716,POS消费,地点21,开水,2014/03/11 10:01:06,5.76,2.48
10716,POS消费,地点311,淋浴,2014/03/11 23:08:43,0.6,1.88
10716,卡充值,,,2014/03/12 12:28:18,100.0,101.88
10716,POS消费,地点311,淋浴,2014/03/12 14:43:06,0.1,101.78
10716,POS消费,地点311,淋浴,2014/03/12 16:23:56,0.4,101.38
10716,POS消费,地点91,校车,2014/03/12 21:53:15,3.0,98.38
10716,POS消费,地点311,淋浴,2014/03/12 23:02:27,0.3,98.08
10716,POS消费,地点21,开水,2014/03/13 08:24:41,7.03,91.05
10716,POS消费,地点91,校车,2014/03/13 17:07:35,10.0,81.05
10716,POS消费,地点91,校车,2014/03/13 17:07:48,1.0,80.05
10716,POS消费,地点91,校车,2014/03/13 17:07:58,10.0,70.05
10716,POS消费,地点21,开水,2014/03/13 17:19:35,4.8,65.25
10716,POS消费,地点21,开水,2014/03/13 17:19:54,3.0,62.25
10716,POS消费,地点311,淋浴,2014/03/13 22:20:02,0.4,61.85
10716,POS消费,地点21,开水,2014/03/14 08:35:50,8.9,52.95
10716,POS消费,地点21,开水,2014/03/14 08:37:34,0.2,52.75
10716,POS消费,地点21,开水,2014/03/14 12:32:41,3.0,49.75
10716,POS消费,地点21,开水,2014/03/17 10:48:47,8.5,41.25
10716,POS消费,地点311,淋浴,2014/03/17 18:28:15,0.4,40.85
10716,POS消费,地点21,开水,2014/03/18 10:03:49,10.5,30.35
10716,POS消费,地点91,校车,2014/03/18 11:13:03,1.0,29.35
10716,POS消费,地点232,食堂,2014/03/18 11:13:50,6.0,23.35
10716,POS消费,地点21,开水,2014/03/18 11:13:59,0.65,22.7
10716,POS消费,地点21,开水,2014/03/18 11:14:46,2.4,20.3
10716,POS消费,地点311,淋浴,2014/03/18 20:55:38,0.5,19.8
10716,POS消费,地点311,淋浴,2014/03/18 21:48:50,0.4,19.4
10716,POS消费,地点104,开水,2014/03/19 07:38:05,0.01,19.39
10716,POS消费,地点91,校车,2014/03/19 15:10:57,3.0,16.39
10716,POS消费,地点21,开水,2014/03/19 15:13:44,5.5,10.89
10716,POS消费,地点21,开水,2014/03/20 08:16:26,6.83,4.06
10716,POS消费,地点21,开水,2014/03/20 08:17:26,4.03,0.03
10716,卡充值,,,2014/03/20 11:42:10,40.0,40.03
10716,POS消费,地点21,开水,2014/03/20 11:45:44,3.0,37.03
10716,POS消费,地点21,开水,2014/03/20 14:34:40,10.4,26.63
10716,POS消费,地点21,开水,2014/03/21 07:55:38,6.56,20.07
10716,POS消费,地点21,开水,2014/03/21 07:56:02,3.0,17.07
10716,POS消费,地点21,开水,2014/03/24 07:56:56,5.0,12.07
10716,POS消费,地点21,开水,2014/03/24 08:02:12,2.2,9.87
10716,POS消费,地点21,开水,2014/03/24 12:43:00,8.0,1.87
10716,卡充值,,,2014/03/26 10:44:57,100.0,101.87
10716,POS消费,地点21,开水,2014/03/26 10:48:37,2.0,99.87
10716,POS消费,地点311,淋浴,2014/03/26 14:51:35,0.3,99.57
10716,POS消费,地点21,开水,2014/03/26 16:00:34,7.7,91.87
10716,POS消费,地点104,开水,2014/03/26 16:08:18,0.03,91.84
10716,POS消费,地点311,淋浴,2014/03/26 22:49:12,0.3,91.54
10716,POS消费,地点311,淋浴,2014/03/27 17:31:12,0.4,91.14
10716,POS消费,地点311,淋浴,2014/03/27 22:38:31,0.2,90.94
10716,POS消费,地点21,开水,2014/03/28 08:29:11,2.5,88.44
10716,POS消费,地点21,开水,2014/03/28 12:37:26,6.0,82.44
10716,POS消费,地点21,开水,2014/03/28 22:31:28,2.0,80.44
10716,POS消费,地点311,淋浴,2014/03/28 23:05:30,0.5,79.94
10716,POS消费,地点21,开水,2014/03/29 10:35:09,7.0,72.94
10716,POS消费,地点21,开水,2014/03/30 12:05:05,6.5,66.44
10716,POS消费,地点311,淋浴,2014/03/30 14:49:04,0.4,66.04
10716,POS消费,地点21,开水,2014/03/30 15:06:45,4.7,61.34
10716,POS消费,地点21,开水,2014/03/30 18:19:25,3.9,57.44
10716,POS消费,地点21,开水,2014/03/30 18:20:31,3.0,54.44
10716,POS消费,地点21,开水,2014/03/30 18:20:44,4.2,50.24
10716,POS消费,地点21,开水,2014/03/31 08:16:53,7.33,42.91
10716,POS消费,地点21,开水,2014/03/31 10:38:57,3.9,39.01
10716,POS消费,地点21,开水,2014/03/31 14:27:25,5.8,33.21
10716,POS消费,地点248,超市,2014/04/01 12:26:27,6.2,27.01
10716,POS消费,地点21,开水,2014/04/01 16:56:06,5.3,21.71
10716,POS消费,地点21,开水,2014/04/02 08:14:12,4.03,17.68
10716,POS消费,地点21,开水,2014/04/02 10:49:56,3.9,13.78
10716,POS消费,地点311,淋浴,2014/04/02 15:20:55,0.3,13.48
10716,POS消费,地点21,开水,2014/04/02 16:41:36,10.5,2.98
10716,卡充值,,,2014/04/03 11:41:32,50.0,52.98
10716,POS消费,地点21,开水,2014/04/03 11:45:18,6.0,46.98
10716,POS消费,地点1386,校车,2014/04/03 13:47:54,2.0,44.98
10716,POS消费,地点1478,校车,2014/04/03 17:59:44,4.0,40.98
10716,POS消费,地点1214,校车,2014/04/04 11:03:37,2.0,38.98
10716,POS消费,地点311,淋浴,2014/04/07 22:05:39,0.3,38.68
10716,POS消费,地点104,开水,2014/04/08 07:18:04,0.01,38.67
10716,POS消费,地点21,开水,2014/04/08 12:45:56,2.5,36.17
10716,POS消费,地点21,开水,2014/04/08 21:40:39,19.8,16.37
10716,POS消费,地点104,开水,2014/04/08 21:50:16,0.03,16.34
10716,POS消费,地点311,淋浴,2014/04/08 22:43:17,0.3,16.04
10716,POS消费,地点311,淋浴,2014/04/08 22:59:07,0.3,15.74
10716,POS消费,地点104,开水,2014/04/08 23:06:58,0.02,15.72
10716,POS消费,地点311,淋浴,2014/04/08 23:20:00,0.3,15.42
10716,POS消费,地点104,开水,2014/04/09 01:00:26,0.02,15.4
10716,POS消费,地点104,开水,2014/04/09 07:24:37,0.02,15.38
10716,POS消费,地点104,开水,2014/04/09 07:36:00,0.09,15.29
10716,POS消费,地点21,开水,2014/04/09 10:43:00,5.5,9.79
10716,POS消费,地点21,开水,2014/04/10 08:15:28,5.38,4.41
10716,POS消费,地点21,开水,2014/04/10 14:05:26,4.0,0.41
10716,卡充值,,,2014/04/10 18:08:24,100.0,100.41
10716,POS消费,地点248,超市,2014/04/10 18:14:58,11.4,89.01
10716,POS消费,地点311,淋浴,2014/04/10 19:39:12,0.5,88.51
10716,POS消费,地点21,开水,2014/04/11 08:18:43,9.23,79.28
10716,POS消费,地点21,开水,2014/04/11 09:24:04,9.6,69.68
10716,POS消费,地点21,开水,2014/04/11 11:13:31,9.5,60.18
10716,POS消费,地点21,开水,2014/04/11 12:53:47,4.0,56.18
10716,POS消费,地点311,淋浴,2014/04/13 22:07:33,0.4,55.78
10716,POS消费,地点21,开水,2014/04/14 08:09:10,7.03,48.75
10716,POS消费,地点21,开水,2014/04/14 17:43:12,2.8,45.95
10716,POS消费,地点311,淋浴,2014/04/14 18:26:54,0.7,45.25
10716,POS消费,地点311,淋浴,2014/04/14 22:20:21,0.3,44.95
10716,POS消费,地点104,开水,2014/04/15 16:31:25,0.03,44.92
10716,POS消费,地点21,开水,2014/04/16 11:58:43,3.98,40.94
10716,POS消费,地点21,开水,2014/04/17 13:12:29,2.8,38.14
10716,POS消费,地点248,超市,2014/04/17 16:00:16,2.8,35.34
10716,POS消费,地点248,超市,2014/04/17 19:05:58,7.9,27.44
10716,POS消费,地点311,淋浴,2014/04/17 22:51:59,0.3,27.14
10716,POS消费,地点104,开水,2014/04/18 06:30:21,0.15,26.99
10716,POS消费,地点21,开水,2014/04/18 10:00:57,6.06,20.93
10716,POS消费,地点1389,校车,2014/04/18 12:06:54,2.0,18.93
10716,POS消费,地点311,淋浴,2014/04/21 18:01:29,0.4,18.53
10716,POS消费,地点91,校车,2014/04/21 18:33:57,10.0,8.53
10716,POS消费,地点248,超市,2014/04/21 18:47:26,8.4,0.13
10716,卡充值,,,2014/04/23 12:21:46,50.0,50.13
10716,POS消费,地点953,校车,2014/04/23 12:44:40,4.0,46.13
10716,POS消费,地点1215,校车,2014/04/23 21:24:03,2.0,44.13
