10993,POS消费,地点91,校车,2014/09/01 11:47:24,5.4,193.27
10993,POS消费,地点91,校车,2014/09/01 18:24:09,3.0,190.27
10993,POS消费,地点91,校车,2014/09/02 12:04:03,5.8,184.47
10993,POS消费,地点26,图书馆,2014/09/02 12:07:02,3.6,180.87
10993,POS消费,地点91,校车,2014/09/02 17:58:03,3.0,177.87
10993,POS消费,地点21,开水,2014/09/03 08:12:19,1.63,176.24
10993,POS消费,地点21,开水,2014/09/03 11:13:40,5.8,170.44
10993,POS消费,地点21,开水,2014/09/03 17:48:58,4.4,166.04
10993,POS消费,地点21,开水,2014/09/03 19:41:24,19.9,146.14
10993,POS消费,地点86,开水,2014/09/03 22:33:45,0.03,146.11
10993,POS消费,地点511,淋浴,2014/09/03 23:03:31,0.2,145.91
10993,POS消费,地点21,开水,2014/09/04 21:06:51,9.9,136.01
10993,POS消费,地点21,开水,2014/09/09 13:52:33,17.7,118.31
10993,POS消费,地点86,开水,2014/09/09 21:39:22,0.03,118.28
10993,POS消费,地点86,开水,2014/09/09 21:44:30,0.02,118.26
10993,POS消费,地点511,淋浴,2014/09/09 23:58:49,0.3,117.96
10993,POS消费,地点91,校车,2014/09/10 12:01:56,5.8,112.16
10993,POS消费,地点26,图书馆,2014/09/10 12:03:36,1.8,110.36
10993,POS消费,地点21,开水,2014/09/10 17:36:53,2.9,107.46
10993,POS消费,地点21,开水,2014/09/10 17:37:15,2.0,105.46
10993,POS消费,地点232,食堂,2014/09/11 17:33:30,7.0,98.46
10993,POS消费,地点26,图书馆,2014/09/11 17:47:28,1.8,96.66
10993,POS消费,地点21,开水,2014/09/12 12:44:11,7.8,88.86
10993,POS消费,地点21,开水,2014/09/12 17:39:31,5.4,83.4
10993,POS消费,地点26,图书馆,2014/09/12 17:51:17,2.9,80.5
10993,POS消费,地点86,开水,2014/09/12 20:26:49,0.06,88.8
10993,POS消费,地点21,开水,2014/09/13 18:50:31,3.8,76.7
10993,POS消费,地点511,淋浴,2014/09/14 09:31:30,0.1,76.6
10993,POS消费,地点86,开水,2014/09/14 09:33:36,0.07,76.53
10993,POS消费,地点21,开水,2014/09/14 17:20:44,5.4,71.13
10993,POS消费,地点21,开水,2014/09/14 17:33:23,8.0,63.13
10993,POS消费,地点21,开水,2014/09/15 17:59:31,5.4,57.73
10993,POS消费,地点26,图书馆,2014/09/15 18:02:03,1.8,55.93
10993,POS消费,地点91,校车,2014/09/16 12:04:06,5.8,50.13
10993,POS消费,地点26,图书馆,2014/09/16 12:04:52,3.6,46.53
10993,POS消费,地点21,开水,2014/09/16 18:03:08,13.4,33.13
10993,POS消费,地点86,开水,2014/09/16 23:30:08,0.03,33.1
10993,POS消费,地点21,开水,2014/09/17 08:37:12,3.0,30.1
10993,POS消费,地点91,校车,2014/09/17 12:00:13,5.8,24.3
10993,POS消费,地点91,校车,2014/09/17 17:54:59,5.0,19.3
10993,POS消费,地点91,校车,2014/09/17 18:08:27,3.0,16.3
10993,POS消费,地点21,开水,2014/09/18 18:00:02,5.6,10.7
10993,POS消费,地点21,开水,2014/09/21 18:57:13,6.6,4.1
10993,POS消费,地点86,开水,2014/09/21 23:26:05,0.03,4.07
10993,卡充值,,,2014/09/22 18:14:57,100.0,104.07
10993,POS消费,地点21,开水,2014/09/22 18:17:43,7.8,96.27
10993,POS消费,地点91,校车,2014/09/23 16:53:56,6.0,90.27
10993,POS消费,地点26,图书馆,2014/09/23 17:07:30,2.9,87.37
10993,POS消费,地点21,开水,2014/09/24 18:38:20,2.7,84.67
10993,POS消费,地点21,开水,2014/09/25 15:39:47,2.7,81.97
10993,POS消费,地点511,淋浴,2014/09/25 22:43:05,0.3,81.67
10993,POS消费,地点21,开水,2014/09/27 19:29:12,6.2,75.47
10993,POS消费,地点91,校车,2014/09/28 18:00:35,6.0,69.47
10993,POS消费,地点26,图书馆,2014/09/28 18:10:10,1.8,67.67
10993,POS消费,地点21,开水,2014/09/29 18:00:41,6.9,60.77
10993,POS消费,地点86,开水,2014/09/29 23:16:52,0.03,60.74
10993,POS消费,地点511,淋浴,2014/09/29 23:42:15,0.2,60.54
10993,POS消费,地点91,校车,2014/10/07 22:24:27,3.0,57.54
10993,POS消费,地点21,开水,2014/10/08 08:07:01,1.63,55.91
10993,POS消费,地点21,开水,2014/10/08 12:28:46,17.0,38.91
10993,POS消费,地点86,开水,2014/10/08 23:29:52,0.03,38.88
10993,POS消费,地点21,开水,2014/10/09 17:02:12,2.9,35.98
10993,POS消费,地点21,开水,2014/10/09 17:12:06,10.5,25.48
10993,POS消费,地点511,淋浴,2014/10/09 23:37:09,0.2,25.28
10993,POS消费,地点91,校车,2014/10/10 11:58:43,5.8,19.48
10993,POS消费,地点21,开水,2014/10/10 17:44:08,4.4,15.08
10993,卡充值,,,2014/10/11 17:55:09,100.0,115.08
10993,POS消费,地点511,淋浴,2014/10/12 19:17:03,0.1,114.98
10993,POS消费,地点511,淋浴,2014/10/12 23:16:18,0.6,114.38
10993,POS消费,地点86,开水,2014/10/13 22:27:19,0.03,114.35
10993,POS消费,地点511,淋浴,2014/10/13 22:33:58,0.1,114.25
10993,POS消费,地点232,食堂,2014/10/14 18:15:35,6.0,108.25
10993,POS消费,地点21,开水,2014/10/14 18:31:09,1.8,106.45
10993,POS消费,地点21,开水,2014/10/14 21:55:28,14.9,91.55
10993,POS消费,地点21,开水,2014/10/15 08:14:28,2.33,89.22
10993,POS消费,地点511,淋浴,2014/10/15 14:02:27,0.1,89.12
10993,POS消费,地点511,淋浴,2014/10/15 23:44:52,0.3,88.82
10993,POS消费,地点21,开水,2014/10/16 08:20:56,2.33,86.49
10993,POS消费,地点91,校车,2014/10/16 11:25:13,5.8,80.69
10993,POS消费,地点21,开水,2014/10/16 11:25:36,1.8,78.89
10993,POS消费,地点21,开水,2014/10/16 20:51:34,15.4,63.49
10993,POS消费,地点86,开水,2014/10/16 21:01:31,0.03,63.46
10993,POS消费,地点232,食堂,2014/10/17 11:50:22,6.0,57.46
10993,POS消费,地点21,开水,2014/10/19 20:05:34,12.9,44.56
10993,POS消费,地点21,开水,2014/10/19 20:06:14,6.7,37.86
10993,POS消费,地点511,淋浴,2014/10/19 23:19:05,0.2,37.66
10993,POS消费,地点21,开水,2014/10/20 22:22:35,12.2,25.46
10993,POS消费,地点232,食堂,2014/10/21 12:02:29,5.8,19.29
10993,POS消费,地点21,开水,2014/10/21 12:03:27,3.6,15.69
10993,POS消费,地点21,开水,2014/10/21 12:03:40,1.7,13.99
10993,POS消费,地点477,开水,2014/10/21 13:32:07,0.01,13.98
10993,POS消费,地点21,开水,2014/10/21 21:46:11,3.4,10.58
10993,POS消费,地点511,淋浴,2014/10/22 14:34:28,0.3,25.16
10993,POS消费,地点86,开水,2014/10/22 14:35:53,0.07,25.09
10993,POS消费,地点21,开水,2014/10/22 14:40:10,7.3,3.28
10993,卡充值,,,2014/10/22 18:05:17,200.0,203.28
10993,POS消费,地点232,食堂,2014/10/22 18:06:19,6.0,197.28
10993,POS消费,地点21,开水,2014/10/22 18:06:53,1.8,195.48
10993,POS消费,地点21,开水,2014/10/22 22:24:02,13.9,181.58
10993,POS消费,地点232,食堂,2014/10/23 08:07:11,3.0,178.58
10993,POS消费,地点232,食堂,2014/10/23 08:10:07,2.0,176.58
10993,POS消费,地点6,淋浴,2014/10/23 11:59:49,9.0,167.58
10993,POS消费,地点91,校车,2014/10/23 21:32:15,3.0,164.58
10993,POS消费,地点21,开水,2014/10/24 18:07:50,2.4,162.18
10993,POS消费,地点91,校车,2014/10/24 18:15:46,3.0,159.18
10993,POS消费,地点21,开水,2014/10/24 22:12:35,17.3,141.88
10993,POS消费,地点21,开水,2014/10/26 11:40:39,5.8,136.08
10993,POS消费,地点21,开水,2014/10/26 11:40:55,5.8,130.28
10993,POS消费,地点21,开水,2014/10/26 11:41:23,3.6,126.68
10993,POS消费,地点6,淋浴,2014/10/26 16:59:43,10.0,116.68
10993,POS消费,地点21,开水,2014/10/26 17:28:09,8.5,108.18
10993,POS消费,地点511,淋浴,2014/10/26 23:30:07,0.2,107.98
10993,POS消费,地点21,开水,2014/10/27 19:10:41,4.0,103.98
10993,POS消费,地点91,校车,2014/10/28 12:08:18,5.8,98.18
10993,POS消费,地点21,开水,2014/10/28 19:47:20,2.8,95.38
10993,POS消费,地点511,淋浴,2014/10/28 23:49:28,0.5,94.88
10993,POS消费,地点21,开水,2014/10/29 08:27:18,3.3,91.58
10993,POS消费,地点21,开水,2014/10/29 11:45:51,5.6,85.98
10993,POS消费,地点21,开水,2014/10/29 12:00:31,3.6,82.38
10993,POS消费,地点21,开水,2014/10/30 20:42:18,11.8,70.58
10993,POS消费,地点21,开水,2014/11/01 20:57:03,7.4,63.18
10993,POS消费,地点21,开水,2014/11/02 12:12:19,3.9,59.28
10993,POS消费,地点26,图书馆,2014/11/02 22:13:43,12.4,46.88
10993,POS消费,地点21,开水,2014/11/03 17:47:46,2.9,43.98
10993,POS消费,地点21,开水,2014/11/03 22:12:59,8.0,35.98
10993,POS消费,地点232,食堂,2014/11/04 17:28:19,5.4,30.58
10993,POS消费,地点21,开水,2014/11/04 18:14:54,18.0,12.58
10993,POS消费,地点21,开水,2014/11/05 16:13:41,5.0,7.58
10993,POS消费,地点26,图书馆,2014/11/05 18:24:50,1.8,5.78
10993,POS消费,地点86,开水,2014/11/06 22:49:44,0.03,5.75
10993,卡充值,,,2014/11/07 16:17:49,200.0,205.75
10993,POS消费,地点21,开水,2014/11/07 16:19:45,1.5,204.25
10993,POS消费,地点21,开水,2014/11/09 20:09:51,16.3,187.95
10993,POS消费,地点511,淋浴,2014/11/09 23:55:36,0.4,187.55
10993,POS消费,地点21,开水,2014/11/10 17:14:02,24.1,163.45
10993,POS消费,地点86,开水,2014/11/10 22:22:32,0.03,163.42
10993,POS消费,地点21,开水,2014/11/12 18:06:53,14.7,148.72
10993,POS消费,地点21,开水,2014/11/13 08:06:23,2.33,146.39
10993,POS消费,地点232,食堂,2014/11/13 11:49:09,5.8,140.59
10993,POS消费,地点232,食堂,2014/11/13 11:49:19,5.8,134.79
10993,POS消费,地点21,开水,2014/11/13 11:50:55,5.0,129.79
10993,POS消费,地点21,开水,2014/11/13 11:51:30,3.6,126.19
10993,POS消费,地点91,校车,2014/11/13 16:19:03,3.0,123.19
10993,POS消费,地点21,开水,2014/11/14 16:49:24,7.0,116.19
10993,POS消费,地点91,校车,2014/11/17 17:55:29,6.0,110.19
10993,POS消费,地点21,开水,2014/11/17 18:25:43,8.6,101.59
10993,POS消费,地点232,食堂,2014/11/18 17:20:19,10.0,91.59
10993,POS消费,地点21,开水,2014/11/19 18:03:14,4.4,87.19
10993,POS消费,地点21,开水,2014/11/19 18:30:33,12.4,74.79
10993,POS消费,地点21,开水,2014/11/21 12:05:21,5.8,68.99
10993,POS消费,地点91,校车,2014/11/21 12:09:50,5.8,63.19
10993,POS消费,地点21,开水,2014/11/21 12:10:08,3.6,59.59
10993,POS消费,地点21,开水,2014/11/21 14:22:11,3.7,55.89
10993,POS消费,地点21,开水,2014/11/23 19:56:36,15.8,40.09
10993,POS消费,地点21,开水,2014/11/24 08:35:34,1.83,38.26
10993,POS消费,地点21,开水,2014/11/24 21:57:31,9.8,28.46
10993,POS消费,地点21,开水,2014/11/25 11:16:43,3.4,25.06
10993,POS消费,地点21,开水,2014/11/25 19:15:23,3.8,21.26
10993,POS消费,地点232,食堂,2014/11/26 18:04:52,10.0,11.26
10993,POS消费,地点232,食堂,2014/11/26 18:05:17,10.0,1.26
10993,卡充值,,,2014/11/27 08:40:55,100.0,101.26
10993,POS消费,地点232,食堂,2014/11/27 08:42:27,3.0,98.26
10993,POS消费,地点232,食堂,2014/11/27 08:45:17,2.0,96.26
10993,POS消费,地点91,校车,2014/11/27 12:04:54,5.8,90.46
10993,POS消费,地点21,开水,2014/11/27 12:05:18,1.8,88.66
10993,POS消费,地点21,开水,2014/11/27 21:45:03,17.2,71.46
10993,POS消费,地点21,开水,2014/11/29 22:05:25,8.9,62.56
10993,POS消费,地点232,食堂,2014/11/30 12:13:27,10.0,52.56
10993,POS消费,地点21,开水,2014/12/01 17:35:58,5.4,47.16
10993,POS消费,地点21,开水,2014/12/01 17:36:33,4.0,43.16
10993,POS消费,地点21,开水,2014/12/02 11:51:20,6.0,37.16
10993,POS消费,地点21,开水,2014/12/02 11:51:25,-6.0,43.16
10993,POS消费,地点21,开水,2014/12/02 11:51:29,5.6,37.56
10993,POS消费,地点21,开水,2014/12/02 21:17:52,9.5,28.06
10993,POS消费,地点21,开水,2014/12/03 15:55:06,5.8,22.26
10993,POS消费,地点21,开水,2014/12/03 21:26:42,15.1,7.16
10993,POS消费,地点511,淋浴,2014/12/03 23:40:59,0.7,6.46
10993,POS消费,地点91,校车,2014/12/04 11:57:58,5.4,1.06
10993,POS消费,地点86,开水,2014/12/07 00:25:40,0.03,1.03
10993,卡挂失,,,2014/12/09 23:37:58,0.0,0.0
10993,卡解挂,,,2014/12/11 11:32:28,0.0,0.0
10993,卡充值,,,2014/12/11 11:33:09,20.0,21.03
10993,POS消费,地点21,开水,2014/12/11 11:34:29,2.9,18.13
10993,POS消费,地点21,开水,2014/12/12 14:19:28,3.7,14.43
10993,POS消费,地点511,淋浴,2014/12/14 23:52:15,0.6,13.83
10993,POS消费,地点511,淋浴,2014/12/16 00:40:06,0.1,13.73
10993,POS消费,地点511,淋浴,2014/12/16 00:40:21,0.2,13.53
10993,POS消费,地点21,开水,2014/12/16 12:14:31,3.3,10.23
10993,POS消费,地点21,开水,2014/12/16 12:15:01,1.8,8.43
10993,POS消费,地点511,淋浴,2014/12/16 16:18:12,0.3,8.13
10993,POS消费,地点21,开水,2014/12/16 18:31:08,5.8,2.33
10993,POS消费,地点511,淋浴,2014/12/17 00:28:56,0.6,1.73
10993,POS消费,地点511,淋浴,2014/12/17 22:20:44,0.3,1.43
10993,POS消费,地点511,淋浴,2014/12/18 19:31:44,0.2,1.23
10993,POS消费,地点511,淋浴,2014/12/18 22:38:09,0.1,1.13
10993,POS消费,地点86,开水,2014/12/19 00:17:21,0.14,0.99
10993,卡充值,,,2014/12/22 17:13:41,50.0,50.99
10993,POS消费,地点232,食堂,2014/12/22 17:14:56,10.0,40.99
10993,POS消费,地点232,食堂,2014/12/22 17:16:28,10.0,30.99
10993,POS消费,地点21,开水,2014/12/22 18:49:30,25.0,5.99
10993,POS消费,地点86,开水,2014/12/23 22:44:46,0.03,5.96
10993,卡充值,,,2014/12/24 11:54:17,50.0,55.96
10993,POS消费,地点232,食堂,2014/12/24 12:01:08,10.0,45.96
10993,POS消费,地点21,开水,2014/12/24 17:00:08,2.9,43.06
10993,POS消费,地点21,开水,2014/12/28 19:12:56,4.2,38.86
10993,POS消费,地点21,开水,2014/12/29 11:10:12,3.0,35.86
10993,POS消费,地点511,淋浴,2014/12/29 23:52:21,0.1,35.76
10993,POS消费,地点511,淋浴,2014/12/29 23:52:36,0.1,35.66
10993,POS消费,地点511,淋浴,2014/12/29 23:54:53,0.3,35.36
10993,POS消费,地点21,开水,2014/12/30 14:15:01,3.4,31.96
10993,POS消费,地点21,开水,2014/12/31 19:51:58,11.3,20.66
10993,POS消费,地点21,开水,2015/01/01 18:33:25,9.2,11.46
10993,POS消费,地点86,开水,2015/01/01 23:07:32,0.03,11.43
10993,POS消费,地点21,开水,2015/01/02 20:54:42,6.5,4.93
10993,卡充值,,,2015/01/04 11:35:07,100.0,104.93
10993,POS消费,地点91,校车,2015/01/04 11:36:03,5.4,99.53
10993,POS消费,地点21,开水,2015/01/04 11:37:47,8.0,91.53
10993,POS消费,地点21,开水,2015/01/05 09:06:55,0.7,90.83
10993,POS消费,地点91,校车,2015/01/05 11:34:06,5.8,85.03
10993,POS消费,地点91,校车,2015/01/05 11:34:25,5.8,79.23
10993,POS消费,地点21,开水,2015/01/05 11:34:52,3.6,75.63
10993,POS消费,地点232,食堂,2015/01/06 17:16:31,10.0,65.63
10993,POS消费,地点232,食堂,2015/01/06 17:16:55,10.0,55.63
10993,POS消费,地点232,食堂,2015/01/07 18:16:19,5.0,50.63
10993,POS消费,地点21,开水,2015/01/07 18:18:13,6.1,44.53
10993,POS消费,地点232,食堂,2015/01/07 18:27:32,5.0,39.53
10993,POS消费,地点21,开水,2015/01/08 09:04:03,3.4,36.13
10993,POS消费,地点21,开水,2015/01/08 20:55:15,4.4,31.73
10993,POS消费,地点21,开水,2015/01/09 20:03:55,13.6,18.13
10993,POS消费,地点86,开水,2015/01/10 15:11:28,0.04,18.09
10993,POS消费,地点21,开水,2015/01/14 16:44:30,3.9,14.19
10993,POS消费,地点511,淋浴,2015/08/28 22:00:34,0.5,13.69
10993,POS消费,地点2256,洗衣房,2015/08/29 14:41:47,3.6,10.09
10993,卡充值,,,2015/08/29 15:20:43,100.0,110.09
10993,POS消费,地点21,开水,2015/08/30 17:46:17,13.0,97.09
10993,POS消费,地点511,淋浴,2015/08/30 18:06:42,0.3,96.79
10993,POS消费,地点91,校车,2015/08/31 18:09:19,5.4,91.39
10993,POS消费,地点511,淋浴,2015/08/31 21:31:34,0.4,90.99
