11141,卡充值,,,2014/09/01 17:09:43,100.0,102.34
11141,POS消费,地点21,开水,2014/09/01 17:13:56,9.0,93.34
11141,POS消费,地点26,图书馆,2014/09/02 17:15:38,2.9,90.44
11141,POS消费,地点21,开水,2014/09/02 17:16:25,3.1,87.34
11141,POS消费,地点21,开水,2014/09/02 17:16:32,4.0,83.34
11141,POS消费,地点21,开水,2014/09/02 17:25:50,18.5,64.84
11141,POS消费,地点506,淋浴,2014/09/02 18:45:22,0.3,64.54
11141,POS消费,地点21,开水,2014/09/02 19:06:15,2.8,61.74
11141,POS消费,地点21,开水,2014/09/02 21:59:51,4.5,57.24
11141,POS消费,地点477,开水,2014/09/02 22:49:33,0.01,57.23
11141,POS消费,地点21,开水,2014/09/03 09:50:43,5.8,51.43
11141,POS消费,地点21,开水,2014/09/03 12:01:35,3.6,47.83
11141,POS消费,地点21,开水,2014/09/03 12:03:18,4.0,43.83
11141,POS消费,地点26,图书馆,2014/09/03 12:11:30,3.0,40.83
11141,POS消费,地点21,开水,2014/09/03 18:04:13,8.6,32.23
11141,POS消费,地点21,开水,2014/09/04 12:21:23,6.0,26.23
11141,POS消费,地点26,图书馆,2014/09/04 12:22:06,4.3,21.93
11141,POS消费,地点21,开水,2014/09/05 12:58:41,2.7,19.23
11141,POS消费,地点21,开水,2014/09/05 17:59:19,6.0,13.23
11141,POS消费,地点26,图书馆,2014/09/05 18:00:09,1.8,11.43
11141,POS消费,地点21,开水,2014/09/07 12:28:09,6.0,5.43
11141,POS消费,地点26,图书馆,2014/09/07 12:28:39,1.8,3.63
11141,POS消费,地点26,图书馆,2014/09/07 12:28:55,2.9,0.73
11141,POS消费,地点477,开水,2014/09/07 20:09:27,0.01,0.72
11141,POS消费,地点477,开水,2014/09/09 16:18:07,0.01,0.71
11141,POS消费,地点477,开水,2014/09/10 20:48:52,0.01,0.7
11141,POS消费,地点506,淋浴,2014/09/11 16:25:29,0.4,0.3
11141,卡充值,,,2014/09/15 12:21:55,100.0,100.3
11141,POS消费,地点21,开水,2014/09/15 12:25:15,6.0,94.3
11141,POS消费,地点26,图书馆,2014/09/15 12:25:53,1.8,92.5
11141,POS消费,地点21,开水,2014/09/15 17:16:39,6.0,86.5
11141,POS消费,地点26,图书馆,2014/09/15 17:17:21,2.9,83.6
11141,POS消费,地点26,图书馆,2014/09/15 17:17:26,1.8,81.8
11141,POS消费,地点21,开水,2014/09/15 21:28:13,6.9,74.9
11141,POS消费,地点477,开水,2014/09/15 23:33:58,0.01,74.89
11141,POS消费,地点506,淋浴,2014/09/16 00:16:56,0.3,74.59
11141,POS消费,地点21,开水,2014/09/16 11:58:47,12.0,62.59
11141,POS消费,地点26,图书馆,2014/09/16 11:59:50,3.6,58.99
11141,POS消费,地点21,开水,2014/09/16 14:08:17,2.5,56.49
11141,POS消费,地点21,开水,2014/09/16 17:57:58,6.0,50.49
11141,POS消费,地点506,淋浴,2014/09/17 00:19:08,0.5,49.99
11141,POS消费,地点21,开水,2014/09/17 11:52:55,3.5,46.49
11141,POS消费,地点21,开水,2014/09/17 11:53:22,4.0,42.49
11141,POS消费,地点26,图书馆,2014/09/17 11:54:01,2.9,39.59
11141,POS消费,地点21,开水,2014/09/17 18:41:06,4.6,34.99
11141,POS消费,地点21,开水,2014/09/17 18:41:10,8.1,26.89
11141,POS消费,地点21,开水,2014/09/17 18:47:11,5.9,20.99
11141,POS消费,地点21,开水,2014/09/25 14:17:20,10.8,10.19
11141,POS消费,地点477,开水,2014/09/25 14:33:46,0.01,10.18
11141,POS消费,地点21,开水,2014/09/25 17:16:49,5.6,4.58
11141,POS消费,地点21,开水,2014/09/26 18:33:00,2.5,2.08
11141,POS消费,地点506,淋浴,2014/09/27 15:06:06,0.4,1.68
11141,POS消费,地点506,淋浴,2014/10/02 00:23:08,0.2,1.48
11141,POS消费,地点477,开水,2014/10/02 01:02:19,0.01,1.47
11141,POS消费,地点477,开水,2014/10/02 21:49:59,0.01,1.46
11141,POS消费,地点477,开水,2014/10/02 22:06:50,0.01,1.45
11141,POS消费,地点477,开水,2014/10/05 01:16:37,0.01,1.44
11141,POS消费,地点477,开水,2014/10/05 01:16:50,0.01,1.43
11141,POS消费,地点477,开水,2014/10/10 17:12:00,0.01,1.42
11141,卡充值,,,2014/10/20 12:36:29,100.0,101.42
11141,POS消费,地点21,开水,2014/10/20 12:39:04,6.0,95.42
11141,POS消费,地点21,开水,2014/10/20 17:32:05,5.5,89.92
11141,POS消费,地点21,开水,2014/10/20 17:32:51,4.5,85.42
11141,POS消费,地点21,开水,2014/10/21 16:22:09,5.0,80.42
11141,POS消费,地点21,开水,2014/10/21 17:27:48,5.0,75.42
11141,POS消费,地点21,开水,2014/10/21 17:28:48,1.8,73.62
11141,POS消费,地点506,淋浴,2014/10/21 23:15:05,0.4,73.22
11141,POS消费,地点506,淋浴,2014/10/21 23:28:42,1.0,72.22
11141,POS消费,地点21,开水,2014/10/22 10:05:11,2.7,69.52
11141,POS消费,地点21,开水,2014/10/22 12:02:55,7.0,62.52
11141,POS消费,地点21,开水,2014/10/22 17:58:02,5.6,56.92
11141,POS消费,地点21,开水,2014/10/22 17:59:03,2.9,54.02
11141,POS消费,地点21,开水,2014/10/22 22:12:56,7.8,46.22
11141,POS消费,地点506,淋浴,2014/10/22 23:27:19,0.6,45.62
11141,POS消费,地点21,开水,2014/10/23 11:36:13,6.0,39.62
11141,POS消费,地点21,开水,2014/10/23 16:57:00,12.0,27.62
11141,POS消费,地点21,开水,2014/10/23 16:57:04,0.5,27.12
11141,POS消费,地点21,开水,2014/10/24 14:09:56,5.2,21.92
11141,POS消费,地点21,开水,2014/10/24 17:43:56,3.0,18.92
11141,POS消费,地点21,开水,2014/10/24 17:44:07,4.0,14.92
11141,POS消费,地点21,开水,2014/10/24 19:16:47,3.1,11.82
11141,POS消费,地点477,开水,2014/10/27 16:16:38,0.01,11.81
11141,POS消费,地点21,开水,2014/10/27 17:57:57,5.0,6.81
11141,POS消费,地点21,开水,2014/10/27 17:58:19,4.0,2.81
11141,POS消费,地点21,开水,2014/10/27 19:03:54,2.0,0.81
11141,卡充值,,,2014/10/28 17:27:47,100.0,100.81
11141,POS消费,地点21,开水,2014/10/28 17:28:58,3.8,97.01
11141,POS消费,地点21,开水,2014/10/28 17:29:37,5.0,92.01
11141,POS消费,地点21,开水,2014/10/28 22:10:23,15.0,77.01
11141,POS消费,地点21,开水,2014/10/28 22:28:38,3.1,73.91
11141,POS消费,地点21,开水,2014/10/29 12:04:17,5.0,68.91
11141,POS消费,地点21,开水,2014/10/29 12:04:46,7.5,61.41
11141,POS消费,地点21,开水,2014/10/29 12:06:29,4.0,57.41
11141,POS消费,地点21,开水,2014/10/31 14:13:51,2.4,55.01
11141,POS消费,地点21,开水,2014/10/31 18:03:17,5.5,49.51
11141,POS消费,地点21,开水,2014/11/02 08:20:23,4.03,45.48
11141,POS消费,地点21,开水,2014/11/02 08:20:35,2.53,42.95
11141,POS消费,地点91,校车,2014/11/02 12:06:27,8.0,34.95
11141,POS消费,地点21,开水,2014/11/03 16:21:55,8.5,26.45
11141,POS消费,地点477,开水,2014/11/03 16:27:34,0.01,26.44
11141,POS消费,地点21,开水,2014/11/03 17:48:17,5.0,21.44
11141,POS消费,地点21,开水,2014/11/03 17:48:48,2.5,18.94
11141,POS消费,地点21,开水,2014/11/04 14:13:52,4.5,14.44
11141,POS消费,地点21,开水,2014/11/04 17:52:29,5.0,9.44
11141,POS消费,地点21,开水,2014/11/04 17:53:25,2.5,6.94
11141,POS消费,地点21,开水,2014/11/04 17:54:14,2.9,4.04
11141,卡充值,,,2014/11/05 18:03:53,40.0,44.04
11141,POS消费,地点232,食堂,2014/11/05 18:06:19,6.0,38.04
11141,POS消费,地点21,开水,2014/11/05 18:07:06,2.9,35.14
11141,POS消费,地点91,校车,2014/11/05 22:13:00,3.0,32.14
11141,POS消费,地点506,淋浴,2014/11/06 00:21:55,0.4,31.74
11141,POS消费,地点21,开水,2014/11/06 10:14:36,8.0,23.74
11141,POS消费,地点21,开水,2014/11/07 16:18:24,14.3,9.44
11141,POS消费,地点21,开水,2014/11/07 17:55:10,7.5,1.94
11141,POS消费,地点477,开水,2014/11/09 13:49:48,0.01,1.93
11141,卡充值,,,2014/11/11 16:11:58,100.0,101.93
11141,POS消费,地点21,开水,2014/11/11 16:14:07,6.5,95.43
11141,POS消费,地点21,开水,2014/11/11 17:26:29,5.0,90.43
11141,POS消费,地点21,开水,2014/11/11 17:27:08,5.2,85.23
11141,POS消费,地点21,开水,2014/11/11 17:27:28,4.0,81.23
11141,POS消费,地点21,开水,2014/11/11 17:28:17,2.9,78.33
11141,POS消费,地点21,开水,2014/11/11 19:19:15,12.0,66.33
11141,POS消费,地点91,校车,2014/11/11 21:19:07,3.0,63.33
11141,POS消费,地点21,开水,2014/11/12 17:35:25,8.9,54.43
11141,POS消费,地点21,开水,2014/11/12 17:36:19,2.9,51.53
11141,POS消费,地点26,图书馆,2014/11/12 21:43:16,10.9,40.63
11141,POS消费,地点26,图书馆,2014/11/12 21:53:38,1.0,39.63
11141,POS消费,地点21,开水,2014/11/13 14:11:46,4.0,35.63
11141,POS消费,地点21,开水,2014/11/14 17:42:11,6.0,29.63
11141,POS消费,地点21,开水,2014/11/14 17:42:41,1.8,27.83
11141,POS消费,地点21,开水,2014/11/16 17:07:44,5.0,22.83
11141,POS消费,地点497,淋浴,2014/11/16 17:39:20,2.1,20.73
11141,POS消费,地点21,开水,2014/11/16 21:58:30,2.7,18.03
11141,POS消费,地点21,开水,2014/11/17 17:04:57,3.7,14.33
11141,POS消费,地点21,开水,2014/11/17 17:05:28,4.4,9.93
11141,POS消费,地点21,开水,2014/11/17 17:07:03,6.0,3.93
11141,卡充值,,,2014/11/24 11:24:29,40.0,43.93
11141,POS消费,地点91,校车,2014/11/24 11:25:48,6.0,37.93
11141,POS消费,地点21,开水,2014/11/24 11:27:26,1.8,36.13
11141,POS消费,地点21,开水,2014/11/24 11:29:17,4.2,31.93
11141,POS消费,地点21,开水,2014/11/24 17:27:49,6.0,25.93
11141,POS消费,地点21,开水,2014/11/24 17:31:14,12.0,13.93
11141,POS消费,地点12,文印中心,2014/11/25 16:25:09,12.2,1.73
11141,卡充值,,,2014/11/25 16:34:02,100.0,101.73
11141,POS消费,地点91,校车,2014/11/25 17:04:34,12.0,89.73
11141,POS消费,地点91,校车,2014/11/25 17:13:17,1.0,88.73
11141,POS消费,地点21,开水,2014/11/25 17:20:49,4.5,84.23
11141,POS消费,地点21,开水,2014/11/26 11:57:14,5.0,79.23
11141,POS消费,地点21,开水,2014/11/26 11:57:46,3.0,76.23
11141,POS消费,地点91,校车,2014/11/26 17:34:40,13.0,63.23
11141,POS消费,地点21,开水,2014/11/26 17:50:39,2.9,60.33
11141,POS消费,地点21,开水,2014/11/26 17:50:51,1.8,58.53
11141,POS消费,地点91,校车,2014/11/27 17:42:01,10.0,48.53
11141,POS消费,地点21,开水,2014/11/27 18:04:15,34.0,14.53
11141,POS消费,地点477,开水,2014/11/27 23:32:57,0.01,14.52
11141,POS消费,地点21,开水,2014/11/28 08:30:07,2.7,11.82
11141,POS消费,地点21,开水,2014/11/28 08:31:25,3.03,8.79
11141,POS消费,地点21,开水,2014/11/28 18:09:47,7.9,0.89
11141,卡充值,,,2014/12/01 17:30:13,100.0,100.89
11141,POS消费,地点21,开水,2014/12/01 17:31:17,4.0,96.89
11141,POS消费,地点21,开水,2014/12/01 21:05:09,10.0,86.89
11141,POS消费,地点21,开水,2014/12/02 12:03:50,5.0,81.89
11141,POS消费,地点91,校车,2014/12/02 17:31:41,9.0,72.89
11141,POS消费,地点21,开水,2014/12/02 17:40:18,4.7,68.19
11141,POS消费,地点21,开水,2014/12/02 17:45:04,12.0,56.19
11141,POS消费,地点21,开水,2014/12/02 22:16:25,11.0,45.19
11141,POS消费,地点91,校车,2014/12/03 17:36:05,14.6,30.59
11141,POS消费,地点232,食堂,2014/12/04 17:42:56,7.0,23.59
11141,POS消费,地点248,超市,2014/12/04 17:56:13,6.6,16.99
11141,POS消费,地点477,开水,2014/12/05 00:21:57,0.01,16.98
11141,POS消费,地点248,超市,2014/12/05 12:28:08,3.7,13.28
11141,POS消费,地点21,开水,2014/12/05 17:34:26,3.7,9.58
11141,POS消费,地点21,开水,2014/12/05 17:34:58,4.4,5.18
11141,POS消费,地点477,开水,2014/12/06 13:33:55,0.01,5.17
11141,卡充值,,,2014/12/08 17:26:24,100.0,105.17
11141,POS消费,地点91,校车,2014/12/08 17:28:01,9.0,96.17
11141,POS消费,地点91,校车,2014/12/08 17:28:28,5.0,91.17
11141,POS消费,地点21,开水,2014/12/08 19:56:46,5.9,85.27
11141,POS消费,地点21,开水,2014/12/09 10:59:43,20.0,65.27
11141,POS消费,地点91,校车,2014/12/09 17:45:50,6.0,59.27
11141,POS消费,地点21,开水,2014/12/09 17:48:02,1.8,57.47
11141,POS消费,地点21,开水,2014/12/12 14:18:15,8.2,49.27
11141,POS消费,地点21,开水,2014/12/12 18:09:03,5.0,44.27
11141,POS消费,地点21,开水,2014/12/12 18:09:26,5.0,39.27
11141,POS消费,地点21,开水,2014/12/12 18:10:12,1.8,37.47
11141,POS消费,地点21,开水,2014/12/15 14:04:04,8.6,28.87
11141,POS消费,地点91,校车,2014/12/19 17:55:25,8.0,20.87
11141,POS消费,地点21,开水,2014/12/19 18:12:37,2.8,18.07
11141,POS消费,地点21,开水,2014/12/25 15:13:10,3.1,14.97
11141,POS消费,地点21,开水,2014/12/27 21:51:21,2.7,12.27
11141,POS消费,地点91,校车,2014/12/28 12:30:48,8.4,3.87
11141,POS消费,地点21,开水,2014/12/28 12:31:52,2.8,1.07
11141,卡充值,,,2015/01/05 16:30:01,100.0,101.07
11141,POS消费,地点21,开水,2015/01/05 16:31:19,2.7,98.37
11141,POS消费,地点91,校车,2015/01/05 17:47:37,8.0,90.37
11141,POS消费,地点21,开水,2015/01/06 14:28:35,4.6,85.77
11141,POS消费,地点91,校车,2015/01/06 16:57:58,9.4,76.37
11141,POS消费,地点21,开水,2015/01/06 16:59:22,1.8,74.57
11141,POS消费,地点21,开水,2015/01/06 20:51:14,30.0,44.57
11141,POS消费,地点477,开水,2015/01/06 23:06:20,0.01,44.56
11141,POS消费,地点6,淋浴,2015/01/07 11:55:41,12.5,32.06
11141,POS消费,地点91,校车,2015/01/07 17:44:39,6.0,26.06
11141,POS消费,地点21,开水,2015/01/07 18:02:28,2.8,23.26
11141,POS消费,地点232,食堂,2015/01/08 17:29:28,6.0,17.26
11141,POS消费,地点91,校车,2015/01/08 17:30:53,9.4,7.86
11141,POS消费,地点21,开水,2015/01/08 17:31:51,4.6,3.26
11141,POS消费,地点21,开水,2015/01/08 17:31:58,1.8,1.46
11141,POS消费,地点477,开水,2015/01/08 19:42:13,0.01,1.45
