11691,POS消费,地点715,开水,2014/09/19 12:47:49,0.01,0.01
11691,POS消费,地点715,开水,2014/09/19 18:06:10,0.01,0.0
11691,卡充值,,,2014/11/25 09:46:49,100.0,100.0
11691,POS消费,地点188,超市,2014/11/25 09:48:39,14.3,85.7
11691,POS消费,地点188,超市,2014/11/25 09:49:12,15.8,69.9
11691,POS消费,地点188,超市,2014/11/25 09:49:17,0.3,69.6
11691,POS消费,地点1683,食堂,2014/11/25 11:19:44,30.0,39.6
11691,POS消费,地点21,开水,2014/11/26 09:14:44,8.6,31.0
11691,POS消费,地点715,开水,2014/11/26 09:29:55,0.37,30.63
11691,POS消费,地点837,校车,2014/11/26 13:08:57,1.0,29.63
11691,POS消费,地点837,校车,2014/11/26 13:09:11,1.0,28.63
11691,POS消费,地点837,校车,2014/11/26 13:09:26,1.0,27.63
11691,POS消费,地点837,校车,2014/11/26 13:09:38,1.0,26.63
11691,POS消费,地点837,校车,2014/11/26 13:09:52,1.0,25.63
11691,POS消费,地点222,校车,2014/11/27 15:57:54,1.0,24.63
11691,POS消费,地点21,开水,2014/11/27 22:29:54,8.3,16.33
11691,POS消费,地点121,开水,2014/11/27 22:47:02,0.15,16.18
11691,POS消费,地点96,淋浴,2014/11/27 23:14:32,0.6,15.58
11691,POS消费,地点1447,校车,2014/11/28 14:40:33,1.0,2.18
11691,POS消费,地点188,超市,2014/11/28 14:45:30,12.4,3.18
11691,POS消费,地点1451,校车,2014/11/29 11:32:43,1.0,1.18
11691,POS消费,地点121,开水,2014/11/29 19:59:29,0.14,1.04
11691,POS消费,地点800,淋浴,2014/11/30 09:37:55,0.5,0.54
11691,POS消费,地点121,开水,2014/12/04 14:16:45,0.12,0.42
11691,卡充值,,,2014/12/05 18:05:05,100.0,100.42
11691,POS消费,地点277,食堂,2014/12/05 18:14:43,5.0,52.02
11691,POS消费,地点238,食堂,2014/12/05 18:19:40,12.0,88.42
11691,POS消费,地点238,食堂,2014/12/05 18:20:04,15.0,73.42
11691,POS消费,地点238,食堂,2014/12/05 18:20:47,3.5,69.92
11691,POS消费,地点280,食堂,2014/12/05 18:22:33,12.9,57.02
11691,POS消费,地点715,开水,2014/12/05 22:36:38,1.01,51.01
11691,POS消费,地点706,淋浴,2014/12/06 13:31:54,1.1,49.91
11691,POS消费,地点188,超市,2014/12/06 21:16:51,1.9,48.01
11691,POS消费,地点21,开水,2014/12/06 22:13:02,30.0,18.01
11691,POS消费,地点21,开水,2014/12/06 22:13:05,2.0,16.01
11691,POS消费,地点195,超市,2014/12/07 21:29:05,13.0,3.01
11691,POS消费,地点121,开水,2014/12/08 03:46:20,0.03,2.98
11691,POS消费,地点121,开水,2014/12/08 16:45:35,0.1,2.88
11691,POS消费,地点61,食堂,2014/12/09 07:27:40,1.63,1.25
11691,POS消费,地点1451,校车,2014/12/10 15:28:46,1.0,0.25
11691,POS消费,地点121,开水,2014/12/10 21:30:26,0.18,0.07
11691,POS消费,地点121,开水,2014/12/11 15:31:08,0.07,0.0
11691,卡挂失,,,2015/02/28 09:57:57,0.0,0.0
11691,卡片开户,,,2015/02/28 09:58:59,115.0,100.0
11691,更新卡信息,,,2015/02/28 09:59:21,0.0,0.0
11691,POS消费,地点1447,校车,2015/02/28 17:46:24,1.0,99.0
11691,POS消费,地点1447,校车,2015/02/28 17:46:32,1.0,98.0
11691,POS消费,地点706,淋浴,2015/03/01 09:17:39,0.6,97.4
11691,POS消费,地点706,淋浴,2015/03/02 07:43:00,0.9,96.5
11691,POS消费,地点89,食堂,2015/03/02 08:12:59,3.0,93.5
11691,POS消费,地点65,食堂,2015/03/02 08:13:32,0.2,93.3
11691,POS消费,地点65,食堂,2015/03/02 08:13:36,0.5,92.8
11691,POS消费,地点89,食堂,2015/03/02 08:16:09,1.0,91.8
11691,POS消费,地点121,开水,2015/03/02 12:11:49,0.16,91.64
11691,POS消费,地点222,校车,2015/03/02 15:26:51,1.0,90.64
11691,POS消费,地点21,开水,2015/03/02 21:29:27,5.5,85.14
11691,POS消费,地点21,开水,2015/03/02 21:29:51,6.0,79.14
11691,POS消费,地点706,淋浴,2015/03/03 07:38:30,1.0,78.14
11691,POS消费,地点89,食堂,2015/03/03 08:06:36,3.0,75.14
11691,POS消费,地点89,食堂,2015/03/03 08:10:03,1.0,74.14
11691,POS消费,地点65,食堂,2015/03/03 08:12:33,0.7,73.44
11691,POS消费,地点121,开水,2015/03/03 12:20:00,0.11,73.33
11691,POS消费,地点706,淋浴,2015/03/04 07:16:00,0.6,72.73
11691,POS消费,地点706,淋浴,2015/03/05 10:16:51,0.9,71.83
11691,POS消费,地点121,开水,2015/03/05 17:08:47,0.12,71.71
11691,POS消费,地点192,超市,2015/03/05 21:26:59,30.0,41.71
11691,POS消费,地点192,超市,2015/03/05 21:27:03,2.2,39.51
11691,POS消费,地点706,淋浴,2015/03/06 07:45:12,0.8,38.71
11691,POS消费,地点89,食堂,2015/03/06 08:08:25,3.0,35.01
11691,POS消费,地点60,食堂,2015/03/06 08:30:22,0.7,38.01
11691,POS消费,地点2031,食堂,2015/03/06 12:05:38,6.1,28.91
11691,POS消费,地点2031,食堂,2015/03/06 12:06:02,6.6,22.31
11691,POS消费,地点841,食堂,2015/03/06 12:14:56,1.8,20.51
11691,POS消费,地点121,开水,2015/03/06 17:46:45,0.1,20.41
11691,POS消费,地点256,食堂,2015/03/06 18:56:21,3.0,17.41
11691,POS消费,地点217,食堂,2015/03/06 18:58:58,10.0,7.41
11691,POS消费,地点256,食堂,2015/03/06 19:00:18,6.0,1.41
11691,POS消费,地点706,淋浴,2015/03/07 11:52:10,1.0,0.41
11691,POS消费,地点121,开水,2015/03/08 13:45:18,0.13,0.28
11691,POS消费,地点706,淋浴,2015/03/09 11:59:41,0.2,0.08
11691,POS消费,地点715,开水,2015/03/09 15:37:33,0.08,0.0
11691,卡片销户,,,2015/03/23 14:18:54,0.0,0.0
11691,卡补办,,,2015/03/23 14:23:30,15.0,0.0
11691,更新卡信息,,,2015/03/23 14:24:08,0.0,0.0
11691,卡充值,,,2015/05/05 18:01:13,100.0,100.0
11691,POS消费,地点286,食堂,2015/05/05 18:06:10,1.0,99.0
11691,POS消费,地点267,食堂,2015/05/05 18:07:52,6.0,87.0
11691,POS消费,地点841,食堂,2015/05/05 18:10:45,1.8,85.2
11691,POS消费,地点841,食堂,2015/05/05 18:17:34,1.0,84.2
11691,POS消费,地点2273,食堂,2015/05/05 19:17:44,6.0,93.0
11691,POS消费,地点800,淋浴,2015/05/06 08:07:58,0.9,83.3
11691,POS消费,地点234,食堂,2015/05/06 17:55:47,7.6,75.7
11691,POS消费,地点264,食堂,2015/05/06 18:00:36,5.0,70.7
11691,POS消费,地点1847,食堂,2015/05/06 18:10:58,2.5,68.2
11691,POS消费,地点21,开水,2015/05/06 18:25:12,1.5,66.7
11691,POS消费,地点218,食堂,2015/05/07 11:58:58,1.8,60.3
11691,POS消费,地点60,食堂,2015/05/07 12:00:17,4.6,62.1
11691,POS消费,地点21,开水,2015/05/07 13:38:05,1.5,58.8
11691,POS消费,地点21,开水,2015/05/07 22:00:00,1.5,57.3
11691,POS消费,地点800,淋浴,2015/05/07 22:06:06,0.5,56.8
11691,POS消费,地点706,淋浴,2015/05/07 22:13:14,0.3,56.5
11691,POS消费,地点714,淋浴,2015/05/08 07:43:40,0.4,56.1
11691,POS消费,地点69,食堂,2015/05/08 11:17:57,8.6,47.5
11691,POS消费,地点1545,食堂,2015/05/08 11:18:56,1.5,46.0
11691,POS消费,地点218,食堂,2015/05/08 11:20:59,1.8,44.2
11691,POS消费,地点21,开水,2015/05/08 14:34:07,3.2,41.0
11691,POS消费,地点219,超市,2015/05/08 16:00:50,4.0,37.0
11691,POS消费,地点219,超市,2015/05/08 16:00:53,4.0,33.0
11691,POS消费,地点188,超市,2015/05/08 16:14:58,11.5,21.5
11691,POS消费,地点26,图书馆,2015/05/08 22:49:47,3.0,18.5
11691,POS消费,地点21,开水,2015/05/09 11:10:50,13.6,4.9
11691,POS消费,地点21,开水,2015/05/09 11:11:59,3.6,1.3
11691,POS消费,地点800,淋浴,2015/05/10 20:04:39,1.0,0.3
11691,POS消费,地点714,淋浴,2015/05/14 23:04:13,0.3,0.0
11691,支付领取,,,2015/07/02 12:55:10,74.0,74.0
11691,POS消费,地点188,超市,2015/07/02 18:23:50,7.3,66.7
11691,POS消费,地点26,图书馆,2015/07/02 18:26:38,3.0,63.7
11691,POS消费,地点192,超市,2015/07/03 11:05:02,20.1,43.6
11691,POS消费,地点800,淋浴,2015/07/03 12:07:18,1.2,42.4
11691,POS消费,地点188,超市,2015/07/03 20:53:02,28.1,14.3
11691,POS消费,地点26,图书馆,2015/07/03 20:56:32,0.4,13.9
11691,POS消费,地点87,食堂,2015/07/04 11:58:25,4.6,9.3
11691,POS消费,地点192,超市,2015/07/05 14:26:24,3.8,5.5
11691,POS消费,地点192,超市,2015/07/05 14:26:37,3.0,2.5
11691,POS消费,地点800,淋浴,2015/07/05 18:18:42,0.7,1.8
11691,POS消费,地点996,图书馆,2015/07/05 19:47:15,4.0,47.8
11691,POS消费,地点996,图书馆,2015/07/05 19:47:27,4.6,43.2
11691,POS消费,地点996,图书馆,2015/07/05 19:53:27,2.8,40.4
11691,支付领取,,,2015/07/05 20:45:39,50.0,51.8
11691,POS消费,地点192,超市,2015/07/05 21:54:16,11.0,29.4
11691,POS消费,地点274,超市,2015/07/06 14:14:50,3.8,25.6
11691,POS消费,地点192,超市,2015/07/06 16:20:13,8.9,16.7
11691,POS消费,地点1155,食堂,2015/07/07 09:09:36,9.9,6.8
11691,POS消费,地点21,开水,2015/07/07 11:06:45,3.0,3.8
11691,POS消费,地点192,超市,2015/07/07 20:30:21,5.0,48.8
11691,支付领取,,,2015/07/07 21:26:57,50.0,53.8
11691,POS消费,地点800,淋浴,2015/07/08 11:05:56,1.3,47.5
11691,POS消费,地点192,超市,2015/07/08 11:32:46,7.5,40.0
11691,POS消费,地点192,超市,2015/07/08 18:04:32,30.0,10.0
11691,POS消费,地点192,超市,2015/07/08 18:04:36,6.3,3.7
11691,POS消费,地点2172,文印中心,2015/07/09 11:33:36,11.7,1.4
11691,POS消费,地点60,食堂,2015/07/09 11:49:14,5.6,13.1
11691,支付领取,,,2015/07/09 12:40:58,15.0,18.7
11691,POS消费,地点2172,文印中心,2015/07/09 16:04:18,8.4,8.0
11691,POS消费,地点274,超市,2015/07/09 16:41:42,6.5,1.5
11691,支付领取,,,2015/07/09 17:24:00,15.0,16.4
11691,支付领取,,,2015/07/09 22:35:58,20.0,21.5
11691,POS消费,地点706,淋浴,2015/07/10 08:40:03,1.2,20.3
11691,POS消费,地点192,超市,2015/07/10 09:07:09,7.0,13.3
11691,POS消费,地点257,食堂,2015/07/10 11:12:11,3.0,10.3
11691,POS消费,地点840,食堂,2015/07/10 11:12:39,4.5,5.8
11691,POS消费,地点841,食堂,2015/07/10 11:27:39,1.0,4.8
11691,POS消费,地点274,超市,2015/07/10 11:37:12,3.3,1.5
11691,POS消费,地点96,淋浴,2015/07/11 22:37:56,0.9,0.6
11691,POS消费,地点800,淋浴,2015/07/12 20:58:38,0.5,0.1
11691,卡充值,,,2015/07/15 14:30:34,100.0,100.1
11691,,,,2015/07/15 15:34:58,50.0,50.1
11691,POS消费,地点706,淋浴,2015/07/15 23:31:00,0.3,49.8
11691,POS消费,地点706,淋浴,2015/07/16 12:52:47,0.6,49.2
11691,POS消费,地点706,淋浴,2015/07/17 03:26:18,0.3,48.9
11691,POS消费,地点706,淋浴,2015/07/17 03:33:28,0.3,48.6
11691,POS消费,地点96,淋浴,2015/07/17 22:46:09,0.6,48.0
11691,POS消费,地点706,淋浴,2015/07/26 03:30:27,0.6,47.4
11691,POS消费,地点274,超市,2015/08/26 19:44:58,3.6,43.8
11691,POS消费,地点274,超市,2015/08/26 22:17:14,10.1,33.7
11691,POS消费,地点706,淋浴,2015/08/26 23:28:25,0.5,33.2
11691,POS消费,地点118,食堂,2015/08/27 10:28:39,18.0,15.2
11691,POS消费,地点800,淋浴,2015/08/28 00:59:19,0.4,14.8
11691,POS消费,地点304,超市,2015/08/29 22:47:39,7.6,6.7
11691,POS消费,地点12,文印中心,2015/08/31 07:47:51,1.2,4.7
11691,POS消费,地点12,文印中心,2015/08/31 07:47:57,0.5,4.2
11691,POS消费,地点12,文印中心,2015/08/31 07:52:39,0.5,3.7
11691,POS消费,地点800,淋浴,2015/08/31 09:43:41,0.5,14.3
11691,POS消费,地点706,淋浴,2015/08/31 09:44:00,0.2,6.5
11691,POS消费,地点800,淋浴,2015/08/31 09:44:15,0.6,5.9
11691,POS消费,地点800,淋浴,2015/08/31 22:25:19,0.1,3.6
