11890,POS消费,地点188,超市,2013/09/01 12:08:31,29.2,220.33
11890,POS消费,地点16,开水,2013/09/02 08:23:58,0.03,220.3
11890,POS消费,地点799,淋浴,2013/09/02 08:40:58,1.5,218.8
11890,POS消费,地点16,开水,2013/09/02 09:26:23,0.08,218.72
11890,POS消费,地点21,开水,2013/09/02 09:52:10,16.1,202.62
11890,POS消费,地点61,食堂,2013/09/02 12:28:44,7.6,195.02
11890,POS消费,地点218,食堂,2013/09/02 12:38:39,3.0,192.02
11890,POS消费,地点188,超市,2013/09/02 12:45:21,30.0,162.02
11890,POS消费,地点188,超市,2013/09/02 12:45:24,30.0,132.02
11890,POS消费,地点188,超市,2013/09/02 12:46:30,15.1,116.92
11890,POS消费,地点526,食堂,2013/09/02 16:59:11,9.0,107.92
11890,POS消费,地点118,食堂,2013/09/02 17:29:55,14.5,93.42
11890,POS消费,地点21,开水,2013/09/02 17:34:56,22.6,70.82
11890,POS消费,地点16,开水,2013/09/02 22:59:13,0.11,70.71
11890,POS消费,地点118,食堂,2013/09/03 08:32:36,9.0,61.71
11890,卡片销户,,,2013/09/03 10:20:59,61.71,0.0
