16443,POS消费,地点825,淋浴,2014/09/14 19:47:27,0.1,1.39
16443,POS消费,地点612,淋浴,2014/09/14 19:49:22,0.1,1.29
16443,POS消费,地点110,开水,2014/09/16 00:35:48,0.02,1.27
16443,POS消费,地点620,淋浴,2014/09/17 01:18:46,0.1,1.17
16443,POS消费,地点547,淋浴,2014/09/17 01:26:46,0.4,0.77
16443,POS消费,地点547,淋浴,2014/09/18 01:10:34,0.3,0.47
16443,POS消费,地点1497,淋浴,2014/09/18 17:38:28,0.3,0.17
16443,卡充值,,,2014/09/22 13:19:02,100.0,100.17
16443,POS消费,地点192,超市,2014/09/22 13:40:18,17.5,82.67
16443,POS消费,地点1160,洗衣房,2014/09/22 15:07:09,3.6,79.07
16443,POS消费,地点1497,淋浴,2014/09/22 21:01:38,0.2,78.87
16443,POS消费,地点213,食堂,2014/09/23 15:03:40,6.0,72.87
16443,POS消费,地点1497,淋浴,2014/09/23 20:21:04,0.2,72.67
16443,POS消费,地点110,开水,2014/09/23 22:41:27,0.01,72.66
16443,POS消费,地点1497,淋浴,2014/09/24 12:11:54,0.4,72.26
16443,POS消费,地点188,超市,2014/09/24 17:55:39,20.3,51.96
16443,POS消费,地点1497,淋浴,2014/09/25 21:59:46,0.2,51.76
16443,POS消费,地点547,淋浴,2014/09/26 19:37:06,0.2,51.56
16443,POS消费,地点26,图书馆,2014/09/26 22:26:40,17.8,33.76
16443,POS消费,地点1181,洗衣房,2014/09/26 22:58:41,3.6,30.16
16443,POS消费,地点547,淋浴,2014/09/28 08:41:53,0.2,29.96
16443,POS消费,地点1442,校车,2014/09/28 12:03:11,1.0,28.96
16443,POS消费,地点1442,校车,2014/09/28 16:33:51,1.0,27.96
16443,POS消费,地点1181,洗衣房,2014/09/28 22:03:09,3.6,24.36
16443,POS消费,地点547,淋浴,2014/09/29 21:40:00,0.2,24.16
16443,POS消费,地点1170,洗衣房,2014/09/30 21:09:22,3.6,20.56
16443,POS消费,地点188,超市,2014/10/06 21:57:21,12.5,8.06
16443,POS消费,地点1160,洗衣房,2014/10/15 21:45:59,3.6,4.46
16443,POS消费,地点110,开水,2014/10/15 21:52:15,0.02,4.44
16443,POS消费,地点547,淋浴,2014/10/18 16:52:08,0.4,4.04
16443,POS消费,地点1200,洗衣房,2014/10/19 14:24:25,3.0,1.04
16443,POS消费,地点547,淋浴,2014/10/19 16:46:36,0.3,0.74
16443,POS消费,地点1497,淋浴,2014/10/20 19:14:48,0.2,0.54
16443,POS消费,地点1497,淋浴,2014/10/21 18:38:26,0.3,0.24
16443,POS消费,地点547,淋浴,2014/10/22 14:35:52,0.2,0.04
16443,卡充值,,,2014/11/07 11:22:00,50.0,50.04
16443,POS消费,地点1497,淋浴,2014/11/07 19:22:21,0.3,49.74
16443,POS消费,地点1181,洗衣房,2014/11/07 19:26:14,3.6,46.14
16443,POS消费,地点1497,淋浴,2014/11/13 23:09:31,0.4,45.74
16443,POS消费,地点612,淋浴,2014/11/14 21:54:07,0.3,45.44
16443,POS消费,地点1497,淋浴,2014/11/15 18:56:03,0.2,45.24
16443,POS消费,地点188,超市,2014/11/15 22:39:19,7.3,37.94
16443,POS消费,地点188,超市,2014/11/15 22:41:04,29.8,8.14
16443,POS消费,地点1181,洗衣房,2014/11/16 20:25:16,3.6,4.54
16443,POS消费,地点1497,淋浴,2014/11/18 18:47:36,0.5,4.04
16443,POS消费,地点547,淋浴,2014/11/20 10:45:03,0.4,3.64
16443,,,,2014/11/20 11:08:07,2.0,1.64
16443,卡充值,,,2014/11/21 17:46:43,20.0,21.64
16443,POS消费,地点547,淋浴,2014/11/23 20:59:38,0.3,21.34
16443,POS消费,地点1497,淋浴,2014/11/25 20:31:07,0.3,21.04
16443,POS消费,地点1160,洗衣房,2014/12/02 05:59:48,3.6,17.44
16443,POS消费,地点1170,洗衣房,2014/12/07 15:14:14,3.6,13.84
16443,POS消费,地点1497,淋浴,2014/12/09 19:03:28,0.4,13.44
16443,卡充值,,,2014/12/10 16:33:39,100.0,113.44
16443,POS消费,地点248,超市,2014/12/10 17:53:20,4.6,108.84
16443,POS消费,地点248,超市,2014/12/10 17:54:02,8.6,100.24
16443,POS消费,地点91,校车,2014/12/10 17:56:41,7.5,92.74
16443,POS消费,地点91,校车,2014/12/10 17:56:56,7.5,92.74
16443,POS消费,地点91,校车,2014/12/11 07:58:20,5.3,87.44
16443,POS消费,地点91,校车,2014/12/11 07:58:24,5.3,82.14
16443,POS消费,地点21,开水,2014/12/11 11:04:23,9.6,72.54
16443,POS消费,地点1497,淋浴,2014/12/11 20:23:00,0.4,72.14
16443,POS消费,地点1155,食堂,2014/12/12 16:23:05,8.7,63.44
16443,POS消费,地点203,食堂,2014/12/12 17:56:44,7.5,55.94
16443,POS消费,地点203,食堂,2014/12/12 17:56:57,6.5,49.44
16443,POS消费,地点282,食堂,2014/12/12 18:03:47,2.0,47.44
16443,POS消费,地点192,超市,2014/12/15 15:42:59,6.0,41.44
16443,POS消费,地点1170,洗衣房,2014/12/16 09:38:02,3.6,37.84
16443,POS消费,地点1497,淋浴,2014/12/16 21:01:08,0.3,37.54
16443,POS消费,地点91,校车,2014/12/17 06:58:50,11.8,25.74
16443,POS消费,地点91,校车,2014/12/17 06:59:04,6.0,19.74
16443,POS消费,地点2172,文印中心,2014/12/17 16:00:09,0.15,19.59
16443,POS消费,地点110,开水,2014/12/18 11:05:23,0.01,19.58
16443,POS消费,地点21,开水,2014/12/19 08:39:27,3.6,15.98
16443,POS消费,地点21,开水,2014/12/19 08:39:47,5.8,10.18
16443,POS消费,地点1497,淋浴,2014/12/20 05:59:42,0.3,9.88
16443,POS消费,地点1497,淋浴,2014/12/26 19:46:18,0.2,3.58
16443,POS消费,地点1497,淋浴,2015/01/10 12:22:56,0.3,3.28
16443,POS消费,地点547,淋浴,2015/01/18 12:10:31,0.3,2.98
16443,POS消费,地点1497,淋浴,2015/01/18 20:29:10,0.2,2.78
16443,卡充值,,,2015/01/19 12:08:38,50.0,52.78
16443,POS消费,地点192,超市,2015/01/20 21:42:07,29.7,23.08
16443,POS消费,地点1497,淋浴,2015/01/20 22:21:49,0.3,22.78
16443,POS消费,地点1497,淋浴,2015/01/22 22:13:50,0.7,22.08
16443,POS消费,地点1181,洗衣房,2015/01/23 14:35:41,3.6,18.48
16443,,,,2015/01/23 14:59:44,6.0,12.48
16443,POS消费,地点1497,淋浴,2015/01/23 18:40:27,0.5,11.98
16443,POS消费,地点1497,淋浴,2015/01/24 20:08:23,0.3,11.68
16443,POS消费,地点1497,淋浴,2015/01/27 20:09:35,0.4,11.28
16443,POS消费,地点1497,淋浴,2015/01/29 20:23:27,0.5,10.78
16443,POS消费,地点1181,洗衣房,2015/01/30 22:40:37,3.6,7.18
16443,POS消费,地点1497,淋浴,2015/01/31 11:57:07,0.2,6.98
16443,POS消费,地点1497,淋浴,2015/02/02 21:56:12,0.3,6.68
16443,POS消费,地点1497,淋浴,2015/02/11 05:58:17,0.2,6.48
16443,POS消费,地点1160,洗衣房,2015/02/27 23:08:04,3.6,2.88
16443,POS消费,地点547,淋浴,2015/03/01 23:29:45,0.3,2.58
16443,POS消费,地点110,开水,2015/03/04 15:27:48,0.01,2.57
16443,POS消费,地点1497,淋浴,2015/03/09 21:54:55,0.1,2.47
16443,POS消费,地点1497,淋浴,2015/03/13 18:42:41,0.3,2.17
16443,POS消费,地点612,淋浴,2015/03/14 12:58:50,0.1,2.07
16443,POS消费,地点547,淋浴,2015/03/14 12:59:27,0.4,1.67
16443,POS消费,地点547,淋浴,2015/03/15 01:15:43,0.2,1.47
16443,POS消费,地点110,开水,2015/03/15 22:49:20,0.01,1.46
16443,POS消费,地点110,开水,2015/03/19 15:27:23,0.01,0.95
16443,POS消费,地点110,开水,2015/03/27 16:01:33,0.01,0.34
16443,卡充值,,,2015/03/30 11:27:21,100.0,100.04
16443,POS消费,地点21,开水,2015/03/31 08:39:41,1.5,98.54
16443,POS消费,地点1497,淋浴,2015/04/03 18:35:30,0.2,98.34
16443,POS消费,地点1181,洗衣房,2015/04/07 07:43:30,3.6,94.74
16443,POS消费,地点1155,食堂,2015/04/08 08:32:49,6.0,88.74
16443,POS消费,地点192,超市,2015/04/08 10:31:06,10.0,78.74
16443,POS消费,地点1497,淋浴,2015/04/08 20:46:54,0.4,78.34
16443,POS消费,地点1155,食堂,2015/04/09 14:43:31,9.5,68.84
16443,POS消费,地点232,食堂,2015/04/09 18:42:46,6.6,62.24
16443,POS消费,地点547,淋浴,2015/04/09 19:44:32,0.2,62.04
16443,POS消费,地点547,淋浴,2015/04/12 00:12:44,0.3,61.74
16443,POS消费,地点1497,淋浴,2015/04/12 19:33:42,0.3,61.44
16443,POS消费,地点21,开水,2015/04/13 17:47:33,7.1,54.34
16443,POS消费,地点21,开水,2015/04/14 08:45:29,9.0,45.34
16443,POS消费,地点232,食堂,2015/04/14 11:30:18,7.6,37.74
16443,POS消费,地点21,开水,2015/04/14 11:38:26,6.5,31.24
16443,POS消费,地点1497,淋浴,2015/04/14 18:58:29,0.2,31.04
16443,POS消费,地点1155,食堂,2015/04/15 09:30:15,8.0,23.04
16443,POS消费,地点1155,食堂,2015/04/15 09:30:19,1.8,21.24
16443,POS消费,地点1181,洗衣房,2015/04/15 14:41:47,3.6,17.64
16443,POS消费,地点1497,淋浴,2015/04/15 19:31:19,0.5,17.14
16443,POS消费,地点232,食堂,2015/04/16 18:12:25,5.6,11.54
16443,POS消费,地点547,淋浴,2015/04/16 23:16:16,0.2,11.34
16443,POS消费,地点547,淋浴,2015/04/17 13:58:06,0.3,11.04
16443,POS消费,地点1497,淋浴,2015/04/17 19:43:17,0.2,10.84
16443,POS消费,地点1181,洗衣房,2015/04/18 19:41:33,3.6,7.24
16443,POS消费,地点547,淋浴,2015/04/20 01:53:31,0.3,6.94
16443,POS消费,地点1483,淋浴,2015/04/21 22:25:59,0.1,6.84
16443,POS消费,地点1497,淋浴,2015/04/21 22:26:20,0.2,6.64
16443,POS消费,地点1170,洗衣房,2015/04/22 19:56:10,3.6,3.04
16443,POS消费,地点547,淋浴,2015/04/22 23:52:32,0.5,2.54
16443,POS消费,地点1497,淋浴,2015/04/27 18:58:28,0.6,1.94
16443,POS消费,地点110,开水,2015/04/27 22:34:06,0.01,1.93
16443,POS消费,地点1497,淋浴,2015/04/28 00:04:51,1.0,0.93
16443,卡充值,,,2015/04/28 11:04:09,100.0,100.93
16443,POS消费,地点1170,洗衣房,2015/04/28 21:58:26,3.6,97.33
16443,POS消费,地点825,淋浴,2015/04/29 18:11:00,0.3,96.93
16443,POS消费,地点1497,淋浴,2015/04/29 18:11:00,0.1,97.23
16443,POS消费,地点1155,食堂,2015/04/30 15:17:32,10.5,86.43
16443,POS消费,地点1551,食堂,2015/04/30 17:45:53,15.6,70.83
16443,POS消费,地点1036,食堂,2015/04/30 17:48:04,1.5,69.33
16443,POS消费,地点1497,淋浴,2015/05/01 20:01:09,0.1,69.23
16443,POS消费,地点825,淋浴,2015/05/01 20:01:14,0.2,69.03
16443,POS消费,地点816,校车,2015/05/04 13:18:49,1.0,59.53
16443,POS消费,地点1155,食堂,2015/05/04 13:31:49,8.5,60.53
16443,POS消费,地点825,淋浴,2015/05/05 19:43:25,0.3,59.13
16443,POS消费,地点1497,淋浴,2015/05/05 19:43:59,0.1,59.43
16443,POS消费,地点118,食堂,2015/05/06 15:31:07,12.0,47.13
16443,POS消费,地点1200,洗衣房,2015/05/07 00:00:02,3.0,44.13
16443,POS消费,地点547,淋浴,2015/05/07 18:35:18,0.3,43.83
16443,POS消费,地点118,食堂,2015/05/12 16:14:44,6.5,37.33
16443,POS消费,地点1497,淋浴,2015/05/12 18:29:39,0.1,37.23
16443,POS消费,地点1497,淋浴,2015/05/12 18:30:02,0.1,37.13
16443,POS消费,地点825,淋浴,2015/05/12 23:59:34,0.3,36.83
16443,POS消费,地点1181,洗衣房,2015/05/13 00:49:23,3.6,33.23
16443,POS消费,地点91,校车,2015/05/13 11:06:04,5.0,28.23
16443,POS消费,地点91,校车,2015/05/13 11:07:12,5.0,23.23
16443,POS消费,地点1155,食堂,2015/05/13 19:15:34,3.4,19.53
16443,POS消费,地点825,淋浴,2015/05/14 01:05:36,0.3,22.93
16443,POS消费,地点91,校车,2015/05/14 17:50:35,7.2,12.33
16443,POS消费,地点21,开水,2015/05/14 20:32:36,3.2,9.13
16443,POS消费,地点546,淋浴,2015/05/14 23:20:14,0.02,9.11
16443,POS消费,地点1181,洗衣房,2015/05/15 16:04:30,3.6,5.51
16443,POS消费,地点620,淋浴,2015/05/15 19:24:28,0.2,5.31
16443,POS消费,地点1483,淋浴,2015/05/15 19:36:30,0.8,4.51
16443,POS消费,地点825,淋浴,2015/05/16 01:58:55,0.1,4.41
16443,POS消费,地点825,淋浴,2015/05/17 14:22:32,0.5,3.91
16443,POS消费,地点222,校车,2015/05/17 16:13:56,1.0,2.91
16443,POS消费,地点222,校车,2015/05/17 16:15:34,1.0,1.91
16443,POS消费,地点825,淋浴,2015/05/18 18:55:34,0.2,1.71
16443,POS消费,地点62,淋浴,2015/05/18 18:59:50,0.3,1.41
16443,POS消费,地点110,开水,2015/05/19 22:28:02,0.03,1.38
16443,POS消费,地点825,淋浴,2015/05/21 15:10:08,0.1,1.28
16443,POS消费,地点62,淋浴,2015/05/21 15:10:44,0.4,0.88
16443,POS消费,地点62,淋浴,2015/05/22 15:56:00,0.2,0.68
16443,POS消费,地点62,淋浴,2015/05/22 18:56:29,0.1,0.58
16443,POS消费,地点612,淋浴,2015/05/22 18:57:03,0.1,0.48
16443,POS消费,地点1483,淋浴,2015/05/22 18:57:12,0.2,0.28
16443,POS消费,地点62,淋浴,2015/05/23 23:50:03,0.1,0.18
16443,卡充值,,,2015/05/25 11:20:23,100.0,100.18
16443,POS消费,地点1497,淋浴,2015/05/26 00:45:31,0.1,99.98
16443,POS消费,地点825,淋浴,2015/05/26 00:46:00,0.1,100.08
16443,POS消费,地点825,淋浴,2015/05/26 00:48:00,0.2,99.78
16443,POS消费,地点118,食堂,2015/05/26 19:26:59,17.4,81.88
16443,POS消费,地点62,淋浴,2015/05/27 00:35:11,0.5,99.28
16443,POS消费,地点232,食堂,2015/05/27 11:36:48,7.1,74.78
16443,POS消费,地点232,食堂,2015/05/27 11:36:55,5.6,69.18
16443,POS消费,地点232,食堂,2015/05/27 11:37:08,5.6,69.18
16443,POS消费,地点118,食堂,2015/05/27 14:59:42,4.9,64.28
16443,POS消费,地点547,淋浴,2015/05/27 18:54:43,0.2,64.08
16443,POS消费,地点620,淋浴,2015/05/27 23:47:01,0.1,63.98
16443,POS消费,地点1170,洗衣房,2015/05/28 23:08:37,3.6,60.38
16443,POS消费,地点62,淋浴,2015/05/28 23:12:06,0.1,60.28
16443,POS消费,地点547,淋浴,2015/05/28 23:15:24,0.3,59.98
16443,POS消费,地点118,食堂,2015/05/30 08:58:57,6.4,53.58
16443,POS消费,地点547,淋浴,2015/05/31 18:02:08,0.2,53.38
16443,POS消费,地点2172,文印中心,2015/06/01 10:34:07,23.4,29.98
16443,POS消费,地点1483,淋浴,2015/06/02 01:43:01,0.3,29.58
16443,POS消费,地点62,淋浴,2015/06/02 01:43:03,0.1,29.88
16443,POS消费,地点1170,洗衣房,2015/06/02 23:19:06,3.6,1.98
16443,POS消费,地点1483,淋浴,2015/06/03 20:11:07,0.2,1.78
16443,POS消费,地点110,开水,2015/06/04 23:32:14,0.04,1.74
16443,卡充值,,,2015/06/05 11:17:07,100.0,101.74
16443,POS消费,地点91,校车,2015/06/05 11:17:54,5.6,96.14
16443,POS消费,地点91,校车,2015/06/05 11:19:57,5.4,90.74
16443,POS消费,地点91,校车,2015/06/05 11:20:16,1.5,89.24
16443,POS消费,地点21,开水,2015/06/06 06:48:43,1.8,87.44
16443,POS消费,地点547,淋浴,2015/06/06 12:30:11,0.5,86.94
16443,POS消费,地点118,食堂,2015/06/06 13:47:33,6.8,80.14
16443,POS消费,地点1155,食堂,2015/06/06 19:56:05,13.0,67.14
16443,POS消费,地点1170,洗衣房,2015/06/07 01:07:13,3.6,63.44
16443,POS消费,地点21,开水,2015/06/07 11:37:05,6.6,56.84
16443,POS消费,地点118,食堂,2015/06/07 11:52:01,8.2,48.64
16443,POS消费,地点6,淋浴,2015/06/07 22:04:16,0.1,67.04
16443,POS消费,地点274,超市,2015/06/08 14:39:36,12.9,35.74
16443,POS消费,地点546,淋浴,2015/06/08 18:47:25,0.01,35.53
16443,POS消费,地点547,淋浴,2015/06/08 18:47:35,0.2,35.54
16443,POS消费,地点1483,淋浴,2015/06/08 18:51:46,0.3,35.23
16443,POS消费,地点274,超市,2015/06/09 14:49:23,15.8,19.43
16443,POS消费,地点118,食堂,2015/06/10 15:40:02,10.5,8.93
16443,POS消费,地点1483,淋浴,2015/06/11 18:54:06,0.4,8.53
16443,POS消费,地点1483,淋浴,2015/06/13 19:48:36,0.2,8.33
16443,POS消费,地点547,淋浴,2015/06/15 18:25:15,0.3,8.03
16443,POS消费,地点1170,洗衣房,2015/06/15 18:28:15,3.6,4.43
16443,POS消费,地点1181,洗衣房,2015/06/23 19:15:02,3.6,0.83
16443,POS消费,地点825,淋浴,2015/06/23 19:22:48,0.2,0.63
16443,POS消费,地点825,淋浴,2015/06/24 18:26:46,0.2,0.43
16443,POS消费,地点825,淋浴,2015/06/25 19:00:07,0.3,0.13
16443,POS消费,地点232,食堂,2015/07/01 11:47:15,14.2,83.93
16443,支付领取,,,2015/07/01 12:43:37,98.0,98.13
16443,POS消费,地点825,淋浴,2015/07/01 15:07:23,0.3,83.63
16443,POS消费,地点6,淋浴,2015/07/01 17:25:30,7.1,76.53
16443,POS消费,地点21,开水,2015/07/01 17:45:00,4.0,72.53
16443,POS消费,地点1181,洗衣房,2015/07/01 21:32:03,3.6,68.93
16443,POS消费,地点825,淋浴,2015/07/02 18:15:05,0.3,68.63
16443,POS消费,地点232,食堂,2015/07/03 11:24:45,5.6,63.03
16443,POS消费,地点232,食堂,2015/07/03 11:24:48,7.1,55.93
16443,POS消费,地点825,淋浴,2015/07/03 12:14:06,0.3,55.63
16443,POS消费,地点1181,洗衣房,2015/07/04 23:28:13,3.6,52.03
16443,POS消费,地点547,淋浴,2015/07/04 23:31:11,0.3,51.73
16443,POS消费,地点547,淋浴,2015/07/06 00:22:12,0.5,51.23
16443,POS消费,地点21,开水,2015/07/07 10:56:03,10.6,40.63
16443,POS消费,地点21,开水,2015/07/07 10:57:04,2.9,37.73
16443,POS消费,地点1155,食堂,2015/07/07 20:55:55,4.4,33.33
16443,POS消费,地点1155,食堂,2015/07/07 20:56:11,10.0,23.33
16443,POS消费,地点612,淋浴,2015/07/08 00:12:55,0.3,23.03
16443,POS消费,地点21,开水,2015/07/08 08:58:55,3.7,19.33
16443,POS消费,地点118,食堂,2015/07/08 10:30:59,7.0,12.33
16443,POS消费,地点146,校车,2015/07/08 13:53:44,1.0,11.33
16443,POS消费,地点21,开水,2015/07/09 09:10:33,3.0,8.33
16443,POS消费,地点91,校车,2015/07/09 12:12:09,7.3,1.03
16443,支付领取,,,2015/07/09 13:31:55,50.0,51.03
16443,POS消费,地点118,食堂,2015/07/09 22:27:27,8.4,42.63
16443,POS消费,地点1170,洗衣房,2015/07/09 23:15:50,3.6,39.03
16443,POS消费,地点612,淋浴,2015/07/10 12:57:58,0.4,38.63
16443,POS消费,地点825,淋浴,2015/07/11 11:10:06,0.2,38.43
16443,POS消费,地点21,开水,2015/07/12 11:37:35,5.6,32.83
16443,POS消费,地点192,超市,2015/07/12 20:15:17,11.5,21.33
16443,POS消费,地点825,淋浴,2015/07/13 02:04:37,0.3,21.03
16443,POS消费,地点6,淋浴,2015/07/13 11:24:09,16.5,0.93
16443,POS消费,地点1170,洗衣房,2015/07/13 13:28:20,3.6,17.43
