16783,卡挂失,,,2015/03/02 10:10:37,0.0,0.0
16783,卡片开户,,,2015/03/02 10:12:20,215.0,200.0
16783,更新卡信息,,,2015/03/02 10:12:39,0.0,0.0
16783,POS消费,地点217,食堂,2015/03/02 11:47:33,10.0,190.0
16783,POS消费,地点192,超市,2015/03/02 12:03:27,30.0,160.0
16783,POS消费,地点192,超市,2015/03/02 12:03:33,-30.0,190.0
16783,POS消费,地点192,超市,2015/03/02 12:03:37,30.0,160.0
16783,POS消费,地点192,超市,2015/03/02 12:03:40,28.0,132.0
16783,POS消费,地点193,食堂,2015/03/02 18:05:42,0.8,131.2
16783,POS消费,地点193,食堂,2015/03/02 18:06:05,4.4,126.8
16783,POS消费,地点589,淋浴,2015/03/02 23:22:35,0.7,126.1
16783,POS消费,地点118,食堂,2015/03/03 07:24:25,3.7,122.4
16783,POS消费,地点589,淋浴,2015/03/03 22:14:29,0.8,121.6
16783,POS消费,地点21,开水,2015/03/04 07:11:31,1.0,120.6
16783,POS消费,地点21,开水,2015/03/04 07:11:36,1.0,119.6
16783,POS消费,地点248,超市,2015/03/04 07:12:16,0.7,118.9
16783,POS消费,地点589,淋浴,2015/03/05 21:27:55,0.9,118.0
16783,POS消费,地点1165,洗衣房,2015/03/05 21:34:57,3.6,114.4
16783,POS消费,地点21,开水,2015/03/06 09:05:48,2.8,111.6
16783,POS消费,地点21,开水,2015/03/06 09:06:15,0.7,110.9
16783,POS消费,地点1155,食堂,2015/03/06 09:15:43,1.5,109.4
16783,POS消费,地点1996,校车,2015/03/07 16:18:23,1.0,108.4
16783,POS消费,地点232,食堂,2015/03/07 16:37:43,12.0,96.4
16783,POS消费,地点258,食堂,2015/03/07 16:39:06,4.2,92.2
16783,POS消费,地点217,食堂,2015/03/07 18:43:28,5.0,87.2
16783,POS消费,地点589,淋浴,2015/03/07 20:43:56,0.5,86.7
16783,POS消费,地点21,开水,2015/03/07 21:41:13,22.1,64.6
16783,POS消费,地点1155,食堂,2015/03/08 19:59:29,23.4,41.2
16783,POS消费,地点586,淋浴,2015/03/08 23:11:01,0.7,40.5
16783,POS消费,地点6,淋浴,2015/03/09 07:14:18,3.0,37.5
16783,POS消费,地点6,淋浴,2015/03/09 07:14:24,1.0,36.5
16783,POS消费,地点248,超市,2015/03/09 12:25:56,6.1,30.4
16783,卡片销户,,,2015/03/10 12:27:44,30.4,0.0
16783,卡补办,,,2015/03/10 12:29:15,545.4,546.93
16783,更新卡信息,,,2015/03/10 12:29:42,0.0,0.0
16783,POS消费,地点1036,食堂,2015/03/10 12:38:32,2.0,539.93
16783,POS消费,地点217,食堂,2015/03/10 12:38:44,5.0,541.93
16783,POS消费,地点217,食堂,2015/03/10 17:10:08,7.5,532.43
16783,POS消费,地点91,校车,2015/03/11 08:07:51,2.0,530.43
16783,POS消费,地点21,开水,2015/03/11 08:08:27,0.7,529.73
16783,POS消费,地点1165,洗衣房,2015/03/11 09:51:13,3.6,526.13
16783,POS消费,地点21,开水,2015/03/12 08:11:21,5.0,521.13
16783,POS消费,地点21,开水,2015/03/12 08:12:18,1.5,519.63
16783,POS消费,地点2026,淋浴,2015/03/12 13:43:20,0.9,518.73
16783,POS消费,地点238,食堂,2015/03/12 17:06:41,5.0,513.73
16783,POS消费,地点1036,食堂,2015/03/12 17:06:57,4.5,509.23
16783,POS消费,地点70,食堂,2015/03/12 20:58:46,5.0,504.23
16783,POS消费,地点91,校车,2015/03/13 07:11:58,2.0,502.23
16783,POS消费,地点248,超市,2015/03/13 07:12:38,0.7,501.53
16783,POS消费,地点6,淋浴,2015/03/13 07:19:15,1.0,500.53
16783,POS消费,地点21,开水,2015/03/16 08:13:43,2.0,498.53
16783,POS消费,地点248,超市,2015/03/16 08:14:23,1.5,497.03
16783,POS消费,地点1036,食堂,2015/03/16 17:14:51,2.0,488.73
16783,POS消费,地点217,食堂,2015/03/16 17:15:13,5.0,490.73
16783,POS消费,地点280,食堂,2015/03/16 17:16:23,5.7,483.03
16783,POS消费,地点21,开水,2015/03/16 17:23:53,1.0,482.03
16783,POS消费,地点2026,淋浴,2015/03/16 18:33:58,1.2,495.83
16783,POS消费,地点2026,淋浴,2015/03/16 18:34:17,0.1,495.73
16783,POS消费,地点21,开水,2015/03/17 11:17:03,2.1,476.28
16783,POS消费,地点91,校车,2015/03/17 11:17:24,4.4,471.88
16783,POS消费,地点232,食堂,2015/03/17 11:18:35,1.5,470.38
16783,POS消费,地点1164,洗衣房,2015/03/17 14:09:00,3.6,478.43
16783,POS消费,地点112,开水,2015/03/17 16:26:30,0.05,478.38
16783,POS消费,地点112,开水,2015/03/19 12:03:29,0.05,470.33
16783,POS消费,地点596,淋浴,2015/03/19 12:17:34,0.7,469.63
16783,POS消费,地点1036,食堂,2015/03/19 12:31:29,2.0,459.63
16783,POS消费,地点217,食堂,2015/03/19 12:32:06,8.0,461.63
16783,POS消费,地点258,食堂,2015/03/19 12:37:28,1.5,458.13
16783,POS消费,地点21,开水,2015/03/19 17:05:00,4.6,453.53
16783,POS消费,地点6,淋浴,2015/03/23 08:19:30,8.0,445.53
16783,POS消费,地点596,淋浴,2015/03/23 09:04:27,0.9,444.63
16783,POS消费,地点1036,食堂,2015/03/23 17:32:32,2.0,432.63
16783,POS消费,地点217,食堂,2015/03/23 17:33:28,10.0,434.63
16783,POS消费,地点21,开水,2015/03/24 06:52:44,2.0,430.63
16783,POS消费,地点21,开水,2015/03/24 06:53:14,0.8,429.83
16783,POS消费,地点21,开水,2015/03/24 10:25:01,1.8,428.03
16783,POS消费,地点1163,洗衣房,2015/03/24 10:29:44,3.6,424.43
16783,POS消费,地点21,开水,2015/03/24 11:29:07,2.1,422.33
16783,POS消费,地点248,超市,2015/03/24 11:29:40,4.0,418.33
16783,POS消费,地点112,开水,2015/03/24 14:06:40,0.01,418.32
16783,POS消费,地点21,开水,2015/03/24 20:13:39,30.0,388.32
16783,POS消费,地点21,开水,2015/03/24 20:13:45,16.2,372.12
16783,POS消费,地点589,淋浴,2015/03/24 22:59:14,0.6,371.52
16783,POS消费,地点6,淋浴,2015/03/25 06:57:59,5.0,366.52
16783,POS消费,地点6,淋浴,2015/03/26 07:04:30,8.0,358.52
16783,POS消费,地点675,开水,2015/03/26 07:16:22,0.01,358.51
16783,POS消费,地点91,校车,2015/03/26 11:37:04,9.2,349.31
16783,POS消费,地点91,校车,2015/03/26 11:39:21,2.6,346.71
16783,POS消费,地点21,开水,2015/03/28 18:31:39,15.0,331.71
16783,POS消费,地点256,食堂,2015/03/28 18:45:58,2.5,329.21
16783,POS消费,地点2026,淋浴,2015/03/29 00:39:00,0.2,329.01
16783,POS消费,地点596,淋浴,2015/03/29 00:50:36,1.2,327.81
16783,POS消费,地点1166,洗衣房,2015/03/29 12:09:18,3.6,324.21
16783,POS消费,地点112,开水,2015/03/29 12:09:45,0.07,324.14
16783,POS消费,地点171,食堂,2015/03/29 12:39:03,5.5,318.64
16783,POS消费,地点1448,校车,2015/03/29 12:48:47,1.0,317.64
16783,POS消费,地点21,开水,2015/03/30 07:01:50,2.0,315.64
16783,POS消费,地点6,淋浴,2015/03/30 07:03:29,5.0,310.64
16783,POS消费,地点232,食堂,2015/03/30 07:10:31,1.0,309.64
16783,POS消费,地点91,校车,2015/03/30 12:02:16,2.6,307.04
16783,POS消费,地点1447,校车,2015/03/30 15:18:28,1.0,306.04
16783,POS消费,地点1447,校车,2015/03/30 15:18:36,1.0,305.04
16783,POS消费,地点1447,校车,2015/03/30 15:18:43,1.0,304.04
16783,POS消费,地点1447,校车,2015/03/30 15:18:50,1.0,303.04
16783,POS消费,地点232,食堂,2015/03/31 08:10:56,1.0,302.04
16783,POS消费,地点6,淋浴,2015/03/31 08:11:09,5.0,297.04
16783,POS消费,地点91,校车,2015/03/31 17:07:05,5.0,292.04
16783,POS消费,地点21,开水,2015/03/31 17:07:45,0.85,291.19
16783,POS消费,地点232,食堂,2015/03/31 17:08:46,1.5,289.69
16783,POS消费,地点589,淋浴,2015/03/31 19:17:50,1.3,288.39
16783,POS消费,地点1472,校车,2015/04/02 20:16:10,1.0,287.39
16783,POS消费,地点171,食堂,2015/04/02 20:40:13,5.5,281.89
16783,POS消费,地点171,食堂,2015/04/02 20:43:48,1.0,280.89
16783,POS消费,地点21,开水,2015/04/02 20:54:40,20.0,260.89
16783,POS消费,地点589,淋浴,2015/04/03 09:41:21,1.0,259.89
16783,POS消费,地点1163,洗衣房,2015/04/03 09:44:57,3.6,256.29
16783,POS消费,地点91,校车,2015/04/03 11:26:44,4.9,251.39
16783,POS消费,地点21,开水,2015/04/03 11:27:05,1.5,249.89
16783,POS消费,地点232,食堂,2015/04/03 11:28:00,1.5,248.39
16783,POS消费,地点21,开水,2015/04/03 17:31:32,13.0,235.39
16783,POS消费,地点1036,食堂,2015/04/03 17:45:13,2.5,232.89
16783,POS消费,地点256,食堂,2015/04/04 11:35:31,2.5,225.39
16783,POS消费,地点217,食堂,2015/04/04 11:35:55,5.0,227.89
16783,POS消费,地点1448,校车,2015/04/04 15:42:22,1.0,224.39
16783,POS消费,地点596,淋浴,2015/04/08 10:39:27,1.2,223.19
16783,POS消费,地点193,食堂,2015/04/08 12:05:45,5.0,218.19
16783,POS消费,地点1036,食堂,2015/04/08 12:07:24,4.5,213.69
16783,POS消费,地点91,校车,2015/04/08 17:33:25,4.8,206.79
16783,POS消费,地点91,校车,2015/04/08 17:33:54,2.1,211.59
16783,POS消费,地点232,食堂,2015/04/08 17:34:22,1.5,205.29
16783,POS消费,地点21,开水,2015/04/09 08:27:01,2.0,203.29
16783,POS消费,地点91,校车,2015/04/09 12:03:02,2.1,201.19
16783,POS消费,地点21,开水,2015/04/11 08:40:14,2.0,199.19
16783,POS消费,地点21,开水,2015/04/11 08:40:18,0.2,198.99
16783,POS消费,地点304,超市,2015/04/11 08:52:25,22.0,176.99
16783,POS消费,地点304,超市,2015/04/11 08:53:13,10.5,166.49
16783,POS消费,地点238,食堂,2015/04/11 17:37:20,5.0,161.49
16783,POS消费,地点1036,食堂,2015/04/11 17:37:43,4.5,156.99
16783,POS消费,地点596,淋浴,2015/04/12 10:55:19,0.8,156.19
16783,POS消费,地点1165,洗衣房,2015/04/12 11:06:36,3.6,152.59
16783,POS消费,地点306,食堂,2015/04/12 11:23:17,5.5,147.09
16783,POS消费,地点88,食堂,2015/04/12 11:25:40,1.0,146.09
16783,POS消费,地点233,食堂,2015/04/12 11:25:46,1.0,145.09
16783,POS消费,地点247,食堂,2015/04/14 16:35:56,10.0,135.09
16783,POS消费,地点1036,食堂,2015/04/14 16:40:52,2.5,132.59
16783,POS消费,地点203,食堂,2015/04/15 13:36:16,7.5,125.09
16783,POS消费,地点91,校车,2015/04/15 17:06:26,5.5,117.49
16783,POS消费,地点232,食堂,2015/04/15 17:07:22,1.5,115.99
16783,POS消费,地点91,校车,2015/04/15 17:08:12,2.1,122.99
16783,POS消费,地点21,开水,2015/04/15 17:18:07,1.68,111.71
16783,POS消费,地点91,校车,2015/04/15 17:19:19,2.1,113.89
16783,POS消费,地点91,校车,2015/04/15 17:19:23,0.5,113.39
16783,POS消费,地点587,淋浴,2015/04/15 22:52:01,0.8,110.91
16783,POS消费,地点587,淋浴,2015/04/16 07:15:13,1.3,109.61
16783,POS消费,地点1985,食堂,2015/04/16 12:11:56,8.0,101.61
16783,POS消费,地点280,食堂,2015/04/16 12:14:27,4.2,97.41
16783,POS消费,地点21,开水,2015/04/16 12:27:44,3.0,94.41
16783,POS消费,地点217,食堂,2015/04/16 18:29:20,7.0,87.41
16783,POS消费,地点70,食堂,2015/04/16 18:36:30,6.0,81.41
16783,POS消费,地点70,食堂,2015/04/16 18:36:45,0.5,80.91
16783,POS消费,地点816,校车,2015/04/17 15:28:48,1.0,54.91
16783,POS消费,地点203,食堂,2015/04/17 15:31:39,5.5,75.41
16783,POS消费,地点203,食堂,2015/04/17 15:32:34,1.0,74.41
16783,POS消费,地点21,开水,2015/04/17 15:44:09,18.5,55.91
16783,POS消费,地点70,食堂,2015/04/18 21:20:18,6.0,48.91
16783,POS消费,地点70,食堂,2015/04/18 21:20:23,3.0,45.91
16783,POS消费,地点596,淋浴,2015/04/19 11:29:37,1.6,44.31
16783,POS消费,地点21,开水,2015/04/19 11:42:11,2.1,42.21
16783,POS消费,地点91,校车,2015/04/19 11:47:03,3.7,38.51
16783,POS消费,地点91,校车,2015/04/19 11:48:21,1.5,37.01
16783,POS消费,地点21,开水,2015/04/19 11:56:51,3.5,33.51
16783,POS消费,地点1164,洗衣房,2015/04/19 12:19:39,3.6,29.91
16783,POS消费,地点21,开水,2015/04/19 16:43:09,12.0,17.91
16783,POS消费,地点1036,食堂,2015/04/19 16:57:11,4.0,13.91
16783,POS消费,地点91,校车,2015/04/20 08:17:47,1.6,12.31
16783,POS消费,地点6,淋浴,2015/04/20 08:18:13,8.0,4.31
16783,POS消费,地点21,开水,2015/04/20 18:29:35,3.6,0.71
16783,POS消费,地点112,开水,2015/05/18 19:56:14,0.04,0.67
16783,POS消费,地点112,开水,2015/05/19 10:31:22,0.03,0.64
16783,POS消费,地点112,开水,2015/05/20 01:45:59,0.04,0.6
16783,POS消费,地点112,开水,2015/05/21 16:39:05,0.01,0.59
16783,POS消费,地点112,开水,2015/05/22 11:58:08,0.02,0.57
16783,POS消费,地点106,开水,2015/05/22 15:37:09,0.01,0.56
16783,POS消费,地点112,开水,2015/05/22 23:05:03,0.02,0.54
16783,POS消费,地点112,开水,2015/05/23 11:04:15,0.03,0.51
16783,POS消费,地点112,开水,2015/05/23 16:24:17,0.03,0.48
16783,POS消费,地点112,开水,2015/05/23 23:37:05,0.02,0.46
16783,POS消费,地点112,开水,2015/05/25 17:31:00,0.02,0.44
16783,POS消费,地点112,开水,2015/05/26 19:44:41,0.01,0.43
16783,POS消费,地点112,开水,2015/06/07 21:01:24,0.02,0.41
16783,POS消费,地点586,淋浴,2015/06/07 21:10:28,0.2,0.21
16783,POS消费,地点586,淋浴,2015/06/07 21:18:14,0.2,0.01
16783,卡充值,,,2015/07/09 12:44:54,40.0,40.01
16783,POS消费,地点248,超市,2015/07/09 12:45:46,5.1,34.91
16783,POS消费,地点21,开水,2015/07/09 17:57:39,2.1,32.81
16783,POS消费,地点91,校车,2015/07/09 17:59:16,3.2,29.61
16783,POS消费,地点21,开水,2015/07/10 11:56:07,2.1,27.51
16783,POS消费,地点91,校车,2015/07/10 11:57:38,4.3,23.21
16783,POS消费,地点91,校车,2015/07/11 11:05:40,2.4,18.71
16783,POS消费,地点91,校车,2015/07/11 11:06:21,1.5,17.21
16783,POS消费,地点21,开水,2015/07/11 11:17:55,4.0,13.21
16783,POS消费,地点248,超市,2015/07/12 11:05:50,4.6,2.31
16783,卡充值,,,2015/07/16 17:45:14,20.0,20.81
16783,POS消费,地点21,开水,2015/07/16 17:46:21,4.3,16.51
16783,POS消费,地点21,开水,2015/07/16 17:48:06,2.0,14.51
16783,POS消费,地点91,校车,2015/07/16 17:48:10,3.5,11.01
16783,POS消费,地点91,校车,2015/07/16 17:48:44,1.5,9.51
16783,POS消费,地点118,食堂,2015/08/08 09:41:17,7.0,2.51
16783,POS消费,地点1098,文印中心,2015/08/25 16:05:00,0.5,2.01
