173,卡充值,,,2014/09/01 10:06:19,300.0,300.14
173,POS消费,地点248,超市,2014/09/01 10:11:05,12.4,287.74
173,POS消费,地点91,校车,2014/09/01 12:23:52,10.0,277.74
173,POS消费,地点21,开水,2014/09/02 17:30:48,3.0,274.74
173,POS消费,地点91,校车,2014/09/02 17:31:42,16.0,258.74
173,POS消费,地点21,开水,2014/09/03 17:13:27,3.0,255.74
173,POS消费,地点91,校车,2014/09/03 17:14:16,16.0,239.74
173,POS消费,地点91,校车,2014/09/04 11:27:54,6.0,233.74
173,POS消费,地点26,图书馆,2014/09/04 11:30:26,3.0,230.74
173,POS消费,地点1171,淋浴,2014/09/06 14:33:58,0.4,230.34
173,POS消费,地点21,开水,2014/09/09 11:11:09,3.0,227.34
173,POS消费,地点91,校车,2014/09/09 11:12:05,16.0,211.34
173,POS消费,地点21,开水,2014/09/09 21:05:45,12.9,198.44
173,POS消费,地点232,食堂,2014/09/10 18:07:38,8.0,190.44
173,POS消费,地点26,图书馆,2014/09/10 18:12:22,3.6,186.84
173,POS消费,地点21,开水,2014/09/10 21:05:57,8.4,178.44
173,POS消费,地点1111,淋浴,2014/09/14 09:33:38,0.5,177.94
173,POS消费,地点21,开水,2014/09/14 18:59:33,10.0,167.94
173,POS消费,地点21,开水,2014/09/15 19:24:23,23.8,144.14
173,POS消费,地点21,开水,2014/09/16 21:24:17,11.7,132.44
173,POS消费,地点979,淋浴,2014/09/18 23:46:35,0.5,131.94
173,POS消费,地点21,开水,2014/09/19 11:58:35,14.7,117.24
173,POS消费,地点21,开水,2014/09/19 17:44:19,3.0,114.24
173,POS消费,地点91,校车,2014/09/19 17:45:17,16.0,98.24
173,POS消费,地点21,开水,2014/09/20 20:16:28,12.2,86.04
173,POS消费,地点21,开水,2014/09/22 17:30:38,5.5,80.54
173,POS消费,地点91,校车,2014/09/24 16:24:54,16.0,64.54
173,POS消费,地点91,校车,2014/09/24 16:25:00,12.0,52.54
173,POS消费,地点1171,淋浴,2014/09/27 18:14:29,0.5,52.04
173,POS消费,地点91,校车,2014/09/28 11:19:14,11.0,41.04
173,POS消费,地点26,图书馆,2014/09/28 11:22:46,1.8,39.24
173,POS消费,地点26,图书馆,2014/09/28 11:36:05,3.0,36.24
173,POS消费,地点21,开水,2014/09/28 18:43:36,3.5,32.74
173,POS消费,地点21,开水,2014/09/28 18:56:09,15.6,17.14
173,POS消费,地点979,淋浴,2014/09/30 23:28:13,0.5,16.64
173,POS消费,地点21,开水,2014/10/06 20:35:44,5.1,11.54
173,POS消费,地点1171,淋浴,2014/10/07 22:59:54,0.6,10.94
173,卡充值,,,2014/10/08 16:15:30,200.0,210.94
173,POS消费,地点91,校车,2014/10/08 16:28:58,16.0,194.94
173,POS消费,地点91,校车,2014/10/08 16:43:51,10.0,184.94
173,POS消费,地点21,开水,2014/10/08 16:49:10,5.9,179.04
173,POS消费,地点21,开水,2014/10/08 19:20:12,8.1,170.94
173,POS消费,地点21,开水,2014/10/10 07:20:03,2.4,168.54
173,POS消费,地点91,校车,2014/10/10 12:04:42,16.0,152.54
173,POS消费,地点21,开水,2014/10/10 12:06:29,3.0,149.54
173,POS消费,地点21,开水,2014/10/11 20:04:08,5.1,144.44
173,POS消费,地点21,开水,2014/10/14 18:54:52,23.5,120.94
173,POS消费,地点1171,淋浴,2014/10/14 23:28:55,0.6,120.34
173,POS消费,地点21,开水,2014/10/17 21:22:58,30.0,90.34
173,POS消费,地点21,开水,2014/10/17 21:23:02,0.7,89.64
173,POS消费,地点21,开水,2014/10/18 18:46:31,9.5,80.14
173,POS消费,地点979,淋浴,2014/10/20 21:55:09,0.4,79.74
173,POS消费,地点1171,淋浴,2014/10/22 23:11:58,0.9,78.84
173,POS消费,地点91,校车,2014/10/25 12:32:38,16.0,62.84
173,POS消费,地点248,超市,2014/10/25 12:53:46,3.0,59.84
173,POS消费,地点1171,淋浴,2014/10/26 22:44:47,0.6,59.24
173,POS消费,地点91,校车,2014/10/28 11:33:54,16.0,43.24
173,POS消费,地点21,开水,2014/10/28 11:34:48,3.0,40.24
173,POS消费,地点91,校车,2014/10/28 18:22:54,16.0,24.24
173,POS消费,地点21,开水,2014/10/28 18:23:46,3.0,21.24
173,POS消费,地点91,校车,2014/10/29 11:51:23,10.0,11.24
173,POS消费,地点26,图书馆,2014/10/29 11:59:30,1.8,9.44
173,POS消费,地点21,开水,2014/10/30 07:59:57,3.8,5.64
173,卡充值,,,2014/10/30 12:09:53,150.0,155.64
173,POS消费,地点91,校车,2014/10/30 18:14:48,9.0,146.64
173,POS消费,地点26,图书馆,2014/10/30 18:22:42,3.0,143.64
173,POS消费,地点91,校车,2014/10/31 13:24:52,11.5,132.14
173,POS消费,地点248,超市,2014/10/31 13:37:14,3.0,129.14
173,POS消费,地点248,超市,2014/10/31 13:38:20,15.0,114.14
173,POS消费,地点91,校车,2014/10/31 17:51:06,16.0,98.14
173,POS消费,地点21,开水,2014/10/31 17:52:43,3.0,95.14
173,POS消费,地点1171,淋浴,2014/10/31 22:27:11,0.7,94.44
173,POS消费,地点91,校车,2014/11/01 12:07:57,16.0,78.44
173,POS消费,地点21,开水,2014/11/01 12:09:18,3.0,75.44
173,POS消费,地点91,校车,2014/11/01 17:27:32,12.0,63.44
173,POS消费,地点12,文印中心,2014/11/01 17:49:56,5.4,58.04
173,POS消费,地点91,校车,2014/11/02 17:38:47,16.0,42.04
173,POS消费,地点21,开水,2014/11/02 17:39:50,1.8,40.24
173,POS消费,地点892,淋浴,2014/11/07 23:02:04,1.2,39.04
173,POS消费,地点1171,淋浴,2014/11/08 15:00:59,0.7,38.34
173,POS消费,地点979,淋浴,2014/11/08 22:43:51,0.6,37.74
173,POS消费,地点248,超市,2014/11/10 13:54:00,5.4,32.34
173,POS消费,地点91,校车,2014/11/14 17:18:31,16.0,16.34
173,POS消费,地点21,开水,2014/11/14 17:19:06,3.0,13.34
173,POS消费,地点91,校车,2014/11/15 18:11:35,13.0,0.34
173,卡充值,,,2014/11/25 17:41:08,200.0,200.34
173,POS消费,地点91,校车,2014/11/25 17:43:06,10.0,190.34
173,POS消费,地点26,图书馆,2014/11/25 17:49:05,1.8,188.54
173,POS消费,地点21,开水,2014/11/25 18:09:55,10.6,177.94
173,POS消费,地点1171,淋浴,2014/11/27 19:22:04,0.4,177.54
173,POS消费,地点91,校车,2014/11/28 11:49:18,8.0,169.54
173,POS消费,地点21,开水,2014/11/28 12:05:55,3.0,166.54
173,POS消费,地点21,开水,2014/12/02 17:32:50,5.0,161.54
173,POS消费,地点21,开水,2014/12/02 17:33:32,4.0,157.54
173,POS消费,地点21,开水,2014/12/02 17:34:13,4.0,153.54
173,POS消费,地点6,淋浴,2014/12/03 17:55:03,8.0,145.54
173,POS消费,地点21,开水,2014/12/03 18:18:20,11.5,134.04
173,POS消费,地点21,开水,2014/12/04 19:13:50,19.8,114.24
173,POS消费,地点21,开水,2014/12/04 19:14:01,0.3,113.94
173,POS消费,地点1171,淋浴,2014/12/07 15:24:00,0.6,113.34
173,POS消费,地点232,食堂,2014/12/10 17:56:40,20.6,92.74
173,POS消费,地点21,开水,2014/12/10 21:36:54,9.5,83.24
173,POS消费,地点21,开水,2014/12/13 18:57:58,19.7,63.54
173,POS消费,地点21,开水,2014/12/13 18:58:07,13.9,49.64
173,POS消费,地点21,开水,2014/12/14 17:11:20,17.6,32.04
173,POS消费,地点1171,淋浴,2014/12/18 19:34:35,0.7,31.34
173,POS消费,地点21,开水,2014/12/20 17:48:36,11.1,20.24
173,POS消费,地点6,淋浴,2014/12/22 17:28:48,8.0,12.24
173,POS消费,地点21,开水,2014/12/22 17:50:04,4.0,8.24
173,POS消费,地点1171,淋浴,2014/12/26 21:54:55,0.8,7.44
173,POS消费,地点21,开水,2014/12/27 07:37:48,1.5,5.94
173,卡充值,,,2014/12/27 11:45:24,100.0,105.94
173,POS消费,地点6,淋浴,2014/12/27 11:49:34,12.0,93.94
173,POS消费,地点91,校车,2014/12/27 17:13:30,16.0,77.94
173,POS消费,地点21,开水,2014/12/27 20:30:37,10.0,67.94
173,POS消费,地点21,开水,2014/12/28 07:54:16,1.5,66.44
173,POS消费,地点21,开水,2014/12/28 07:54:27,5.0,61.44
173,POS消费,地点21,开水,2014/12/28 07:54:31,-5.0,66.44
173,POS消费,地点21,开水,2014/12/28 07:54:35,2.0,64.44
173,POS消费,地点91,校车,2014/12/28 11:45:25,16.0,48.44
173,POS消费,地点979,淋浴,2014/12/29 22:05:57,0.4,48.04
173,POS消费,地点1171,淋浴,2014/12/31 16:04:19,0.7,47.34
173,POS消费,地点2102,淋浴,2015/01/07 22:23:21,0.8,46.54
173,POS消费,地点21,开水,2015/01/09 11:45:41,3.0,43.54
173,POS消费,地点21,开水,2015/01/09 13:51:45,17.0,26.54
173,POS消费,地点1171,淋浴,2015/01/11 19:33:02,1.4,25.14
173,POS消费,地点91,校车,2015/01/11 20:55:01,13.0,12.14
173,POS消费,地点21,开水,2015/01/12 10:49:47,9.0,3.14
173,卡充值,,,2015/01/13 16:30:58,50.0,53.14
173,POS消费,地点21,开水,2015/01/13 16:34:30,12.0,41.14
173,POS消费,地点21,开水,2015/01/15 11:45:09,7.0,34.14
173,POS消费,地点6,淋浴,2015/01/15 12:00:02,8.0,26.14
173,POS消费,地点91,校车,2015/01/15 12:24:40,11.0,15.14
