19552,POS消费,地点21,开水,2013/09/01 08:34:59,3.0,147.33
19552,POS消费,地点21,开水,2013/09/01 11:41:33,5.0,142.33
19552,POS消费,地点162,食堂,2013/09/02 07:26:00,2.2,139.92
19552,POS消费,地点142,开水,2013/09/02 08:31:18,0.21,142.12
19552,POS消费,地点105,食堂,2013/09/02 12:09:50,4.6,135.32
19552,POS消费,地点142,开水,2013/09/02 21:34:57,0.17,135.15
19552,POS消费,地点842,食堂,2013/09/03 07:39:05,2.6,132.55
19552,POS消费,地点21,开水,2013/09/03 12:01:30,4.6,127.95
19552,POS消费,地点144,食堂,2013/09/03 17:56:46,4.6,123.35
19552,POS消费,地点91,校车,2013/09/03 17:59:58,2.0,121.35
19552,POS消费,地点142,开水,2013/09/03 20:49:13,0.18,121.17
19552,POS消费,地点75,食堂,2013/09/04 07:32:14,1.93,119.24
19552,POS消费,地点241,食堂,2013/09/04 11:52:17,5.6,113.64
19552,POS消费,地点241,食堂,2013/09/04 17:53:02,6.6,107.04
19552,POS消费,地点142,开水,2013/09/04 21:35:05,0.14,106.9
19552,POS消费,地点91,校车,2013/09/05 07:37:26,2.6,104.3
19552,POS消费,地点241,食堂,2013/09/05 11:55:22,8.6,95.7
19552,POS消费,地点91,校车,2013/09/05 17:48:19,1.0,94.7
19552,POS消费,地点91,校车,2013/09/05 17:48:25,0.6,94.1
19552,POS消费,地点91,校车,2013/09/05 17:53:15,2.7,91.4
19552,POS消费,地点142,开水,2013/09/05 21:04:54,0.16,91.24
19552,POS消费,地点244,食堂,2013/09/06 07:10:51,2.03,89.21
19552,POS消费,地点241,食堂,2013/09/06 11:13:07,5.6,83.61
19552,POS消费,地点91,校车,2013/09/06 17:24:40,4.6,79.01
19552,POS消费,地点279,食堂,2013/09/07 07:07:16,3.4,75.61
19552,POS消费,地点241,食堂,2013/09/07 11:31:43,4.6,71.01
19552,POS消费,地点279,食堂,2013/09/07 17:27:41,5.6,65.41
19552,POS消费,地点142,开水,2013/09/07 21:45:30,0.17,65.24
19552,POS消费,地点142,开水,2013/09/07 22:05:22,0.11,65.13
19552,POS消费,地点91,校车,2013/09/08 07:12:24,3.4,61.73
19552,POS消费,地点203,食堂,2013/09/08 11:35:23,7.5,54.23
19552,POS消费,地点219,超市,2013/09/08 14:12:41,1.0,53.23
19552,POS消费,地点232,食堂,2013/09/08 17:28:00,3.0,50.23
19552,POS消费,地点21,开水,2013/09/08 17:33:22,1.8,48.43
19552,POS消费,地点219,超市,2013/09/08 18:42:06,1.0,47.43
19552,POS消费,地点142,开水,2013/09/08 21:06:24,0.18,47.25
19552,POS消费,地点267,食堂,2013/09/09 07:15:15,2.23,45.02
19552,POS消费,地点820,食堂,2013/09/09 11:26:45,4.6,40.42
19552,POS消费,地点232,食堂,2013/09/09 17:28:12,3.0,37.42
19552,POS消费,地点142,开水,2013/09/09 21:38:43,0.18,37.24
19552,POS消费,地点150,食堂,2013/09/10 07:39:02,3.0,34.24
19552,POS消费,地点150,食堂,2013/09/10 07:39:14,1.0,33.24
19552,POS消费,地点21,开水,2013/09/10 11:56:47,2.1,31.14
19552,POS消费,地点252,食堂,2013/09/10 12:02:35,4.2,26.94
19552,POS消费,地点21,开水,2013/09/10 18:08:52,4.5,22.44
19552,POS消费,地点142,开水,2013/09/10 21:19:16,0.13,22.31
19552,POS消费,地点21,开水,2013/09/11 07:40:05,2.3,20.01
19552,POS消费,地点232,食堂,2013/09/11 12:03:58,6.6,13.41
19552,卡充值,,,2013/09/11 12:08:45,100.0,113.41
19552,POS消费,地点842,食堂,2013/09/11 17:54:05,5.0,108.41
19552,POS消费,地点142,开水,2013/09/11 21:41:54,0.16,108.25
19552,POS消费,地点150,食堂,2013/09/12 07:36:42,3.0,105.25
19552,POS消费,地点21,开水,2013/09/12 11:49:28,4.6,100.65
19552,POS消费,地点21,开水,2013/09/12 17:51:56,3.0,97.65
19552,POS消费,地点142,开水,2013/09/12 21:26:32,0.11,97.54
19552,POS消费,地点21,开水,2013/09/13 07:36:13,3.0,94.54
19552,POS消费,地点91,校车,2013/09/13 11:47:52,7.6,86.94
19552,POS消费,地点21,开水,2013/09/13 17:41:07,3.0,83.94
19552,POS消费,地点150,食堂,2013/09/13 17:47:52,1.0,82.94
19552,POS消费,地点142,开水,2013/09/13 22:06:20,0.17,82.77
19552,POS消费,地点266,食堂,2013/09/14 07:38:22,4.0,78.77
19552,POS消费,地点142,开水,2013/09/14 18:59:35,0.17,78.6
19552,POS消费,地点142,开水,2013/09/14 21:57:05,0.15,78.45
19552,POS消费,地点57,食堂,2013/09/15 08:34:33,2.1,76.35
19552,POS消费,地点21,开水,2013/09/15 11:53:11,10.0,66.35
19552,POS消费,地点21,开水,2013/09/15 17:52:56,3.0,63.35
19552,POS消费,地点150,食堂,2013/09/15 17:57:32,1.0,62.35
19552,POS消费,地点142,开水,2013/09/15 22:26:13,0.12,62.23
19552,POS消费,地点91,校车,2013/09/16 08:21:21,3.0,59.23
19552,POS消费,地点821,食堂,2013/09/16 12:14:23,8.6,50.63
19552,POS消费,地点829,图书馆,2013/09/16 16:36:51,10.0,40.63
19552,POS消费,地点91,校车,2013/09/16 18:02:51,3.0,37.63
19552,POS消费,地点142,开水,2013/09/16 21:58:04,0.16,37.47
19552,POS消费,地点91,校车,2013/09/17 08:21:41,3.0,34.47
19552,POS消费,地点59,食堂,2013/09/17 12:18:32,5.6,28.87
19552,POS消费,地点21,开水,2013/09/17 17:44:31,3.0,25.87
19552,POS消费,地点150,食堂,2013/09/17 17:49:07,1.0,24.87
19552,POS消费,地点142,开水,2013/09/17 22:21:07,0.17,24.7
19552,POS消费,地点91,校车,2013/09/18 07:08:43,3.0,21.7
19552,POS消费,地点171,食堂,2013/09/18 11:34:57,5.0,16.7
19552,POS消费,地点171,食堂,2013/09/18 11:35:03,0.6,16.1
19552,卡充值,,,2013/09/18 11:43:34,100.0,116.1
19552,POS消费,地点21,开水,2013/09/18 18:31:03,4.6,111.5
19552,POS消费,地点142,开水,2013/09/18 21:04:14,0.17,111.33
19552,POS消费,地点26,图书馆,2013/09/19 12:46:58,3.5,107.83
19552,POS消费,地点21,开水,2013/09/20 11:29:43,5.4,102.43
19552,POS消费,地点142,开水,2013/09/20 21:31:01,0.18,102.25
19552,POS消费,地点91,校车,2013/09/21 11:46:02,4.9,97.35
19552,POS消费,地点142,开水,2013/09/21 12:41:05,0.16,97.19
19552,POS消费,地点238,食堂,2013/09/21 17:46:32,10.0,87.19
19552,POS消费,地点238,食堂,2013/09/21 17:46:54,7.0,80.19
19552,POS消费,地点142,开水,2013/09/21 22:45:26,0.08,80.11
19552,POS消费,地点91,校车,2013/09/22 07:06:41,3.0,77.11
19552,POS消费,地点21,开水,2013/09/22 11:38:26,7.0,70.11
19552,POS消费,地点21,开水,2013/09/22 11:38:31,7.0,63.11
19552,POS消费,地点996,图书馆,2013/09/22 12:13:06,2.7,60.41
19552,POS消费,地点193,食堂,2013/09/22 17:31:38,5.0,55.41
19552,POS消费,地点142,开水,2013/09/22 21:38:37,0.18,55.23
19552,POS消费,地点91,校车,2013/09/23 07:11:36,3.0,52.23
19552,POS消费,地点193,食堂,2013/09/23 12:13:53,7.0,45.23
19552,POS消费,地点247,食堂,2013/09/23 17:48:34,10.0,35.23
19552,POS消费,地点258,食堂,2013/09/23 17:58:45,1.8,33.43
19552,POS消费,地点142,开水,2013/09/23 21:46:15,0.18,33.25
19552,POS消费,地点21,开水,2013/09/24 08:21:40,4.0,29.25
19552,POS消费,地点272,食堂,2013/09/24 12:07:42,10.0,19.25
19552,POS消费,地点21,开水,2013/09/24 17:50:59,3.0,16.25
19552,POS消费,地点142,开水,2013/09/24 22:17:31,0.18,16.07
19552,POS消费,地点91,校车,2013/09/25 08:22:41,3.0,13.07
19552,卡充值,,,2013/09/25 11:32:23,100.0,113.07
19552,POS消费,地点161,食堂,2013/09/25 11:35:43,5.4,107.67
19552,POS消费,地点247,食堂,2013/09/25 17:59:33,8.0,99.67
19552,POS消费,地点258,食堂,2013/09/25 18:12:38,1.8,97.87
19552,POS消费,地点91,校车,2013/09/26 07:16:03,3.0,94.87
19552,POS消费,地点21,开水,2013/09/26 17:38:19,0.8,89.47
19552,POS消费,地点240,食堂,2013/09/26 17:38:26,4.6,90.27
19552,POS消费,地点142,开水,2013/09/26 19:48:26,0.18,89.29
19552,POS消费,地点91,校车,2013/09/27 07:10:20,3.0,86.29
19552,POS消费,地点91,校车,2013/09/27 07:14:04,1.0,85.29
19552,POS消费,地点82,食堂,2013/09/27 11:00:20,4.1,81.19
19552,POS消费,地点237,食堂,2013/09/27 11:01:16,0.8,80.39
19552,POS消费,地点142,开水,2013/09/27 14:14:51,0.06,80.33
19552,POS消费,地点142,开水,2013/09/27 22:11:23,0.18,80.15
19552,POS消费,地点21,开水,2013/09/28 18:08:38,3.0,77.15
19552,POS消费,地点91,校车,2013/09/29 07:09:59,3.0,74.15
19552,POS消费,地点91,校车,2013/09/29 07:10:02,1.0,73.15
19552,POS消费,地点21,开水,2013/09/29 11:47:59,0.8,66.75
19552,POS消费,地点21,开水,2013/09/29 11:48:10,5.6,67.55
19552,POS消费,地点142,开水,2013/09/29 15:32:57,0.15,66.6
19552,POS消费,地点21,开水,2013/09/29 18:06:40,4.6,62.0
19552,POS消费,地点142,开水,2013/09/29 21:43:06,0.15,61.85
19552,POS消费,地点91,校车,2013/09/30 08:20:30,3.0,58.85
19552,POS消费,地点142,开水,2013/09/30 22:25:25,0.18,58.67
19552,POS消费,地点142,开水,2013/10/01 07:49:41,0.16,58.51
19552,POS消费,地点297,校车,2013/10/01 09:23:36,4.0,54.51
19552,POS消费,地点297,校车,2013/10/01 09:26:16,4.0,50.51
19552,POS消费,地点1212,洗衣房,2013/10/01 21:34:22,3.6,46.91
19552,POS消费,地点1212,洗衣房,2013/10/01 21:34:28,-3.54,50.45
19552,POS消费,地点1212,洗衣房,2013/10/01 21:34:57,3.6,46.85
19552,POS消费,地点142,开水,2013/10/01 22:14:05,0.13,46.72
19552,POS消费,地点142,开水,2013/10/02 09:55:38,0.15,46.57
19552,POS消费,地点21,开水,2013/10/02 11:33:08,1.5,39.47
19552,POS消费,地点144,食堂,2013/10/02 11:34:18,5.6,40.97
19552,POS消费,地点525,食堂,2013/10/02 17:41:05,4.6,34.87
19552,POS消费,地点144,食堂,2013/10/02 17:43:57,1.0,33.87
19552,POS消费,地点142,开水,2013/10/02 22:44:39,0.11,33.76
19552,POS消费,地点279,食堂,2013/10/03 11:25:14,5.6,28.16
19552,POS消费,地点167,食堂,2013/10/03 11:28:18,2.5,25.66
19552,POS消费,地点142,开水,2013/10/03 15:38:17,0.16,25.5
19552,POS消费,地点142,开水,2013/10/03 21:31:45,0.09,25.41
19552,POS消费,地点142,开水,2013/10/04 09:05:44,0.14,25.27
19552,POS消费,地点527,食堂,2013/10/04 11:18:00,5.0,20.27
19552,POS消费,地点527,食堂,2013/10/04 11:18:05,0.6,19.67
19552,POS消费,地点273,食堂,2013/10/04 11:21:57,0.2,19.47
19552,POS消费,地点142,开水,2013/10/04 19:22:25,0.12,19.35
19552,POS消费,地点144,食堂,2013/10/05 11:36:40,5.6,13.75
19552,POS消费,地点142,开水,2013/10/05 11:39:07,0.17,13.58
19552,POS消费,地点238,食堂,2013/10/05 18:19:04,7.0,6.58
19552,POS消费,地点142,开水,2013/10/05 20:28:33,0.16,6.42
19552,POS消费,地点525,食堂,2013/10/06 11:32:15,1.5,3.12
19552,POS消费,地点144,食堂,2013/10/06 11:32:40,1.8,4.62
19552,POS消费,地点91,校车,2013/10/06 18:16:02,2.1,1.02
19552,卡充值,,,2013/10/08 09:49:59,100.0,101.02
19552,POS消费,地点280,食堂,2013/10/08 12:32:18,2.1,93.92
19552,POS消费,地点238,食堂,2013/10/08 12:34:10,5.0,96.02
19552,POS消费,地点527,食堂,2013/10/08 18:07:26,4.6,89.32
19552,POS消费,地点142,开水,2013/10/08 18:13:29,0.09,89.23
19552,POS消费,地点150,食堂,2013/10/09 08:21:25,3.0,86.23
19552,POS消费,地点21,开水,2013/10/09 11:22:58,4.6,81.63
19552,POS消费,地点91,校车,2013/10/09 11:23:24,0.8,80.83
19552,POS消费,地点91,校车,2013/10/09 17:54:40,6.6,74.23
19552,POS消费,地点142,开水,2013/10/09 21:31:35,0.27,73.96
19552,POS消费,地点21,开水,2013/10/10 11:30:15,0.8,68.56
19552,POS消费,地点59,食堂,2013/10/10 11:30:30,4.6,69.36
19552,POS消费,地点226,食堂,2013/10/10 11:32:27,1.5,67.06
19552,POS消费,地点270,食堂,2013/10/10 17:45:56,5.0,62.06
19552,POS消费,地点142,开水,2013/10/10 21:44:56,0.35,61.71
19552,POS消费,地点21,开水,2013/10/11 10:07:31,1.8,59.91
19552,POS消费,地点105,食堂,2013/10/11 11:31:28,4.6,55.31
19552,POS消费,地点59,食堂,2013/10/11 11:31:58,0.8,54.51
19552,POS消费,地点21,开水,2013/10/11 17:59:02,3.0,51.51
19552,POS消费,地点217,食堂,2013/10/11 18:11:08,1.8,49.71
19552,POS消费,地点142,开水,2013/10/11 21:33:45,0.3,49.41
19552,POS消费,地点21,开水,2013/10/12 08:18:32,3.0,46.41
19552,POS消费,地点150,食堂,2013/10/12 08:21:29,1.0,45.41
19552,POS消费,地点241,食堂,2013/10/12 12:29:00,5.6,39.81
19552,POS消费,地点232,食堂,2013/10/12 17:54:00,10.9,28.91
19552,POS消费,地点142,开水,2013/10/12 22:52:10,0.22,28.69
19552,POS消费,地点262,食堂,2013/10/13 11:48:26,5.0,23.69
19552,卡充值,,,2013/10/13 12:02:56,100.0,123.69
19552,POS消费,地点272,食堂,2013/10/13 18:39:26,9.0,114.69
19552,POS消费,地点21,开水,2013/10/14 08:23:32,3.0,111.69
19552,POS消费,地点144,食堂,2013/10/14 12:07:50,5.1,106.59
19552,POS消费,地点21,开水,2013/10/15 08:22:09,3.0,103.59
19552,POS消费,地点150,食堂,2013/10/15 08:24:23,2.0,101.59
19552,POS消费,地点105,食堂,2013/10/15 12:27:33,4.6,96.99
19552,POS消费,地点142,开水,2013/10/15 12:44:05,0.15,96.84
19552,POS消费,地点57,食堂,2013/10/15 17:17:55,4.9,91.94
19552,POS消费,地点142,开水,2013/10/15 23:07:33,0.14,91.8
19552,POS消费,地点21,开水,2013/10/16 08:16:38,3.0,88.8
19552,POS消费,地点219,超市,2013/10/16 12:05:47,8.0,80.8
19552,POS消费,地点219,超市,2013/10/16 12:06:39,1.0,79.8
19552,POS消费,地点219,超市,2013/10/16 12:28:49,1.5,78.3
19552,POS消费,地点142,开水,2013/10/16 13:03:24,0.15,78.15
19552,POS消费,地点154,食堂,2013/10/16 18:00:52,3.6,74.55
19552,POS消费,地点21,开水,2013/10/17 08:23:33,3.0,71.55
19552,POS消费,地点21,开水,2013/10/17 08:24:47,3.0,68.55
19552,POS消费,地点262,食堂,2013/10/17 11:32:34,5.0,63.55
19552,POS消费,地点270,食堂,2013/10/17 17:26:28,5.0,58.55
19552,POS消费,地点21,开水,2013/10/18 07:16:35,0.8,57.75
19552,POS消费,地点142,开水,2013/10/18 10:18:50,0.17,57.58
19552,POS消费,地点21,开水,2013/10/18 11:23:53,5.4,52.18
19552,POS消费,地点142,开水,2013/10/18 22:14:08,0.16,52.02
19552,POS消费,地点142,开水,2013/10/18 22:52:02,0.13,51.89
19552,POS消费,地点91,校车,2013/10/19 06:29:11,3.2,48.69
19552,POS消费,地点69,食堂,2013/10/19 06:41:33,1.63,47.06
19552,POS消费,地点142,开水,2013/10/19 22:06:54,0.26,46.8
19552,POS消费,地点142,开水,2013/10/20 09:22:46,0.14,46.66
19552,POS消费,地点21,开水,2013/10/20 18:24:28,4.6,42.06
19552,POS消费,地点142,开水,2013/10/20 21:42:43,0.17,41.89
19552,POS消费,地点105,食堂,2013/10/21 12:13:31,4.6,37.29
19552,POS消费,地点21,开水,2013/10/21 16:04:00,1.8,35.49
19552,POS消费,地点21,开水,2013/10/21 18:14:00,4.6,30.89
19552,POS消费,地点678,开水,2013/10/21 19:21:18,0.01,30.88
19552,POS消费,地点142,开水,2013/10/21 22:11:35,0.21,30.67
19552,POS消费,地点21,开水,2013/10/22 08:20:51,3.0,27.67
19552,POS消费,地点972,食堂,2013/10/22 12:21:31,4.6,23.07
19552,POS消费,地点21,开水,2013/10/22 17:17:43,3.0,20.07
19552,POS消费,地点21,开水,2013/10/23 08:21:28,3.0,17.07
19552,POS消费,地点240,食堂,2013/10/23 11:40:23,5.1,11.97
19552,POS消费,地点142,开水,2013/10/23 12:00:54,0.14,11.83
19552,POS消费,地点21,开水,2013/10/23 17:59:48,3.0,8.83
19552,POS消费,地点21,开水,2013/10/23 18:08:44,1.8,7.03
19552,POS消费,地点142,开水,2013/10/23 21:11:54,0.26,6.77
19552,POS消费,地点21,开水,2013/10/24 11:43:48,4.6,2.17
19552,卡充值,,,2013/10/24 11:50:43,100.0,102.17
19552,POS消费,地点21,开水,2013/10/24 16:06:01,1.8,100.37
19552,POS消费,地点72,食堂,2013/10/24 18:17:47,4.6,95.77
19552,POS消费,地点142,开水,2013/10/24 22:53:51,0.26,95.51
19552,POS消费,地点21,开水,2013/10/25 11:18:01,4.6,90.91
19552,POS消费,地点142,开水,2013/10/25 11:25:08,0.22,90.69
19552,POS消费,地点169,开水,2013/10/25 21:04:53,0.01,90.68
19552,POS消费,地点169,开水,2013/10/25 22:17:54,0.01,90.67
19552,POS消费,地点89,食堂,2013/10/26 08:33:38,3.0,87.67
19552,POS消费,地点238,食堂,2013/10/26 11:29:10,7.0,80.67
19552,POS消费,地点280,食堂,2013/10/26 11:29:51,4.2,76.47
19552,POS消费,地点169,开水,2013/10/26 23:05:38,0.01,76.46
19552,POS消费,地点204,食堂,2013/10/27 12:55:43,4.5,71.96
19552,POS消费,地点26,图书馆,2013/10/27 13:02:57,3.3,68.66
19552,POS消费,地点1147,洗衣房,2013/10/27 17:57:41,3.6,65.06
19552,POS消费,地点1147,洗衣房,2013/10/27 17:58:21,-3.54,68.6
19552,POS消费,地点1147,洗衣房,2013/10/27 17:58:33,3.6,65.0
19552,POS消费,地点169,开水,2013/10/27 22:56:13,0.01,64.99
19552,POS消费,地点838,食堂,2013/10/28 08:26:29,3.0,61.99
19552,POS消费,地点21,开水,2013/10/28 12:28:29,4.6,57.39
19552,POS消费,地点169,开水,2013/10/28 12:39:18,0.01,57.38
19552,POS消费,地点21,开水,2013/10/28 17:30:26,3.0,54.38
19552,POS消费,地点169,开水,2013/10/28 22:44:01,0.01,54.37
19552,POS消费,地点169,开水,2013/10/29 09:10:17,0.01,54.36
19552,POS消费,地点219,超市,2013/10/29 12:12:17,3.0,51.36
19552,POS消费,地点21,开水,2013/10/29 12:54:13,7.0,44.36
19552,POS消费,地点21,开水,2013/10/29 17:38:55,4.6,39.76
19552,POS消费,地点169,开水,2013/10/29 23:04:42,0.01,39.75
19552,POS消费,地点21,开水,2013/10/30 08:21:38,3.0,36.75
19552,POS消费,地点21,开水,2013/10/30 08:22:04,4.0,32.75
19552,POS消费,地点169,开水,2013/10/30 10:49:08,0.01,32.74
19552,POS消费,地点91,校车,2013/10/30 11:47:06,5.5,27.24
19552,POS消费,地点21,开水,2013/10/30 18:06:14,5.0,22.24
19552,POS消费,地点280,食堂,2013/10/30 18:07:51,3.0,19.24
19552,POS消费,地点21,开水,2013/10/31 08:21:22,4.3,14.94
19552,POS消费,地点169,开水,2013/10/31 10:18:31,0.01,14.93
19552,POS消费,地点21,开水,2013/10/31 11:22:40,4.6,10.33
19552,卡充值,,,2013/10/31 11:30:45,50.0,60.33
19552,POS消费,地点105,食堂,2013/10/31 17:34:07,4.6,55.73
19552,POS消费,地点169,开水,2013/10/31 22:27:02,0.01,55.72
19552,POS消费,地点21,开水,2013/11/01 11:23:44,5.1,50.62
19552,POS消费,地点169,开水,2013/11/02 00:36:45,0.01,50.61
19552,POS消费,地点105,食堂,2013/11/02 12:16:18,4.6,46.01
19552,POS消费,地点240,食堂,2013/11/02 17:59:46,5.1,40.91
19552,POS消费,地点169,开水,2013/11/02 19:22:31,0.01,40.9
19552,POS消费,地点169,开水,2013/11/03 10:45:32,0.01,40.89
19552,POS消费,地点240,食堂,2013/11/03 11:46:03,5.1,35.79
19552,POS消费,地点169,开水,2013/11/03 12:43:32,0.01,35.78
19552,POS消费,地点169,开水,2013/11/03 16:02:22,0.01,35.77
19552,POS消费,地点240,食堂,2013/11/03 17:19:58,4.6,31.17
19552,POS消费,地点169,开水,2013/11/03 22:58:04,0.01,31.16
19552,POS消费,地点838,食堂,2013/11/04 08:24:03,3.0,28.16
19552,POS消费,地点21,开水,2013/11/04 12:02:57,5.1,23.06
19552,POS消费,地点169,开水,2013/11/04 12:10:31,0.01,23.05
19552,POS消费,地点240,食堂,2013/11/04 17:36:40,5.1,17.95
19552,POS消费,地点21,开水,2013/11/05 08:20:19,3.0,14.95
19552,POS消费,地点21,开水,2013/11/05 08:21:52,2.0,12.95
19552,POS消费,地点21,开水,2013/11/05 11:54:42,5.1,7.85
19552,POS消费,地点169,开水,2013/11/05 13:54:46,0.01,7.84
19552,POS消费,地点21,开水,2013/11/05 17:32:43,3.0,4.84
19552,卡充值,,,2013/11/06 08:16:31,100.0,104.84
19552,POS消费,地点21,开水,2013/11/06 08:19:57,5.0,99.84
19552,POS消费,地点240,食堂,2013/11/06 11:49:41,4.6,95.24
19552,POS消费,地点169,开水,2013/11/06 12:41:26,0.01,95.23
19552,POS消费,地点21,开水,2013/11/06 17:27:03,4.6,90.63
19552,POS消费,地点169,开水,2013/11/06 21:53:05,0.01,90.62
19552,POS消费,地点169,开水,2013/11/07 10:22:36,0.01,90.61
19552,POS消费,地点105,食堂,2013/11/07 11:24:39,5.3,85.31
19552,POS消费,地点169,开水,2013/11/07 12:13:57,0.01,85.3
19552,POS消费,地点168,食堂,2013/11/07 17:54:21,5.5,79.8
19552,POS消费,地点26,图书馆,2013/11/07 18:09:31,4.0,75.8
19552,POS消费,地点26,图书馆,2013/11/07 21:10:51,10.4,65.4
19552,POS消费,地点240,食堂,2013/11/08 11:33:11,4.6,60.8
19552,POS消费,地点169,开水,2013/11/08 11:52:16,0.01,60.79
19552,POS消费,地点105,食堂,2013/11/08 18:00:55,4.6,56.19
19552,POS消费,地点169,开水,2013/11/08 22:23:34,0.01,56.18
19552,POS消费,地点838,食堂,2013/11/09 08:46:50,3.0,53.18
19552,POS消费,地点527,食堂,2013/11/09 11:39:32,5.1,48.08
19552,POS消费,地点169,开水,2013/11/09 13:01:42,0.01,48.07
19552,POS消费,地点272,食堂,2013/11/09 17:44:33,12.6,35.47
19552,POS消费,地点105,食堂,2013/11/10 11:19:14,4.6,30.87
19552,POS消费,地点169,开水,2013/11/10 11:32:21,0.01,30.86
19552,POS消费,地点21,开水,2013/11/10 17:32:07,3.0,27.86
19552,POS消费,地点21,开水,2013/11/10 17:36:33,1.0,26.86
19552,POS消费,地点21,开水,2013/11/11 08:20:04,3.0,23.86
19552,POS消费,地点150,食堂,2013/11/11 08:21:34,2.0,21.86
19552,POS消费,地点21,开水,2013/11/11 12:28:54,5.0,16.86
19552,POS消费,地点169,开水,2013/11/11 12:40:36,0.01,16.85
19552,POS消费,地点169,开水,2013/11/12 09:23:36,0.01,16.84
19552,POS消费,地点72,食堂,2013/11/12 12:46:04,4.6,12.24
19552,POS消费,地点21,开水,2013/11/12 17:49:30,3.0,9.24
19552,POS消费,地点21,开水,2013/11/12 17:50:35,1.0,8.24
19552,卡充值,,,2013/11/12 17:56:07,50.0,58.24
19552,POS消费,地点169,开水,2013/11/12 22:41:32,0.01,58.23
19552,POS消费,地点838,食堂,2013/11/13 08:21:27,3.0,55.23
19552,POS消费,地点21,开水,2013/11/13 08:24:23,1.8,53.43
19552,POS消费,地点21,开水,2013/11/13 11:13:56,5.1,48.33
19552,POS消费,地点57,食堂,2013/11/13 11:14:12,1.0,47.33
19552,POS消费,地点275,食堂,2013/11/13 17:58:27,10.0,37.33
19552,POS消费,地点169,开水,2013/11/13 20:23:00,0.01,37.32
19552,POS消费,地点21,开水,2013/11/14 08:21:21,3.0,34.32
19552,POS消费,地点150,食堂,2013/11/14 08:23:41,1.0,33.32
19552,POS消费,地点91,校车,2013/11/14 11:29:25,2.4,30.92
19552,POS消费,地点169,开水,2013/11/14 12:15:25,0.01,30.91
19552,POS消费,地点57,食堂,2013/11/14 17:35:53,3.6,27.31
19552,POS消费,地点169,开水,2013/11/14 22:39:04,0.01,27.3
19552,POS消费,地点21,开水,2013/11/15 12:08:11,4.6,22.7
19552,POS消费,地点169,开水,2013/11/15 12:57:49,0.01,22.69
19552,POS消费,地点21,开水,2013/11/15 17:52:53,1.8,20.89
19552,POS消费,地点169,开水,2013/11/16 00:06:19,0.01,20.88
19552,POS消费,地点169,开水,2013/11/16 11:08:52,0.01,20.87
19552,POS消费,地点26,图书馆,2013/11/16 21:12:08,5.7,15.17
19552,POS消费,地点169,开水,2013/11/17 01:03:35,0.01,15.16
19552,POS消费,地点105,食堂,2013/11/17 11:20:44,1.1,14.06
19552,POS消费,地点169,开水,2013/11/17 14:27:15,0.01,14.05
19552,POS消费,地点105,食堂,2013/11/17 17:10:29,0.6,13.45
19552,POS消费,地点21,开水,2013/11/17 17:12:45,0.8,12.65
19552,POS消费,地点91,校车,2013/11/18 08:24:24,4.3,8.35
19552,POS消费,地点21,开水,2013/11/18 12:34:10,3.0,5.35
19552,POS消费,地点91,校车,2013/11/18 12:36:40,1.0,4.35
19552,卡充值,,,2013/11/18 12:43:08,100.0,104.35
19552,POS消费,地点169,开水,2013/11/18 12:53:06,0.01,104.34
19552,POS消费,地点21,开水,2013/11/18 16:08:41,1.8,102.54
19552,POS消费,地点246,食堂,2013/11/18 18:06:33,0.73,101.81
19552,POS消费,地点169,开水,2013/11/18 22:01:32,0.01,101.8
19552,POS消费,地点21,开水,2013/11/19 08:20:13,3.0,98.8
19552,POS消费,地点91,校车,2013/11/19 08:22:25,2.0,96.8
19552,POS消费,地点6,淋浴,2013/11/19 12:25:56,5.0,91.79
19552,POS消费,地点246,食堂,2013/11/19 12:30:39,0.6,91.19
19552,POS消费,地点169,开水,2013/11/19 12:32:08,0.01,96.79
19552,POS消费,地点21,开水,2013/11/19 17:31:33,1.6,89.59
19552,POS消费,地点273,食堂,2013/11/19 17:32:51,4.5,85.09
19552,POS消费,地点57,食堂,2013/11/20 08:21:04,4.3,80.79
19552,POS消费,地点21,开水,2013/11/20 11:14:24,5.1,75.69
19552,POS消费,地点169,开水,2013/11/20 12:54:04,0.01,75.68
19552,POS消费,地点105,食堂,2013/11/20 17:59:09,4.6,71.08
19552,POS消费,地点169,开水,2013/11/20 21:13:34,0.01,71.07
19552,POS消费,地点105,食堂,2013/11/21 11:26:18,5.1,65.97
19552,POS消费,地点21,开水,2013/11/21 16:08:53,1.8,64.17
19552,POS消费,地点282,食堂,2013/11/21 17:58:49,5.5,58.67
19552,POS消费,地点169,开水,2013/11/21 21:43:25,0.01,58.66
19552,POS消费,地点21,开水,2013/11/22 10:07:41,1.8,56.86
19552,POS消费,地点240,食堂,2013/11/22 11:42:51,5.1,51.76
19552,POS消费,地点169,开水,2013/11/24 00:05:36,0.01,51.75
19552,POS消费,地点21,开水,2013/11/24 12:14:29,5.1,46.65
19552,POS消费,地点21,开水,2013/11/24 17:00:02,4.6,42.05
19552,POS消费,地点169,开水,2013/11/24 22:33:45,0.01,42.04
19552,POS消费,地点527,食堂,2013/11/25 12:05:59,5.1,36.94
19552,POS消费,地点169,开水,2013/11/25 12:54:48,0.01,36.93
19552,POS消费,地点91,校车,2013/11/26 08:18:00,3.0,33.92
19552,POS消费,地点21,开水,2013/11/26 08:20:02,3.0,30.92
19552,POS消费,地点169,开水,2013/11/26 09:23:55,0.01,36.92
19552,POS消费,地点21,开水,2013/11/26 12:00:31,4.6,26.32
19552,POS消费,地点21,开水,2013/11/26 17:24:55,4.0,22.32
19552,POS消费,地点169,开水,2013/11/26 22:06:29,0.01,22.31
19552,POS消费,地点169,开水,2013/11/26 22:46:27,0.01,22.3
19552,POS消费,地点59,食堂,2013/11/27 08:19:26,2.5,19.8
19552,POS消费,地点21,开水,2013/11/27 11:24:29,5.1,14.7
19552,POS消费,地点306,食堂,2013/11/27 11:32:09,2.0,12.7
19552,卡充值,,,2013/11/27 11:33:01,100.0,112.7
19552,POS消费,地点21,开水,2013/11/27 17:59:53,4.5,108.2
19552,POS消费,地点306,食堂,2013/11/27 18:09:43,2.0,106.2
19552,POS消费,地点169,开水,2013/11/27 22:35:51,0.01,106.19
19552,POS消费,地点154,食堂,2013/11/28 08:19:56,4.0,102.19
19552,POS消费,地点305,食堂,2013/11/28 11:26:14,2.0,95.09
19552,POS消费,地点105,食堂,2013/11/28 11:26:24,5.1,97.09
19552,POS消费,地点591,淋浴,2013/11/28 12:07:22,0.7,94.39
19552,POS消费,地点168,食堂,2013/11/28 18:20:01,5.5,88.89
19552,POS消费,地点169,开水,2013/11/28 23:40:27,0.01,88.88
19552,POS消费,地点21,开水,2013/11/29 11:13:47,5.1,83.78
19552,POS消费,地点169,开水,2013/11/30 00:21:43,0.01,83.77
19552,POS消费,地点169,开水,2013/11/30 11:53:28,0.01,83.76
19552,POS消费,地点105,食堂,2013/11/30 12:26:24,6.6,77.16
19552,POS消费,地点21,开水,2013/11/30 17:04:11,5.1,72.06
19552,POS消费,地点169,开水,2013/11/30 23:24:52,0.01,72.05
19552,POS消费,地点27,教务处,2013/12/01 11:11:41,3.5,68.46
19552,POS消费,地点142,开水,2013/12/01 12:11:44,0.09,71.96
19552,POS消费,地点91,校车,2013/12/01 17:12:21,4.5,63.96
19552,POS消费,地点21,开水,2013/12/01 17:14:39,4.5,59.46
19552,POS消费,地点169,开水,2013/12/01 22:24:50,0.01,59.45
19552,POS消费,地点57,食堂,2013/12/02 08:21:17,2.5,56.95
19552,POS消费,地点21,开水,2013/12/02 12:05:37,6.4,50.55
19552,POS消费,地点169,开水,2013/12/02 12:22:06,0.01,50.54
19552,POS消费,地点21,开水,2013/12/02 17:27:13,5.0,45.54
19552,POS消费,地点169,开水,2013/12/02 21:43:51,0.01,45.53
19552,POS消费,地点154,食堂,2013/12/03 08:17:25,3.3,42.23
19552,POS消费,地点21,开水,2013/12/03 12:01:57,5.1,37.13
19552,POS消费,地点59,食堂,2013/12/03 17:36:08,1.4,35.73
19552,POS消费,地点21,开水,2013/12/03 17:38:49,5.4,30.33
19552,POS消费,地点169,开水,2013/12/03 22:08:44,0.01,30.32
19552,POS消费,地点59,食堂,2013/12/04 08:21:22,3.5,26.82
19552,POS消费,地点154,食堂,2013/12/04 08:22:15,0.6,26.22
19552,POS消费,地点21,开水,2013/12/04 11:30:44,6.1,20.12
19552,POS消费,地点57,食堂,2013/12/04 11:31:18,0.8,19.32
19552,POS消费,地点21,开水,2013/12/04 17:56:57,4.5,14.82
19552,POS消费,地点226,食堂,2013/12/04 17:58:17,1.5,13.32
19552,POS消费,地点169,开水,2013/12/04 21:39:01,0.01,13.31
19552,POS消费,地点169,开水,2013/12/04 22:56:21,0.01,13.3
19552,POS消费,地点21,开水,2013/12/05 11:43:18,6.0,7.3
19552,卡充值,,,2013/12/05 11:56:06,100.0,107.3
19552,POS消费,地点169,开水,2013/12/05 12:28:57,0.01,107.29
19552,POS消费,地点21,开水,2013/12/05 17:47:14,5.1,102.19
19552,POS消费,地点142,开水,2013/12/05 21:11:34,0.13,102.06
19552,POS消费,地点21,开水,2013/12/06 11:26:18,6.2,95.86
19552,POS消费,地点171,食堂,2013/12/06 18:03:30,2.1,93.76
19552,POS消费,地点91,校车,2013/12/06 18:04:09,5.0,88.76
19552,POS消费,地点154,食堂,2013/12/07 11:20:10,6.1,82.66
19552,POS消费,地点1471,食堂,2013/12/07 16:54:54,1.0,75.86
19552,POS消费,地点21,开水,2013/12/07 17:27:39,5.8,76.86
19552,POS消费,地点169,开水,2013/12/07 23:53:41,0.01,75.85
19552,POS消费,地点169,开水,2013/12/08 11:17:28,0.01,75.84
19552,POS消费,地点21,开水,2013/12/08 11:37:04,0.8,69.44
19552,POS消费,地点59,食堂,2013/12/08 11:38:05,5.6,70.24
19552,POS消费,地点21,开水,2013/12/08 17:16:42,5.6,63.84
19552,POS消费,地点57,食堂,2013/12/08 17:17:15,1.0,62.84
19552,POS消费,地点169,开水,2013/12/08 22:34:00,0.01,62.83
19552,POS消费,地点154,食堂,2013/12/09 08:20:08,3.3,59.53
19552,POS消费,地点21,开水,2013/12/09 12:02:02,5.2,54.33
19552,POS消费,地点21,开水,2013/12/09 17:34:17,3.0,51.33
19552,POS消费,地点169,开水,2013/12/09 22:24:04,0.01,51.32
19552,POS消费,地点21,开水,2013/12/10 08:16:25,2.7,48.62
19552,POS消费,地点1471,食堂,2013/12/10 11:28:28,1.6,47.02
19552,POS消费,地点21,开水,2013/12/10 11:31:10,5.4,41.62
19552,POS消费,地点169,开水,2013/12/10 11:55:21,0.01,41.61
19552,POS消费,地点203,食堂,2013/12/10 17:47:22,6.5,35.11
19552,POS消费,地点169,开水,2013/12/10 22:33:40,0.01,35.1
19552,POS消费,地点266,食堂,2013/12/11 08:18:18,4.2,30.9
19552,POS消费,地点167,食堂,2013/12/11 08:20:00,0.8,30.1
19552,POS消费,地点105,食堂,2013/12/11 11:49:28,5.1,25.0
19552,POS消费,地点169,开水,2013/12/11 12:12:21,0.01,24.99
19552,POS消费,地点232,食堂,2013/12/11 18:01:17,5.0,19.99
19552,POS消费,地点169,开水,2013/12/11 18:09:44,0.01,19.98
19552,POS消费,地点169,开水,2013/12/11 21:10:40,0.01,19.97
19552,POS消费,地点142,开水,2013/12/11 21:27:07,0.06,19.91
19552,POS消费,地点169,开水,2013/12/11 21:27:51,0.01,19.9
19552,POS消费,地点91,校车,2013/12/12 08:21:31,2.0,14.9
19552,POS消费,地点21,开水,2013/12/12 08:21:44,3.0,16.9
19552,POS消费,地点203,食堂,2013/12/12 11:39:34,6.5,8.4
19552,POS消费,地点169,开水,2013/12/12 12:17:49,0.01,8.39
19552,POS消费,地点168,食堂,2013/12/12 17:45:03,5.5,2.89
19552,POS消费,地点169,开水,2013/12/12 22:45:33,0.01,2.88
19552,卡充值,,,2013/12/13 10:26:59,50.0,52.88
19552,POS消费,地点21,开水,2013/12/13 11:49:46,4.6,48.28
19552,POS消费,地点169,开水,2013/12/13 12:31:25,0.01,48.27
19552,POS消费,地点154,食堂,2013/12/13 18:03:14,5.6,42.67
19552,POS消费,地点169,开水,2013/12/13 21:34:44,0.01,42.66
19552,POS消费,地点266,食堂,2013/12/14 08:14:55,2.2,40.46
19552,POS消费,地点21,开水,2013/12/14 11:59:13,5.4,35.06
19552,POS消费,地点169,开水,2013/12/14 22:58:10,0.01,35.05
19552,POS消费,地点169,开水,2013/12/15 23:00:10,0.01,35.04
19552,POS消费,地点161,食堂,2013/12/16 08:17:06,2.9,32.14
19552,POS消费,地点21,开水,2013/12/16 12:00:48,8.0,24.14
19552,POS消费,地点169,开水,2013/12/16 12:10:18,0.01,24.13
19552,POS消费,地点21,开水,2013/12/16 17:27:32,3.8,20.33
19552,POS消费,地点169,开水,2013/12/16 21:34:18,0.01,20.32
19552,POS消费,地点142,开水,2013/12/17 06:59:41,0.14,20.18
19552,POS消费,地点105,食堂,2013/12/17 11:46:26,4.6,15.58
19552,卡充值,,,2013/12/17 12:00:04,100.0,115.58
19552,POS消费,地点203,食堂,2013/12/17 17:18:00,9.5,106.08
19552,POS消费,地点169,开水,2013/12/17 23:09:05,0.01,106.07
19552,POS消费,地点158,食堂,2013/12/18 08:18:13,2.9,103.17
19552,POS消费,地点188,超市,2013/12/18 09:07:00,10.5,92.67
19552,POS消费,地点21,开水,2013/12/18 11:17:54,5.1,87.57
19552,POS消费,地点305,食堂,2013/12/18 11:17:59,2.0,85.57
19552,POS消费,地点232,食堂,2013/12/18 11:20:53,1.5,84.07
19552,POS消费,地点305,食堂,2013/12/18 17:55:15,2.0,76.97
19552,POS消费,地点105,食堂,2013/12/18 17:55:25,5.1,78.97
19552,POS消费,地点142,开水,2013/12/18 22:21:17,0.05,76.92
19552,POS消费,地点169,开水,2013/12/18 22:21:56,0.01,76.91
19552,POS消费,地点118,食堂,2013/12/19 10:11:22,5.8,71.11
19552,POS消费,地点21,开水,2013/12/19 11:17:02,4.6,66.51
19552,POS消费,地点253,食堂,2013/12/19 17:12:03,8.3,58.21
19552,POS消费,地点21,开水,2013/12/19 17:12:28,1.5,56.71
19552,POS消费,地点169,开水,2013/12/19 23:41:12,0.01,56.7
19552,POS消费,地点526,食堂,2013/12/20 10:08:39,3.5,53.2
19552,POS消费,地点21,开水,2013/12/20 11:40:02,6.9,46.3
19552,POS消费,地点169,开水,2013/12/20 12:13:19,0.01,46.29
19552,POS消费,地点21,开水,2013/12/20 18:03:52,5.4,40.89
19552,POS消费,地点59,食堂,2013/12/20 18:06:31,1.0,39.89
19552,POS消费,地点169,开水,2013/12/21 10:57:06,0.01,39.88
19552,POS消费,地点21,开水,2013/12/21 11:45:59,3.1,36.78
19552,POS消费,地点91,校车,2013/12/21 11:46:48,5.0,31.78
19552,POS消费,地点21,开水,2013/12/21 17:36:31,5.6,26.18
19552,POS消费,地点169,开水,2013/12/21 21:13:31,0.01,26.17
19552,POS消费,地点1147,洗衣房,2013/12/21 21:44:24,3.6,22.57
19552,POS消费,地点169,开水,2013/12/21 23:00:27,0.01,22.56
19552,POS消费,地点91,校车,2013/12/22 17:19:30,3.0,19.56
19552,POS消费,地点21,开水,2013/12/22 17:22:40,3.8,15.76
19552,POS消费,地点169,开水,2013/12/22 23:40:45,0.01,15.75
19552,POS消费,地点59,食堂,2013/12/23 08:17:57,4.3,11.45
19552,POS消费,地点154,食堂,2013/12/23 08:18:23,0.6,10.85
19552,POS消费,地点21,开水,2013/12/23 11:52:52,4.8,6.05
19552,POS消费,地点169,开水,2013/12/23 22:48:31,0.01,6.04
19552,POS消费,地点1471,食堂,2013/12/24 07:28:36,2.0,4.04
19552,POS消费,地点1471,食堂,2013/12/24 07:29:11,0.8,3.24
19552,POS消费,地点21,开水,2013/12/24 07:30:00,0.8,2.44
19552,卡充值,,,2013/12/24 11:58:48,100.0,102.44
19552,POS消费,地点21,开水,2013/12/24 12:08:14,5.8,96.64
19552,POS消费,地点169,开水,2013/12/24 23:17:11,0.01,96.63
19552,POS消费,地点169,开水,2013/12/25 23:15:06,0.01,96.62
19552,POS消费,地点1471,食堂,2013/12/26 11:06:51,1.6,95.02
19552,POS消费,地点21,开水,2013/12/26 11:10:01,5.5,89.52
19552,POS消费,地点21,开水,2013/12/27 11:49:30,6.1,83.42
19552,POS消费,地点184,食堂,2013/12/27 17:55:22,3.1,80.32
19552,POS消费,地点242,食堂,2013/12/27 17:55:51,1.6,78.72
19552,POS消费,地点169,开水,2013/12/27 21:33:52,0.01,78.71
19552,POS消费,地点154,食堂,2013/12/28 17:16:42,1.5,71.61
19552,POS消费,地点59,食堂,2013/12/28 17:18:02,5.6,73.11
19552,POS消费,地点169,开水,2013/12/28 23:01:19,0.01,71.6
19552,POS消费,地点168,食堂,2013/12/29 11:54:15,5.5,66.1
19552,POS消费,地点822,食堂,2013/12/29 11:59:54,2.0,64.1
19552,POS消费,地点21,开水,2013/12/29 17:16:20,5.6,58.5
19552,POS消费,地点169,开水,2013/12/29 17:31:54,0.01,58.49
19552,POS消费,地点169,开水,2013/12/29 23:54:30,0.01,58.48
19552,POS消费,地点59,食堂,2013/12/30 12:03:43,3.6,54.88
19552,POS消费,地点21,开水,2013/12/30 17:30:45,6.0,48.88
19552,POS消费,地点57,食堂,2013/12/31 12:00:23,5.6,43.28
19552,POS消费,地点169,开水,2013/12/31 15:38:03,0.01,43.27
19552,POS消费,地点169,开水,2014/01/01 12:53:24,0.01,43.26
19552,POS消费,地点169,开水,2014/01/01 18:05:55,0.01,43.25
19552,POS消费,地点169,开水,2014/01/02 10:00:37,0.01,43.24
19552,POS消费,地点169,开水,2014/01/02 22:53:36,0.01,43.23
19552,POS消费,地点91,校车,2014/01/03 11:13:24,6.1,37.13
19552,POS消费,地点21,开水,2014/01/03 17:26:35,5.1,32.03
19552,POS消费,地点169,开水,2014/01/03 17:32:48,0.01,32.02
19552,POS消费,地点169,开水,2014/01/04 09:57:51,0.01,32.01
19552,POS消费,地点21,开水,2014/01/04 11:32:41,4.6,27.41
19552,POS消费,地点213,食堂,2014/01/04 14:10:19,2.0,25.41
19552,POS消费,地点21,开水,2014/01/04 17:13:35,6.0,19.41
19552,POS消费,地点169,开水,2014/01/04 21:54:41,0.01,19.4
19552,POS消费,地点21,开水,2014/01/05 11:18:07,4.8,14.6
19552,POS消费,地点21,开水,2014/01/05 11:20:03,1.0,13.6
19552,POS消费,地点169,开水,2014/01/05 21:33:57,0.01,13.59
19552,POS消费,地点91,校车,2014/01/06 08:44:58,1.6,11.99
19552,POS消费,地点169,开水,2014/01/06 23:03:06,0.01,11.98
19552,POS消费,地点527,食堂,2014/01/07 11:14:55,5.1,6.88
19552,POS消费,地点169,开水,2014/01/07 14:07:32,0.01,6.87
19552,POS消费,地点169,开水,2014/01/08 09:54:39,0.01,6.86
19552,卡充值,,,2014/01/08 11:44:57,100.0,106.86
19552,POS消费,地点142,开水,2014/01/08 22:32:54,0.15,106.71
19552,POS消费,地点21,开水,2014/01/09 11:43:13,9.5,97.21
19552,POS消费,地点21,开水,2014/01/09 11:44:43,1.0,96.21
19552,POS消费,地点226,食堂,2014/01/09 11:48:13,3.3,92.91
19552,POS消费,地点21,开水,2014/01/09 17:24:24,3.0,89.91
19552,POS消费,地点306,食堂,2014/01/09 17:27:13,2.0,87.91
19552,POS消费,地点169,开水,2014/01/09 17:34:13,0.01,87.9
19552,POS消费,地点21,开水,2014/01/10 11:47:35,5.1,82.8
19552,POS消费,地点21,开水,2014/01/10 17:13:30,6.0,76.8
19552,POS消费,地点21,开水,2014/01/12 11:34:35,6.9,69.9
19552,POS消费,地点26,图书馆,2014/01/12 16:28:10,6.8,63.1
19552,POS消费,地点21,开水,2014/01/12 17:11:44,1.0,62.1
19552,POS消费,地点21,开水,2014/01/12 17:17:15,4.8,57.3
19552,POS消费,地点169,开水,2014/01/12 20:14:11,0.01,57.29
19552,POS消费,地点158,食堂,2014/01/13 08:40:55,0.8,56.49
19552,POS消费,地点169,开水,2014/01/13 16:16:46,0.01,56.48
19552,POS消费,地点182,食堂,2014/01/13 17:29:30,4.0,52.48
19552,POS消费,地点182,食堂,2014/01/13 17:32:22,1.0,51.48
19552,POS消费,地点57,食堂,2014/01/14 08:40:16,2.9,48.58
19552,POS消费,地点169,开水,2014/01/14 15:08:35,0.01,48.57
19552,POS消费,地点169,开水,2014/01/14 19:05:32,0.01,45.56
19552,POS消费,地点1140,洗衣房,2014/01/14 19:39:12,3.0,45.57
19552,POS消费,地点169,开水,2014/01/14 22:45:25,0.01,45.55
19552,POS消费,地点169,开水,2014/01/15 00:08:58,0.01,45.54
19552,POS消费,地点169,开水,2014/01/15 13:02:41,0.01,45.53
19552,POS消费,地点169,开水,2014/01/15 19:18:37,0.01,45.52
19552,POS消费,地点142,开水,2014/01/15 23:14:01,0.01,45.51
19552,POS消费,地点26,图书馆,2014/01/16 12:30:45,6.9,38.61
19552,POS消费,地点118,食堂,2014/01/16 19:02:01,10.2,28.41
19552,POS消费,地点169,开水,2014/01/16 20:00:42,0.01,28.4
19552,POS消费,地点169,开水,2014/01/16 21:08:55,0.01,28.39
19552,POS消费,地点169,开水,2014/02/20 19:12:56,0.01,28.38
19552,POS消费,地点169,开水,2014/02/20 19:38:02,0.01,28.37
19552,POS消费,地点169,开水,2014/02/21 22:20:10,0.01,28.36
19552,POS消费,地点1147,洗衣房,2014/02/21 22:40:23,3.6,24.76
19552,POS消费,地点169,开水,2014/02/21 23:21:36,0.01,24.75
19552,POS消费,地点273,食堂,2014/02/22 11:28:37,6.6,18.15
19552,POS消费,地点266,食堂,2014/02/22 11:29:23,1.5,16.65
19552,POS消费,地点169,开水,2014/02/22 21:10:16,0.01,16.64
19552,POS消费,地点142,开水,2014/02/22 21:10:16,0.12,16.52
19552,POS消费,地点105,食堂,2014/02/24 12:01:50,4.6,11.92
19552,卡充值,,,2014/02/24 12:11:30,100.0,111.92
19552,POS消费,地点142,开水,2014/02/24 15:11:11,0.14,111.78
19552,POS消费,地点306,食堂,2014/02/24 17:59:44,0.8,110.98
19552,POS消费,地点217,食堂,2014/02/24 18:01:04,1.8,109.18
19552,POS消费,地点169,开水,2014/02/24 22:16:42,0.01,109.17
19552,POS消费,地点142,开水,2014/02/24 22:40:51,0.13,109.04
19552,POS消费,地点142,开水,2014/02/24 23:22:20,0.08,108.95
19552,POS消费,地点169,开水,2014/02/25 00:09:34,0.01,109.03
19552,POS消费,地点154,食堂,2014/02/25 08:15:12,2.5,106.45
19552,POS消费,地点21,开水,2014/02/25 12:16:28,4.6,101.85
19552,POS消费,地点169,开水,2014/02/25 15:08:11,0.01,101.84
19552,POS消费,地点21,开水,2014/02/25 17:29:10,3.0,98.84
19552,POS消费,地点21,开水,2014/02/25 17:32:37,1.0,97.84
19552,POS消费,地点21,开水,2014/02/26 11:57:22,4.6,93.24
19552,POS消费,地点105,食堂,2014/02/26 17:59:08,4.6,88.64
19552,POS消费,地点217,食堂,2014/02/26 18:01:31,1.8,86.84
19552,POS消费,地点118,食堂,2014/02/27 08:44:33,4.7,82.14
19552,POS消费,地点169,开水,2014/02/27 08:47:39,0.01,82.13
19552,POS消费,地点21,开水,2014/02/27 17:52:44,4.6,77.53
19552,POS消费,地点105,食堂,2014/02/28 12:10:34,4.6,72.93
19552,POS消费,地点21,开水,2014/02/28 12:13:45,4.0,68.93
19552,换卡,,,2014/02/28 16:10:27,0.0,0.0
19552,POS消费,地点272,食堂,2014/02/28 17:37:59,9.0,59.93
19552,POS消费,地点169,开水,2014/02/28 23:58:12,0.01,59.92
19552,POS消费,地点21,开水,2014/03/01 11:41:44,1.0,58.92
19552,POS消费,地点839,食堂,2014/03/01 11:42:20,9.0,49.92
19552,POS消费,地点21,开水,2014/03/01 17:45:02,3.0,46.92
19552,POS消费,地点217,食堂,2014/03/01 17:46:52,1.8,45.12
19552,POS消费,地点169,开水,2014/03/01 22:52:08,0.01,45.11
19552,POS消费,地点21,开水,2014/03/02 17:33:38,1.0,44.11
19552,POS消费,地点839,食堂,2014/03/02 17:34:25,6.0,38.11
19552,POS消费,地点169,开水,2014/03/02 23:36:18,0.01,38.1
19552,POS消费,地点21,开水,2014/03/03 11:57:15,4.6,33.5
19552,POS消费,地点169,开水,2014/03/03 22:45:35,0.01,33.49
19552,POS消费,地点105,食堂,2014/03/04 11:59:58,4.6,28.89
19552,POS消费,地点169,开水,2014/03/04 15:38:34,0.01,28.88
19552,POS消费,地点244,食堂,2014/03/04 17:12:56,4.6,24.28
19552,POS消费,地点841,食堂,2014/03/04 17:14:23,1.8,22.48
19552,POS消费,地点154,食堂,2014/03/05 08:12:43,2.9,19.58
19552,POS消费,地点238,食堂,2014/03/05 11:53:16,7.0,12.58
19552,POS消费,地点162,食堂,2014/03/05 17:55:51,1.8,10.78
19552,POS消费,地点217,食堂,2014/03/05 17:56:37,1.8,8.98
19552,POS消费,地点169,开水,2014/03/05 22:53:02,0.01,8.97
19552,POS消费,地点142,开水,2014/03/05 22:54:54,0.06,8.91
19552,POS消费,地点162,食堂,2014/03/06 08:16:27,1.4,7.51
19552,POS消费,地点21,开水,2014/03/06 11:35:57,5.8,1.71
19552,卡充值,,,2014/03/06 11:40:43,100.0,101.71
19552,POS消费,地点21,开水,2014/03/06 17:07:42,5.1,96.61
19552,POS消费,地点162,食堂,2014/03/06 17:10:24,1.5,95.11
19552,POS消费,地点169,开水,2014/03/06 17:48:10,0.01,95.1
19552,POS消费,地点169,开水,2014/03/06 22:36:52,0.01,95.09
19552,POS消费,地点169,开水,2014/03/07 16:09:01,0.01,95.08
19552,POS消费,地点211,校车,2014/03/07 18:46:00,1.0,94.08
19552,POS消费,地点816,校车,2014/03/07 19:46:41,1.0,93.08
19552,POS消费,地点169,开水,2014/03/08 00:11:28,0.01,93.07
19552,POS消费,地点146,校车,2014/03/08 11:06:22,1.0,92.07
19552,POS消费,地点1451,校车,2014/03/08 18:07:28,1.0,91.07
19552,,,,2014/03/08 18:13:36,10.0,81.07
19552,POS消费,地点169,开水,2014/03/08 18:16:24,0.01,81.06
19552,POS消费,地点21,开水,2014/03/09 11:40:44,6.2,74.86
19552,POS消费,地点169,开水,2014/03/09 11:44:29,0.01,74.85
19552,POS消费,地点169,开水,2014/03/09 22:40:59,0.01,74.84
19552,POS消费,地点21,开水,2014/03/10 11:56:25,5.1,69.74
19552,POS消费,地点171,食堂,2014/03/10 18:01:00,1.8,67.94
19552,POS消费,地点21,开水,2014/03/10 18:02:15,1.8,66.14
19552,POS消费,地点169,开水,2014/03/10 22:27:16,0.01,66.13
19552,POS消费,地点21,开水,2014/03/11 08:13:11,3.5,62.63
19552,POS消费,地点21,开水,2014/03/11 11:54:10,4.6,58.03
19552,POS消费,地点169,开水,2014/03/11 14:44:20,0.01,58.02
19552,POS消费,地点57,食堂,2014/03/11 16:54:12,2.6,55.42
19552,POS消费,地点171,食堂,2014/03/11 16:54:33,1.5,53.92
19552,POS消费,地点526,食堂,2014/03/11 21:19:22,5.5,48.42
19552,POS消费,地点91,校车,2014/03/12 08:12:23,2.0,46.42
19552,POS消费,地点21,开水,2014/03/12 11:57:19,5.1,41.32
19552,POS消费,地点171,食堂,2014/03/12 17:54:30,6.1,35.22
19552,POS消费,地点118,食堂,2014/03/13 09:47:16,4.5,30.72
19552,POS消费,地点240,食堂,2014/03/13 11:27:20,5.1,25.62
19552,POS消费,地点169,开水,2014/03/13 12:30:44,0.01,25.61
19552,POS消费,地点142,开水,2014/03/13 12:31:08,0.14,25.47
19552,POS消费,地点1140,洗衣房,2014/03/13 12:49:15,3.0,22.47
19552,POS消费,地点161,食堂,2014/03/13 17:36:12,2.1,20.37
19552,POS消费,地点59,食堂,2014/03/13 17:36:44,0.8,19.57
19552,POS消费,地点142,开水,2014/03/13 22:12:09,0.07,19.5
19552,POS消费,地点169,开水,2014/03/14 16:02:02,0.01,19.49
19552,POS消费,地点142,开水,2014/03/14 16:13:23,0.12,19.37
19552,POS消费,地点21,开水,2014/03/15 18:48:05,5.6,13.77
19552,POS消费,地点142,开水,2014/03/15 23:13:39,0.26,13.51
19552,POS消费,地点142,开水,2014/03/16 08:22:15,0.07,13.44
19552,POS消费,地点142,开水,2014/03/16 22:28:41,0.12,13.31
19552,POS消费,地点21,开水,2014/03/17 11:55:09,5.1,8.21
19552,POS消费,地点142,开水,2014/03/17 14:30:54,0.14,8.07
19552,POS消费,地点142,开水,2014/03/18 15:09:22,0.12,7.95
19552,POS消费,地点217,食堂,2014/03/18 17:49:45,2.5,5.45
19552,POS消费,地点161,食堂,2014/03/19 08:11:05,2.3,3.15
19552,卡充值,,,2014/03/19 11:51:31,100.0,103.15
19552,POS消费,地点1510,食堂,2014/03/19 17:52:10,2.5,100.65
19552,POS消费,地点142,开水,2014/03/19 21:47:52,0.13,100.52
19552,POS消费,地点158,食堂,2014/03/20 08:12:12,2.9,97.62
19552,POS消费,地点142,开水,2014/03/20 10:27:05,0.11,97.51
19552,POS消费,地点21,开水,2014/03/20 11:24:22,6.6,90.91
19552,POS消费,地点182,食堂,2014/03/20 11:25:28,1.5,89.41
19552,POS消费,地点168,食堂,2014/03/20 17:20:06,10.5,78.91
19552,POS消费,地点142,开水,2014/03/21 18:11:08,0.11,78.8
19552,POS消费,地点238,食堂,2014/03/22 17:19:30,7.0,71.8
19552,POS消费,地点169,开水,2014/03/22 19:02:41,0.01,71.79
19552,POS消费,地点169,开水,2014/03/23 22:01:15,0.01,71.78
19552,POS消费,地点21,开水,2014/03/24 11:59:20,5.1,66.68
19552,POS消费,地点169,开水,2014/03/24 14:46:25,0.01,66.67
19552,POS消费,地点526,食堂,2014/03/24 18:00:20,4.5,62.17
19552,POS消费,地点232,食堂,2014/03/25 08:10:57,3.3,58.87
19552,POS消费,地点21,开水,2014/03/25 11:59:42,4.6,54.27
19552,POS消费,地点169,开水,2014/03/25 12:15:12,0.01,54.26
19552,POS消费,地点310,食堂,2014/03/25 17:46:58,1.5,52.76
19552,POS消费,地点217,食堂,2014/03/25 17:47:58,3.8,48.96
19552,POS消费,地点169,开水,2014/03/25 21:27:45,0.01,48.95
19552,POS消费,地点162,食堂,2014/03/26 08:11:35,3.4,45.55
19552,POS消费,地点118,食堂,2014/03/26 17:55:42,3.5,42.05
19552,POS消费,地点21,开水,2014/03/27 11:38:07,5.1,36.95
19552,POS消费,地点169,开水,2014/03/27 11:39:04,0.01,36.94
19552,POS消费,地点21,开水,2014/03/27 17:45:07,6.1,30.84
19552,POS消费,地点283,食堂,2014/03/28 12:15:04,5.5,25.34
19552,POS消费,地点169,开水,2014/03/29 00:11:11,0.01,25.33
19552,POS消费,地点169,开水,2014/03/29 11:31:56,0.01,25.32
19552,POS消费,地点1147,洗衣房,2014/03/29 18:11:44,3.6,21.72
19552,POS消费,地点21,开水,2014/03/29 20:13:26,6.0,15.72
19552,POS消费,地点256,食堂,2014/03/29 20:13:58,2.0,13.72
19552,POS消费,地点851,淋浴,2014/03/29 22:18:32,0.7,13.02
19552,POS消费,地点169,开水,2014/03/30 11:00:12,0.01,13.01
19552,POS消费,地点21,开水,2014/03/30 17:18:12,5.1,7.91
19552,POS消费,地点21,开水,2014/03/31 12:00:11,5.1,2.81
19552,卡充值,,,2014/03/31 12:01:37,100.0,102.81
19552,POS消费,地点169,开水,2014/03/31 14:58:49,0.01,102.8
19552,POS消费,地点527,食堂,2014/03/31 18:02:07,4.6,98.2
19552,POS消费,地点21,开水,2014/04/01 12:01:24,4.6,93.6
19552,POS消费,地点217,食堂,2014/04/01 17:54:47,4.3,89.3
19552,POS消费,地点169,开水,2014/04/01 22:55:21,0.01,89.29
19552,POS消费,地点161,食堂,2014/04/02 08:14:01,3.3,85.99
19552,POS消费,地点21,开水,2014/04/02 11:52:56,4.6,81.39
19552,POS消费,地点21,开水,2014/04/02 21:28:13,6.0,75.39
19552,POS消费,地点258,食堂,2014/04/02 21:35:28,1.8,73.59
19552,POS消费,地点169,开水,2014/04/02 22:36:49,0.01,73.58
19552,POS消费,地点91,校车,2014/04/03 08:11:17,2.0,71.58
19552,POS消费,地点240,食堂,2014/04/03 11:30:47,5.1,66.48
19552,POS消费,地点1466,食堂,2014/04/03 17:48:22,5.1,61.38
19552,POS消费,地点169,开水,2014/04/03 22:50:53,0.01,61.37
19552,POS消费,地点169,开水,2014/04/04 23:33:51,0.01,61.36
19552,POS消费,地点21,开水,2014/04/06 11:33:56,5.1,56.14
19552,POS消费,地点142,开水,2014/04/06 12:10:52,0.12,61.24
19552,POS消费,地点169,开水,2014/04/07 08:37:45,0.01,56.13
19552,POS消费,地点21,开水,2014/04/07 18:25:13,5.0,51.13
19552,POS消费,地点161,食堂,2014/04/08 08:09:01,2.3,48.83
19552,POS消费,地点21,开水,2014/04/08 12:00:00,5.1,43.73
19552,POS消费,地点169,开水,2014/04/08 14:40:04,0.01,43.72
19552,POS消费,地点241,食堂,2014/04/09 08:12:17,2.8,40.92
19552,POS消费,地点241,食堂,2014/04/09 08:12:23,2.0,38.92
19552,POS消费,地点167,食堂,2014/04/09 08:17:05,1.0,37.92
19552,POS消费,地点21,开水,2014/04/09 11:58:29,5.1,32.82
19552,POS消费,地点161,食堂,2014/04/09 17:53:33,3.6,29.22
19552,POS消费,地点21,开水,2014/04/10 11:21:03,5.1,24.12
19552,POS消费,地点142,开水,2014/04/10 11:24:57,0.09,24.03
19552,POS消费,地点21,开水,2014/04/10 17:12:28,3.0,21.03
19552,POS消费,地点1368,食堂,2014/04/10 17:14:53,1.0,20.03
19552,POS消费,地点232,食堂,2014/04/11 08:04:11,3.3,16.73
19552,POS消费,地点252,食堂,2014/04/11 17:00:25,5.0,11.73
19552,POS消费,地点161,食堂,2014/04/11 17:00:38,1.5,10.23
19552,POS消费,地点169,开水,2014/04/11 23:59:08,0.01,10.22
19552,POS消费,地点142,开水,2014/04/11 23:59:32,0.38,9.84
19552,POS消费,地点268,食堂,2014/04/12 11:23:10,4.6,5.24
19552,卡充值,,,2014/04/12 11:33:10,100.0,105.24
19552,POS消费,地点213,食堂,2014/04/12 12:03:46,5.1,100.14
19552,POS消费,地点21,开水,2014/04/12 17:25:20,5.1,95.04
19552,POS消费,地点169,开水,2014/04/13 00:06:43,0.01,95.03
19552,POS消费,地点240,食堂,2014/04/13 11:23:32,4.6,90.43
19552,POS消费,地点118,食堂,2014/04/13 14:07:17,2.2,88.23
19552,POS消费,地点21,开水,2014/04/13 16:48:11,5.6,82.63
19552,POS消费,地点232,食堂,2014/04/13 16:48:23,1.5,81.13
19552,POS消费,地点1212,洗衣房,2014/04/13 22:11:46,3.6,77.53
19552,POS消费,地点91,校车,2014/04/14 08:12:20,3.2,74.33
19552,POS消费,地点21,开水,2014/04/14 11:55:37,5.1,69.23
19552,POS消费,地点169,开水,2014/04/14 13:42:29,0.01,69.22
19552,POS消费,地点280,食堂,2014/04/14 18:05:17,3.0,61.22
19552,POS消费,地点21,开水,2014/04/14 18:06:01,5.0,64.22
19552,POS消费,地点217,食堂,2014/04/15 10:06:09,1.8,59.42
19552,POS消费,地点105,食堂,2014/04/15 11:19:18,5.1,54.32
19552,POS消费,地点169,开水,2014/04/15 12:07:55,0.01,54.31
19552,POS消费,地点169,开水,2014/04/15 22:10:58,0.01,54.3
19552,POS消费,地点21,开水,2014/04/16 11:55:08,4.6,49.7
19552,POS消费,地点678,开水,2014/04/16 16:11:47,0.01,49.69
19552,POS消费,地点21,开水,2014/04/16 17:57:00,5.1,44.59
19552,POS消费,地点268,食堂,2014/04/17 08:14:07,2.6,41.99
19552,POS消费,地点169,开水,2014/04/17 10:05:19,0.01,41.98
19552,POS消费,地点105,食堂,2014/04/17 18:15:35,5.6,36.38
19552,POS消费,地点252,食堂,2014/04/17 18:17:08,2.8,33.58
19552,POS消费,地点161,食堂,2014/04/18 08:05:46,3.9,29.68
19552,POS消费,地点169,开水,2014/04/18 23:52:11,0.01,29.67
19552,POS消费,地点142,开水,2014/04/18 23:52:29,0.3,29.37
19552,POS消费,地点142,开水,2014/04/19 11:11:21,0.09,29.28
19552,POS消费,地点21,开水,2014/04/19 12:03:03,5.1,24.18
19552,POS消费,地点240,食堂,2014/04/19 17:32:12,5.1,19.08
19552,POS消费,地点306,食堂,2014/04/19 17:33:50,1.92,17.16
19552,POS消费,地点240,食堂,2014/04/20 11:13:15,5.1,12.06
19552,POS消费,地点142,开水,2014/04/20 13:46:07,0.1,11.95
19552,POS消费,地点169,开水,2014/04/20 13:57:01,0.01,12.05
19552,POS消费,地点118,食堂,2014/04/20 15:47:01,4.0,7.95
19552,POS消费,地点527,食堂,2014/04/21 11:56:56,5.1,2.85
19552,POS消费,地点169,开水,2014/04/22 14:48:35,0.01,2.84
19552,POS消费,地点142,开水,2014/04/22 14:48:53,0.12,2.72
19552,POS消费,地点142,开水,2014/04/23 23:11:53,0.1,2.62
19552,POS消费,地点142,开水,2014/04/25 00:04:07,0.1,2.52
19552,POS消费,地点142,开水,2014/04/25 15:58:47,0.09,2.43
19552,POS消费,地点142,开水,2014/04/26 00:14:37,0.12,2.31
19552,POS消费,地点142,开水,2014/04/26 15:51:38,0.1,2.21
19552,POS消费,地点142,开水,2014/04/27 09:18:39,0.09,2.12
19552,卡充值,,,2014/04/27 11:04:16,200.0,202.12
19552,POS消费,地点279,食堂,2014/04/27 11:06:48,5.6,196.52
19552,POS消费,地点266,食堂,2014/04/27 11:08:33,1.5,195.02
19552,POS消费,地点527,食堂,2014/04/28 11:57:28,4.6,190.42
19552,POS消费,地点142,开水,2014/04/28 15:08:43,0.13,190.29
19552,POS消费,地点840,食堂,2014/04/28 18:08:23,7.0,183.29
19552,POS消费,地点21,开水,2014/04/29 11:55:31,5.1,178.19
19552,POS消费,地点142,开水,2014/04/29 14:59:58,0.13,178.06
19552,POS消费,地点21,开水,2014/04/29 17:20:20,7.0,171.06
19552,POS消费,地点21,开水,2014/04/29 17:26:01,5.7,165.36
19552,POS消费,地点213,食堂,2014/04/29 19:07:30,4.5,160.86
19552,POS消费,地点142,开水,2014/04/30 01:11:34,0.11,160.75
19552,POS消费,地点21,开水,2014/04/30 11:50:53,5.1,155.65
19552,POS消费,地点21,开水,2014/04/30 17:55:28,8.4,147.25
19552,POS消费,地点161,食堂,2014/04/30 17:56:04,0.6,146.65
19552,POS消费,地点273,食堂,2014/05/01 11:07:54,6.1,140.55
19552,POS消费,地点142,开水,2014/05/01 15:42:14,0.01,140.54
19552,POS消费,地点155,开水,2014/05/01 17:09:51,0.1,140.44
19552,POS消费,地点619,开水,2014/05/01 23:29:06,0.01,140.43
19552,POS消费,地点69,食堂,2014/05/02 07:34:56,3.2,137.23
19552,POS消费,地点65,食堂,2014/05/02 07:35:34,0.8,136.43
19552,POS消费,地点155,开水,2014/05/02 20:58:56,0.1,136.32
19552,POS消费,地点142,开水,2014/05/02 22:29:34,0.01,136.42
19552,POS消费,地点244,食堂,2014/05/03 11:09:17,5.0,129.22
19552,POS消费,地点266,食堂,2014/05/03 11:10:17,2.1,134.22
19552,POS消费,地点169,开水,2014/05/03 21:10:57,0.01,129.21
19552,POS消费,地点142,开水,2014/05/03 21:11:42,0.01,129.2
19552,POS消费,地点155,开水,2014/05/03 21:12:55,0.1,129.1
19552,POS消费,地点21,开水,2014/05/05 11:55:19,5.1,124.0
19552,POS消费,地点142,开水,2014/05/05 12:04:39,0.13,123.87
19552,POS消费,地点526,食堂,2014/05/05 15:57:39,2.9,120.97
19552,POS消费,地点840,食堂,2014/05/05 17:58:13,5.0,115.97
19552,POS消费,地点840,食堂,2014/05/06 08:11:51,3.0,112.97
19552,POS消费,地点21,开水,2014/05/06 11:59:13,5.6,107.37
19552,POS消费,地点21,开水,2014/05/06 12:15:06,5.1,102.27
19552,POS消费,地点213,食堂,2014/05/06 13:21:38,3.9,98.37
19552,POS消费,地点840,食堂,2014/05/06 17:31:58,5.0,93.37
19552,POS消费,地点841,食堂,2014/05/06 17:37:28,2.9,90.47
19552,POS消费,地点142,开水,2014/05/06 23:00:39,0.12,90.35
19552,POS消费,地点21,开水,2014/05/07 11:53:30,4.6,85.75
19552,POS消费,地点21,开水,2014/05/07 11:53:46,5.1,80.65
19552,POS消费,地点840,食堂,2014/05/07 17:54:10,5.0,75.65
19552,POS消费,地点142,开水,2014/05/07 20:17:19,0.12,75.53
19552,POS消费,地点526,食堂,2014/05/08 09:31:19,4.0,71.53
19552,POS消费,地点840,食堂,2014/05/08 11:38:52,5.0,66.53
19552,POS消费,地点840,食堂,2014/05/08 17:06:37,5.0,61.53
19552,POS消费,地点142,开水,2014/05/08 20:06:02,0.11,61.42
19552,POS消费,地点142,开水,2014/05/08 21:13:07,0.08,61.34
19552,POS消费,地点840,食堂,2014/05/09 17:29:11,5.0,56.34
19552,POS消费,地点142,开水,2014/05/09 23:57:09,0.12,56.22
19552,POS消费,地点840,食堂,2014/05/10 11:28:59,7.0,49.22
19552,POS消费,地点142,开水,2014/05/10 20:22:30,0.09,49.13
19552,POS消费,地点591,淋浴,2014/05/10 22:21:46,0.7,48.43
19552,POS消费,地点840,食堂,2014/05/11 11:19:32,5.0,43.43
19552,POS消费,地点142,开水,2014/05/11 14:36:44,0.12,43.31
19552,POS消费,地点840,食堂,2014/05/11 17:02:52,5.0,38.31
19552,POS消费,地点996,图书馆,2014/05/11 20:19:24,2.3,36.01
19552,POS消费,地点996,图书馆,2014/05/11 20:35:09,0.8,35.21
19552,POS消费,地点21,开水,2014/05/12 11:58:29,5.6,29.61
19552,POS消费,地点21,开水,2014/05/12 11:58:52,5.6,24.01
19552,POS消费,地点142,开水,2014/05/12 14:14:24,0.11,23.9
19552,POS消费,地点840,食堂,2014/05/12 18:08:59,5.0,18.9
19552,POS消费,地点21,开水,2014/05/13 12:00:15,4.6,14.3
19552,POS消费,地点142,开水,2014/05/13 12:01:59,0.11,14.19
19552,POS消费,地点171,食堂,2014/05/13 17:23:48,2.1,12.09
19552,POS消费,地点59,食堂,2014/05/13 17:25:21,2.0,10.09
19552,POS消费,地点142,开水,2014/05/14 08:27:44,0.07,10.02
19552,POS消费,地点21,开水,2014/05/14 11:58:01,4.6,5.42
19552,POS消费,地点142,开水,2014/05/15 00:44:34,0.12,5.3
19552,POS消费,地点142,开水,2014/05/15 12:52:17,0.12,5.18
19552,卡充值,,,2014/05/15 13:40:31,100.0,105.18
19552,POS消费,地点526,食堂,2014/05/15 13:44:56,1.8,95.88
19552,POS消费,地点118,食堂,2014/05/15 13:46:30,7.5,97.68
19552,POS消费,地点840,食堂,2014/05/15 17:36:26,5.0,90.88
19552,POS消费,地点273,食堂,2014/05/15 17:42:29,3.6,87.28
19552,POS消费,地点841,食堂,2014/05/15 17:42:43,4.3,82.98
19552,POS消费,地点167,食堂,2014/05/16 12:09:50,6.6,76.38
19552,POS消费,地点142,开水,2014/05/16 14:46:51,0.01,76.37
19552,POS消费,地点169,开水,2014/05/16 14:47:14,0.01,76.36
19552,POS消费,地点213,食堂,2014/05/16 16:05:54,2.85,73.51
19552,POS消费,地点142,开水,2014/05/17 00:06:30,0.11,73.4
19552,POS消费,地点142,开水,2014/05/17 09:37:30,0.11,73.29
19552,POS消费,地点840,食堂,2014/05/17 11:21:32,5.0,68.29
19552,POS消费,地点169,开水,2014/05/18 13:32:40,0.01,68.28
19552,POS消费,地点1140,洗衣房,2014/05/18 14:14:03,3.0,65.28
19552,POS消费,地点21,开水,2014/05/18 17:07:52,5.8,59.48
19552,POS消费,地点21,开水,2014/05/18 17:09:10,3.0,56.48
19552,POS消费,地点266,食堂,2014/05/19 11:57:42,6.1,50.38
19552,POS消费,地点142,开水,2014/05/19 13:36:42,0.09,50.29
19552,POS消费,地点840,食堂,2014/05/19 17:56:25,5.0,45.29
19552,POS消费,地点841,食堂,2014/05/19 18:04:25,1.8,43.49
19552,POS消费,地点241,食堂,2014/05/20 08:13:23,4.0,39.49
19552,POS消费,地点21,开水,2014/05/20 11:57:07,5.6,33.89
19552,POS消费,地点142,开水,2014/05/20 21:33:36,0.12,33.77
19552,POS消费,地点91,校车,2014/05/21 08:10:30,3.2,30.57
19552,POS消费,地点21,开水,2014/05/21 11:16:17,5.1,25.47
19552,POS消费,地点142,开水,2014/05/21 11:36:36,0.12,25.35
19552,POS消费,地点840,食堂,2014/05/21 17:54:18,5.0,20.35
19552,POS消费,地点142,开水,2014/05/22 13:00:20,0.13,20.22
19552,POS消费,地点840,食堂,2014/05/23 12:09:07,5.0,15.22
19552,POS消费,地点142,开水,2014/05/23 13:59:22,0.07,15.15
19552,POS消费,地点169,开水,2014/05/23 19:56:48,0.01,15.14
19552,POS消费,地点169,开水,2014/05/24 18:34:44,0.01,15.13
19552,POS消费,地点169,开水,2014/05/25 16:02:36,0.01,15.12
19552,POS消费,地点840,食堂,2014/05/25 17:09:58,5.0,10.12
19552,POS消费,地点91,校车,2014/05/25 17:15:27,3.96,6.16
19552,POS消费,地点266,食堂,2014/05/26 11:56:48,2.1,4.06
19552,POS消费,地点841,食堂,2014/05/26 11:59:36,1.8,2.26
19552,卡充值,,,2014/05/26 18:00:33,100.0,102.26
19552,POS消费,地点167,食堂,2014/05/26 18:04:33,2.1,100.16
19552,POS消费,地点244,食堂,2014/05/26 18:04:58,5.0,95.16
19552,POS消费,地点841,食堂,2014/05/26 18:10:32,1.8,93.36
19552,POS消费,地点169,开水,2014/05/27 00:02:01,0.01,93.35
19552,POS消费,地点21,开水,2014/05/27 11:55:48,5.1,88.25
19552,POS消费,地点169,开水,2014/05/27 14:53:47,0.01,88.24
19552,POS消费,地点840,食堂,2014/05/27 17:15:38,10.0,78.24
19552,POS消费,地点841,食堂,2014/05/27 17:18:46,2.9,75.34
19552,POS消费,地点161,食堂,2014/05/28 08:06:58,4.5,70.84
19552,POS消费,地点1212,洗衣房,2014/05/28 10:37:39,3.6,66.24
19552,POS消费,地点1396,淋浴,2014/05/28 10:38:54,1.0,69.84
19552,POS消费,地点840,食堂,2014/05/28 12:27:11,3.0,63.24
19552,POS消费,地点21,开水,2014/05/28 19:33:43,6.0,57.24
19552,POS消费,地点258,食堂,2014/05/28 19:40:52,1.8,55.44
19552,POS消费,地点169,开水,2014/05/28 21:40:40,0.01,55.43
19552,POS消费,地点241,食堂,2014/05/29 08:12:14,1.7,53.73
19552,POS消费,地点840,食堂,2014/05/29 12:24:40,3.0,50.73
19552,POS消费,地点169,开水,2014/05/29 22:53:36,0.01,50.72
19552,POS消费,地点267,食堂,2014/05/30 12:02:25,5.0,45.72
19552,POS消费,地点142,开水,2014/06/01 01:15:07,0.01,45.71
19552,POS消费,地点169,开水,2014/06/01 01:16:21,0.01,45.7
19552,POS消费,地点169,开水,2014/06/01 15:25:09,0.01,45.69
19552,POS消费,地点21,开水,2014/06/02 11:20:39,5.1,40.59
19552,POS消费,地点169,开水,2014/06/02 14:25:55,0.01,40.58
19552,POS消费,地点195,超市,2014/06/02 16:29:18,27.1,13.48
19552,卡充值,,,2014/06/02 16:39:43,200.0,213.48
19552,POS消费,地点105,食堂,2014/06/02 16:40:52,4.9,208.58
19552,POS消费,地点526,食堂,2014/06/03 07:34:41,12.4,196.18
19552,POS消费,地点21,开水,2014/06/03 11:49:16,5.6,190.58
19552,POS消费,地点21,开水,2014/06/03 11:49:27,5.1,185.48
19552,POS消费,地点21,开水,2014/06/03 17:15:50,10.6,174.88
19552,POS消费,地点256,食堂,2014/06/03 17:17:15,10.0,164.88
19552,POS消费,地点169,开水,2014/06/03 17:33:18,0.01,164.87
19552,POS消费,地点21,开水,2014/06/04 11:54:17,5.1,159.77
19552,POS消费,地点21,开水,2014/06/04 17:55:10,5.1,154.67
19552,POS消费,地点142,开水,2014/06/04 23:37:59,0.09,154.58
19552,POS消费,地点840,食堂,2014/06/05 11:15:13,5.0,149.58
19552,POS消费,地点840,食堂,2014/06/06 12:05:54,5.0,144.58
19552,POS消费,地点841,食堂,2014/06/06 12:11:10,1.8,142.78
19552,POS消费,地点169,开水,2014/06/06 16:19:21,0.01,142.77
19552,POS消费,地点169,开水,2014/06/06 22:17:35,0.01,142.76
19552,POS消费,地点840,食堂,2014/06/08 17:10:37,5.0,137.76
19552,POS消费,地点841,食堂,2014/06/08 17:14:27,1.8,135.96
19552,POS消费,地点217,食堂,2014/06/09 09:56:13,1.8,134.16
19552,POS消费,地点21,开水,2014/06/09 11:55:55,5.1,129.06
19552,POS消费,地点526,食堂,2014/06/09 15:51:39,1.8,127.26
19552,POS消费,地点841,食堂,2014/06/09 18:01:00,4.3,122.96
19552,POS消费,地点840,食堂,2014/06/09 18:02:42,5.0,117.96
19552,POS消费,地点161,食堂,2014/06/10 08:08:14,3.3,114.66
19552,POS消费,地点232,食堂,2014/06/10 11:53:59,6.0,106.56
19552,POS消费,地点266,食堂,2014/06/10 11:57:05,2.1,112.56
19552,POS消费,地点840,食堂,2014/06/10 17:11:25,5.0,101.56
19552,POS消费,地点841,食堂,2014/06/10 17:15:48,1.8,99.76
19552,POS消费,地点272,食堂,2014/06/11 11:15:14,9.0,90.76
19552,POS消费,地点169,开水,2014/06/11 14:35:50,0.01,90.75
19552,POS消费,地点161,食堂,2014/06/11 17:51:16,5.6,85.15
19552,POS消费,地点240,食堂,2014/06/12 11:09:36,5.1,80.05
19552,POS消费,地点169,开水,2014/06/12 13:57:03,0.01,80.04
19552,POS消费,地点21,开水,2014/06/12 17:12:04,4.6,75.44
19552,POS消费,地点217,食堂,2014/06/12 17:14:01,1.8,73.64
19552,POS消费,地点840,食堂,2014/06/13 12:05:55,5.0,68.64
19552,POS消费,地点527,食堂,2014/06/13 17:01:37,5.6,63.04
19552,POS消费,地点841,食堂,2014/06/13 17:03:54,1.8,61.24
19552,POS消费,地点118,食堂,2014/06/13 21:31:58,1.8,59.44
19552,POS消费,地点154,食堂,2014/06/14 10:56:45,2.1,57.34
19552,POS消费,地点57,食堂,2014/06/14 10:57:21,5.0,52.34
19552,POS消费,地点169,开水,2014/06/14 11:44:54,0.01,52.33
19552,POS消费,地点169,开水,2014/06/14 19:48:18,0.01,52.32
19552,POS消费,地点169,开水,2014/06/15 10:24:41,0.01,52.31
19552,POS消费,地点213,食堂,2014/06/15 14:08:02,16.2,36.11
19552,POS消费,地点171,食堂,2014/06/16 11:13:37,2.1,34.01
19552,POS消费,地点21,开水,2014/06/16 11:21:08,4.2,29.81
19552,POS消费,地点142,开水,2014/06/16 11:33:22,0.14,29.67
19552,POS消费,地点257,食堂,2014/06/16 17:55:49,3.5,26.17
19552,POS消费,地点840,食堂,2014/06/16 17:58:17,5.0,21.17
19552,POS消费,地点169,开水,2014/06/16 21:46:14,0.01,21.16
19552,卡充值,,,2014/06/17 11:33:34,100.0,121.16
19552,POS消费,地点840,食堂,2014/06/17 11:39:06,5.0,116.16
19552,POS消费,地点526,食堂,2014/06/17 14:05:20,3.0,113.16
19552,POS消费,地点819,食堂,2014/06/17 17:26:14,5.6,107.56
19552,POS消费,地点266,食堂,2014/06/17 17:29:13,1.5,106.06
19552,POS消费,地点169,开水,2014/06/17 22:47:07,0.01,106.05
19552,POS消费,地点21,开水,2014/06/18 11:01:48,2.7,97.75
19552,POS消费,地点240,食堂,2014/06/18 11:02:19,5.6,100.45
19552,POS消费,地点21,开水,2014/06/18 17:18:38,3.0,94.75
19552,POS消费,地点217,食堂,2014/06/18 17:27:12,1.8,92.95
19552,POS消费,地点21,开水,2014/06/19 11:31:17,5.6,87.35
19552,POS消费,地点169,开水,2014/06/19 11:55:06,0.01,87.34
19552,,,,2014/06/19 21:10:20,20.0,67.34
19552,POS消费,地点275,食堂,2014/06/20 12:56:24,10.0,57.34
19552,POS消费,地点169,开水,2014/06/20 13:42:15,0.01,57.33
19552,POS消费,地点83,食堂,2014/06/20 16:44:49,3.0,54.33
19552,POS消费,地点169,开水,2014/06/21 08:46:24,0.01,54.32
19552,POS消费,地点240,食堂,2014/06/21 11:25:43,5.1,49.22
19552,POS消费,地点21,开水,2014/06/21 11:29:15,3.3,45.92
19552,POS消费,地点840,食堂,2014/06/21 17:02:10,3.0,42.92
19552,POS消费,地点273,食堂,2014/06/21 17:06:06,4.0,38.92
19552,POS消费,地点59,食堂,2014/06/22 11:15:26,5.6,33.32
19552,POS消费,地点21,开水,2014/06/22 11:20:19,4.2,29.12
19552,POS消费,地点840,食堂,2014/06/22 17:29:27,3.0,26.12
19552,POS消费,地点169,开水,2014/06/22 21:47:24,0.01,26.11
19552,POS消费,地点169,开水,2014/06/23 16:10:23,0.01,26.1
19552,POS消费,地点840,食堂,2014/06/23 17:35:13,3.0,23.1
19552,POS消费,地点21,开水,2014/06/24 11:03:44,5.1,18.0
19552,POS消费,地点21,开水,2014/06/24 11:08:01,3.6,14.4
19552,POS消费,地点169,开水,2014/06/24 13:13:36,0.01,14.39
19552,POS消费,地点840,食堂,2014/06/24 17:04:32,5.0,9.39
19552,卡充值,,,2014/06/24 17:15:12,100.0,109.39
19552,POS消费,地点217,食堂,2014/06/24 17:15:13,1.8,107.59
19552,POS消费,地点158,食堂,2014/06/25 11:07:31,2.1,105.49
19552,POS消费,地点21,开水,2014/06/25 11:14:40,3.3,102.19
19552,POS消费,地点169,开水,2014/06/25 12:52:38,0.01,102.18
19552,POS消费,地点840,食堂,2014/06/25 17:31:19,5.0,97.18
19552,POS消费,地点838,食堂,2014/06/25 17:34:35,7.0,90.18
19552,POS消费,地点1466,食堂,2014/06/26 11:32:14,2.6,87.58
19552,POS消费,地点169,开水,2014/06/26 14:31:46,0.01,87.57
19552,POS消费,地点217,食堂,2014/06/26 17:07:55,1.8,79.97
19552,POS消费,地点21,开水,2014/06/26 17:08:45,5.8,81.77
19552,POS消费,地点21,开水,2014/06/27 11:36:58,4.6,75.37
19552,POS消费,地点169,开水,2014/06/27 14:11:58,0.01,75.36
19552,POS消费,地点240,食堂,2014/06/27 17:04:19,4.6,70.76
19552,POS消费,地点21,开水,2014/06/27 17:04:58,3.7,67.06
19552,POS消费,地点240,食堂,2014/06/28 11:09:27,4.6,62.46
19552,POS消费,地点840,食堂,2014/06/28 17:11:07,5.0,57.46
19552,POS消费,地点193,食堂,2014/06/29 11:22:31,2.0,47.46
19552,POS消费,地点256,食堂,2014/06/29 11:26:03,8.0,49.46
19552,POS消费,地点256,食堂,2014/06/29 17:15:41,8.0,39.45
19552,POS消费,地点238,食堂,2014/06/29 17:16:36,2.0,37.45
19552,POS消费,地点169,开水,2014/06/30 08:12:01,0.01,47.45
19552,POS消费,地点154,食堂,2014/06/30 17:23:32,2.1,35.34
19552,POS消费,地点21,开水,2014/06/30 17:28:15,5.0,30.34
19552,POS消费,地点169,开水,2014/07/01 10:37:26,0.01,37.44
19552,POS消费,地点273,食堂,2014/07/01 11:13:22,5.0,25.34
19552,POS消费,地点169,开水,2014/07/01 15:00:48,0.01,25.33
19552,POS消费,地点273,食堂,2014/07/01 17:03:59,4.6,20.73
19552,POS消费,地点21,开水,2014/07/01 17:04:50,2.0,18.73
19552,POS消费,地点213,食堂,2014/07/02 16:27:32,3.0,15.73
19552,POS消费,地点169,开水,2014/07/02 22:59:56,0.01,15.72
19552,POS消费,地点821,食堂,2014/07/03 11:07:25,5.6,10.12
19552,POS消费,地点169,开水,2014/07/03 13:59:34,0.01,10.11
19552,POS消费,地点840,食堂,2014/07/03 17:09:27,3.0,7.11
19552,POS消费,地点841,食堂,2014/07/03 17:13:34,1.8,5.31
19552,POS消费,地点169,开水,2014/07/04 15:24:58,0.01,5.3
19552,卡充值,,,2014/07/05 17:14:02,50.0,55.3
19552,POS消费,地点21,开水,2014/07/05 17:15:54,3.0,52.3
19552,POS消费,地点169,开水,2014/07/05 22:40:06,0.01,52.29
19552,POS消费,地点57,食堂,2014/07/06 11:04:51,2.0,45.09
19552,POS消费,地点21,开水,2014/07/06 11:07:39,5.2,47.09
19552,POS消费,地点169,开水,2014/07/06 14:23:51,0.01,45.08
19552,POS消费,地点840,食堂,2014/07/06 17:05:11,5.0,40.08
19552,POS消费,地点273,食堂,2014/07/06 17:08:51,3.1,36.98
19552,POS消费,地点273,食堂,2014/07/07 11:46:51,5.9,31.08
19552,POS消费,地点169,开水,2014/07/07 21:11:24,0.01,31.07
19552,POS消费,地点256,食堂,2014/07/08 11:05:25,9.8,21.27
19552,POS消费,地点238,食堂,2014/07/08 11:06:28,2.0,19.27
19552,POS消费,地点169,开水,2014/07/08 22:12:21,0.01,19.26
19552,POS消费,地点268,食堂,2014/07/09 11:32:23,1.6,17.66
19552,POS消费,地点273,食堂,2014/07/09 11:34:24,3.1,14.56
19552,POS消费,地点142,开水,2014/07/09 13:54:32,0.09,14.47
19552,POS消费,地点21,开水,2014/07/10 11:10:27,2.2,12.27
19552,POS消费,地点169,开水,2014/07/10 14:26:59,0.01,12.26
19552,POS消费,地点118,食堂,2014/07/11 20:09:35,4.0,8.26
19552,POS消费,地点169,开水,2014/07/11 20:20:26,0.01,8.25
19552,POS消费,地点21,开水,2014/07/12 12:21:55,4.6,3.65
19552,卡充值,,,2014/07/12 17:10:28,100.0,103.65
19552,POS消费,地点21,开水,2014/07/12 17:12:04,4.6,99.05
19552,POS消费,地点169,开水,2014/07/12 21:43:14,0.01,99.04
19552,POS消费,地点253,食堂,2014/07/13 17:42:02,5.85,93.19
19552,POS消费,地点184,食堂,2014/07/13 17:44:10,2.2,90.99
19552,POS消费,地点169,开水,2014/07/13 18:29:09,0.01,90.98
19552,POS消费,地点72,食堂,2014/07/14 11:30:17,5.1,85.88
19552,POS消费,地点21,开水,2014/07/14 16:40:42,3.0,82.88
19552,POS消费,地点228,食堂,2014/07/14 16:50:46,8.0,74.88
19552,POS消费,地点231,食堂,2014/07/14 17:04:23,0.6,74.28
19552,POS消费,地点72,食堂,2014/07/15 12:02:33,4.6,65.77
19552,POS消费,地点89,食堂,2014/07/15 17:53:08,4.5,61.27
19552,POS消费,地点70,食堂,2014/07/15 17:57:38,3.0,58.27
19552,POS消费,地点600,淋浴,2014/07/15 20:57:22,0.9,73.37
19552,POS消费,地点1140,洗衣房,2014/07/15 20:58:57,3.0,70.37
19552,POS消费,地点169,开水,2014/07/15 21:05:01,0.01,74.27
19552,POS消费,地点72,食堂,2014/07/16 12:08:37,4.6,53.67
19552,POS消费,地点21,开水,2014/07/16 18:07:26,2.0,51.67
19552,POS消费,地点91,校车,2014/07/16 18:22:01,1.2,50.47
19552,POS消费,地点1212,洗衣房,2014/07/16 21:09:37,3.6,46.87
19552,POS消费,地点169,开水,2014/07/16 22:20:37,0.01,46.86
19552,POS消费,地点260,食堂,2014/07/17 11:49:03,2.6,44.26
19552,POS消费,地点169,开水,2014/07/17 11:56:59,0.01,44.25
19552,POS消费,地点169,开水,2014/07/18 06:52:46,0.01,44.24
19552,POS消费,地点169,开水,2014/07/19 12:01:57,0.01,44.23
19552,POS消费,地点57,食堂,2014/07/20 11:40:39,4.6,39.63
19552,POS消费,地点169,开水,2014/07/20 12:00:01,0.01,39.62
19552,POS消费,地点57,食堂,2014/07/20 17:05:55,4.4,35.22
19552,POS消费,地点21,开水,2014/07/20 19:06:05,5.5,29.72
19552,POS消费,地点169,开水,2014/07/20 19:57:03,0.01,29.71
19552,POS消费,地点169,开水,2014/07/21 17:10:34,0.01,29.7
19552,POS消费,地点169,开水,2014/07/21 21:27:09,0.01,29.69
19552,POS消费,地点169,开水,2014/07/21 22:58:51,0.01,29.68
19552,POS消费,地点60,食堂,2014/07/22 11:54:41,4.4,25.28
19552,POS消费,地点21,开水,2014/07/22 12:05:20,3.0,22.28
19552,POS消费,地点228,食堂,2014/07/22 17:41:54,5.0,17.28
19552,POS消费,地点231,食堂,2014/07/22 17:55:58,0.4,16.88
19552,POS消费,地点243,食堂,2014/07/22 17:57:23,3.0,13.88
19552,POS消费,地点169,开水,2014/07/22 22:14:58,0.01,13.87
19552,POS消费,地点169,开水,2014/07/22 23:48:44,0.01,13.86
19552,卡充值,,,2014/07/23 11:45:26,100.0,113.86
19552,POS消费,地点228,食堂,2014/07/23 11:56:56,6.0,107.86
19552,POS消费,地点231,食堂,2014/07/23 12:11:19,0.4,107.46
19552,POS消费,地点188,超市,2014/07/23 17:05:40,9.9,97.56
19552,POS消费,地点228,食堂,2014/07/23 17:20:15,6.5,91.06
19552,POS消费,地点231,食堂,2014/07/23 17:34:46,0.4,90.66
19552,POS消费,地点169,开水,2014/07/23 22:33:14,0.01,90.65
19552,POS消费,地点228,食堂,2014/07/24 11:15:23,6.5,84.15
19552,POS消费,地点218,食堂,2014/07/24 11:28:16,1.8,81.35
19552,POS消费,地点231,食堂,2014/07/24 11:30:07,0.4,83.15
19552,POS消费,地点243,食堂,2014/07/24 11:30:52,3.0,78.35
19552,POS消费,地点228,食堂,2014/07/24 17:19:12,6.0,72.35
19552,POS消费,地点231,食堂,2014/07/24 17:33:50,0.6,71.75
19552,POS消费,地点169,开水,2014/07/24 22:52:21,0.01,71.74
19552,POS消费,地点169,开水,2014/07/25 00:08:35,0.01,71.73
19552,POS消费,地点228,食堂,2014/07/25 11:10:40,6.0,65.73
19552,POS消费,地点231,食堂,2014/07/25 11:24:39,0.6,65.13
19552,POS消费,地点228,食堂,2014/07/25 17:19:46,6.0,59.13
19552,POS消费,地点228,食堂,2014/07/25 17:20:07,6.0,53.13
19552,POS消费,地点243,食堂,2014/07/25 17:23:59,5.9,46.23
19552,POS消费,地点231,食堂,2014/07/25 17:34:14,0.6,52.53
19552,POS消费,地点231,食堂,2014/07/25 17:34:40,0.4,52.13
19552,,,,2014/07/25 21:57:52,10.0,36.23
19552,POS消费,地点169,开水,2014/07/25 23:13:15,0.01,36.22
19552,卡充值,,,2014/07/26 11:54:49,100.0,136.22
19552,POS消费,地点228,食堂,2014/07/26 12:01:19,7.0,129.22
19552,POS消费,地点231,食堂,2014/07/26 12:15:19,0.6,128.62
19552,POS消费,地点169,开水,2014/07/26 12:21:48,0.01,128.61
19552,POS消费,地点228,食堂,2014/07/26 17:20:37,5.0,123.61
19552,POS消费,地点231,食堂,2014/07/26 17:34:39,0.6,123.01
19552,POS消费,地点228,食堂,2014/07/27 11:13:47,6.0,117.01
19552,POS消费,地点231,食堂,2014/07/27 11:28:46,0.6,116.41
19552,POS消费,地点228,食堂,2014/07/27 17:45:36,6.5,109.91
19552,POS消费,地点231,食堂,2014/07/27 17:59:42,0.6,109.31
19552,POS消费,地点243,食堂,2014/07/27 18:03:05,3.0,106.31
19552,POS消费,地点228,食堂,2014/07/28 12:28:45,8.0,98.31
19552,POS消费,地点72,食堂,2014/07/28 12:32:04,0.8,97.51
19552,POS消费,地点228,食堂,2014/07/28 17:54:31,6.5,91.0
19552,POS消费,地点231,食堂,2014/07/28 18:08:42,0.6,90.4
19552,POS消费,地点169,开水,2014/07/28 18:32:46,0.01,97.5
19552,POS消费,地点228,食堂,2014/07/29 11:57:20,6.0,84.4
19552,POS消费,地点231,食堂,2014/07/29 12:11:07,0.6,83.8
19552,POS消费,地点228,食堂,2014/07/29 17:25:36,6.0,77.8
19552,POS消费,地点218,食堂,2014/07/29 17:33:31,1.8,75.4
19552,POS消费,地点231,食堂,2014/07/29 17:39:11,0.6,77.2
19552,POS消费,地点1140,洗衣房,2014/07/29 21:27:53,3.0,72.4
19552,POS消费,地点600,淋浴,2014/07/29 21:35:53,0.5,71.9
19552,POS消费,地点169,开水,2014/07/30 00:00:41,0.01,71.89
19552,POS消费,地点228,食堂,2014/07/30 17:27:05,5.0,66.89
19552,POS消费,地点218,食堂,2014/07/30 17:29:56,3.0,63.29
19552,POS消费,地点218,食堂,2014/07/30 17:33:07,1.8,61.49
19552,POS消费,地点231,食堂,2014/07/30 17:41:17,0.6,66.29
19552,POS消费,地点228,食堂,2014/07/31 17:18:42,6.5,54.99
19552,POS消费,地点231,食堂,2014/07/31 17:32:52,0.6,54.39
19552,POS消费,地点21,开水,2014/08/02 18:18:58,0.6,48.79
19552,POS消费,地点227,食堂,2014/08/02 18:28:07,5.0,49.39
19552,POS消费,地点169,开水,2014/08/02 22:23:07,0.01,48.78
19552,POS消费,地点228,食堂,2014/08/03 16:52:19,6.5,42.28
19552,POS消费,地点231,食堂,2014/08/03 17:06:09,0.6,41.68
19552,POS消费,地点228,食堂,2014/08/04 17:14:53,6.5,35.17
19552,POS消费,地点231,食堂,2014/08/04 17:29:27,0.4,34.77
19552,POS消费,地点169,开水,2014/08/05 08:55:04,0.01,41.67
19552,POS消费,地点228,食堂,2014/08/05 11:31:34,6.5,28.27
19552,POS消费,地点231,食堂,2014/08/05 11:45:48,0.4,27.87
19552,POS消费,地点218,食堂,2014/08/05 11:47:16,1.0,26.87
19552,POS消费,地点60,食堂,2014/08/05 17:44:39,0.6,21.27
19552,POS消费,地点227,食堂,2014/08/05 17:47:55,5.0,21.87
19552,POS消费,地点218,食堂,2014/08/05 17:48:57,1.8,19.47
19552,POS消费,地点169,开水,2014/08/05 22:29:56,0.01,19.46
19552,POS消费,地点87,食堂,2014/08/06 17:17:03,0.8,13.66
19552,POS消费,地点227,食堂,2014/08/06 17:26:41,5.0,14.46
19552,POS消费,地点169,开水,2014/08/06 23:15:28,0.01,13.65
19552,卡充值,,,2014/08/07 16:42:16,100.0,113.65
19552,POS消费,地点309,食堂,2014/08/07 16:55:33,6.5,107.15
19552,POS消费,地点231,食堂,2014/08/07 17:10:32,0.6,106.55
19552,POS消费,地点169,开水,2014/08/07 22:49:32,0.01,106.54
19552,POS消费,地点228,食堂,2014/08/08 18:02:23,6.0,100.54
19552,POS消费,地点231,食堂,2014/08/08 18:16:37,0.6,99.94
19552,POS消费,地点228,食堂,2014/08/10 11:03:12,6.0,93.94
19552,POS消费,地点231,食堂,2014/08/10 11:17:05,0.6,93.34
19552,POS消费,地点228,食堂,2014/08/10 18:06:38,6.0,87.34
19552,POS消费,地点60,食堂,2014/08/10 18:16:10,1.8,84.94
19552,POS消费,地点231,食堂,2014/08/10 18:21:30,0.6,86.74
19552,POS消费,地点169,开水,2014/08/11 23:31:48,0.01,84.93
19552,POS消费,地点228,食堂,2014/08/12 11:16:42,8.0,76.93
19552,POS消费,地点231,食堂,2014/08/12 11:31:38,0.6,76.33
19552,POS消费,地点169,开水,2014/08/13 22:28:12,0.01,76.32
19552,POS消费,地点169,开水,2014/08/14 03:11:21,0.01,76.31
19552,POS消费,地点228,食堂,2014/08/14 18:04:08,6.0,70.31
19552,POS消费,地点231,食堂,2014/08/14 18:18:39,0.6,69.71
19552,POS消费,地点21,开水,2014/08/14 18:21:24,14.6,55.11
19552,POS消费,地点21,开水,2014/08/15 20:31:18,7.8,47.31
19552,POS消费,地点228,食堂,2014/08/17 11:03:35,6.0,41.31
19552,POS消费,地点231,食堂,2014/08/17 11:17:50,0.6,40.71
19552,POS消费,地点169,开水,2014/08/17 22:48:56,0.01,40.7
19552,POS消费,地点89,食堂,2014/08/18 07:31:23,3.0,37.7
19552,POS消费,地点89,食堂,2014/08/18 07:31:30,1.0,36.7
19552,POS消费,地点61,食堂,2014/08/18 07:34:54,3.8,32.9
19552,POS消费,地点65,食堂,2014/08/18 17:35:57,0.6,27.3
19552,POS消费,地点227,食堂,2014/08/18 17:44:17,5.0,27.9
19552,POS消费,地点188,超市,2014/08/18 17:53:46,18.2,9.1
19552,POS消费,地点169,开水,2014/08/18 23:09:27,0.01,9.09
19552,卡充值,,,2014/08/19 11:01:39,100.0,109.09
19552,POS消费,地点60,食堂,2014/08/19 11:17:54,4.0,105.09
19552,POS消费,地点169,开水,2014/08/20 02:12:20,0.01,105.08
19552,POS消费,地点60,食堂,2014/08/20 07:42:47,0.8,101.28
19552,POS消费,地点61,食堂,2014/08/20 07:48:17,3.0,102.08
19552,POS消费,地点89,食堂,2014/08/20 07:53:21,3.0,98.28
19552,POS消费,地点228,食堂,2014/08/20 18:23:53,6.0,92.28
19552,POS消费,地点21,开水,2014/08/20 18:28:19,0.8,91.48
19552,POS消费,地点169,开水,2014/08/21 00:46:31,0.01,91.47
19552,POS消费,地点61,食堂,2014/08/21 09:17:37,2.6,88.87
19552,POS消费,地点228,食堂,2014/08/21 16:42:50,6.0,82.87
19552,POS消费,地点231,食堂,2014/08/21 16:57:05,0.6,82.27
19552,POS消费,地点21,开水,2014/08/21 16:57:38,22.7,59.57
19552,,,,2014/08/21 17:24:40,10.0,49.57
19552,POS消费,地点169,开水,2014/08/22 01:43:14,0.01,49.56
19552,POS消费,地点65,食堂,2014/08/22 07:56:50,0.2,45.96
19552,POS消费,地点61,食堂,2014/08/22 08:05:14,3.4,46.16
19552,POS消费,地点65,食堂,2014/08/23 11:13:13,0.6,40.36
19552,POS消费,地点227,食堂,2014/08/23 11:22:31,5.0,40.96
19552,POS消费,地点218,食堂,2014/08/23 11:22:50,0.8,39.56
19552,POS消费,地点91,校车,2014/08/26 10:53:47,5.2,34.35
19552,POS消费,地点21,开水,2014/08/26 10:54:51,1.0,33.35
19552,POS消费,地点169,开水,2014/08/26 14:25:56,0.01,39.55
19552,POS消费,地点232,食堂,2014/08/26 17:29:16,7.1,26.25
19552,POS消费,地点21,开水,2014/08/26 17:35:17,1.0,25.25
19552,POS消费,地点232,食堂,2014/08/27 11:27:57,6.6,18.65
19552,POS消费,地点228,食堂,2014/08/27 17:14:19,6.5,12.15
19552,POS消费,地点218,食堂,2014/08/27 17:17:07,2.0,9.55
19552,POS消费,地点231,食堂,2014/08/27 17:28:52,0.6,11.55
19552,POS消费,地点91,校车,2014/08/28 17:05:46,5.6,203.95
19552,POS消费,地点91,校车,2014/08/28 17:06:56,3.0,200.95
19552,卡充值,,,2014/08/28 17:07:57,200.0,209.55
19552,POS消费,地点169,开水,2014/08/29 08:30:44,0.01,200.94
19552,POS消费,地点169,开水,2014/08/29 08:33:56,0.01,200.93
19552,POS消费,地点91,校车,2014/08/29 11:09:59,4.5,196.43
19552,POS消费,地点91,校车,2014/08/29 11:10:58,1.0,195.43
19552,POS消费,地点21,开水,2014/08/29 11:11:40,1.5,193.93
19552,POS消费,地点169,开水,2014/08/30 07:44:26,0.01,193.92
19552,POS消费,地点228,食堂,2014/08/30 11:02:01,6.5,187.42
19552,POS消费,地点228,食堂,2014/08/30 11:02:07,3.0,184.42
19552,POS消费,地点231,食堂,2014/08/30 11:17:03,1.2,183.22
19552,POS消费,地点21,开水,2014/08/31 11:14:08,4.6,178.61
19552,POS消费,地点21,开水,2014/08/31 11:14:29,1.0,177.61
19552,POS消费,地点21,开水,2014/08/31 11:15:27,0.8,176.81
19552,POS消费,地点91,校车,2014/08/31 16:53:20,5.0,168.71
19552,POS消费,地点21,开水,2014/08/31 16:54:45,2.5,166.21
19552,POS消费,地点21,开水,2014/08/31 17:04:31,13.8,152.41
19552,POS消费,地点169,开水,2014/08/31 20:53:55,0.01,183.21
19552,POS消费,地点1140,洗衣房,2014/08/31 20:54:20,3.0,173.81
19552,POS消费,地点169,开水,2014/08/31 21:55:47,0.01,152.4
