19644,卡片开户,,,2014/03/12 11:56:50,25.0,25.0
19644,更新卡信息,,,2014/03/12 11:57:24,0.0,0.0
19644,POS消费,地点187,校车,2014/03/14 16:22:54,4.0,21.0
19644,POS消费,地点1386,校车,2014/03/17 08:22:26,2.0,19.0
19644,POS消费,地点213,食堂,2014/03/20 13:08:25,0.45,18.55
19644,POS消费,地点953,校车,2014/03/21 18:27:28,4.0,14.55
19644,POS消费,地点1405,校车,2014/03/24 07:51:26,2.0,12.55
19644,POS消费,地点193,食堂,2014/03/25 12:01:09,5.0,7.55
19644,POS消费,地点1386,校车,2014/03/26 14:09:21,2.0,5.55
19644,卡充值,,,2014/03/28 08:35:29,20.0,25.55
19644,POS消费,地点72,食堂,2014/03/28 08:53:12,0.6,24.95
19644,POS消费,地点60,食堂,2014/03/28 08:56:22,0.5,24.45
19644,POS消费,地点953,校车,2014/03/28 12:52:52,4.0,20.45
19644,POS消费,地点178,校车,2014/03/30 15:35:13,4.0,16.45
19644,POS消费,地点61,食堂,2014/03/30 16:53:44,3.2,13.25
19644,POS消费,地点1389,校车,2014/03/30 21:27:52,2.0,11.25
19644,POS消费,地点21,开水,2014/03/31 09:08:10,1.0,10.25
19644,POS消费,地点1214,校车,2014/03/31 09:44:37,2.0,8.25
19644,POS消费,地点21,开水,2014/04/01 12:01:58,1.0,7.25
19644,POS消费,地点267,食堂,2014/04/01 12:03:24,5.0,2.25
19644,卡充值,,,2014/04/02 11:56:30,20.0,22.25
19644,POS消费,地点69,食堂,2014/04/03 09:04:10,1.2,20.55
19644,POS消费,地点60,食堂,2014/04/03 09:04:53,0.5,21.75
19644,POS消费,地点1456,校车,2014/04/03 21:20:22,2.0,18.55
19644,POS消费,地点1405,校车,2014/04/04 08:27:09,2.0,16.55
19644,POS消费,地点242,食堂,2014/04/04 12:08:51,1.5,15.05
19644,POS消费,地点242,食堂,2014/04/04 12:09:12,0.2,14.85
19644,POS消费,地点1491,校车,2014/04/04 18:09:18,4.0,10.85
19644,POS消费,地点1456,校车,2014/04/08 08:25:33,2.0,8.85
19644,POS消费,地点1395,校车,2014/04/08 14:47:03,2.0,6.85
19644,POS消费,地点187,校车,2014/04/09 16:55:35,4.0,2.85
19644,卡充值,,,2014/04/10 18:00:51,30.0,32.85
19644,POS消费,地点243,食堂,2014/04/10 18:13:26,2.53,30.32
19644,POS消费,地点920,校车,2014/04/10 18:17:51,4.0,26.32
19644,POS消费,地点1386,校车,2014/04/11 08:22:01,2.0,24.32
19644,POS消费,地点220,校车,2014/04/11 16:32:14,4.0,20.32
19644,POS消费,地点1386,校车,2014/04/14 08:27:38,2.0,18.32
19644,POS消费,地点193,食堂,2014/04/15 12:05:33,5.0,13.32
19644,POS消费,地点837,校车,2014/04/16 18:12:49,1.0,12.32
19644,POS消费,地点837,校车,2014/04/16 18:13:59,1.0,11.32
19644,POS消费,地点65,食堂,2014/04/17 09:17:59,0.8,10.52
19644,POS消费,地点72,食堂,2014/04/17 09:20:12,1.6,8.92
19644,POS消费,地点222,校车,2014/04/17 19:07:41,1.0,7.92
19644,POS消费,地点83,食堂,2014/04/19 14:52:59,3.0,4.92
19644,POS消费,地点83,食堂,2014/04/19 14:58:21,1.0,3.92
19644,POS消费,地点26,图书馆,2014/04/19 15:14:07,0.2,3.72
19644,POS消费,地点1387,校车,2014/04/21 08:28:45,2.0,1.72
19644,卡充值,,,2014/04/22 11:52:05,20.0,21.72
19644,POS消费,地点193,食堂,2014/04/22 12:04:01,5.0,16.72
19644,POS消费,地点288,校车,2014/04/22 18:19:35,4.0,12.72
19644,POS消费,地点1491,校车,2014/04/23 17:09:36,4.0,8.72
19644,POS消费,地点1215,校车,2014/04/23 21:23:30,2.0,6.72
19644,POS消费,地点211,校车,2014/04/26 15:02:50,1.0,5.72
19644,POS消费,地点1385,校车,2014/04/27 17:14:04,2.0,3.72
19644,POS消费,地点1389,校车,2014/04/27 21:29:24,2.0,1.72
19644,卡充值,,,2014/04/28 12:16:08,20.0,21.72
19644,POS消费,地点72,食堂,2014/04/28 12:33:24,4.2,17.52
19644,POS消费,地点210,校车,2014/04/28 12:52:04,4.0,13.52
19644,POS消费,地点21,开水,2014/04/30 08:31:00,1.5,12.02
19644,POS消费,地点192,超市,2014/04/30 20:50:05,2.0,10.02
19644,POS消费,地点237,食堂,2014/05/01 11:20:01,1.2,8.82
19644,POS消费,地点21,开水,2014/05/01 11:31:19,1.0,7.82
19644,卡充值,,,2014/05/13 11:53:01,50.0,53.82
19644,POS消费,地点246,食堂,2014/05/13 11:56:58,3.0,50.82
19644,POS消费,地点246,食堂,2014/05/13 11:57:06,1.2,49.62
19644,POS消费,地点1623,图书馆,2014/05/14 09:59:08,1.45,48.17
19644,POS消费,地点21,开水,2014/05/16 18:20:09,4.2,43.97
19644,POS消费,地点26,图书馆,2014/05/16 18:54:47,22.8,21.17
19644,POS消费,地点221,校车,2014/05/18 16:08:25,4.0,17.17
19644,POS消费,地点188,超市,2014/05/20 14:11:23,2.4,14.77
19644,POS消费,地点1386,校车,2014/05/23 07:53:42,2.0,12.77
19644,POS消费,地点1542,校车,2014/05/23 13:00:12,4.0,8.77
19644,卡充值,,,2014/05/27 09:43:28,30.0,38.77
19644,POS消费,地点21,开水,2014/05/27 09:48:22,5.43,33.34
19644,POS消费,地点1269,校车,2014/05/27 10:18:01,2.0,31.34
19644,POS消费,地点83,食堂,2014/05/27 12:40:43,6.0,25.34
19644,POS消费,地点1394,校车,2014/05/27 14:02:48,2.0,23.34
19644,POS消费,地点1386,校车,2014/06/09 08:29:02,2.0,21.34
19644,POS消费,地点158,食堂,2014/06/09 11:51:21,4.1,17.24
19644,POS消费,地点953,校车,2014/06/09 18:24:43,4.0,13.24
19644,POS消费,地点21,开水,2014/06/10 07:56:40,1.5,11.74
19644,POS消费,地点1214,校车,2014/06/10 08:25:04,2.0,9.74
19644,卡充值,,,2014/06/12 17:53:22,20.0,29.74
19644,POS消费,地点21,开水,2014/06/12 17:58:27,4.4,25.34
19644,POS消费,地点192,超市,2014/06/15 14:40:24,10.9,14.44
19644,POS消费,地点233,食堂,2014/06/15 17:15:16,4.6,9.84
19644,POS消费,地点210,校车,2014/06/15 18:01:12,4.0,5.84
19644,POS消费,地点213,食堂,2014/06/20 10:07:33,1.1,4.74
19644,卡充值,,,2014/06/21 09:31:40,10.0,14.74
19644,POS消费,地点187,校车,2014/06/21 09:42:36,4.0,10.74
19644,POS消费,地点1269,校车,2014/06/24 12:48:49,2.0,8.74
19644,POS消费,地点220,校车,2014/06/25 10:20:16,4.0,4.74
19644,POS消费,地点1389,校车,2014/07/02 07:33:49,2.0,2.74
19644,卡充值,,,2014/07/02 11:59:27,20.0,22.74
19644,POS消费,地点247,食堂,2014/07/02 12:06:15,10.0,12.74
19644,POS消费,地点258,食堂,2014/07/02 12:08:04,3.2,9.54
19644,POS消费,地点258,食堂,2014/07/02 12:08:17,1.5,8.04
19644,POS消费,地点529,校车,2014/07/03 16:18:14,4.0,4.04
19644,卡充值,,,2014/07/12 12:27:14,20.0,24.04
19644,POS消费,地点1387,校车,2014/07/12 12:48:21,2.0,22.04
19644,POS消费,地点1405,校车,2014/07/12 19:38:58,2.0,20.04
19644,POS消费,地点1405,校车,2014/07/12 19:39:05,2.0,18.04
19644,POS消费,地点21,开水,2014/07/14 10:37:10,6.83,11.21
19644,POS消费,地点21,开水,2014/07/14 11:11:57,8.1,3.11
