20339,卡片开户,,,2015/08/29 11:53:51,300.0,300.0
20339,POS消费,地点1472,校车,2015/08/30 08:46:19,1.0,299.0
20339,POS消费,地点816,校车,2015/08/30 10:24:38,1.0,298.0
20339,POS消费,地点65,食堂,2015/08/30 12:13:49,8.6,289.4
20339,POS消费,地点218,食堂,2015/08/30 12:15:39,2.9,286.5
20339,POS消费,地点1472,校车,2015/08/30 15:35:43,1.0,285.5
20339,POS消费,地点21,开水,2015/08/31 08:33:19,0.8,284.7
20339,POS消费,地点232,食堂,2015/08/31 08:34:09,0.8,283.9
20339,POS消费,地点268,食堂,2015/08/31 12:14:47,9.6,274.3
20339,POS消费,地点271,校医院,2015/08/31 18:24:43,12.1,253.6
20339,POS消费,地点2117,食堂,2015/08/31 19:21:13,8.6,265.7
