21022,POS消费,地点91,校车,2013/09/01 11:43:54,4.5,377.5
21022,POS消费,地点114,食堂,2013/09/01 12:10:30,2.5,375.0
21022,POS消费,地点161,食堂,2013/09/01 17:05:06,10.6,364.4
21022,POS消费,地点21,开水,2013/09/01 17:27:10,2.0,362.4
21022,POS消费,地点105,食堂,2013/09/02 07:30:16,2.3,360.1
21022,POS消费,地点272,食堂,2013/09/02 11:55:44,15.0,345.1
21022,POS消费,地点250,食堂,2013/09/02 18:05:20,14.0,331.1
21022,POS消费,地点114,食堂,2013/09/02 18:19:39,2.5,328.6
21022,POS消费,地点167,食堂,2013/09/03 07:31:40,2.03,326.57
21022,POS消费,地点821,食堂,2013/09/03 11:49:29,16.6,309.97
21022,POS消费,地点167,食堂,2013/09/03 17:42:06,9.6,300.37
21022,POS消费,地点167,食堂,2013/09/03 17:45:01,11.6,288.77
21022,POS消费,地点167,食堂,2013/09/03 17:45:19,9.6,279.17
21022,POS消费,地点279,食堂,2013/09/04 07:22:23,3.0,276.17
21022,POS消费,地点841,食堂,2013/09/04 07:28:35,2.9,273.27
21022,POS消费,地点268,食堂,2013/09/04 11:37:46,8.6,264.67
21022,POS消费,地点268,食堂,2013/09/04 11:38:14,8.6,256.07
21022,POS消费,地点841,食堂,2013/09/04 11:52:42,1.8,254.27
21022,POS消费,地点842,食堂,2013/09/04 17:35:40,5.0,231.07
21022,POS消费,地点267,食堂,2013/09/04 17:36:04,9.6,244.67
21022,POS消费,地点267,食堂,2013/09/04 17:36:30,8.6,236.07
21022,POS消费,地点841,食堂,2013/09/04 17:51:53,5.0,226.07
21022,POS消费,地点244,食堂,2013/09/05 07:18:52,2.03,224.04
21022,POS消费,地点244,食堂,2013/09/05 07:19:13,5.73,218.31
21022,POS消费,地点57,食堂,2013/09/05 11:36:30,11.6,206.71
21022,POS消费,地点219,超市,2013/09/05 15:08:47,5.0,201.71
21022,POS消费,地点272,食堂,2013/09/05 17:22:48,12.0,189.71
21022,POS消费,地点272,食堂,2013/09/05 17:22:55,12.0,177.71
21022,POS消费,地点818,食堂,2013/09/06 07:48:52,5.9,171.81
21022,POS消费,地点219,超市,2013/09/06 09:13:00,4.0,167.81
21022,POS消费,地点247,食堂,2013/09/06 11:03:29,10.0,157.81
21022,POS消费,地点272,食堂,2013/09/06 11:12:27,10.0,147.81
21022,POS消费,地点219,超市,2013/09/06 16:17:15,8.0,139.81
21022,POS消费,地点91,校车,2013/09/06 17:28:43,10.6,129.21
21022,POS消费,地点21,开水,2013/09/07 07:29:42,3.0,126.21
21022,POS消费,地点275,食堂,2013/09/07 17:14:58,10.0,116.21
21022,POS消费,地点247,食堂,2013/09/07 17:22:56,15.0,101.21
21022,POS消费,地点820,食堂,2013/09/08 07:50:32,3.2,98.01
21022,POS消费,地点219,超市,2013/09/08 18:42:34,5.0,93.01
21022,POS消费,地点219,超市,2013/09/08 18:53:12,4.0,89.01
21022,POS消费,地点146,校车,2013/09/09 13:17:54,1.0,88.01
21022,POS消费,地点247,食堂,2013/09/09 13:27:42,10.0,78.01
21022,POS消费,地点219,超市,2013/09/10 14:25:50,6.0,72.01
21022,,,,2013/09/10 18:47:54,1.0,71.01
21022,,,,2013/09/10 18:48:45,30.0,41.01
21022,POS消费,地点272,食堂,2013/09/11 17:43:21,30.0,11.01
21022,卡充值,,,2013/09/12 17:29:48,100.0,111.01
21022,POS消费,地点247,食堂,2013/09/12 17:34:21,25.0,86.01
21022,POS消费,地点526,食堂,2013/09/15 21:23:47,13.7,72.31
21022,POS消费,地点167,食堂,2013/09/17 08:27:07,2.8,69.51
21022,POS消费,地点167,食堂,2013/09/17 08:27:16,1.2,68.31
21022,POS消费,地点21,开水,2013/09/17 18:19:22,15.0,53.31
21022,POS消费,地点21,开水,2013/09/17 18:19:34,6.0,47.31
21022,POS消费,地点254,食堂,2013/09/18 19:07:20,11.0,36.31
21022,POS消费,地点146,校车,2013/09/20 16:37:02,1.0,35.31
21022,POS消费,地点146,校车,2013/09/20 16:41:54,1.0,34.31
21022,POS消费,地点118,食堂,2013/09/21 21:35:15,7.4,26.91
21022,POS消费,地点118,食堂,2013/09/21 21:35:23,1.0,25.91
21022,POS消费,地点232,食堂,2013/09/23 12:13:39,10.0,15.91
21022,POS消费,地点232,食堂,2013/09/23 12:14:26,10.0,5.91
21022,POS消费,地点243,食堂,2013/09/23 12:49:56,2.0,3.91
21022,POS消费,地点42,淋浴,2013/09/29 14:07:59,0.3,3.61
21022,POS消费,地点232,食堂,2013/10/12 18:03:30,10.0,93.61
21022,POS消费,地点232,食堂,2013/10/12 18:03:46,10.0,83.61
21022,卡充值,,,2013/10/12 18:07:38,100.0,103.61
21022,POS消费,地点91,校车,2013/10/14 08:15:36,0.8,82.81
21022,POS消费,地点118,食堂,2013/10/14 15:25:25,7.8,75.01
21022,POS消费,地点526,食堂,2013/10/14 15:25:36,2.5,72.51
21022,POS消费,地点118,食堂,2013/10/14 15:25:44,5.0,67.51
21022,POS消费,地点118,食堂,2013/10/14 15:35:53,7.2,60.31
21022,POS消费,地点900,淋浴,2013/10/15 14:11:46,0.7,59.61
21022,POS消费,地点280,食堂,2013/10/15 18:52:13,11.7,47.91
21022,POS消费,地点21,开水,2013/10/15 18:52:14,5.0,42.91
21022,POS消费,地点258,食堂,2013/10/15 19:00:57,2.5,40.41
21022,POS消费,地点258,食堂,2013/10/17 17:27:19,7.5,32.91
21022,POS消费,地点161,食堂,2013/10/18 08:12:59,1.3,31.61
21022,POS消费,地点900,淋浴,2013/10/19 08:01:14,1.0,30.61
21022,POS消费,地点118,食堂,2013/10/19 10:09:44,8.0,22.61
21022,POS消费,地点900,淋浴,2013/10/21 17:29:02,0.8,21.81
21022,POS消费,地点900,淋浴,2013/10/22 13:10:27,0.6,21.21
21022,POS消费,地点182,食堂,2013/10/23 08:15:23,3.0,18.21
21022,POS消费,地点182,食堂,2013/10/23 08:15:30,3.0,15.21
21022,POS消费,地点232,食堂,2013/10/24 11:57:39,10.0,5.21
21022,POS消费,地点222,校车,2013/10/27 15:32:40,1.0,4.21
21022,POS消费,地点222,校车,2013/10/27 15:36:31,1.0,3.21
21022,卡充值,,,2013/10/29 12:33:38,100.0,103.21
21022,POS消费,地点247,食堂,2013/10/29 12:40:02,10.0,93.21
21022,POS消费,地点254,食堂,2013/10/29 12:47:57,5.0,88.21
21022,POS消费,地点254,食堂,2013/10/29 12:48:01,5.0,83.21
21022,POS消费,地点900,淋浴,2013/10/31 13:49:39,1.1,81.71
21022,POS消费,地点6,淋浴,2013/11/02 12:27:28,0.1,81.61
21022,POS消费,地点6,淋浴,2013/11/02 12:27:41,0.2,81.41
21022,POS消费,地点6,淋浴,2013/11/02 12:29:41,1.2,80.21
21022,POS消费,地点190,超市,2013/11/03 18:03:05,13.1,67.11
21022,POS消费,地点190,超市,2013/11/03 18:05:33,1.5,65.61
21022,POS消费,地点274,超市,2013/11/03 21:47:31,15.6,50.01
21022,POS消费,地点274,超市,2013/11/03 21:47:37,20.6,29.41
21022,POS消费,地点272,食堂,2013/11/04 11:59:09,10.0,19.41
21022,POS消费,地点250,食堂,2013/11/04 11:59:44,12.0,7.41
21022,POS消费,地点258,食堂,2013/11/04 12:01:25,3.0,4.41
21022,POS消费,地点1385,校车,2013/11/17 17:08:12,2.0,2.41
21022,POS消费,地点1385,校车,2013/11/17 17:08:22,2.0,0.41
21022,卡充值,,,2013/12/02 11:56:22,100.0,100.41
21022,POS消费,地点247,食堂,2013/12/02 12:04:34,28.0,72.41
21022,POS消费,地点254,食堂,2013/12/02 12:12:09,10.0,62.41
21022,POS消费,地点217,食堂,2013/12/02 12:22:50,1.0,61.41
21022,POS消费,地点21,开水,2013/12/04 10:36:49,10.0,50.41
21022,POS消费,地点21,开水,2013/12/04 10:37:07,4.0,46.41
21022,POS消费,地点21,开水,2013/12/04 10:37:31,6.0,40.41
21022,POS消费,地点21,开水,2013/12/04 10:37:59,8.0,32.41
21022,POS消费,地点232,食堂,2013/12/04 17:36:57,10.0,22.41
21022,POS消费,地点232,食堂,2013/12/04 17:37:05,10.0,12.41
21022,POS消费,地点21,开水,2013/12/04 17:37:26,4.0,8.41
21022,POS消费,地点900,淋浴,2013/12/06 04:50:24,1.0,60.41
21022,POS消费,地点900,淋浴,2013/12/06 04:51:50,1.2,7.21
21022,POS消费,地点900,淋浴,2013/12/12 07:15:16,0.9,6.31
21022,POS消费,地点1447,校车,2013/12/12 15:08:16,1.0,5.31
21022,POS消费,地点1214,校车,2013/12/15 16:20:54,2.0,3.31
21022,POS消费,地点1214,校车,2013/12/15 16:21:00,2.0,1.31
21022,卡充值,,,2013/12/16 12:00:36,100.0,101.31
21022,POS消费,地点241,食堂,2013/12/16 12:08:53,8.6,92.71
21022,POS消费,地点232,食堂,2013/12/16 17:55:45,14.0,78.71
21022,POS消费,地点21,开水,2013/12/16 17:56:07,6.0,72.71
21022,POS消费,地点1313,洗衣房,2013/12/17 09:42:02,-2.88,71.99
21022,POS消费,地点1313,洗衣房,2013/12/17 09:42:02,3.6,69.11
21022,POS消费,地点1313,洗衣房,2013/12/17 09:53:29,3.6,68.39
21022,POS消费,地点21,开水,2013/12/17 16:35:59,6.0,61.59
21022,POS消费,地点232,食堂,2013/12/17 17:28:58,10.0,51.59
21022,POS消费,地点21,开水,2013/12/17 17:37:38,6.0,45.59
21022,POS消费,地点628,淋浴,2013/12/18 14:59:07,0.8,67.59
21022,POS消费,地点222,校车,2013/12/18 18:34:58,1.0,44.59
21022,POS消费,地点118,食堂,2013/12/19 22:04:21,28.9,15.69
21022,POS消费,地点525,食堂,2013/12/20 12:09:18,4.0,11.69
21022,POS消费,地点1385,校车,2013/12/20 16:22:50,2.0,9.69
21022,POS消费,地点146,校车,2013/12/22 15:10:13,1.0,8.69
21022,POS消费,地点1447,校车,2013/12/26 18:57:36,1.0,7.69
21022,卡充值,,,2014/01/07 11:25:33,100.0,107.69
21022,POS消费,地点232,食堂,2014/01/07 11:29:42,10.0,97.69
21022,POS消费,地点232,食堂,2014/01/07 11:30:12,10.0,87.69
21022,POS消费,地点91,校车,2014/01/07 11:31:57,10.0,77.69
21022,POS消费,地点21,开水,2014/01/07 11:34:00,3.0,74.69
21022,POS消费,地点91,校车,2014/01/08 11:22:47,5.5,69.19
21022,POS消费,地点232,食堂,2014/01/08 11:23:43,10.0,59.19
21022,POS消费,地点91,校车,2014/01/08 11:25:56,10.0,49.19
21022,POS消费,地点118,食堂,2014/01/08 11:56:46,14.4,34.79
21022,POS消费,地点627,淋浴,2014/01/09 00:08:37,1.2,33.49
21022,POS消费,地点232,食堂,2014/01/10 11:42:42,10.0,23.49
21022,POS消费,地点21,开水,2014/01/10 11:43:47,8.9,14.59
21022,POS消费,地点91,校车,2014/01/10 11:45:25,10.0,4.59
21022,POS消费,地点996,图书馆,2014/01/11 16:21:39,2.7,1.89
21022,POS消费,地点629,开水,2014/01/14 19:02:35,0.01,1.88
21022,POS消费,地点900,淋浴,2014/01/15 13:39:17,0.1,34.69
21022,POS消费,地点232,食堂,2014/02/24 11:48:07,6.0,45.88
21022,卡充值,,,2014/02/24 11:53:28,50.0,51.88
21022,POS消费,地点158,食堂,2014/02/25 08:06:25,3.2,42.68
21022,POS消费,地点232,食堂,2014/02/25 11:55:06,6.0,36.68
21022,POS消费,地点21,开水,2014/02/25 11:56:34,6.0,30.68
21022,POS消费,地点158,食堂,2014/02/26 12:08:56,9.6,21.08
21022,POS消费,地点217,食堂,2014/02/26 12:21:32,1.8,19.28
21022,POS消费,地点232,食堂,2014/02/26 17:53:12,10.0,9.28
21022,换卡,,,2014/02/28 08:29:43,0.0,0.0
21022,POS消费,地点1389,校车,2014/03/02 14:10:18,2.0,6.28
21022,POS消费,地点1269,校车,2014/03/02 18:01:08,2.0,4.28
21022,POS消费,地点1389,校车,2014/03/07 17:12:52,2.0,2.28
21022,POS消费,地点1386,校车,2014/03/07 20:49:27,2.0,0.28
21022,POS消费,地点629,开水,2014/03/07 23:05:33,0.01,0.27
21022,POS消费,地点232,食堂,2014/03/26 17:56:28,10.0,30.27
21022,POS消费,地点21,开水,2014/03/26 17:57:41,3.5,26.77
21022,卡充值,,,2014/03/26 18:01:57,40.0,40.27
21022,POS消费,地点21,开水,2014/03/27 11:34:09,7.5,19.27
21022,POS消费,地点217,食堂,2014/03/27 18:01:56,4.0,15.27
21022,POS消费,地点281,超市,2014/03/27 18:06:56,13.0,2.27
21022,POS消费,地点900,淋浴,2014/04/14 07:42:26,1.0,8.28
21022,卡挂失,,,2014/05/13 08:52:09,0.0,0.0
21022,卡片开户,,,2014/05/13 08:54:02,50.0,35.0
21022,POS消费,地点526,食堂,2014/05/13 09:52:34,3.2,31.8
21022,POS消费,地点232,食堂,2014/05/13 11:56:04,10.0,21.8
21022,POS消费,地点232,食堂,2014/05/13 11:56:17,10.0,11.8
21022,POS消费,地点218,食堂,2014/05/13 12:35:00,5.5,6.3
21022,POS消费,地点254,食堂,2014/05/13 18:45:08,5.0,1.3
21022,POS消费,地点6,淋浴,2014/05/14 07:28:47,0.1,1.2
21022,POS消费,地点232,食堂,2014/05/14 11:56:01,10.9,30.3
21022,卡充值,,,2014/05/14 12:00:32,40.0,41.2
21022,POS消费,地点218,食堂,2014/05/14 12:39:03,11.0,19.3
21022,POS消费,地点272,食堂,2014/05/14 18:30:58,9.0,10.3
21022,POS消费,地点21,开水,2014/05/14 18:57:25,1.5,8.8
21022,POS消费,地点118,食堂,2014/05/15 12:02:04,3.5,5.3
21022,卡充值,,,2014/05/19 08:38:20,30.0,35.3
21022,POS消费,地点91,校车,2014/05/19 11:54:41,16.9,18.4
21022,POS消费,地点21,开水,2014/05/19 11:54:49,13.1,5.3
21022,卡充值,,,2014/05/20 10:02:00,50.0,54.5
21022,POS消费,地点21,开水,2014/05/20 11:53:28,18.6,35.9
21022,POS消费,地点218,食堂,2014/05/20 12:34:50,11.0,24.9
21022,POS消费,地点118,食堂,2014/05/20 16:16:11,11.5,13.4
21022,POS消费,地点42,淋浴,2014/05/21 01:49:16,0.8,4.5
21022,卡片销户,,,2014/05/21 11:42:19,13.4,0.0
21022,更新卡信息,,,2014/05/21 11:43:22,0.0,0.0
21022,卡补办,,,2014/05/21 11:44:11,28.4,15.67
21022,POS消费,地点1036,食堂,2014/05/22 11:55:14,8.0,7.67
21022,POS消费,地点841,食堂,2014/05/22 12:11:13,1.5,6.17
21022,POS消费,地点294,校车,2014/05/24 10:53:50,4.0,2.17
21022,POS消费,地点629,开水,2014/05/25 15:13:52,0.01,2.16
21022,POS消费,地点232,食堂,2014/05/26 11:54:16,10.0,92.16
21022,POS消费,地点232,食堂,2014/05/26 11:54:46,10.0,82.16
21022,卡充值,,,2014/05/26 11:59:13,100.0,102.16
21022,POS消费,地点21,开水,2014/05/26 12:19:26,11.0,71.16
21022,POS消费,地点232,食堂,2014/05/27 11:50:14,3.0,68.16
21022,POS消费,地点91,校车,2014/05/27 11:51:28,5.5,62.66
21022,POS消费,地点232,食堂,2014/05/27 11:58:30,10.3,52.36
21022,POS消费,地点42,淋浴,2014/05/28 13:38:14,0.8,51.56
21022,POS消费,地点70,食堂,2014/05/30 09:06:00,3.0,48.56
21022,POS消费,地点243,食堂,2014/05/30 16:09:36,3.0,45.56
21022,POS消费,地点21,开水,2014/05/30 18:04:50,9.0,36.56
21022,POS消费,地点21,开水,2014/05/30 18:08:04,10.0,26.56
21022,POS消费,地点254,食堂,2014/05/30 18:17:18,5.0,21.56
21022,POS消费,地点118,食堂,2014/06/03 16:12:01,7.1,14.46
21022,POS消费,地点1472,校车,2014/06/06 14:19:02,1.0,13.46
21022,POS消费,地点42,淋浴,2014/06/07 16:36:07,0.7,12.76
21022,POS消费,地点526,食堂,2014/06/13 16:28:53,9.5,3.26
