21717,POS消费,地点21,开水,2014/09/01 12:09:59,2.6,260.4
21717,POS消费,地点91,校车,2014/09/01 17:58:24,9.0,251.4
21717,POS消费,地点21,开水,2014/09/01 18:24:57,2.6,248.8
21717,POS消费,地点73,淋浴,2014/09/01 21:18:04,0.09,248.71
21717,POS消费,地点91,校车,2014/09/03 18:02:28,12.0,236.71
21717,POS消费,地点91,校车,2014/09/03 22:06:02,6.0,230.71
21717,POS消费,地点125,淋浴,2014/09/03 22:44:30,0.6,230.11
21717,POS消费,地点125,淋浴,2014/09/04 22:26:42,0.8,229.31
21717,POS消费,地点248,超市,2014/09/05 15:14:25,0.5,228.81
21717,POS消费,地点248,超市,2014/09/05 15:29:04,3.9,224.91
21717,POS消费,地点21,开水,2014/09/05 16:10:03,5.2,219.71
21717,POS消费,地点125,淋浴,2014/09/05 22:48:24,0.5,219.21
21717,POS消费,地点73,淋浴,2014/09/06 12:36:21,0.07,219.14
21717,POS消费,地点125,淋浴,2014/09/06 22:15:52,0.7,218.44
21717,POS消费,地点232,食堂,2014/09/07 18:19:29,7.6,210.84
21717,POS消费,地点73,淋浴,2014/09/07 21:55:23,0.07,210.77
21717,POS消费,地点73,淋浴,2014/09/08 12:04:42,0.14,210.63
21717,POS消费,地点21,开水,2014/09/09 16:13:14,8.6,202.03
21717,POS消费,地点125,淋浴,2014/09/09 22:54:37,1.2,200.83
21717,POS消费,地点21,开水,2014/09/10 12:57:17,2.6,198.23
21717,POS消费,地点125,淋浴,2014/09/10 22:29:52,0.6,197.63
21717,POS消费,地点73,淋浴,2014/09/11 09:34:53,0.09,197.54
21717,POS消费,地点21,开水,2014/09/11 10:09:20,12.6,184.94
21717,POS消费,地点248,超市,2014/09/11 11:57:10,7.6,177.34
21717,POS消费,地点91,校车,2014/09/11 13:28:29,7.0,170.34
21717,POS消费,地点248,超市,2014/09/11 13:52:02,5.2,165.14
21717,POS消费,地点125,淋浴,2014/09/11 22:19:55,0.6,164.54
21717,POS消费,地点91,校车,2014/09/12 17:57:38,12.0,152.28
21717,POS消费,地点73,淋浴,2014/09/12 20:27:42,0.26,164.28
21717,POS消费,地点125,淋浴,2014/09/14 09:29:50,1.2,151.08
21717,POS消费,地点73,淋浴,2014/09/14 12:10:43,0.07,151.01
21717,POS消费,地点125,淋浴,2014/09/14 23:49:35,0.9,150.11
21717,POS消费,地点73,淋浴,2014/09/15 12:50:55,0.06,150.05
21717,POS消费,地点21,开水,2014/09/15 17:57:09,3.6,146.45
21717,POS消费,地点73,淋浴,2014/09/15 23:09:43,0.15,146.3
21717,POS消费,地点125,淋浴,2014/09/16 22:33:56,0.6,145.7
21717,POS消费,地点73,淋浴,2014/09/17 08:52:13,0.08,145.62
21717,POS消费,地点21,开水,2014/09/17 09:35:11,10.4,135.22
21717,POS消费,地点21,开水,2014/09/17 14:09:14,5.5,129.72
21717,POS消费,地点21,开水,2014/09/17 14:10:02,6.5,123.22
21717,POS消费,地点125,淋浴,2014/09/17 23:28:10,0.4,122.82
21717,POS消费,地点73,淋浴,2014/09/18 09:42:59,0.08,122.74
21717,POS消费,地点21,开水,2014/09/18 09:56:56,2.6,120.14
21717,POS消费,地点125,淋浴,2014/09/18 22:36:59,0.1,120.04
21717,POS消费,地点73,淋浴,2014/09/19 09:46:25,0.06,119.98
21717,POS消费,地点21,开水,2014/09/19 09:57:07,4.4,115.58
21717,POS消费,地点91,校车,2014/09/19 12:03:51,5.6,109.98
21717,POS消费,地点125,淋浴,2014/09/19 23:59:34,0.6,109.38
21717,POS消费,地点73,淋浴,2014/09/20 09:09:31,0.09,109.29
21717,POS消费,地点73,淋浴,2014/09/22 14:43:43,0.14,109.15
21717,POS消费,地点73,淋浴,2014/09/23 10:36:42,0.2,108.95
21717,POS消费,地点125,淋浴,2014/09/23 23:05:08,0.8,108.15
21717,POS消费,地点125,淋浴,2014/09/24 22:18:03,0.7,107.45
21717,POS消费,地点73,淋浴,2014/09/25 09:41:45,0.09,107.36
21717,POS消费,地点91,校车,2014/09/25 12:00:29,15.0,92.36
21717,POS消费,地点21,开水,2014/09/25 12:30:01,2.7,89.66
21717,POS消费,地点21,开水,2014/09/25 17:51:35,5.6,84.06
21717,POS消费,地点73,淋浴,2014/09/26 13:48:36,0.09,83.97
21717,POS消费,地点21,开水,2014/09/26 14:32:03,6.8,77.17
21717,POS消费,地点73,淋浴,2014/09/26 22:46:18,0.08,77.09
21717,POS消费,地点73,淋浴,2014/09/27 08:32:42,0.12,76.97
21717,POS消费,地点21,开水,2014/10/08 10:20:18,3.5,73.47
21717,POS消费,地点73,淋浴,2014/10/08 11:27:19,0.09,73.38
21717,POS消费,地点73,淋浴,2014/10/08 11:32:15,0.2,73.18
21717,POS消费,地点248,超市,2014/10/08 15:54:06,3.9,69.28
21717,POS消费,地点91,校车,2014/10/09 11:54:16,24.0,45.28
21717,POS消费,地点125,淋浴,2014/10/10 23:58:47,0.5,44.78
21717,POS消费,地点73,淋浴,2014/10/11 11:59:05,0.08,44.7
21717,POS消费,地点73,淋浴,2014/10/12 12:34:23,0.09,44.61
21717,POS消费,地点73,淋浴,2014/10/13 13:08:51,0.11,44.5
21717,POS消费,地点73,淋浴,2014/10/14 12:45:05,0.21,44.29
21717,POS消费,地点73,淋浴,2014/10/15 07:49:09,0.22,44.07
21717,POS消费,地点27,教务处,2014/10/15 15:55:23,20.0,24.07
21717,POS消费,地点248,超市,2014/10/15 16:04:15,2.6,21.47
21717,POS消费,地点125,淋浴,2014/10/15 22:29:28,0.6,20.87
21717,POS消费,地点91,校车,2014/10/16 22:38:34,3.0,17.87
21717,POS消费,地点125,淋浴,2014/10/19 22:56:35,0.5,17.37
21717,POS消费,地点73,淋浴,2014/10/21 13:38:48,0.21,17.16
21717,POS消费,地点73,淋浴,2014/10/21 23:08:42,0.07,17.09
21717,POS消费,地点125,淋浴,2014/10/22 22:16:57,0.7,16.39
21717,POS消费,地点73,淋浴,2014/10/23 09:45:44,0.2,16.19
21717,POS消费,地点21,开水,2014/10/23 12:29:27,6.6,9.59
21717,POS消费,地点21,开水,2014/10/23 22:07:58,7.4,2.19
21717,卡充值,,,2014/10/24 12:41:34,200.0,202.19
21717,POS消费,地点73,淋浴,2014/10/24 23:33:45,0.21,201.98
21717,POS消费,地点125,淋浴,2014/10/25 23:57:49,0.7,201.28
21717,POS消费,地点73,淋浴,2014/10/26 22:59:06,0.07,201.21
21717,POS消费,地点21,开水,2014/10/27 08:17:45,3.0,198.21
21717,POS消费,地点21,开水,2014/10/27 08:18:22,2.5,195.71
21717,POS消费,地点91,校车,2014/10/27 12:00:06,20.0,175.71
21717,POS消费,地点125,淋浴,2014/10/28 22:16:24,0.5,175.21
21717,POS消费,地点21,开水,2014/10/29 16:02:42,3.0,172.21
21717,POS消费,地点125,淋浴,2014/10/29 17:30:53,0.2,172.01
21717,POS消费,地点21,开水,2014/10/30 10:06:01,3.4,168.61
21717,POS消费,地点73,淋浴,2014/10/30 23:20:00,0.17,168.44
21717,POS消费,地点125,淋浴,2014/11/03 22:14:36,0.7,167.74
21717,POS消费,地点125,淋浴,2014/11/03 23:15:24,0.4,167.34
21717,POS消费,地点73,淋浴,2014/11/04 12:42:29,0.17,167.17
21717,POS消费,地点248,超市,2014/11/06 16:14:25,2.5,164.67
21717,POS消费,地点91,校车,2014/11/07 11:43:20,4.1,160.57
21717,POS消费,地点232,食堂,2014/11/07 11:46:16,3.5,157.07
21717,POS消费,地点125,淋浴,2014/11/07 23:19:41,0.4,156.67
21717,POS消费,地点21,开水,2014/11/08 14:32:08,8.1,148.57
21717,POS消费,地点21,开水,2014/11/08 19:57:19,2.6,145.97
21717,POS消费,地点125,淋浴,2014/11/09 21:57:27,0.4,145.57
21717,POS消费,地点73,淋浴,2014/11/10 10:39:22,0.18,145.39
21717,POS消费,地点73,淋浴,2014/11/11 07:50:45,0.19,145.2
21717,POS消费,地点73,淋浴,2014/11/12 13:33:43,0.18,145.02
21717,POS消费,地点21,开水,2014/11/12 16:02:06,4.1,140.92
21717,POS消费,地点21,开水,2014/11/13 10:04:25,2.6,138.32
21717,POS消费,地点125,淋浴,2014/11/13 23:07:18,0.1,138.22
21717,POS消费,地点73,淋浴,2014/11/14 10:30:59,0.18,138.04
21717,POS消费,地点73,淋浴,2014/11/16 12:56:15,0.17,137.87
21717,POS消费,地点125,淋浴,2014/11/17 22:25:44,1.4,136.47
21717,POS消费,地点73,淋浴,2014/11/18 11:12:45,0.17,136.3
21717,POS消费,地点91,校车,2014/11/18 19:41:21,3.0,133.3
21717,POS消费,地点21,开水,2014/11/18 21:13:17,2.0,131.3
21717,POS消费,地点21,开水,2014/11/19 16:03:11,4.1,127.2
21717,POS消费,地点91,校车,2014/11/20 20:49:08,8.7,118.5
21717,POS消费,地点73,淋浴,2014/11/21 10:36:30,0.17,118.33
21717,POS消费,地点91,校车,2014/11/21 21:16:42,3.0,115.33
21717,POS消费,地点125,淋浴,2014/11/21 23:33:14,0.5,114.83
21717,POS消费,地点73,淋浴,2014/11/25 22:03:10,0.18,114.65
21717,POS消费,地点26,图书馆,2014/11/26 11:49:12,9.2,105.45
21717,POS消费,地点26,图书馆,2014/11/26 11:52:27,1.2,104.25
21717,POS消费,地点26,图书馆,2014/11/26 11:52:55,3.0,101.25
21717,POS消费,地点21,开水,2014/11/26 15:59:45,6.1,95.15
21717,POS消费,地点91,校车,2014/11/27 21:56:29,3.0,92.15
21717,POS消费,地点73,淋浴,2014/11/27 22:53:59,0.19,91.96
21717,POS消费,地点73,淋浴,2014/11/28 13:44:38,0.18,91.78
21717,POS消费,地点91,校车,2014/11/28 17:15:32,3.0,88.78
21717,POS消费,地点91,校车,2014/11/28 17:16:43,12.0,76.78
21717,POS消费,地点91,校车,2014/11/28 17:17:25,12.0,64.78
21717,POS消费,地点91,校车,2014/11/28 17:17:55,-12.0,76.78
21717,POS消费,地点91,校车,2014/11/29 12:03:35,2.0,74.78
21717,POS消费,地点232,食堂,2014/11/29 12:07:47,10.0,64.78
21717,POS消费,地点125,淋浴,2014/11/29 23:21:24,0.5,64.28
21717,POS消费,地点73,淋浴,2014/11/30 07:56:59,0.16,64.12
21717,POS消费,地点73,淋浴,2014/12/01 09:49:49,0.16,63.96
21717,POS消费,地点91,校车,2014/12/01 20:55:00,3.0,60.96
21717,POS消费,地点21,开水,2014/12/01 20:57:11,7.6,53.36
21717,POS消费,地点73,淋浴,2014/12/02 11:48:03,0.18,53.18
21717,POS消费,地点91,校车,2014/12/02 12:15:22,7.6,45.58
21717,POS消费,地点232,食堂,2014/12/02 17:24:57,20.6,24.98
21717,POS消费,地点21,开水,2014/12/02 19:21:18,6.0,18.98
21717,POS消费,地点21,开水,2014/12/03 16:00:51,4.1,14.88
21717,卡充值,,,2014/12/03 17:35:59,200.0,214.88
21717,POS消费,地点232,食堂,2014/12/03 17:37:35,20.0,194.88
21717,POS消费,地点248,超市,2014/12/07 14:07:40,2.6,192.28
21717,POS消费,地点91,校车,2014/12/08 20:19:00,24.5,167.78
21717,POS消费,地点21,开水,2014/12/09 12:08:04,3.5,164.28
21717,POS消费,地点232,食堂,2014/12/09 12:10:14,10.0,154.28
21717,POS消费,地点232,食堂,2014/12/09 12:11:00,10.0,144.28
21717,POS消费,地点21,开水,2014/12/10 09:33:49,3.7,140.58
21717,POS消费,地点21,开水,2014/12/10 09:34:37,0.8,139.78
21717,POS消费,地点21,开水,2014/12/10 15:59:44,4.1,135.68
21717,POS消费,地点12,文印中心,2014/12/11 14:17:14,4.2,131.48
21717,POS消费,地点232,食堂,2014/12/15 11:52:33,10.0,121.48
21717,POS消费,地点21,开水,2014/12/17 15:57:33,4.0,117.48
21717,POS消费,地点21,开水,2014/12/20 17:39:53,5.6,111.88
21717,POS消费,地点91,校车,2014/12/25 18:25:24,10.0,101.88
21717,POS消费,地点248,超市,2014/12/25 18:46:00,4.2,97.68
21717,POS消费,地点232,食堂,2014/12/29 11:31:50,10.0,87.68
21717,POS消费,地点248,超市,2014/12/29 15:48:45,7.6,80.08
21717,POS消费,地点91,校车,2014/12/29 17:39:47,10.0,70.08
21717,POS消费,地点91,校车,2014/12/29 17:41:29,5.6,64.48
21717,POS消费,地点21,开水,2015/01/01 06:55:55,1.5,62.98
21717,POS消费,地点21,开水,2015/01/01 06:56:04,0.4,62.58
21717,POS消费,地点21,开水,2015/01/01 06:56:49,0.5,62.08
21717,POS消费,地点248,超市,2015/01/02 14:35:20,3.8,58.28
21717,POS消费,地点21,开水,2015/01/02 17:33:30,5.6,52.68
21717,POS消费,地点21,开水,2015/01/02 17:35:06,2.0,50.68
21717,POS消费,地点21,开水,2015/01/04 09:03:11,1.63,49.05
21717,POS消费,地点91,校车,2015/01/04 10:59:03,8.0,41.05
21717,POS消费,地点91,校车,2015/01/04 18:01:48,12.0,29.05
21717,POS消费,地点248,超市,2015/01/06 15:49:28,3.8,25.25
21717,POS消费,地点91,校车,2015/01/07 17:42:10,10.0,15.25
21717,POS消费,地点248,超市,2015/01/07 17:59:53,2.4,12.85
21717,POS消费,地点248,超市,2015/01/10 14:11:10,7.4,5.45
21717,POS消费,地点248,超市,2015/01/10 14:11:20,1.0,4.45
21717,卡充值,,,2015/01/10 17:58:55,100.0,104.45
21717,POS消费,地点91,校车,2015/01/10 18:00:24,30.0,74.45
21717,POS消费,地点91,校车,2015/01/10 18:00:28,10.0,64.45
21717,POS消费,地点91,校车,2015/01/11 12:37:43,13.0,51.45
21717,POS消费,地点248,超市,2015/01/11 12:56:43,14.5,36.95
21717,POS消费,地点21,开水,2015/01/13 09:10:31,4.0,32.95
21717,卡挂失,,,2015/03/03 18:11:11,0.0,0.0
21717,卡补办,,,2015/03/09 10:42:51,50.0,67.95
21717,更新卡信息,,,2015/03/09 10:43:42,0.0,0.0
21717,POS消费,地点91,校车,2015/03/09 10:44:58,10.0,57.95
21717,POS消费,地点248,超市,2015/03/09 14:30:53,4.2,53.75
21717,POS消费,地点21,开水,2015/03/11 09:58:20,3.5,50.25
21717,POS消费,地点248,超市,2015/03/11 10:05:39,4.2,46.05
21717,POS消费,地点91,校车,2015/03/11 12:08:18,10.0,36.05
21717,POS消费,地点248,超市,2015/03/11 16:16:01,4.2,31.85
21717,POS消费,地点232,食堂,2015/03/11 18:03:52,10.0,21.85
21717,POS消费,地点91,校车,2015/03/13 12:02:49,20.0,1.85
21717,卡充值,,,2015/03/13 12:13:28,300.0,301.85
21717,POS消费,地点248,超市,2015/03/16 16:16:24,13.2,288.65
21717,POS消费,地点1387,校车,2015/03/16 16:33:28,2.0,286.65
21717,POS消费,地点1961,超市,2015/03/16 19:07:53,12.0,274.65
21717,POS消费,地点1214,校车,2015/03/16 21:39:32,2.0,272.65
21717,POS消费,地点248,超市,2015/03/17 12:08:47,19.0,253.65
21717,POS消费,地点91,校车,2015/03/18 12:05:36,6.0,247.65
21717,POS消费,地点248,超市,2015/03/19 10:06:24,4.2,243.45
21717,POS消费,地点91,校车,2015/03/19 17:32:43,10.0,233.45
21717,POS消费,地点248,超市,2015/03/20 10:19:17,8.0,225.45
21717,POS消费,地点21,开水,2015/03/22 08:21:41,4.7,220.75
21717,POS消费,地点21,开水,2015/03/22 08:22:21,2.0,218.75
21717,POS消费,地点232,食堂,2015/03/23 11:37:10,6.3,212.45
21717,POS消费,地点232,食堂,2015/03/23 11:37:31,6.6,205.85
21717,POS消费,地点21,开水,2015/03/23 11:38:51,2.5,203.35
21717,POS消费,地点21,开水,2015/03/23 18:19:25,9.6,193.75
21717,POS消费,地点248,超市,2015/03/24 08:18:35,4.2,189.55
21717,POS消费,地点91,校车,2015/03/24 11:17:11,20.0,169.55
21717,POS消费,地点91,校车,2015/03/24 11:17:16,30.0,139.55
21717,POS消费,地点248,超市,2015/03/24 17:30:05,3.4,136.15
21717,POS消费,地点91,校车,2015/03/25 10:42:45,10.0,126.15
21717,POS消费,地点248,超市,2015/03/25 10:59:20,3.0,123.15
21717,POS消费,地点91,校车,2015/03/25 17:55:43,14.0,109.15
21717,POS消费,地点21,开水,2015/03/28 08:17:17,4.3,104.85
21717,POS消费,地点248,超市,2015/03/30 08:40:57,14.1,90.75
21717,POS消费,地点91,校车,2015/03/30 12:05:31,10.0,80.75
21717,POS消费,地点248,超市,2015/03/31 12:09:22,22.0,58.75
21717,POS消费,地点21,开水,2015/03/31 16:01:44,4.5,54.25
21717,POS消费,地点91,校车,2015/04/01 17:59:30,10.0,44.25
21717,POS消费,地点91,校车,2015/04/01 17:59:42,10.0,34.25
21717,POS消费,地点248,超市,2015/04/16 15:26:32,6.0,28.25
21717,POS消费,地点91,校车,2015/04/19 11:44:12,10.0,18.25
21717,POS消费,地点248,超市,2015/04/20 09:48:44,8.6,9.65
21717,POS消费,地点232,食堂,2015/04/20 17:52:52,8.0,1.65
21717,POS消费,地点248,超市,2015/04/20 19:26:54,1.3,0.35
21717,卡充值,,,2015/04/26 11:41:03,200.0,200.35
21717,POS消费,地点91,校车,2015/04/26 11:44:44,10.0,190.35
21717,卡挂失,,,2015/05/07 17:49:03,0.0,0.0
21717,卡补办,,,2015/06/05 14:45:49,15.0,190.35
21717,更新卡信息,,,2015/06/05 14:46:18,0.0,0.0
21717,POS消费,地点21,开水,2015/06/09 17:58:20,9.6,180.75
21717,POS消费,地点248,超市,2015/06/12 14:53:35,1.4,179.35
21717,POS消费,地点21,开水,2015/06/16 09:40:45,2.2,177.15
21717,POS消费,地点21,开水,2015/06/16 09:41:44,4.5,172.65
21717,POS消费,地点21,开水,2015/06/16 09:42:24,2.0,170.65
21717,POS消费,地点6,淋浴,2015/06/17 18:24:16,21.5,149.15
21717,POS消费,地点6,淋浴,2015/06/17 18:24:31,13.5,135.65
21717,POS消费,地点91,校车,2015/06/18 18:32:52,10.0,125.65
21717,POS消费,地点248,超市,2015/06/19 10:18:36,3.5,122.15
21717,POS消费,地点91,校车,2015/06/19 18:20:06,8.0,114.15
21717,POS消费,地点21,开水,2015/06/22 20:02:40,2.6,111.55
21717,POS消费,地点248,超市,2015/06/24 15:59:12,2.5,109.05
21717,POS消费,地点248,超市,2015/06/24 15:59:59,31.9,77.15
21717,POS消费,地点91,校车,2015/06/24 17:14:01,10.0,67.15
21717,POS消费,地点21,开水,2015/06/25 14:20:51,2.6,64.55
21717,POS消费,地点91,校车,2015/06/26 11:18:24,8.0,56.55
21717,POS消费,地点91,校车,2015/06/26 11:18:30,7.0,49.55
21717,POS消费,地点21,开水,2015/07/01 08:55:03,3.8,45.75
21717,POS消费,地点248,超市,2015/07/01 10:18:48,3.3,42.45
21717,POS消费,地点91,校车,2015/07/01 10:32:17,17.0,25.45
21717,POS消费,地点248,超市,2015/07/06 14:18:05,2.6,22.85
21717,POS消费,地点21,开水,2015/07/08 11:47:46,2.5,20.35
21717,POS消费,地点21,开水,2015/07/09 08:34:04,3.2,17.15
21717,POS消费,地点21,开水,2015/07/09 08:34:30,2.0,15.15
21717,POS消费,地点248,超市,2015/07/09 08:47:37,4.0,11.15
21717,POS消费,地点91,校车,2015/07/09 12:21:55,10.0,1.15
