21945,卡挂失,,,2015/03/09 12:55:14,0.0,0.0
21945,卡补办,,,2015/03/13 12:34:01,300.0,285.06
21945,更新卡信息,,,2015/03/13 12:34:18,0.0,0.0
21945,POS消费,地点91,校车,2015/03/13 17:27:15,5.0,280.06
21945,POS消费,地点26,图书馆,2015/03/13 17:30:21,4.1,275.96
21945,POS消费,地点125,淋浴,2015/03/14 01:01:31,0.3,275.66
21945,POS消费,地点125,淋浴,2015/03/15 22:51:30,0.4,275.26
21945,POS消费,地点125,淋浴,2015/03/15 22:58:00,0.7,274.56
21945,POS消费,地点125,淋浴,2015/03/15 23:07:16,0.6,273.96
21945,POS消费,地点125,淋浴,2015/03/15 23:20:19,1.2,272.76
21945,POS消费,地点21,开水,2015/03/16 18:06:28,10.6,262.16
21945,POS消费,地点21,开水,2015/03/16 18:07:00,5.6,256.56
21945,POS消费,地点21,开水,2015/03/16 18:08:49,2.5,254.06
21945,POS消费,地点2260,洗衣房,2015/03/16 21:30:59,3.6,250.46
21945,POS消费,地点21,开水,2015/03/17 17:54:12,5.6,244.86
21945,POS消费,地点91,校车,2015/03/17 17:54:40,9.9,234.96
21945,POS消费,地点21,开水,2015/03/17 18:51:16,22.0,212.96
21945,POS消费,地点21,开水,2015/03/18 08:14:09,2.83,210.13
21945,POS消费,地点91,校车,2015/03/18 12:09:23,7.0,203.13
21945,POS消费,地点26,图书馆,2015/03/18 12:25:30,6.7,196.43
21945,POS消费,地点26,图书馆,2015/03/18 18:08:22,8.6,187.83
21945,POS消费,地点26,图书馆,2015/03/18 18:08:31,3.6,184.23
21945,POS消费,地点91,校车,2015/03/18 18:08:52,1.0,183.23
21945,POS消费,地点21,开水,2015/03/19 07:54:16,2.8,180.43
21945,POS消费,地点91,校车,2015/03/19 12:08:19,6.0,174.43
21945,POS消费,地点232,食堂,2015/03/20 11:57:56,10.0,164.43
21945,POS消费,地点91,校车,2015/03/20 11:58:41,6.0,158.43
21945,POS消费,地点21,开水,2015/03/20 17:56:00,5.6,152.83
21945,POS消费,地点91,校车,2015/03/20 17:56:17,6.3,146.53
21945,POS消费,地点125,淋浴,2015/03/21 00:12:03,0.6,145.93
21945,POS消费,地点91,校车,2015/03/22 11:57:29,10.0,135.93
21945,POS消费,地点26,图书馆,2015/03/23 12:16:04,9.6,126.33
21945,POS消费,地点21,开水,2015/03/23 12:22:28,1.8,124.53
21945,POS消费,地点232,食堂,2015/03/24 17:52:00,6.0,118.53
21945,POS消费,地点125,淋浴,2015/03/24 19:33:58,0.4,118.13
21945,POS消费,地点125,淋浴,2015/03/24 23:05:52,0.8,117.33
21945,POS消费,地点21,开水,2015/03/25 08:55:32,4.6,112.73
21945,POS消费,地点21,开水,2015/03/25 21:43:06,16.0,96.73
21945,POS消费,地点125,淋浴,2015/03/25 21:58:44,2.5,94.23
21945,POS消费,地点21,开水,2015/03/26 08:10:33,1.8,92.43
21945,POS消费,地点91,校车,2015/03/27 12:07:14,5.0,87.43
21945,POS消费,地点91,校车,2015/03/27 12:07:35,8.0,79.43
21945,POS消费,地点26,图书馆,2015/03/27 12:11:26,5.6,73.83
21945,POS消费,地点91,校车,2015/03/27 18:11:40,9.0,64.83
21945,POS消费,地点26,图书馆,2015/03/27 18:13:25,6.7,58.13
21945,POS消费,地点125,淋浴,2015/03/27 22:41:27,0.9,57.23
21945,POS消费,地点91,校车,2015/03/29 12:21:10,8.0,49.23
21945,POS消费,地点232,食堂,2015/03/29 12:24:14,7.0,42.23
21945,POS消费,地点125,淋浴,2015/03/29 22:17:46,0.7,41.53
21945,POS消费,地点125,淋浴,2015/03/29 22:33:29,2.0,39.53
21945,POS消费,地点232,食堂,2015/03/30 12:13:44,6.0,33.53
21945,POS消费,地点2260,洗衣房,2015/03/30 22:19:17,3.6,29.93
21945,卡充值,,,2015/03/31 17:56:17,300.0,329.93
21945,POS消费,地点21,开水,2015/03/31 17:58:18,8.0,321.93
21945,POS消费,地点91,校车,2015/03/31 17:59:17,6.0,315.93
21945,POS消费,地点21,开水,2015/04/01 14:17:13,8.2,307.73
21945,POS消费,地点21,开水,2015/04/01 14:17:21,4.0,303.73
21945,POS消费,地点21,开水,2015/04/01 17:36:39,8.0,295.73
21945,POS消费,地点21,开水,2015/04/02 07:37:12,4.0,291.73
21945,POS消费,地点232,食堂,2015/04/02 07:37:36,5.0,286.73
21945,POS消费,地点26,图书馆,2015/04/02 17:51:01,0.5,286.23
21945,POS消费,地点91,校车,2015/04/02 17:52:43,5.1,281.13
21945,POS消费,地点125,淋浴,2015/04/02 23:13:22,0.4,280.73
21945,POS消费,地点125,淋浴,2015/04/03 23:45:01,0.9,279.83
21945,POS消费,地点125,淋浴,2015/04/04 00:13:04,1.4,278.43
21945,POS消费,地点125,淋浴,2015/04/04 00:44:48,0.1,278.33
21945,POS消费,地点125,淋浴,2015/04/04 21:52:09,1.0,277.33
21945,POS消费,地点125,淋浴,2015/04/04 22:47:08,0.2,277.13
21945,POS消费,地点21,开水,2015/04/05 18:33:13,5.6,271.53
21945,POS消费,地点21,开水,2015/04/06 08:40:08,2.0,269.53
21945,POS消费,地点21,开水,2015/04/06 08:40:26,2.8,266.73
21945,POS消费,地点232,食堂,2015/04/07 17:55:54,9.0,257.73
21945,POS消费,地点91,校车,2015/04/07 18:13:21,10.0,247.73
21945,POS消费,地点91,校车,2015/04/07 18:35:48,3.0,244.73
21945,POS消费,地点21,开水,2015/04/08 14:25:38,5.7,239.03
21945,POS消费,地点91,校车,2015/04/08 17:58:55,7.0,232.03
21945,POS消费,地点26,图书馆,2015/04/08 18:05:30,8.3,223.73
21945,POS消费,地点21,开水,2015/04/08 18:20:52,9.8,213.93
21945,POS消费,地点21,开水,2015/04/08 21:30:10,4.1,209.83
21945,POS消费,地点125,淋浴,2015/04/08 21:35:10,0.9,208.93
21945,POS消费,地点125,淋浴,2015/04/08 22:26:15,1.5,207.43
21945,POS消费,地点125,淋浴,2015/04/08 22:57:38,0.9,206.53
21945,POS消费,地点91,校车,2015/04/09 18:00:01,5.0,201.53
21945,POS消费,地点26,图书馆,2015/04/09 18:04:18,6.3,195.23
21945,POS消费,地点232,食堂,2015/04/10 12:23:51,9.0,186.23
21945,POS消费,地点21,开水,2015/04/10 15:31:36,2.7,183.53
21945,POS消费,地点91,校车,2015/04/10 17:55:06,8.0,175.53
21945,POS消费,地点91,校车,2015/04/10 17:55:30,5.0,170.53
21945,POS消费,地点26,图书馆,2015/04/10 18:00:10,6.3,164.23
21945,POS消费,地点91,校车,2015/04/11 12:17:29,5.0,159.23
21945,POS消费,地点26,图书馆,2015/04/11 12:18:01,6.3,152.93
21945,POS消费,地点21,开水,2015/04/11 12:38:45,3.8,149.13
21945,POS消费,地点21,开水,2015/04/12 12:05:56,5.6,143.53
21945,POS消费,地点91,校车,2015/04/12 12:06:39,7.4,136.13
21945,POS消费,地点21,开水,2015/04/12 12:22:32,2.7,133.43
21945,POS消费,地点232,食堂,2015/04/13 12:07:19,9.0,124.43
21945,POS消费,地点91,校车,2015/04/13 12:07:50,6.3,118.13
21945,POS消费,地点21,开水,2015/04/13 12:20:25,1.8,116.33
21945,POS消费,地点91,校车,2015/04/13 17:41:09,5.0,111.33
21945,POS消费,地点26,图书馆,2015/04/13 17:45:52,6.8,104.53
21945,POS消费,地点21,开水,2015/04/13 18:00:33,1.83,102.7
21945,POS消费,地点125,淋浴,2015/04/14 22:52:07,0.7,102.0
21945,POS消费,地点21,开水,2015/04/16 08:26:06,2.8,99.2
21945,POS消费,地点21,开水,2015/04/16 08:26:19,1.43,97.77
21945,POS消费,地点91,校车,2015/04/16 11:49:29,5.0,92.77
21945,POS消费,地点91,校车,2015/04/16 11:50:55,10.0,82.77
21945,POS消费,地点26,图书馆,2015/04/16 11:54:29,7.2,75.57
21945,POS消费,地点21,开水,2015/04/16 14:21:57,2.7,72.87
21945,POS消费,地点125,淋浴,2015/04/16 17:29:20,0.7,72.17
21945,POS消费,地点125,淋浴,2015/04/16 17:40:07,0.7,71.47
21945,POS消费,地点21,开水,2015/04/16 21:13:12,2.5,68.97
21945,POS消费,地点21,开水,2015/04/17 08:15:25,2.83,66.14
21945,POS消费,地点232,食堂,2015/04/17 12:01:11,8.0,58.14
21945,POS消费,地点91,校车,2015/04/17 12:01:46,8.0,50.14
21945,POS消费,地点21,开水,2015/04/17 14:24:07,5.4,44.74
21945,POS消费,地点21,开水,2015/04/18 14:21:01,2.7,42.04
21945,POS消费,地点91,校车,2015/04/18 17:42:15,5.0,37.04
21945,POS消费,地点21,开水,2015/04/18 19:04:27,2.7,34.34
21945,POS消费,地点125,淋浴,2015/04/18 19:26:40,0.6,33.74
21945,POS消费,地点125,淋浴,2015/04/18 22:02:03,1.3,32.44
21945,POS消费,地点125,淋浴,2015/04/19 00:04:08,0.8,31.64
21945,POS消费,地点21,开水,2015/04/19 08:37:31,2.8,28.84
21945,POS消费,地点21,开水,2015/04/19 08:37:39,1.43,27.41
21945,POS消费,地点91,校车,2015/04/20 12:05:34,5.0,18.91
21945,POS消费,地点91,校车,2015/04/20 12:06:08,2.0,16.91
21945,POS消费,地点91,校车,2015/04/20 12:07:09,3.5,23.91
21945,POS消费,地点21,开水,2015/04/20 14:25:46,3.0,13.91
21945,POS消费,地点26,图书馆,2015/04/20 19:46:36,3.6,10.31
21945,POS消费,地点232,食堂,2015/04/21 12:26:16,9.0,1.31
21945,卡充值,,,2015/04/25 18:00:49,100.0,101.31
21945,POS消费,地点232,食堂,2015/04/25 18:05:29,7.0,94.31
21945,POS消费,地点232,食堂,2015/04/25 18:05:52,7.0,87.31
21945,POS消费,地点21,开水,2015/04/25 18:18:57,2.5,84.81
21945,POS消费,地点125,淋浴,2015/04/26 00:15:23,0.9,83.91
21945,POS消费,地点21,开水,2015/04/26 08:20:29,0.8,83.11
21945,POS消费,地点21,开水,2015/04/26 14:22:47,5.3,77.81
21945,POS消费,地点26,图书馆,2015/04/26 21:39:47,20.5,57.31
21945,POS消费,地点26,图书馆,2015/04/26 21:41:31,1.8,55.51
21945,POS消费,地点21,开水,2015/04/27 12:21:29,1.8,53.71
21945,POS消费,地点91,校车,2015/04/27 12:24:01,10.0,43.71
21945,POS消费,地点91,校车,2015/04/27 12:24:09,10.0,33.71
21945,POS消费,地点21,开水,2015/04/27 12:28:34,1.8,31.91
21945,POS消费,地点91,校车,2015/04/28 12:04:04,5.0,26.91
21945,POS消费,地点26,图书馆,2015/04/28 12:04:44,6.1,20.81
21945,POS消费,地点232,食堂,2015/04/28 12:06:04,8.0,12.81
21945,POS消费,地点21,开水,2015/04/28 14:15:18,2.7,10.11
21945,POS消费,地点21,开水,2015/04/28 19:09:49,3.0,7.11
21945,POS消费,地点125,淋浴,2015/04/28 22:24:39,0.8,6.31
21945,POS消费,地点2258,洗衣房,2015/04/28 22:40:05,3.6,2.71
21945,POS消费,地点125,淋浴,2015/04/28 22:46:13,0.6,2.11
21945,POS消费,地点125,淋浴,2015/04/28 22:55:29,0.3,1.81
21945,POS消费,地点125,淋浴,2015/04/29 23:31:40,0.7,1.11
21945,POS消费,地点125,淋浴,2015/04/29 23:38:21,0.4,0.71
21945,POS消费,地点125,淋浴,2015/05/01 16:34:25,0.7,0.01
21945,卡充值,,,2015/06/06 10:52:33,200.0,200.01
21945,POS消费,地点6,淋浴,2015/06/06 11:56:46,8.0,192.01
21945,POS消费,地点6,淋浴,2015/06/06 11:57:01,8.0,184.01
21945,POS消费,地点125,淋浴,2015/06/06 14:17:42,1.7,182.31
21945,POS消费,地点125,淋浴,2015/06/06 22:07:50,0.3,182.01
21945,POS消费,地点125,淋浴,2015/06/06 22:21:47,0.2,181.81
21945,POS消费,地点2260,洗衣房,2015/06/07 09:40:37,3.6,178.21
21945,POS消费,地点125,淋浴,2015/06/07 17:45:08,1.9,176.31
21945,POS消费,地点125,淋浴,2015/06/07 22:31:53,0.8,175.51
21945,POS消费,地点21,开水,2015/06/08 08:02:48,2.8,172.71
21945,POS消费,地点91,校车,2015/06/08 12:08:06,5.0,167.71
21945,POS消费,地点26,图书馆,2015/06/08 12:14:03,14.8,152.91
21945,POS消费,地点26,图书馆,2015/06/08 12:15:07,6.7,146.21
21945,POS消费,地点21,开水,2015/06/08 18:11:38,5.6,140.61
21945,POS消费,地点91,校车,2015/06/08 18:11:54,5.3,135.31
21945,POS消费,地点21,开水,2015/06/09 07:55:04,2.8,132.51
21945,POS消费,地点91,校车,2015/06/09 12:14:27,11.0,121.51
21945,POS消费,地点21,开水,2015/06/09 18:12:21,0.5,121.01
21945,POS消费,地点91,校车,2015/06/10 18:15:12,5.0,116.01
21945,POS消费,地点26,图书馆,2015/06/10 18:16:45,6.3,109.71
21945,POS消费,地点125,淋浴,2015/06/10 23:08:49,0.7,109.01
21945,POS消费,地点12,文印中心,2015/06/11 19:21:23,15.7,93.31
21945,POS消费,地点12,文印中心,2015/06/11 19:36:03,11.9,81.41
21945,POS消费,地点21,开水,2015/06/11 19:44:56,3.8,77.61
21945,POS消费,地点21,开水,2015/06/12 08:47:19,2.8,74.81
21945,POS消费,地点21,开水,2015/06/12 12:05:35,6.7,68.11
21945,POS消费,地点26,图书馆,2015/06/12 14:34:37,4.5,63.61
21945,POS消费,地点21,开水,2015/06/12 17:54:17,5.6,58.01
21945,POS消费,地点91,校车,2015/06/12 17:54:41,7.0,51.01
21945,POS消费,地点21,开水,2015/06/13 14:41:56,6.9,44.11
21945,POS消费,地点91,校车,2015/06/13 18:09:11,10.0,34.11
21945,POS消费,地点125,淋浴,2015/06/13 23:25:47,0.6,33.51
21945,POS消费,地点21,开水,2015/06/14 11:37:26,4.6,28.91
21945,POS消费,地点91,校车,2015/06/14 11:37:54,7.0,21.91
21945,POS消费,地点125,淋浴,2015/06/14 23:33:37,0.6,21.31
21945,POS消费,地点21,开水,2015/06/16 17:51:55,3.1,18.21
21945,POS消费,地点91,校车,2015/06/16 17:52:16,8.4,9.81
21945,POS消费,地点125,淋浴,2015/06/16 23:59:03,0.6,9.21
21945,POS消费,地点125,淋浴,2015/06/17 20:02:07,0.7,8.51
21945,POS消费,地点125,淋浴,2015/06/17 20:14:46,0.4,8.11
21945,卡充值,,,2015/06/25 17:41:55,100.0,108.11
21945,POS消费,地点91,校车,2015/06/25 17:43:09,7.0,101.11
21945,POS消费,地点26,图书馆,2015/06/25 17:46:05,3.0,98.11
21945,POS消费,地点21,开水,2015/06/25 18:01:55,2.7,95.41
21945,POS消费,地点21,开水,2015/06/26 12:18:16,0.5,94.91
21945,POS消费,地点91,校车,2015/06/26 12:18:54,6.0,88.91
21945,POS消费,地点125,淋浴,2015/06/26 23:01:51,0.6,88.31
21945,POS消费,地点125,淋浴,2015/06/28 18:33:06,0.7,87.61
21945,POS消费,地点125,淋浴,2015/06/28 21:58:24,0.6,87.01
21945,POS消费,地点21,开水,2015/06/30 17:42:18,5.6,81.41
21945,POS消费,地点91,校车,2015/06/30 17:42:42,5.9,75.51
21945,POS消费,地点21,开水,2015/06/30 17:53:41,6.0,69.51
21945,POS消费,地点21,开水,2015/07/01 08:28:47,1.4,68.11
21945,POS消费,地点21,开水,2015/07/01 08:31:41,1.83,66.28
21945,POS消费,地点21,开水,2015/07/01 12:13:48,0.5,65.78
21945,POS消费,地点91,校车,2015/07/01 17:31:15,5.0,60.78
21945,POS消费,地点125,淋浴,2015/07/01 22:49:16,0.7,60.08
21945,POS消费,地点125,淋浴,2015/07/01 23:17:55,0.5,59.58
21945,POS消费,地点125,淋浴,2015/07/04 14:44:21,1.9,57.68
21945,POS消费,地点21,开水,2015/07/04 17:46:25,6.6,51.08
21945,POS消费,地点91,校车,2015/07/04 17:46:39,7.7,43.38
21945,POS消费,地点21,开水,2015/07/06 14:07:54,12.3,31.08
21945,POS消费,地点21,开水,2015/07/06 20:16:03,6.4,24.68
21945,POS消费,地点125,淋浴,2015/07/06 21:16:52,1.0,23.68
21945,POS消费,地点125,淋浴,2015/07/07 00:05:02,0.5,23.18
21945,POS消费,地点2257,洗衣房,2015/07/07 00:22:31,3.6,19.58
21945,POS消费,地点125,淋浴,2015/07/07 00:50:38,0.2,19.38
21945,POS消费,地点125,淋浴,2015/07/08 00:15:02,0.6,18.78
21945,POS消费,地点21,开水,2015/07/08 12:53:06,8.7,10.08
21945,POS消费,地点125,淋浴,2015/07/09 00:14:44,0.3,9.78
21945,POS消费,地点91,校车,2015/07/10 11:05:19,5.0,4.78
21945,POS消费,地点21,开水,2015/07/10 14:14:17,2.7,2.08
21945,POS消费,地点125,淋浴,2015/07/10 19:25:50,0.3,1.78
21945,POS消费,地点125,淋浴,2015/07/10 23:37:38,0.6,1.18
21945,POS消费,地点125,淋浴,2015/07/12 00:23:42,0.4,0.78
21945,POS消费,地点125,淋浴,2015/07/12 23:29:17,0.6,0.18
21945,POS消费,地点125,淋浴,2015/07/14 00:10:04,0.1,0.08
