22010,卡充值,,,2013/09/04 12:12:27,300.0,300.0
22010,POS消费,地点105,食堂,2013/09/04 12:17:45,4.6,295.4
22010,POS消费,地点217,食堂,2013/09/04 12:29:52,4.9,290.5
22010,POS消费,地点21,开水,2013/09/04 12:50:14,30.0,260.5
22010,POS消费,地点21,开水,2013/09/04 12:50:18,19.4,241.1
22010,POS消费,地点219,超市,2013/09/04 15:48:47,2.0,239.1
22010,POS消费,地点267,食堂,2013/09/04 17:59:41,9.6,229.5
22010,POS消费,地点114,食堂,2013/09/04 18:01:14,2.0,227.5
22010,POS消费,地点257,食堂,2013/09/04 18:03:13,3.6,223.9
22010,POS消费,地点257,食堂,2013/09/04 18:03:17,1.8,222.1
22010,POS消费,地点21,开水,2013/09/04 21:53:44,14.5,207.6
22010,POS消费,地点114,食堂,2013/09/05 07:53:38,2.0,205.6
22010,POS消费,地点59,食堂,2013/09/05 07:55:56,3.8,201.8
22010,POS消费,地点219,超市,2013/09/05 09:21:23,2.0,199.8
22010,POS消费,地点21,开水,2013/09/05 12:18:32,4.5,195.3
22010,POS消费,地点150,食堂,2013/09/05 12:22:32,2.0,193.3
22010,POS消费,地点217,食堂,2013/09/05 12:34:10,1.0,192.3
22010,POS消费,地点250,食堂,2013/09/05 18:08:04,14.0,176.3
22010,POS消费,地点91,校车,2013/09/05 18:08:09,8.6,167.7
22010,POS消费,地点114,食堂,2013/09/05 18:10:07,2.0,190.3
22010,POS消费,地点114,食堂,2013/09/06 07:28:43,2.0,165.7
22010,POS消费,地点21,开水,2013/09/06 07:29:23,2.4,163.3
22010,POS消费,地点21,开水,2013/09/06 07:40:57,2.0,161.3
22010,POS消费,地点21,开水,2013/09/06 11:34:26,9.6,151.7
22010,POS消费,地点21,开水,2013/09/06 11:49:13,1.0,150.7
22010,POS消费,地点219,超市,2013/09/06 15:30:49,2.0,148.7
22010,POS消费,地点21,开水,2013/09/06 17:37:00,8.6,140.1
22010,POS消费,地点59,食堂,2013/09/07 07:27:40,2.8,137.3
22010,POS消费,地点161,食堂,2013/09/07 07:32:46,2.8,134.5
22010,POS消费,地点114,食堂,2013/09/07 11:47:09,2.0,132.5
22010,POS消费,地点154,食堂,2013/09/07 11:48:32,7.6,124.9
22010,POS消费,地点161,食堂,2013/09/07 17:59:04,10.6,112.3
22010,POS消费,地点114,食堂,2013/09/07 17:59:09,2.0,122.9
22010,POS消费,地点21,开水,2013/09/08 07:28:42,3.6,106.7
22010,POS消费,地点114,食堂,2013/09/08 07:29:05,2.0,110.3
22010,POS消费,地点167,食堂,2013/09/08 11:44:49,8.6,98.1
22010,POS消费,地点114,食堂,2013/09/08 11:48:21,2.5,95.6
22010,POS消费,地点21,开水,2013/09/08 12:03:36,30.0,65.6
22010,POS消费,地点21,开水,2013/09/08 12:03:40,30.0,35.6
22010,POS消费,地点21,开水,2013/09/08 12:03:43,11.2,24.4
22010,POS消费,地点21,开水,2013/09/08 17:40:33,9.6,14.8
22010,POS消费,地点219,超市,2013/09/08 20:42:23,2.0,12.8
22010,POS消费,地点772,淋浴,2013/09/08 23:41:18,0.1,12.7
22010,POS消费,地点114,食堂,2013/09/09 07:41:28,2.0,10.7
22010,POS消费,地点21,开水,2013/09/09 07:44:43,2.7,8.0
22010,卡充值,,,2013/09/09 12:05:06,150.0,158.0
22010,POS消费,地点57,食堂,2013/09/09 12:15:17,7.1,150.9
22010,POS消费,地点21,开水,2013/09/09 12:29:19,1.0,149.9
22010,POS消费,地点219,超市,2013/09/09 16:11:00,8.0,141.9
22010,POS消费,地点820,食堂,2013/09/09 17:41:46,8.6,131.3
22010,POS消费,地点114,食堂,2013/09/09 17:44:14,2.0,139.9
22010,POS消费,地点114,食堂,2013/09/10 07:07:33,2.0,129.3
22010,POS消费,地点21,开水,2013/09/10 07:08:18,5.7,123.6
22010,POS消费,地点232,食堂,2013/09/10 11:44:23,9.6,114.0
22010,POS消费,地点818,食堂,2013/09/10 17:33:02,8.6,104.4
22010,POS消费,地点841,食堂,2013/09/10 17:35:49,1.0,113.0
22010,POS消费,地点114,食堂,2013/09/10 17:51:03,2.0,102.4
22010,POS消费,地点114,食堂,2013/09/11 07:13:44,2.0,100.4
22010,POS消费,地点158,食堂,2013/09/11 07:14:30,4.6,95.8
22010,POS消费,地点266,食堂,2013/09/11 11:30:51,7.6,88.2
22010,POS消费,地点819,食堂,2013/09/11 17:26:39,9.6,78.6
22010,POS消费,地点114,食堂,2013/09/11 17:31:52,2.0,76.6
22010,POS消费,地点772,淋浴,2013/09/11 23:21:28,0.2,76.4
22010,POS消费,地点154,食堂,2013/09/12 07:05:29,4.4,70.0
22010,POS消费,地点114,食堂,2013/09/12 07:05:54,2.0,74.4
22010,POS消费,地点819,食堂,2013/09/12 11:24:09,10.6,58.4
22010,POS消费,地点841,食堂,2013/09/12 11:25:04,1.0,69.0
22010,POS消费,地点219,超市,2013/09/12 15:02:41,4.0,54.4
22010,POS消费,地点842,食堂,2013/09/12 17:22:10,5.0,48.4
22010,POS消费,地点841,食堂,2013/09/12 17:22:11,1.0,53.4
22010,POS消费,地点842,食堂,2013/09/12 17:22:18,0.4,48.0
22010,POS消费,地点162,食堂,2013/09/13 07:07:51,3.4,42.6
22010,POS消费,地点114,食堂,2013/09/13 07:10:37,2.0,46.0
22010,POS消费,地点842,食堂,2013/09/13 11:26:10,5.4,37.2
22010,POS消费,地点841,食堂,2013/09/13 11:31:49,3.0,34.2
22010,POS消费,地点841,食堂,2013/09/13 11:31:52,0.8,33.4
22010,POS消费,地点219,超市,2013/09/13 16:18:12,4.0,29.4
22010,POS消费,地点844,食堂,2013/09/13 17:13:52,0.4,26.0
22010,POS消费,地点840,食堂,2013/09/13 17:15:42,3.0,26.4
22010,POS消费,地点267,食堂,2013/09/13 17:25:03,9.6,16.4
22010,POS消费,地点114,食堂,2013/09/13 17:34:56,2.5,13.9
22010,POS消费,地点219,超市,2013/09/13 18:33:12,6.0,7.9
22010,POS消费,地点21,开水,2013/09/14 07:39:15,3.1,4.8
22010,POS消费,地点21,开水,2013/09/14 07:39:21,0.8,4.0
22010,卡充值,,,2014/03/19 10:43:02,50.0,54.0
22010,POS消费,地点232,食堂,2014/03/19 10:46:41,6.0,48.0
22010,POS消费,地点91,校车,2014/03/20 10:39:03,7.0,41.0
22010,POS消费,地点21,开水,2014/03/20 10:59:03,2.9,38.1
22010,POS消费,地点91,校车,2014/03/21 12:39:17,7.0,31.1
22010,POS消费,地点248,超市,2014/03/21 12:55:26,2.5,28.6
22010,POS消费,地点248,超市,2014/03/24 10:01:14,24.0,4.6
22010,卡充值,,,2014/03/24 12:02:55,50.0,54.6
22010,POS消费,地点91,校车,2014/03/24 12:11:52,10.0,44.6
22010,POS消费,地点248,超市,2014/03/24 12:38:24,2.7,41.9
22010,POS消费,地点248,超市,2014/03/24 12:43:10,4.8,37.1
22010,POS消费,地点91,校车,2014/03/24 16:18:40,8.0,29.1
22010,POS消费,地点248,超市,2014/03/25 10:45:41,3.9,25.2
22010,POS消费,地点91,校车,2014/03/25 13:16:21,8.0,17.2
22010,POS消费,地点248,超市,2014/03/25 13:36:16,6.5,10.7
22010,POS消费,地点21,开水,2014/03/25 18:01:10,4.1,6.6
22010,POS消费,地点248,超市,2014/03/26 10:39:06,3.9,2.7
22010,卡充值,,,2014/03/26 16:09:06,30.0,32.7
22010,POS消费,地点91,校车,2014/03/26 16:12:21,8.0,24.7
22010,POS消费,地点248,超市,2014/03/26 16:27:35,15.0,9.7
22010,POS消费,地点248,超市,2014/03/27 10:38:14,6.4,3.3
22010,卡充值,,,2014/04/01 16:53:25,50.0,53.3
22010,POS消费,地点91,校车,2014/04/01 16:56:43,6.0,47.3
22010,POS消费,地点248,超市,2014/04/01 17:08:18,25.0,22.3
22010,POS消费,地点91,校车,2014/04/02 11:37:43,6.0,16.3
22010,POS消费,地点248,超市,2014/04/02 11:49:23,5.4,10.9
22010,POS消费,地点91,校车,2014/04/03 13:42:43,10.0,0.9
22010,卡充值,,,2014/04/21 12:40:46,50.0,50.9
22010,POS消费,地点21,开水,2014/04/21 12:44:53,5.6,45.3
22010,POS消费,地点21,开水,2014/04/22 09:48:52,3.83,41.47
22010,POS消费,地点248,超市,2014/04/22 11:08:08,12.5,28.97
22010,POS消费,地点21,开水,2014/04/22 11:13:31,4.6,24.37
22010,POS消费,地点326,洗衣房,2014/04/22 11:23:50,4.0,20.37
22010,POS消费,地点248,超市,2014/04/22 15:53:24,2.5,17.87
22010,POS消费,地点21,开水,2014/04/22 17:19:30,5.6,12.27
22010,POS消费,地点21,开水,2014/04/22 17:21:49,1.8,10.47
22010,POS消费,地点248,超市,2014/04/25 12:34:56,3.9,6.57
22010,POS消费,地点248,超市,2014/04/26 16:11:51,6.4,0.17
