22124,卡片开户,,,2014/07/10 15:58:18,0.0,0.0
22124,卡充值,,,2014/08/30 10:17:34,100.0,100.0
22124,POS消费,地点1853,开水,2014/08/30 17:12:26,0.04,99.96
22124,POS消费,地点239,食堂,2014/08/30 18:09:39,4.0,95.96
22124,POS消费,地点190,超市,2014/08/30 21:43:42,19.9,76.06
22124,POS消费,地点1914,淋浴,2014/08/31 07:04:27,0.4,75.66
22124,POS消费,地点118,食堂,2014/08/31 07:44:06,4.0,71.66
22124,POS消费,地点118,食堂,2014/08/31 07:46:01,4.9,66.76
22124,POS消费,地点89,食堂,2014/08/31 11:45:01,4.5,62.26
22124,POS消费,地点168,食堂,2014/08/31 17:48:37,5.5,56.76
22124,POS消费,地点21,开水,2014/08/31 17:51:45,3.56,53.2
22124,POS消费,地点1853,开水,2014/08/31 20:56:42,0.08,53.12
