22166,卡片开户,,,2014/07/12 12:33:30,0.0,0.0
22166,卡充值,,,2014/08/28 15:20:34,500.0,500.0
22166,POS消费,地点168,食堂,2014/08/28 15:24:38,17.5,482.5
22166,POS消费,地点188,超市,2014/08/28 19:32:07,25.4,457.1
22166,POS消费,地点188,超市,2014/08/28 19:32:22,100.0,357.1
22166,POS消费,地点1853,开水,2014/08/28 22:59:23,0.07,357.0
22166,POS消费,地点1914,淋浴,2014/08/28 23:38:57,0.2,356.8
22166,POS消费,地点1914,淋浴,2014/08/28 23:41:36,0.2,356.6
22166,POS消费,地点1914,淋浴,2014/08/28 23:48:53,0.3,356.3
22166,POS消费,地点1853,开水,2014/08/29 16:05:32,0.07,356.23
22166,POS消费,地点305,食堂,2014/08/29 17:46:15,6.0,335.53
22166,POS消费,地点157,食堂,2014/08/29 17:55:09,9.6,346.63
22166,POS消费,地点1701,食堂,2014/08/29 18:08:51,5.1,341.53
22166,POS消费,地点87,食堂,2014/08/30 09:03:15,3.0,332.53
22166,POS消费,地点91,校车,2014/08/30 12:13:11,8.0,324.53
22166,POS消费,地点65,食堂,2014/08/30 17:55:00,4.4,320.13
22166,POS消费,地点61,食堂,2014/08/30 18:09:18,6.0,314.13
22166,POS消费,地点60,食堂,2014/08/31 07:57:01,0.33,313.8
22166,POS消费,地点91,校车,2014/08/31 12:02:35,8.0,305.8
22166,POS消费,地点1961,超市,2014/08/31 16:59:13,4.0,301.8
22166,POS消费,地点21,开水,2014/08/31 17:15:55,7.9,293.9
