22190,卡片开户,,,2014/07/20 10:25:52,0.0,0.0
22190,卡充值,,,2014/08/25 09:42:00,1000.0,1000.0
22190,POS消费,地点1451,校车,2014/08/25 10:14:09,1.0,999.0
22190,POS消费,地点1451,校车,2014/08/25 10:14:16,1.0,998.0
22190,POS消费,地点1451,校车,2014/08/25 10:14:22,1.0,997.0
22190,POS消费,地点192,超市,2014/08/25 11:09:44,25.0,972.0
22190,卡充值,,,2014/08/25 11:12:51,500.0,1472.0
22190,POS消费,地点72,食堂,2014/08/25 12:07:58,5.4,1460.9
22190,POS消费,地点21,开水,2014/08/25 12:20:49,4.1,1467.9
22190,POS消费,地点21,开水,2014/08/25 12:21:06,1.6,1466.3
22190,POS消费,地点21,开水,2014/08/25 13:29:55,30.0,1430.9
22190,POS消费,地点21,开水,2014/08/25 13:29:59,30.0,1400.9
22190,POS消费,地点21,开水,2014/08/25 13:30:23,30.0,1370.9
22190,POS消费,地点21,开水,2014/08/25 13:30:40,30.0,1340.9
22190,POS消费,地点21,开水,2014/08/25 13:30:52,30.0,1310.9
22190,POS消费,地点21,开水,2014/08/25 13:31:11,21.2,1289.7
22190,POS消费,地点21,开水,2014/08/25 16:00:35,2.5,1287.2
22190,POS消费,地点65,食堂,2014/08/25 16:58:24,7.6,1279.6
22190,POS消费,地点65,食堂,2014/08/25 16:58:49,4.1,1275.5
22190,POS消费,地点65,食堂,2014/08/25 16:59:27,10.0,1265.5
22190,POS消费,地点21,开水,2014/08/25 21:21:07,0.1,1265.4
22190,POS消费,地点743,洗衣房,2014/08/25 21:25:26,1.2,1264.2
22190,POS消费,地点65,食堂,2014/08/26 07:23:03,1.0,1263.2
22190,POS消费,地点61,食堂,2014/08/26 07:39:00,2.4,1260.8
22190,POS消费,地点65,食堂,2014/08/26 11:58:23,9.6,1251.2
22190,POS消费,地点21,开水,2014/08/26 12:18:19,28.0,1223.2
22190,POS消费,地点61,食堂,2014/08/26 17:27:09,6.6,1216.6
22190,POS消费,地点251,食堂,2014/08/26 17:28:13,1.5,1215.1
22190,POS消费,地点14,淋浴,2014/08/26 21:49:54,0.9,1214.2
22190,POS消费,地点60,食堂,2014/08/27 07:49:31,0.8,1213.4
22190,POS消费,地点60,食堂,2014/08/27 07:49:44,0.1,1213.3
22190,POS消费,地点60,食堂,2014/08/27 07:49:50,0.9,1212.4
22190,POS消费,地点61,食堂,2014/08/27 07:58:38,3.15,1209.25
22190,POS消费,地点70,食堂,2014/08/27 12:07:55,6.0,1196.65
22190,POS消费,地点21,开水,2014/08/27 12:20:29,6.6,1202.65
22190,POS消费,地点146,校车,2014/08/27 19:12:10,1.0,1195.65
22190,POS消费,地点188,超市,2014/08/27 19:18:50,1.8,1193.85
22190,POS消费,地点21,开水,2014/08/27 19:22:24,3.5,1190.35
22190,POS消费,地点21,开水,2014/08/27 20:49:03,31.3,1159.05
22190,POS消费,地点1914,淋浴,2014/08/27 22:37:23,0.6,1158.45
22190,POS消费,地点89,食堂,2014/08/28 08:21:17,3.0,1155.45
22190,POS消费,地点89,食堂,2014/08/28 08:23:58,1.0,1154.45
22190,POS消费,地点1448,校车,2014/08/28 14:43:15,1.0,1153.45
22190,POS消费,地点1451,校车,2014/08/28 16:34:45,1.0,1152.45
22190,POS消费,地点1547,食堂,2014/08/28 17:13:49,4.5,1147.95
22190,POS消费,地点21,开水,2014/08/28 17:16:16,5.0,1142.95
22190,POS消费,地点1914,淋浴,2014/08/28 21:06:45,0.7,1142.25
22190,POS消费,地点1914,淋浴,2014/08/28 21:10:25,0.3,1141.95
22190,POS消费,地点204,食堂,2014/08/29 08:03:41,6.5,1135.45
22190,POS消费,地点204,食堂,2014/08/29 08:03:55,6.5,1128.95
22190,POS消费,地点203,食堂,2014/08/29 11:46:34,6.5,1121.25
22190,POS消费,地点1871,洗衣房,2014/08/29 14:21:22,1.2,1127.75
22190,POS消费,地点204,食堂,2014/08/29 17:12:39,11.0,1110.25
22190,POS消费,地点826,食堂,2014/08/29 17:27:14,2.0,1108.25
22190,POS消费,地点1914,淋浴,2014/08/29 19:55:50,0.5,1107.75
22190,POS消费,地点1914,淋浴,2014/08/29 20:01:41,0.2,1107.55
22190,POS消费,地点1853,开水,2014/08/30 10:19:20,0.02,1107.53
22190,POS消费,地点203,食堂,2014/08/30 11:58:41,6.5,1101.03
22190,POS消费,地点232,食堂,2014/08/31 07:22:50,3.5,1097.53
22190,POS消费,地点1853,开水,2014/08/31 08:38:14,0.01,1097.52
22190,POS消费,地点203,食堂,2014/08/31 11:23:35,5.5,1092.02
22190,POS消费,地点1588,食堂,2014/08/31 17:41:43,7.6,1084.42
22190,POS消费,地点92,食堂,2014/08/31 17:45:53,6.6,1077.82
