22216,卡片开户,,,2014/07/19 11:31:52,0.0,0.0
22216,卡充值,,,2014/08/27 14:08:52,500.0,500.0
22216,POS消费,地点192,超市,2014/08/27 14:12:01,30.0,470.0
22216,POS消费,地点192,超市,2014/08/27 14:12:06,30.0,440.0
22216,POS消费,地点192,超市,2014/08/27 14:12:10,1.9,438.1
22216,POS消费,地点251,食堂,2014/08/27 17:43:05,0.5,437.6
22216,POS消费,地点251,食堂,2014/08/27 17:43:17,0.1,437.5
22216,POS消费,地点251,食堂,2014/08/27 17:46:57,2.0,435.5
22216,POS消费,地点21,开水,2014/08/27 17:49:49,2.0,428.1
22216,POS消费,地点21,开水,2014/08/27 17:59:31,1.0,421.5
22216,POS消费,地点21,开水,2014/08/27 18:01:31,5.4,430.1
22216,POS消费,地点249,食堂,2014/08/27 18:03:47,5.6,422.5
22216,POS消费,地点21,开水,2014/08/27 18:17:30,6.0,415.5
22216,POS消费,地点91,校车,2014/08/29 13:39:18,16.0,399.5
22216,POS消费,地点91,校车,2014/08/29 13:39:29,8.0,391.5
22216,POS消费,地点21,开水,2014/08/29 14:02:23,3.0,388.5
22216,POS消费,地点1405,校车,2014/08/29 14:53:43,2.0,386.5
22216,POS消费,地点1405,校车,2014/08/29 14:54:46,2.0,384.5
22216,POS消费,地点1405,校车,2014/08/29 14:55:03,2.0,382.5
22216,POS消费,地点1405,校车,2014/08/29 14:55:11,2.0,380.5
22216,POS消费,地点314,食堂,2014/08/30 11:26:33,30.0,350.5
22216,POS消费,地点314,食堂,2014/08/30 11:26:36,25.8,324.7
22216,POS消费,地点234,食堂,2014/08/30 12:20:41,16.8,307.9
22216,卡充值,,,2014/08/30 12:30:08,1000.0,1307.9
22216,POS消费,地点21,开水,2014/08/30 12:35:05,3.0,1304.9
22216,POS消费,地点21,开水,2014/08/30 12:35:18,9.0,1295.9
22216,POS消费,地点124,食堂,2014/08/31 08:27:48,3.0,1292.9
22216,POS消费,地点192,超市,2014/08/31 08:54:32,5.2,1287.7
22216,POS消费,地点203,食堂,2014/08/31 11:25:00,6.5,1281.2
22216,POS消费,地点21,开水,2014/08/31 11:40:18,3.0,1278.2
22216,POS消费,地点192,超市,2014/08/31 13:45:14,3.8,1274.4
22216,POS消费,地点192,超市,2014/08/31 21:45:48,13.0,1261.4
22216,POS消费,地点192,超市,2014/08/31 21:45:51,0.5,1260.9
22216,POS消费,地点1914,淋浴,2014/08/31 22:17:58,0.3,1260.6
22216,POS消费,地点1914,淋浴,2014/08/31 22:21:27,0.2,1260.4
