22254,卡片开户,,,2014/07/14 09:22:36,0.0,0.0
22254,卡充值,,,2014/08/29 14:04:30,300.0,300.0
22254,POS消费,地点168,食堂,2014/08/29 14:09:31,16.5,283.5
22254,POS消费,地点203,食堂,2014/08/30 18:27:54,10.0,273.5
22254,POS消费,地点203,食堂,2014/08/30 18:28:22,6.5,267.0
22254,POS消费,地点21,开水,2014/08/30 18:50:22,9.9,257.1
22254,POS消费,地点69,食堂,2014/08/31 08:10:35,3.0,254.1
22254,POS消费,地点91,校车,2014/08/31 11:48:50,4.5,249.6
22254,POS消费,地点192,超市,2014/08/31 16:51:41,3.8,245.8
22254,POS消费,地点146,校车,2014/08/31 20:00:12,1.0,244.8
