22262,卡片开户,,,2014/07/15 12:20:15,0.0,0.0
22262,卡充值,,,2014/08/27 17:31:01,500.0,500.0
22262,POS消费,地点21,开水,2014/08/27 17:50:05,100.0,400.0
22262,POS消费,地点21,开水,2014/08/27 17:50:13,100.0,300.0
22262,POS消费,地点21,开水,2014/08/27 17:50:23,54.0,246.0
22262,POS消费,地点1451,校车,2014/08/28 09:02:04,1.0,245.0
22262,POS消费,地点1451,校车,2014/08/28 09:02:12,1.0,244.0
22262,POS消费,地点1451,校车,2014/08/28 09:02:20,1.0,243.0
22262,POS消费,地点1451,校车,2014/08/28 09:02:27,1.0,242.0
22262,卡充值,,,2014/08/28 09:17:20,2000.0,2242.0
22262,POS消费,地点195,超市,2014/08/28 10:15:07,23.0,2219.0
22262,POS消费,地点21,开水,2014/08/28 11:54:28,7.8,2183.5
22262,POS消费,地点91,校车,2014/08/28 11:54:38,27.7,2191.3
22262,POS消费,地点21,开水,2014/08/28 12:01:40,0.9,2182.6
22262,POS消费,地点91,校车,2014/08/28 12:12:30,6.05,2176.55
22262,POS消费,地点188,超市,2014/08/28 16:33:11,76.5,2100.05
22262,POS消费,地点1853,开水,2014/08/28 16:40:59,0.08,2099.97
22262,POS消费,地点1448,校车,2014/08/28 17:18:53,1.0,2098.97
22262,POS消费,地点1448,校车,2014/08/28 17:19:00,1.0,2097.97
22262,POS消费,地点1448,校车,2014/08/28 17:19:07,1.0,2096.97
22262,POS消费,地点1447,校车,2014/08/30 15:35:47,1.0,2095.97
22262,POS消费,地点157,食堂,2014/08/31 08:10:34,0.8,2095.17
22262,POS消费,地点91,校车,2014/08/31 12:14:52,5.6,2077.57
22262,POS消费,地点232,食堂,2014/08/31 12:18:03,12.0,2083.17
22262,POS消费,地点232,食堂,2014/08/31 12:23:15,10.0,2067.57
22262,POS消费,地点1914,淋浴,2014/08/31 17:27:41,0.7,2066.87
22262,POS消费,地点168,食堂,2014/08/31 18:31:58,5.5,2061.37
22262,POS消费,地点283,食堂,2014/08/31 18:34:16,1.3,2060.07
22262,POS消费,地点188,超市,2014/08/31 19:03:58,1.8,2058.27
