22268,卡片开户,,,2014/07/19 11:19:06,0.0,0.0
22268,卡充值,,,2014/08/27 15:57:00,500.0,500.0
22268,POS消费,地点188,超市,2014/08/27 15:59:21,4.0,496.0
22268,POS消费,地点192,超市,2014/08/27 16:53:34,29.0,467.0
22268,POS消费,地点21,开水,2014/08/27 17:19:30,5.5,461.5
22268,POS消费,地点1914,淋浴,2014/08/29 21:30:15,0.9,460.6
22268,POS消费,地点21,开水,2014/08/30 10:34:29,11.75,448.85
22268,POS消费,地点91,校车,2014/08/30 17:38:23,1.0,447.85
22268,POS消费,地点91,校车,2014/08/30 17:38:50,5.8,443.05
22268,POS消费,地点21,开水,2014/08/30 17:39:54,1.5,441.55
22268,POS消费,地点1409,食堂,2014/08/31 08:00:32,1.6,439.95
22268,POS消费,地点134,食堂,2014/08/31 08:03:31,0.8,439.15
22268,POS消费,地点244,食堂,2014/08/31 11:50:47,8.6,430.55
22268,POS消费,地点87,食堂,2014/08/31 17:48:08,4.0,426.55
22268,POS消费,地点87,食堂,2014/08/31 17:48:28,0.6,425.95
22268,POS消费,地点1914,淋浴,2014/08/31 20:17:57,1.2,424.75
