22352,卡片开户,,,2014/07/17 09:33:20,0.0,0.0
22352,卡充值,,,2014/08/29 10:35:40,300.0,300.0
22352,POS消费,地点70,食堂,2014/08/29 10:40:13,2.5,297.5
22352,POS消费,地点21,开水,2014/08/29 12:14:41,9.0,288.5
22352,POS消费,地点21,开水,2014/08/29 12:14:59,0.4,288.1
22352,POS消费,地点21,开水,2014/08/29 12:16:02,1.0,287.1
22352,POS消费,地点21,开水,2014/08/29 12:16:39,2.0,285.1
22352,POS消费,地点21,开水,2014/08/29 12:19:14,2.0,283.1
22352,POS消费,地点232,食堂,2014/08/29 17:47:18,10.0,273.1
22352,POS消费,地点1923,淋浴,2014/08/29 21:53:27,0.9,272.2
22352,POS消费,地点21,开水,2014/08/30 08:11:01,4.6,267.6
22352,POS消费,地点21,开水,2014/08/30 08:11:08,0.8,266.8
22352,POS消费,地点21,开水,2014/08/30 08:41:03,10.4,256.4
22352,POS消费,地点21,开水,2014/08/30 08:41:17,3.2,253.2
22352,POS消费,地点1386,校车,2014/08/30 09:39:57,2.0,251.2
22352,POS消费,地点1386,校车,2014/08/30 09:40:14,2.0,249.2
22352,POS消费,地点1386,校车,2014/08/30 09:41:12,2.0,247.2
22352,POS消费,地点1386,校车,2014/08/30 09:42:34,2.0,245.2
22352,POS消费,地点1451,校车,2014/08/30 19:16:46,1.0,244.2
22352,POS消费,地点1923,淋浴,2014/08/30 21:09:19,0.9,243.3
22352,POS消费,地点1888,开水,2014/08/31 07:32:08,0.01,243.29
22352,POS消费,地点69,食堂,2014/08/31 07:48:18,4.2,239.09
22352,POS消费,地点69,食堂,2014/08/31 07:48:29,1.6,237.49
22352,POS消费,地点69,食堂,2014/08/31 07:48:50,4.7,232.79
22352,POS消费,地点69,食堂,2014/08/31 07:48:55,0.8,231.99
22352,POS消费,地点264,食堂,2014/08/31 11:33:16,5.4,226.59
22352,POS消费,地点21,开水,2014/08/31 12:05:27,7.3,219.29
22352,POS消费,地点1480,开水,2014/08/31 13:08:06,0.01,219.28
22352,POS消费,地点213,食堂,2014/08/31 13:23:07,0.15,219.13
22352,POS消费,地点1447,校车,2014/08/31 19:45:52,1.0,218.13
22352,POS消费,地点1693,淋浴,2014/08/31 21:38:56,1.0,217.13
