22398,卡片开户,,,2014/07/16 14:59:10,0.0,0.0
22398,卡充值,,,2014/08/29 15:27:43,100.0,100.0
22398,POS消费,地点188,超市,2014/08/30 13:43:37,16.3,83.7
22398,POS消费,地点65,食堂,2014/08/30 17:55:28,10.4,73.3
22398,POS消费,地点60,食堂,2014/08/31 07:56:55,0.3,73.0
22398,POS消费,地点21,开水,2014/08/31 11:26:04,3.0,70.0
22398,POS消费,地点91,校车,2014/08/31 12:02:28,8.0,62.0
22398,POS消费,地点1961,超市,2014/08/31 16:59:26,2.5,59.5
22398,POS消费,地点1853,开水,2014/08/31 21:10:20,0.06,59.43
22398,POS消费,地点1853,开水,2014/08/31 21:11:52,0.08,59.35
