22428,卡片开户,,,2014/07/18 10:41:13,0.0,0.0
22428,卡充值,,,2014/08/29 11:19:32,500.0,500.0
22428,POS消费,地点1847,食堂,2014/08/29 11:44:14,3.0,475.8
22428,POS消费,地点249,食堂,2014/08/29 11:56:02,10.6,489.4
22428,POS消费,地点249,食堂,2014/08/29 11:56:34,10.6,478.8
22428,POS消费,地点1853,开水,2014/08/29 14:21:00,0.01,475.79
22428,POS消费,地点1853,开水,2014/08/29 14:21:01,0.08,475.71
22428,POS消费,地点89,食堂,2014/08/29 18:35:51,9.0,466.71
22428,POS消费,地点1914,淋浴,2014/08/29 22:04:29,0.5,466.21
22428,POS消费,地点60,食堂,2014/08/30 08:20:28,1.5,464.71
22428,POS消费,地点61,食堂,2014/08/30 08:34:36,3.0,461.71
22428,POS消费,地点65,食堂,2014/08/30 17:27:55,9.6,452.11
22428,POS消费,地点65,食堂,2014/08/30 17:28:07,4.6,447.51
22428,POS消费,地点218,食堂,2014/08/30 17:29:18,2.9,444.61
22428,POS消费,地点1853,开水,2014/08/30 21:24:25,0.07,444.54
22428,POS消费,地点103,食堂,2014/08/31 08:01:06,1.3,443.24
22428,POS消费,地点264,食堂,2014/08/31 10:52:33,5.6,437.64
22428,POS消费,地点249,食堂,2014/08/31 11:06:24,10.6,427.04
22428,POS消费,地点192,超市,2014/08/31 11:13:31,2.7,424.34
22428,POS消费,地点69,食堂,2014/08/31 18:04:18,5.6,418.74
