22432,卡片开户,,,2014/07/19 11:41:07,0.0,0.0
22432,卡充值,,,2014/08/30 11:58:06,100.0,100.0
22432,POS消费,地点203,食堂,2014/08/30 13:05:45,7.5,92.5
22432,POS消费,地点314,食堂,2014/08/30 15:27:25,53.0,39.5
22432,POS消费,地点219,超市,2014/08/30 16:06:22,2.0,37.5
22432,POS消费,地点65,食堂,2014/08/30 17:26:52,8.6,28.9
22432,POS消费,地点134,食堂,2014/08/31 08:11:08,0.8,28.1
22432,POS消费,地点219,超市,2014/08/31 11:02:54,4.0,24.1
22432,POS消费,地点65,食堂,2014/08/31 11:37:48,8.6,15.5
22432,POS消费,地点82,食堂,2014/08/31 17:48:34,7.6,7.9
