22440,卡片开户,,,2014/07/20 13:26:09,0.0,0.0
22440,卡充值,,,2014/08/29 11:59:22,300.0,300.0
22440,POS消费,地点228,食堂,2014/08/29 12:16:53,8.5,291.5
22440,POS消费,地点231,食堂,2014/08/29 12:31:22,1.2,290.3
22440,POS消费,地点72,食堂,2014/08/30 12:00:10,18.2,272.1
22440,POS消费,地点1853,开水,2014/08/30 15:15:42,0.06,272.04
22440,POS消费,地点21,开水,2014/08/30 15:34:55,30.0,242.03
22440,POS消费,地点21,开水,2014/08/30 15:35:04,26.3,215.73
22440,卡充值,,,2014/08/30 16:38:43,300.0,515.73
22440,POS消费,地点65,食堂,2014/08/30 17:27:26,9.6,506.13
22440,POS消费,地点1914,淋浴,2014/08/30 20:53:35,0.1,506.03
22440,POS消费,地点1853,开水,2014/08/30 22:02:48,0.01,506.01
22440,POS消费,地点65,食堂,2014/08/31 07:55:59,1.0,505.01
22440,POS消费,地点65,食堂,2014/08/31 07:56:02,0.6,504.41
22440,POS消费,地点65,食堂,2014/08/31 11:46:51,8.6,495.81
22440,POS消费,地点188,超市,2014/08/31 13:54:58,3.0,492.81
22440,POS消费,地点228,食堂,2014/08/31 17:33:38,11.0,481.81
22440,POS消费,地点231,食堂,2014/08/31 17:47:24,0.6,481.21
22440,POS消费,地点231,食堂,2014/08/31 17:47:30,0.6,480.61
22440,POS消费,地点188,超市,2014/08/31 17:58:16,20.9,459.71
