22506,卡片开户,,,2014/07/20 13:26:01,0.0,0.0
22506,卡充值,,,2014/08/29 12:19:04,300.0,300.0
22506,POS消费,地点248,超市,2014/08/29 12:27:41,4.6,295.4
22506,POS消费,地点248,超市,2014/08/29 12:27:52,1.2,294.2
22506,POS消费,地点91,校车,2014/08/29 12:30:10,4.8,289.4
22506,POS消费,地点248,超市,2014/08/29 12:31:14,8.0,281.4
22506,POS消费,地点248,超市,2014/08/29 12:31:27,1.0,280.4
22506,POS消费,地点21,开水,2014/08/29 12:31:50,2.5,277.9
22506,POS消费,地点21,开水,2014/08/29 12:50:37,9.0,268.9
22506,POS消费,地点21,开水,2014/08/29 12:57:24,4.0,264.9
22506,POS消费,地点1629,开水,2014/08/29 16:32:34,0.07,264.83
22506,POS消费,地点1881,淋浴,2014/08/30 21:22:04,0.4,264.43
22506,POS消费,地点69,食堂,2014/08/31 08:28:13,3.2,261.23
22506,POS消费,地点21,开水,2014/08/31 11:21:55,1.0,260.23
22506,POS消费,地点91,校车,2014/08/31 11:23:04,0.6,259.63
22506,POS消费,地点248,超市,2014/08/31 11:25:07,5.0,254.63
22506,POS消费,地点190,超市,2014/08/31 11:46:26,12.1,242.53
22506,POS消费,地点69,食堂,2014/08/31 17:06:58,4.6,237.93
22506,POS消费,地点65,食堂,2014/08/31 17:07:55,4.0,233.93
