22576,卡片开户,,,2014/07/19 09:47:26,0.0,0.0
22576,卡充值,,,2014/08/29 10:21:13,500.0,500.0
22576,POS消费,地点1472,校车,2014/08/29 11:36:03,1.0,499.0
22576,POS消费,地点1451,校车,2014/08/29 14:28:39,1.0,498.0
22576,POS消费,地点195,超市,2014/08/29 15:51:37,28.0,470.0
22576,POS消费,地点222,校车,2014/08/29 17:11:28,1.0,469.0
22576,POS消费,地点211,校车,2014/08/29 20:46:55,1.0,468.0
22576,POS消费,地点211,校车,2014/08/29 20:47:02,1.0,467.0
22576,POS消费,地点1447,校车,2014/08/30 07:49:29,1.0,466.0
22576,POS消费,地点260,食堂,2014/08/30 11:34:55,3.6,462.4
22576,POS消费,地点1869,淋浴,2014/08/30 20:11:28,0.6,461.8
22576,POS消费,地点1906,洗衣房,2014/08/30 21:44:19,1.2,460.6
22576,POS消费,地点1887,开水,2014/08/30 23:04:17,0.01,460.59
22576,POS消费,地点21,开水,2014/08/31 07:32:36,1.8,458.79
22576,POS消费,地点21,开水,2014/08/31 07:33:31,0.8,457.99
22576,POS消费,地点233,食堂,2014/08/31 11:30:34,4.6,453.39
22576,POS消费,地点190,超市,2014/08/31 11:53:54,11.4,441.99
22576,POS消费,地点1629,开水,2014/08/31 12:27:04,0.06,441.93
22576,POS消费,地点219,超市,2014/08/31 17:35:56,4.0,437.93
22576,POS消费,地点91,校车,2014/08/31 18:04:39,4.4,433.53
22576,POS消费,地点21,开水,2014/08/31 18:20:30,12.2,421.33
22576,POS消费,地点21,开水,2014/08/31 19:05:06,1.2,420.13
22576,POS消费,地点21,开水,2014/08/31 19:29:41,85.5,334.63
22576,POS消费,地点1869,淋浴,2014/08/31 23:25:40,0.2,334.43
