22652,卡片开户,,,2014/07/19 16:10:02,0.0,0.0
22652,卡充值,,,2014/08/29 11:58:32,500.0,500.0
22652,POS消费,地点188,超市,2014/08/29 12:18:28,54.2,445.8
22652,POS消费,地点314,食堂,2014/08/29 16:52:39,28.0,417.8
22652,POS消费,地点232,食堂,2014/08/29 18:40:35,8.0,409.8
22652,POS消费,地点192,超市,2014/08/29 20:48:59,30.0,379.8
22652,POS消费,地点192,超市,2014/08/29 20:49:07,1.0,378.8
22652,POS消费,地点65,食堂,2014/08/30 08:52:21,0.8,378.0
22652,POS消费,地点59,食堂,2014/08/30 11:38:49,3.6,374.4
22652,POS消费,地点1629,开水,2014/08/30 15:22:11,0.01,374.39
22652,POS消费,地点1629,开水,2014/08/30 15:22:25,0.08,374.31
22652,POS消费,地点21,开水,2014/08/30 15:41:28,9.3,365.01
22652,POS消费,地点232,食堂,2014/08/30 18:08:02,8.0,357.01
22652,POS消费,地点61,食堂,2014/08/31 08:04:54,3.0,354.01
22652,POS消费,地点21,开水,2014/08/31 11:40:54,3.3,350.71
22652,POS消费,地点188,超市,2014/08/31 13:58:16,0.9,349.81
22652,POS消费,地点232,食堂,2014/08/31 17:52:29,10.0,339.81
22652,POS消费,地点21,开水,2014/08/31 18:12:50,3.0,336.81
