22740,卡片开户,,,2014/07/20 13:18:41,0.0,0.0
22740,卡充值,,,2014/08/28 12:10:57,1000.0,1000.0
22740,POS消费,地点103,食堂,2014/08/28 12:28:43,23.0,977.0
22740,POS消费,地点103,食堂,2014/08/28 12:29:10,7.6,969.4
22740,POS消费,地点1847,食堂,2014/08/28 12:30:53,6.0,963.4
22740,POS消费,地点21,开水,2014/08/28 16:23:14,30.0,933.4
22740,POS消费,地点21,开水,2014/08/28 16:23:19,5.6,927.8
22740,POS消费,地点134,食堂,2014/08/28 17:55:14,8.6,919.2
22740,POS消费,地点1847,食堂,2014/08/28 18:23:09,3.0,916.2
22740,POS消费,地点1674,食堂,2014/08/29 11:41:33,1.2,915.0
22740,POS消费,地点1847,食堂,2014/08/29 11:58:32,3.0,912.0
22740,POS消费,地点213,食堂,2014/08/29 16:25:48,0.5,911.5
22740,POS消费,地点89,食堂,2014/08/29 18:35:14,3.0,908.5
22740,POS消费,地点26,图书馆,2014/08/29 19:26:04,3.3,905.2
22740,POS消费,地点6,淋浴,2014/08/29 22:26:57,0.5,904.7
22740,POS消费,地点21,开水,2014/08/30 17:31:09,4.1,900.6
22740,POS消费,地点1847,食堂,2014/08/30 17:42:48,3.0,894.1
22740,POS消费,地点103,食堂,2014/08/30 17:47:22,3.5,897.1
22740,POS消费,地点195,超市,2014/08/30 21:40:25,0.3,893.8
22740,POS消费,地点124,食堂,2014/08/31 08:09:59,6.0,887.8
22740,POS消费,地点21,开水,2014/08/31 11:20:14,2.0,885.8
22740,POS消费,地点91,校车,2014/08/31 11:24:55,4.6,881.2
22740,POS消费,地点6,淋浴,2014/08/31 11:26:14,1.5,879.7
22740,POS消费,地点89,食堂,2014/08/31 17:53:49,4.5,875.2
22740,POS消费,地点192,超市,2014/08/31 18:06:38,11.7,863.5
22740,POS消费,地点12,文印中心,2014/08/31 21:47:41,0.1,863.4
22740,POS消费,地点12,文印中心,2014/08/31 21:58:35,0.5,862.9
