22780,卡片开户,,,2014/07/12 10:59:52,0.0,0.0
22780,卡充值,,,2014/08/28 11:43:04,1000.0,1000.0
22780,POS消费,地点192,超市,2014/08/28 12:07:11,6.3,993.7
22780,POS消费,地点61,食堂,2014/08/28 12:56:04,9.6,984.1
22780,POS消费,地点61,食堂,2014/08/28 12:56:52,8.6,975.5
22780,POS消费,地点61,食堂,2014/08/28 12:57:37,8.6,966.9
22780,POS消费,地点192,超市,2014/08/28 17:21:34,16.0,950.9
22780,POS消费,地点314,食堂,2014/08/29 10:25:56,28.0,922.9
22780,POS消费,地点1451,校车,2014/08/30 13:33:32,1.0,921.9
22780,POS消费,地点168,食堂,2014/08/30 17:26:07,16.5,905.4
22780,POS消费,地点283,食堂,2014/08/30 17:33:54,3.0,902.4
22780,POS消费,地点1932,洗衣房,2014/08/30 22:33:20,1.2,901.2
22780,POS消费,地点1932,洗衣房,2014/08/30 22:34:45,-0.96,902.16
22780,POS消费,地点21,开水,2014/08/31 07:33:07,0.5,900.86
22780,POS消费,地点134,食堂,2014/08/31 07:43:31,0.8,901.36
22780,POS消费,地点203,食堂,2014/08/31 17:41:18,5.5,895.36
22780,POS消费,地点1932,洗衣房,2014/08/31 19:00:59,1.2,894.16
22780,POS消费,地点1932,洗衣房,2014/08/31 19:03:41,-0.9,895.06
22780,POS消费,地点192,超市,2014/08/31 20:14:38,30.0,865.06
22780,POS消费,地点192,超市,2014/08/31 20:14:43,12.8,852.26
22780,POS消费,地点1629,开水,2014/08/31 20:55:48,0.08,852.18
