22834,卡片开户,,,2014/07/19 13:03:02,0.0,0.0
22834,卡充值,,,2014/08/29 08:51:07,400.0,400.0
22834,POS消费,地点65,食堂,2014/08/29 08:53:30,0.8,399.2
22834,POS消费,地点69,食堂,2014/08/29 08:58:36,10.0,388.7
22834,POS消费,地点65,食堂,2014/08/29 09:01:10,0.2,388.5
22834,POS消费,地点65,食堂,2014/08/29 09:01:17,0.8,387.7
22834,POS消费,地点60,食堂,2014/08/29 09:05:22,0.5,398.7
22834,POS消费,地点72,食堂,2014/08/29 09:07:37,1.6,385.6
22834,POS消费,地点65,食堂,2014/08/29 09:09:07,0.8,384.3
22834,POS消费,地点65,食堂,2014/08/29 09:10:28,0.2,384.1
22834,POS消费,地点60,食堂,2014/08/29 09:11:13,0.5,387.2
22834,POS消费,地点60,食堂,2014/08/29 09:17:19,0.5,385.1
22834,POS消费,地点1847,食堂,2014/08/29 12:42:02,1.0,362.9
22834,POS消费,地点72,食堂,2014/08/29 12:47:55,10.6,352.3
22834,POS消费,地点134,食堂,2014/08/29 12:49:17,9.6,374.5
22834,POS消费,地点157,食堂,2014/08/29 12:50:05,10.6,363.9
22834,POS消费,地点243,食堂,2014/08/29 12:57:35,1.5,349.6
22834,POS消费,地点251,食堂,2014/08/29 13:00:44,1.2,351.1
22834,POS消费,地点190,超市,2014/08/29 15:22:45,15.1,334.5
22834,POS消费,地点190,超市,2014/08/29 15:22:58,100.0,234.5
22834,POS消费,地点190,超市,2014/08/29 15:23:18,100.0,134.5
22834,POS消费,地点1629,开水,2014/08/29 15:42:38,0.04,134.46
22834,POS消费,地点242,食堂,2014/08/29 18:28:26,3.6,130.86
22834,POS消费,地点218,食堂,2014/08/29 18:30:51,2.9,127.96
22834,POS消费,地点190,超市,2014/08/29 19:57:19,8.0,119.96
22834,POS消费,地点1629,开水,2014/08/29 20:07:36,0.01,119.95
22834,POS消费,地点1869,淋浴,2014/08/29 20:21:25,0.5,119.45
22834,POS消费,地点1869,淋浴,2014/08/29 20:27:38,0.1,119.35
22834,POS消费,地点1629,开水,2014/08/29 23:12:14,0.02,119.33
22834,POS消费,地点204,食堂,2014/08/30 08:04:19,6.5,112.83
22834,POS消费,地点192,超市,2014/08/30 08:33:19,30.0,82.83
22834,POS消费,地点192,超市,2014/08/30 08:33:26,26.3,56.53
22834,POS消费,地点1629,开水,2014/08/30 08:40:50,0.06,56.47
22834,POS消费,地点1629,开水,2014/08/30 08:43:10,0.01,56.46
22834,POS消费,地点1629,开水,2014/08/30 08:46:24,0.01,56.45
22834,POS消费,地点1629,开水,2014/08/30 08:46:59,0.01,56.44
22834,POS消费,地点1629,开水,2014/08/30 08:47:44,0.01,56.43
22834,POS消费,地点239,食堂,2014/08/30 12:23:16,6.0,50.43
22834,POS消费,地点242,食堂,2014/08/30 12:24:35,1.5,48.93
22834,POS消费,地点168,食堂,2014/08/30 17:17:29,5.5,43.43
22834,POS消费,地点218,食堂,2014/08/30 17:31:37,2.9,40.53
22834,POS消费,地点1629,开水,2014/08/30 20:23:22,0.01,40.52
22834,POS消费,地点1629,开水,2014/08/30 20:23:37,0.04,40.48
22834,POS消费,地点6,淋浴,2014/08/30 23:42:37,0.3,40.18
22834,POS消费,地点12,文印中心,2014/08/30 23:46:02,0.1,40.08
22834,POS消费,地点6,淋浴,2014/08/30 23:46:29,0.1,39.98
22834,POS消费,地点6,淋浴,2014/08/30 23:47:12,0.1,39.88
22834,POS消费,地点12,文印中心,2014/08/30 23:48:13,0.1,39.78
22834,POS消费,地点1869,淋浴,2014/08/30 23:49:09,0.1,39.68
22834,POS消费,地点1869,淋浴,2014/08/30 23:50:06,0.1,39.58
22834,POS消费,地点1869,淋浴,2014/08/30 23:59:24,0.3,39.28
22834,POS消费,地点91,校车,2014/08/31 07:25:50,1.6,37.68
22834,POS消费,地点218,食堂,2014/08/31 12:09:57,2.9,28.18
22834,POS消费,地点239,食堂,2014/08/31 12:10:47,5.1,32.58
22834,POS消费,地点242,食堂,2014/08/31 12:12:08,1.5,31.08
22834,POS消费,地点168,食堂,2014/08/31 18:53:52,6.5,21.68
22834,POS消费,地点168,食堂,2014/08/31 18:54:08,5.5,16.18
