22842,卡片开户,,,2014/07/14 10:07:31,0.0,0.0
22842,卡充值,,,2014/08/29 13:00:44,500.0,500.0
22842,POS消费,地点61,食堂,2014/08/29 13:27:39,8.6,491.4
22842,POS消费,地点61,食堂,2014/08/29 13:28:06,8.6,482.8
22842,POS消费,地点1887,开水,2014/08/29 19:56:31,0.01,482.79
22842,POS消费,地点168,食堂,2014/08/29 20:12:56,11.0,471.79
22842,POS消费,地点26,图书馆,2014/08/29 22:01:14,8.0,463.79
22842,POS消费,地点12,文印中心,2014/08/29 23:16:47,0.1,463.69
22842,POS消费,地点1869,淋浴,2014/08/29 23:27:52,0.3,463.39
22842,POS消费,地点89,食堂,2014/08/30 08:21:02,6.0,457.39
22842,POS消费,地点1629,开水,2014/08/30 10:24:29,0.01,457.38
22842,POS消费,地点1887,开水,2014/08/30 10:25:12,0.01,457.37
22842,POS消费,地点91,校车,2014/08/30 11:34:11,5.1,452.27
22842,POS消费,地点91,校车,2014/08/30 11:34:38,5.1,447.17
22842,POS消费,地点12,文印中心,2014/08/30 21:41:00,0.6,446.57
22842,POS消费,地点21,开水,2014/08/31 07:26:10,2.2,444.37
22842,POS消费,地点134,食堂,2014/08/31 12:09:57,4.6,439.77
22842,POS消费,地点168,食堂,2014/08/31 18:53:38,5.5,434.27
