22846,卡片开户,,,2014/07/17 16:22:08,0.0,0.0
22846,卡充值,,,2014/08/28 17:06:19,100.0,100.0
22846,POS消费,地点1629,开水,2014/08/28 20:38:02,0.01,99.99
22846,POS消费,地点1629,开水,2014/08/28 20:44:35,0.06,99.93
22846,POS消费,地点12,文印中心,2014/08/28 23:40:36,0.3,99.63
22846,POS消费,地点12,文印中心,2014/08/28 23:48:23,0.3,99.33
22846,POS消费,地点1629,开水,2014/08/29 07:27:12,0.07,99.26
22846,POS消费,地点89,食堂,2014/08/29 08:20:23,3.0,96.26
22846,POS消费,地点1629,开水,2014/08/29 17:03:05,0.01,96.25
22846,POS消费,地点157,食堂,2014/08/29 18:10:02,10.6,85.6
22846,POS消费,地点157,食堂,2014/08/29 18:10:28,4.6,81.0
22846,POS消费,地点134,食堂,2014/08/29 18:11:23,8.6,72.4
22846,POS消费,地点195,超市,2014/08/29 19:44:51,4.0,68.4
22846,POS消费,地点1884,开水,2014/08/29 21:06:33,0.01,96.24
22846,POS消费,地点1884,开水,2014/08/29 21:11:28,0.01,96.22
22846,POS消费,地点1884,开水,2014/08/29 21:13:08,0.01,96.23
22846,POS消费,地点1884,开水,2014/08/29 21:16:49,0.01,96.21
22846,POS消费,地点1884,开水,2014/08/29 21:18:47,0.01,96.2
22846,POS消费,地点12,文印中心,2014/08/29 23:51:47,0.8,67.6
22846,POS消费,地点1629,开水,2014/08/30 07:38:49,0.01,67.59
22846,POS消费,地点1629,开水,2014/08/30 07:39:31,0.07,67.52
22846,POS消费,地点124,食堂,2014/08/30 08:17:43,3.0,64.52
22846,POS消费,地点232,食堂,2014/08/31 11:56:51,10.9,53.62
22846,POS消费,地点1961,超市,2014/08/31 12:41:57,28.0,25.62
22846,POS消费,地点195,超市,2014/08/31 18:57:03,5.8,19.82
