22876,卡片开户,,,2014/07/18 12:12:40,0.0,0.0
22876,卡充值,,,2014/08/28 13:03:44,200.0,200.0
22876,POS消费,地点69,食堂,2014/08/28 13:06:14,9.8,190.2
22876,POS消费,地点69,食堂,2014/08/28 13:06:38,4.4,185.8
22876,POS消费,地点69,食堂,2014/08/28 13:07:04,4.4,181.4
22876,POS消费,地点26,图书馆,2014/08/28 15:59:21,1.6,179.8
22876,POS消费,地点21,开水,2014/08/28 18:46:37,4.6,175.2
22876,POS消费,地点21,开水,2014/08/28 18:46:51,4.6,170.6
22876,POS消费,地点21,开水,2014/08/28 18:47:15,4.6,166.0
22876,POS消费,地点1629,开水,2014/08/28 21:59:05,0.08,165.92
22876,POS消费,地点1887,开水,2014/08/28 22:05:39,0.01,165.91
22876,POS消费,地点1629,开水,2014/08/28 22:06:07,0.13,165.78
22876,POS消费,地点195,超市,2014/08/29 11:00:23,28.0,137.78
22876,POS消费,地点242,食堂,2014/08/29 11:21:53,2.1,135.68
22876,POS消费,地点1588,食堂,2014/08/29 17:02:23,3.6,132.08
22876,POS消费,地点1629,开水,2014/08/29 20:49:42,0.06,132.02
22876,POS消费,地点21,开水,2014/08/30 07:32:18,3.5,128.52
22876,POS消费,地点91,校车,2014/08/30 11:26:26,2.1,126.42
22876,POS消费,地点21,开水,2014/08/30 18:28:08,3.1,123.32
22876,POS消费,地点91,校车,2014/08/31 07:13:15,0.5,122.82
22876,POS消费,地点21,开水,2014/08/31 07:13:56,1.4,121.42
22876,POS消费,地点179,食堂,2014/08/31 12:08:55,5.6,115.82
22876,POS消费,地点292,超市,2014/08/31 12:18:39,1.8,114.02
22876,POS消费,地点248,超市,2014/08/31 18:35:15,4.8,109.22
