22870,卡片开户,,,2014/07/22 11:11:17,0.0,0.0
22870,卡充值,,,2014/08/27 10:36:11,500.0,500.0
22870,POS消费,地点188,超市,2014/08/27 11:11:17,30.0,470.0
22870,POS消费,地点188,超市,2014/08/27 11:11:20,30.0,440.0
22870,POS消费,地点188,超市,2014/08/27 11:11:23,30.0,410.0
22870,POS消费,地点188,超市,2014/08/27 11:11:44,30.0,380.0
22870,POS消费,地点188,超市,2014/08/27 11:11:55,30.0,350.0
22870,POS消费,地点188,超市,2014/08/27 11:12:05,2.8,347.2
22870,POS消费,地点188,超市,2014/08/27 11:12:21,3.0,344.2
22870,POS消费,地点6,淋浴,2014/08/27 11:40:50,5.0,339.2
22870,POS消费,地点188,超市,2014/08/27 16:40:33,16.3,322.9
22870,POS消费,地点1932,洗衣房,2014/08/27 17:21:42,1.2,321.7
22870,POS消费,地点1932,洗衣房,2014/08/27 17:26:04,-1.02,322.72
22870,POS消费,地点1932,洗衣房,2014/08/27 17:30:30,1.2,321.52
22870,POS消费,地点1932,洗衣房,2014/08/27 17:36:43,1.2,321.04
22870,POS消费,地点1932,洗衣房,2014/08/27 17:36:49,-1.14,322.18
22870,POS消费,地点1932,洗衣房,2014/08/27 17:38:11,-0.72,322.24
22870,POS消费,地点192,超市,2014/08/28 10:49:34,30.0,292.18
22870,POS消费,地点192,超市,2014/08/28 10:49:36,30.0,262.18
22870,POS消费,地点192,超市,2014/08/28 10:49:40,11.5,250.68
22870,POS消费,地点21,开水,2014/08/28 17:00:25,5.6,245.08
22870,POS消费,地点21,开水,2014/08/30 07:32:07,1.5,243.58
22870,POS消费,地点21,开水,2014/08/30 07:32:32,0.7,242.88
22870,POS消费,地点21,开水,2014/08/31 07:13:21,2.0,240.88
22870,POS消费,地点91,校车,2014/08/31 07:13:53,0.5,240.38
22870,POS消费,地点179,食堂,2014/08/31 12:09:22,4.6,235.78
22870,POS消费,地点1847,食堂,2014/08/31 12:09:46,3.5,232.28
22870,POS消费,地点190,超市,2014/08/31 12:19:35,11.5,220.78
22870,POS消费,地点248,超市,2014/08/31 18:36:39,8.6,212.18
