23068,卡片开户,,,2014/07/14 09:32:10,0.0,0.0
23068,卡充值,,,2014/08/30 14:02:21,100.0,100.0
23068,POS消费,地点225,食堂,2014/08/30 17:34:29,6.6,93.4
23068,POS消费,地点1861,洗衣房,2014/08/30 22:35:07,1.2,92.2
23068,POS消费,地点1870,开水,2014/08/30 22:51:16,0.01,92.19
23068,POS消费,地点1861,洗衣房,2014/08/30 22:53:44,1.2,90.99
23068,POS消费,地点1861,洗衣房,2014/08/30 23:36:35,1.2,89.77
23068,POS消费,地点1884,开水,2014/08/31 02:44:26,0.01,90.98
23068,POS消费,地点1884,开水,2014/08/31 02:47:53,0.01,90.97
23068,POS消费,地点89,食堂,2014/08/31 08:26:55,3.0,86.77
23068,POS消费,地点272,食堂,2014/08/31 11:08:30,9.0,77.77
23068,POS消费,地点21,开水,2014/08/31 18:07:33,3.0,74.77
23068,POS消费,地点21,开水,2014/08/31 18:09:58,4.6,70.17
23068,POS消费,地点192,超市,2014/08/31 22:27:28,19.1,51.07
