23060,卡片开户,,,2014/07/17 09:46:28,0.0,0.0
23060,卡充值,,,2014/08/30 08:35:23,500.0,500.0
23060,POS消费,地点65,食堂,2014/08/30 11:06:09,5.6,494.4
23060,POS消费,地点314,食堂,2014/08/30 11:35:52,28.0,466.4
23060,POS消费,地点1961,超市,2014/08/30 11:44:00,11.7,454.7
23060,POS消费,地点251,食堂,2014/08/30 17:00:04,1.0,453.7
23060,POS消费,地点61,食堂,2014/08/30 17:04:43,5.6,448.1
23060,POS消费,地点61,食堂,2014/08/30 17:05:06,5.6,442.5
23060,POS消费,地点1871,洗衣房,2014/08/30 23:01:23,1.2,441.27
23060,POS消费,地点1871,洗衣房,2014/08/30 23:19:17,-0.12,441.39
23060,POS消费,地点1884,开水,2014/08/31 00:47:57,0.01,442.49
23060,POS消费,地点1884,开水,2014/08/31 00:52:48,0.01,442.48
23060,POS消费,地点1884,开水,2014/08/31 00:58:14,0.01,442.47
23060,POS消费,地点1405,校车,2014/08/31 07:07:00,2.0,439.39
23060,POS消费,地点61,食堂,2014/08/31 07:19:08,0.6,438.79
23060,POS消费,地点247,食堂,2014/08/31 11:07:38,10.0,428.79
23060,POS消费,地点65,食堂,2014/08/31 18:00:05,9.6,419.19
23060,POS消费,地点1884,开水,2014/08/31 23:47:30,0.01,419.18
23060,POS消费,地点1884,开水,2014/08/31 23:47:36,0.01,419.17
23060,POS消费,地点1884,开水,2014/08/31 23:47:47,0.01,419.16
23060,POS消费,地点1884,开水,2014/08/31 23:47:54,0.01,419.15
