23102,卡片开户,,,2014/07/10 14:27:34,0.0,0.0
23102,卡充值,,,2014/08/18 13:53:15,100.0,100.0
23102,POS消费,地点188,超市,2014/08/18 13:56:00,30.0,70.0
23102,POS消费,地点188,超市,2014/08/18 13:56:07,12.7,57.3
23102,卡充值,,,2014/08/18 16:08:33,100.0,157.3
23102,POS消费,地点69,食堂,2014/08/18 17:18:31,3.8,153.5
23102,POS消费,地点69,食堂,2014/08/18 17:18:50,2.2,151.3
23102,POS消费,地点188,超市,2014/08/18 17:37:26,30.0,121.3
23102,POS消费,地点188,超市,2014/08/18 17:37:30,9.2,112.1
23102,POS消费,地点188,超市,2014/08/18 17:44:35,5.5,106.6
23102,POS消费,地点188,超市,2014/08/18 20:03:41,6.0,100.6
23102,POS消费,地点60,食堂,2014/08/19 06:43:10,0.3,100.3
23102,POS消费,地点61,食堂,2014/08/19 06:55:34,0.6,99.7
23102,POS消费,地点69,食堂,2014/08/19 11:29:39,5.6,94.1
23102,POS消费,地点21,开水,2014/08/19 12:44:48,9.0,85.1
23102,POS消费,地点60,食堂,2014/08/19 17:48:28,2.9,76.4
23102,POS消费,地点253,食堂,2014/08/19 17:52:09,5.8,79.3
23102,POS消费,地点188,超市,2014/08/19 18:02:02,3.5,72.9
23102,POS消费,地点72,食堂,2014/08/20 12:40:00,2.6,64.55
23102,POS消费,地点253,食堂,2014/08/20 12:49:35,5.75,67.15
23102,POS消费,地点69,食堂,2014/08/20 18:17:09,7.1,54.55
23102,POS消费,地点60,食堂,2014/08/20 18:22:43,2.9,61.65
23102,POS消费,地点69,食堂,2014/08/21 07:01:36,2.15,52.4
23102,POS消费,地点161,食堂,2014/08/21 07:03:37,3.1,49.3
23102,POS消费,地点60,食堂,2014/08/21 11:52:23,2.5,46.8
23102,POS消费,地点1700,食堂,2014/08/21 11:53:16,1.8,45.0
23102,POS消费,地点60,食堂,2014/08/21 11:58:25,2.9,42.1
23102,POS消费,地点72,食堂,2014/08/21 17:29:05,4.6,37.5
