23138,卡片开户,,,2014/07/18 11:35:34,0.0,0.0
23138,卡充值,,,2014/08/29 12:22:40,500.0,500.0
23138,POS消费,地点228,食堂,2014/08/29 12:39:49,16.0,482.2
23138,POS消费,地点231,食堂,2014/08/29 12:41:12,1.8,498.2
23138,POS消费,地点188,超市,2014/08/29 16:09:01,62.7,419.5
23138,POS消费,地点168,食堂,2014/08/29 18:27:33,5.5,414.0
23138,POS消费,地点192,超市,2014/08/30 11:51:10,30.0,384.0
23138,POS消费,地点192,超市,2014/08/30 11:51:14,16.0,368.0
23138,POS消费,地点1884,开水,2014/08/30 13:15:56,0.01,367.99
23138,POS消费,地点1884,开水,2014/08/30 13:16:02,0.01,367.98
23138,POS消费,地点1884,开水,2014/08/30 13:17:54,0.01,367.97
23138,POS消费,地点264,食堂,2014/08/30 17:55:54,5.6,362.37
23138,POS消费,地点1588,食堂,2014/08/31 08:42:49,2.3,360.07
23138,POS消费,地点243,食堂,2014/08/31 11:33:21,2.0,358.07
23138,POS消费,地点89,食堂,2014/08/31 11:48:53,4.5,353.57
23138,POS消费,地点21,开水,2014/08/31 16:36:27,30.0,323.57
23138,POS消费,地点21,开水,2014/08/31 16:36:31,14.3,309.27
23138,POS消费,地点91,校车,2014/08/31 17:51:55,4.6,304.67
23138,POS消费,地点21,开水,2014/08/31 17:53:07,0.95,303.72
23138,POS消费,地点1641,淋浴,2014/08/31 22:02:53,0.1,303.62
23138,POS消费,地点1641,淋浴,2014/08/31 22:03:42,0.2,303.42
