23164,卡片开户,,,2014/07/15 11:29:35,0.0,0.0
23164,卡充值,,,2014/08/29 12:15:22,200.0,200.0
23164,POS消费,地点12,文印中心,2014/08/29 12:15:23,5.0,195.0
23164,POS消费,地点248,超市,2014/08/29 12:17:12,0.6,194.4
23164,POS消费,地点21,开水,2014/08/29 12:37:02,8.9,185.5
23164,POS消费,地点195,超市,2014/08/29 13:45:15,30.0,155.5
23164,POS消费,地点195,超市,2014/08/29 13:45:18,7.6,147.9
23164,POS消费,地点27,教务处,2014/08/30 20:53:23,0.2,147.7
23164,POS消费,地点60,食堂,2014/08/31 07:50:59,0.8,146.9
23164,POS消费,地点69,食堂,2014/08/31 07:52:46,2.8,144.1
23164,POS消费,地点248,超市,2014/08/31 12:03:57,4.6,139.5
23164,POS消费,地点21,开水,2014/08/31 12:22:00,3.0,136.5
23164,POS消费,地点21,开水,2014/08/31 12:23:25,5.3,131.2
23164,POS消费,地点72,食堂,2014/08/31 17:51:14,4.6,126.6
23164,POS消费,地点1904,淋浴,2014/08/31 20:21:35,0.1,126.5
23164,POS消费,地点1904,淋浴,2014/08/31 20:32:38,0.5,126.0
