23160,POS消费,地点12,文印中心,2014/07/01 18:28:12,0.0,0.0
23160,POS消费,地点12,文印中心,2014/07/01 18:28:12,0.11,1.92
23160,卡片开户,,,2014/07/20 10:10:57,0.0,0.0
23160,卡充值,,,2014/08/30 11:38:37,200.0,200.0
23160,POS消费,地点192,超市,2014/08/30 17:08:39,2.4,197.6
23160,POS消费,地点192,超市,2014/08/30 17:09:00,0.9,196.7
23160,POS消费,地点1904,淋浴,2014/08/30 20:50:04,0.1,196.6
23160,POS消费,地点1904,淋浴,2014/08/30 20:50:49,0.7,195.9
23160,POS消费,地点1915,淋浴,2014/08/30 21:07:44,0.2,195.7
23160,POS消费,地点60,食堂,2014/08/31 07:50:53,0.3,195.4
23160,POS消费,地点248,超市,2014/08/31 12:04:06,6.6,188.8
23160,POS消费,地点248,超市,2014/08/31 12:04:15,4.6,184.2
23160,POS消费,地点21,开水,2014/08/31 12:08:11,3.0,181.2
23160,POS消费,地点21,开水,2014/08/31 12:08:13,3.0,178.2
23160,POS消费,地点251,食堂,2014/08/31 18:02:08,0.6,177.6
23160,POS消费,地点21,开水,2014/08/31 18:06:26,1.6,176.0
23160,POS消费,地点1918,淋浴,2014/08/31 20:41:07,0.5,175.5
