23172,卡片开户,,,2014/07/16 11:21:31,0.0,0.0
23172,卡充值,,,2014/08/30 09:48:37,500.0,500.0
23172,POS消费,地点822,食堂,2014/08/30 12:27:20,10.0,490.0
23172,POS消费,地点21,开水,2014/08/30 12:28:36,1.5,488.5
23172,POS消费,地点21,开水,2014/08/30 12:28:52,1.0,487.5
23172,POS消费,地点203,食堂,2014/08/30 12:31:05,15.0,472.5
23172,POS消费,地点21,开水,2014/08/30 17:00:35,8.1,464.4
23172,POS消费,地点1847,食堂,2014/08/30 17:11:50,4.0,460.4
23172,POS消费,地点21,开水,2014/08/30 20:23:11,18.0,442.4
23172,POS消费,地点157,食堂,2014/08/31 08:09:06,1.4,441.0
23172,POS消费,地点12,文印中心,2014/08/31 12:04:50,5.0,436.0
23172,POS消费,地点21,开水,2014/08/31 12:09:37,3.0,433.0
23172,POS消费,地点314,食堂,2014/08/31 12:52:03,30.0,403.0
23172,POS消费,地点314,食堂,2014/08/31 12:52:07,3.5,399.5
23172,POS消费,地点26,图书馆,2014/08/31 13:00:03,52.2,347.3
23172,POS消费,地点114,食堂,2014/08/31 16:36:08,5.0,342.3
23172,POS消费,地点1847,食堂,2014/08/31 18:32:29,3.0,333.7
23172,POS消费,地点134,食堂,2014/08/31 18:33:37,5.6,336.7
23172,POS消费,地点192,超市,2014/08/31 20:30:58,24.0,309.7
