23262,卡片开户,,,2014/07/16 15:30:56,0.0,0.0
23262,卡充值,,,2014/08/26 16:31:51,200.0,200.0
23262,POS消费,地点21,开水,2014/08/27 16:05:34,72.6,127.4
23262,POS消费,地点87,食堂,2014/08/28 08:21:53,2.0,125.4
23262,POS消费,地点195,超市,2014/08/28 17:24:45,30.0,95.4
23262,POS消费,地点195,超市,2014/08/28 17:24:48,26.0,69.4
23262,POS消费,地点192,超市,2014/08/28 19:47:33,16.5,52.9
23262,POS消费,地点188,超市,2014/08/28 21:48:16,7.0,45.9
23262,POS消费,地点1909,淋浴,2014/08/28 22:05:53,0.2,45.7
23262,POS消费,地点1909,淋浴,2014/08/28 22:12:07,0.4,45.3
23262,POS消费,地点1915,淋浴,2014/08/28 22:15:59,0.1,45.2
23262,POS消费,地点1895,开水,2014/08/29 00:33:46,0.01,45.19
23262,POS消费,地点1895,开水,2014/08/29 00:34:48,0.01,45.18
23262,POS消费,地点1902,开水,2014/08/29 06:57:43,0.01,45.17
23262,POS消费,地点89,食堂,2014/08/29 07:36:19,3.0,42.17
23262,POS消费,地点1902,开水,2014/08/30 07:46:44,0.01,42.16
23262,POS消费,地点188,超市,2014/08/30 09:01:04,9.2,32.96
23262,卡充值,,,2014/08/30 09:02:24,200.0,232.96
23262,POS消费,地点1451,校车,2014/08/30 14:36:16,1.0,231.96
23262,POS消费,地点168,食堂,2014/08/30 18:17:09,5.5,226.46
23262,POS消费,地点168,食堂,2014/08/30 18:25:45,5.5,220.96
23262,POS消费,地点1902,开水,2014/08/30 22:11:34,0.01,220.95
23262,POS消费,地点72,食堂,2014/08/31 07:34:58,2.2,218.75
23262,POS消费,地点248,超市,2014/08/31 12:29:41,5.6,213.15
23262,POS消费,地点1902,开水,2014/08/31 12:59:54,0.01,213.14
23262,POS消费,地点1915,淋浴,2014/08/31 22:05:52,0.3,212.84
