23280,卡片开户,,,2014/07/20 10:15:12,0.0,0.0
23280,卡充值,,,2014/08/29 11:25:44,500.0,500.0
23280,POS消费,地点21,开水,2014/08/29 17:45:11,9.1,490.9
23280,POS消费,地点1904,淋浴,2014/08/29 21:11:05,0.1,490.5
23280,POS消费,地点1904,淋浴,2014/08/29 21:15:57,0.1,490.6
23280,POS消费,地点1904,淋浴,2014/08/29 21:17:31,0.1,490.8
23280,POS消费,地点1904,淋浴,2014/08/29 21:17:37,0.1,490.7
23280,POS消费,地点1902,开水,2014/08/30 09:23:40,0.01,490.49
23280,POS消费,地点1902,开水,2014/08/30 09:24:50,0.01,490.48
23280,POS消费,地点91,校车,2014/08/30 11:13:41,4.1,486.38
23280,POS消费,地点91,校车,2014/08/30 11:14:02,4.1,482.28
23280,POS消费,地点91,校车,2014/08/30 11:14:27,4.0,478.28
23280,POS消费,地点21,开水,2014/08/30 11:15:00,4.0,474.28
23280,POS消费,地点248,超市,2014/08/30 11:16:42,4.6,469.68
23280,POS消费,地点26,图书馆,2014/08/30 12:09:04,22.1,447.58
23280,POS消费,地点219,超市,2014/08/30 16:04:38,2.0,445.58
23280,POS消费,地点21,开水,2014/08/30 16:49:45,4.0,441.58
23280,POS消费,地点310,食堂,2014/08/30 16:56:46,3.0,433.58
23280,POS消费,地点1686,食堂,2014/08/30 16:57:20,5.0,436.58
23280,POS消费,地点286,食堂,2014/08/30 16:57:51,1.0,432.58
23280,POS消费,地点1902,开水,2014/08/30 17:41:50,0.01,432.57
23280,POS消费,地点1909,淋浴,2014/08/30 18:23:04,0.1,432.47
23280,POS消费,地点1909,淋浴,2014/08/30 18:23:31,0.1,432.37
23280,POS消费,地点1904,淋浴,2014/08/30 18:35:10,0.6,431.77
23280,POS消费,地点1902,开水,2014/08/31 07:08:13,0.01,431.76
23280,POS消费,地点65,食堂,2014/08/31 07:40:20,0.8,430.96
23280,POS消费,地点87,食堂,2014/08/31 07:47:22,3.0,427.96
23280,POS消费,地点21,开水,2014/08/31 12:23:03,4.0,423.96
23280,POS消费,地点279,食堂,2014/08/31 12:31:46,4.6,419.36
23280,POS消费,地点70,食堂,2014/08/31 12:39:38,3.0,416.36
23280,POS消费,地点310,食堂,2014/08/31 17:55:30,0.6,409.76
23280,POS消费,地点105,食堂,2014/08/31 17:55:46,6.0,410.36
23280,POS消费,地点70,食堂,2014/08/31 17:56:47,3.0,406.76
23280,POS消费,地点1918,淋浴,2014/08/31 18:42:32,0.4,406.36
