23300,POS消费,地点26,图书馆,2014/07/02 18:04:32,0.0,0.0
23300,POS消费,地点26,图书馆,2014/07/02 18:04:32,0.11,6.07
23300,卡片开户,,,2014/07/13 15:53:28,0.0,0.0
23300,卡充值,,,2014/08/29 15:33:57,300.0,300.0
23300,POS消费,地点61,食堂,2014/08/29 19:15:05,8.6,291.4
23300,POS消费,地点1918,淋浴,2014/08/29 20:26:25,0.8,290.6
23300,POS消费,地点1915,淋浴,2014/08/29 22:05:17,0.3,290.3
23300,POS消费,地点65,食堂,2014/08/30 08:22:06,1.0,289.3
23300,POS消费,地点61,食堂,2014/08/30 08:41:18,4.9,284.4
23300,POS消费,地点837,校车,2014/08/30 10:48:29,1.0,283.4
23300,POS消费,地点269,食堂,2014/08/30 12:34:02,9.6,273.8
23300,POS消费,地点21,开水,2014/08/30 18:11:53,3.0,264.2
23300,POS消费,地点182,食堂,2014/08/30 18:12:44,6.6,267.2
23300,POS消费,地点1918,淋浴,2014/08/30 20:33:56,0.4,263.8
23300,POS消费,地点157,食堂,2014/08/31 08:16:54,0.8,263.0
23300,POS消费,地点1588,食堂,2014/08/31 08:22:49,2.6,260.4
23300,POS消费,地点218,食堂,2014/08/31 11:28:55,1.0,259.4
23300,POS消费,地点264,食堂,2014/08/31 11:32:48,5.6,253.8
23300,POS消费,地点1674,食堂,2014/08/31 11:35:03,1.2,252.6
23300,POS消费,地点192,超市,2014/08/31 12:08:16,30.0,222.6
23300,POS消费,地点192,超市,2014/08/31 12:08:20,1.0,221.6
23300,POS消费,地点283,食堂,2014/08/31 17:47:35,5.5,216.1
23300,POS消费,地点21,开水,2014/08/31 17:49:08,3.0,213.1
23300,POS消费,地点1904,淋浴,2014/08/31 19:38:45,0.4,212.7
