23362,卡片开户,,,2014/07/14 10:09:03,0.0,0.0
23362,卡充值,,,2014/08/28 12:26:29,1000.0,1000.0
23362,POS消费,地点70,食堂,2014/08/28 12:35:29,5.0,995.0
23362,POS消费,地点228,食堂,2014/08/28 12:46:05,13.0,982.0
23362,POS消费,地点72,食堂,2014/08/28 12:54:13,16.0,964.2
23362,POS消费,地点231,食堂,2014/08/28 13:02:47,0.6,981.4
23362,POS消费,地点231,食堂,2014/08/28 13:02:56,1.2,980.2
23362,POS消费,地点26,图书馆,2014/08/28 16:09:22,29.6,934.6
23362,POS消费,地点70,食堂,2014/08/29 10:20:11,2.5,932.1
23362,POS消费,地点314,食堂,2014/08/29 11:12:24,30.0,902.1
23362,POS消费,地点314,食堂,2014/08/29 11:12:26,0.7,901.4
23362,POS消费,地点1953,淋浴,2014/08/30 18:01:04,0.4,901.0
23362,POS消费,地点1953,淋浴,2014/08/30 18:07:13,0.2,900.8
23362,POS消费,地点1953,淋浴,2014/08/30 18:09:12,0.1,900.7
23362,POS消费,地点1953,淋浴,2014/08/30 18:10:18,0.2,900.5
23362,POS消费,地点1953,淋浴,2014/08/30 18:16:47,0.1,900.4
23362,POS消费,地点1953,淋浴,2014/08/30 18:20:35,0.8,899.6
23362,POS消费,地点157,食堂,2014/08/31 08:17:39,0.5,899.1
23362,POS消费,地点157,食堂,2014/08/31 08:17:46,0.8,898.3
23362,POS消费,地点203,食堂,2014/08/31 19:04:35,6.5,891.8
23362,POS消费,地点1961,超市,2014/08/31 19:32:15,30.0,861.8
23362,POS消费,地点1961,超市,2014/08/31 19:32:18,28.0,833.8
23362,POS消费,地点21,开水,2014/08/31 19:54:27,0.17,833.63
