23386,卡片开户,,,2014/07/19 11:30:54,0.0,0.0
23386,卡充值,,,2014/08/30 09:37:41,500.0,500.0
23386,POS消费,地点264,食堂,2014/08/30 12:11:22,10.6,489.4
23386,POS消费,地点264,食堂,2014/08/30 12:11:40,10.6,478.8
23386,POS消费,地点1847,食堂,2014/08/30 12:25:22,5.8,473.0
23386,POS消费,地点1902,开水,2014/08/30 15:59:22,0.01,472.99
23386,POS消费,地点1902,开水,2014/08/30 16:05:32,0.01,472.98
23386,POS消费,地点1902,开水,2014/08/30 16:06:15,0.01,472.97
23386,POS消费,地点192,超市,2014/08/30 17:11:13,1.1,471.87
23386,POS消费,地点1902,开水,2014/08/30 17:40:26,0.01,471.86
23386,POS消费,地点188,超市,2014/08/30 17:51:06,0.5,471.36
23386,POS消费,地点21,开水,2014/08/30 18:13:34,6.6,464.76
23386,POS消费,地点21,开水,2014/08/30 18:13:52,5.6,459.16
23386,POS消费,地点188,超市,2014/08/30 18:22:04,5.2,453.96
23386,POS消费,地点1910,淋浴,2014/08/30 22:04:43,0.1,453.86
23386,POS消费,地点1918,淋浴,2014/08/30 22:18:41,0.5,453.36
23386,POS消费,地点1902,开水,2014/08/31 07:36:29,0.01,453.35
23386,POS消费,地点1902,开水,2014/08/31 07:59:09,0.01,453.34
23386,POS消费,地点21,开水,2014/08/31 11:58:09,10.4,442.94
23386,POS消费,地点1895,开水,2014/08/31 13:01:28,0.01,442.93
23386,POS消费,地点1895,开水,2014/08/31 13:04:24,0.01,442.92
23386,POS消费,地点188,超市,2014/08/31 13:58:27,0.9,442.02
23386,POS消费,地点61,食堂,2014/08/31 18:02:08,4.1,437.92
23386,POS消费,地点21,开水,2014/08/31 18:11:29,21.8,416.12
23386,POS消费,地点219,超市,2014/08/31 19:22:26,4.0,412.12
23386,POS消费,地点1910,淋浴,2014/08/31 20:17:21,0.8,411.32
23386,POS消费,地点1895,开水,2014/08/31 21:24:55,0.01,411.31
