23418,卡片开户,,,2014/07/19 15:27:59,0.0,0.0
23418,卡充值,,,2014/08/29 10:58:44,1000.0,1000.0
23418,POS消费,地点65,食堂,2014/08/29 11:04:04,17.6,982.4
23418,POS消费,地点21,开水,2014/08/29 11:06:44,8.6,973.8
23418,POS消费,地点89,食堂,2014/08/29 11:21:41,4.5,969.3
23418,POS消费,地点1895,开水,2014/08/29 14:35:39,0.01,969.29
23418,POS消费,地点1918,淋浴,2014/08/29 21:55:58,0.8,968.49
23418,POS消费,地点21,开水,2014/08/30 18:18:18,0.35,964.04
23418,POS消费,地点1588,食堂,2014/08/30 18:25:00,4.1,964.39
23418,POS消费,地点61,食堂,2014/08/31 07:27:38,1.4,962.64
23418,POS消费,地点190,超市,2014/08/31 11:45:24,28.0,934.64
23418,POS消费,地点190,超市,2014/08/31 11:45:56,5.0,929.64
23418,POS消费,地点91,校车,2014/08/31 11:47:47,3.6,926.04
23418,POS消费,地点248,超市,2014/08/31 11:49:02,10.3,915.74
23418,POS消费,地点91,校车,2014/08/31 11:49:49,10.4,905.34
23418,POS消费,地点248,超市,2014/08/31 11:50:02,10.3,895.04
23418,POS消费,地点248,超市,2014/08/31 11:50:27,10.6,884.44
23418,POS消费,地点21,开水,2014/08/31 12:00:24,1.5,882.94
23418,POS消费,地点262,食堂,2014/08/31 17:59:57,0.8,878.64
23418,POS消费,地点184,食堂,2014/08/31 18:01:03,3.5,879.44
