23438,卡片开户,,,2014/07/19 10:13:24,0.0,0.0
23438,卡充值,,,2014/08/29 14:27:36,1000.0,1000.0
23438,POS消费,地点228,食堂,2014/08/29 17:56:08,7.0,993.0
23438,POS消费,地点231,食堂,2014/08/29 18:10:19,0.6,992.4
23438,POS消费,地点1895,开水,2014/08/29 19:26:34,0.01,992.39
23438,POS消费,地点1909,淋浴,2014/08/29 21:22:29,0.1,992.29
23438,POS消费,地点1910,淋浴,2014/08/29 21:24:24,0.2,992.09
23438,POS消费,地点1918,淋浴,2014/08/29 21:29:20,0.8,991.29
23438,POS消费,地点21,开水,2014/08/30 07:58:36,4.8,986.49
23438,POS消费,地点192,超市,2014/08/30 08:22:25,9.5,976.99
23438,POS消费,地点26,图书馆,2014/08/30 09:00:09,28.0,948.99
23438,POS消费,地点103,食堂,2014/08/30 11:23:47,7.6,941.39
23438,POS消费,地点188,超市,2014/08/30 11:33:29,70.5,870.89
23438,POS消费,地点91,校车,2014/08/30 17:27:13,5.5,865.39
23438,POS消费,地点1915,淋浴,2014/08/30 18:17:38,0.5,864.89
23438,POS消费,地点1409,食堂,2014/08/31 07:58:08,5.5,859.39
23438,POS消费,地点1902,开水,2014/08/31 08:07:46,0.01,859.38
23438,POS消费,地点272,食堂,2014/08/31 11:30:56,10.0,849.38
23438,POS消费,地点192,超市,2014/08/31 12:21:13,6.0,843.38
23438,POS消费,地点822,食堂,2014/08/31 17:45:40,5.6,837.78
23438,POS消费,地点1910,淋浴,2014/08/31 18:12:22,0.1,837.68
23438,POS消费,地点1918,淋浴,2014/08/31 18:12:53,0.6,837.08
