23454,卡片开户,,,2014/07/19 11:51:35,0.0,0.0
23454,卡充值,,,2014/08/30 09:46:18,100.0,100.0
23454,POS消费,地点188,超市,2014/08/30 11:16:58,18.0,82.0
23454,POS消费,地点188,超市,2014/08/30 16:25:05,17.0,65.0
23454,POS消费,地点1447,校车,2014/08/30 17:20:35,1.0,64.0
23454,POS消费,地点1447,校车,2014/08/30 17:20:43,1.0,63.0
23454,POS消费,地点1447,校车,2014/08/30 18:33:22,1.0,62.0
23454,POS消费,地点526,食堂,2014/08/30 21:35:41,5.0,57.0
23454,POS消费,地点314,食堂,2014/08/31 08:15:21,30.0,27.0
23454,POS消费,地点314,食堂,2014/08/31 08:15:25,10.0,17.0
23454,POS消费,地点91,校车,2014/08/31 11:18:22,6.6,10.4
23454,POS消费,地点21,开水,2014/08/31 11:22:19,1.0,9.4
23454,POS消费,地点190,超市,2014/08/31 11:49:22,7.5,1.9
23454,卡充值,,,2014/08/31 16:30:47,300.0,301.9
23454,POS消费,地点26,图书馆,2014/08/31 18:13:09,10.0,291.9
