23464,卡片开户,,,2014/07/16 10:37:43,0.0,0.0
23464,卡充值,,,2014/08/29 13:19:41,500.0,500.0
23464,POS消费,地点72,食堂,2014/08/29 13:23:59,8.6,491.4
23464,POS消费,地点72,食堂,2014/08/29 13:24:25,8.6,482.8
23464,POS消费,地点1904,淋浴,2014/08/29 20:44:26,0.1,482.7
23464,POS消费,地点232,食堂,2014/08/30 08:51:52,1.7,481.0
23464,POS消费,地点134,食堂,2014/08/30 12:11:44,8.6,472.4
23464,POS消费,地点21,开水,2014/08/30 12:49:46,4.5,467.9
23464,POS消费,地点21,开水,2014/08/30 17:18:17,5.6,462.3
23464,POS消费,地点1902,开水,2014/08/30 21:11:06,0.01,462.29
23464,POS消费,地点21,开水,2014/08/31 08:14:14,1.6,460.69
23464,POS消费,地点21,开水,2014/08/31 11:21:53,6.1,454.59
23464,POS消费,地点21,开水,2014/08/31 11:22:18,8.1,446.49
23464,POS消费,地点190,超市,2014/08/31 11:59:11,15.4,431.09
23464,POS消费,地点1596,食堂,2014/08/31 18:01:40,4.6,426.49
23464,POS消费,地点1902,开水,2014/08/31 21:06:01,0.01,426.48
