23566,卡片开户,,,2014/07/16 11:53:34,0.0,0.0
23566,卡充值,,,2014/08/28 09:56:57,200.0,200.0
23566,POS消费,地点72,食堂,2014/08/28 11:34:30,9.4,190.6
23566,POS消费,地点161,食堂,2014/08/28 11:34:41,5.8,184.8
23566,POS消费,地点1908,淋浴,2014/08/28 21:49:42,0.1,184.7
23566,POS消费,地点1953,淋浴,2014/08/28 22:07:08,0.1,183.9
23566,POS消费,地点1908,淋浴,2014/08/28 22:08:05,0.4,183.4
23566,POS消费,地点1908,淋浴,2014/08/28 22:08:52,0.7,184.0
23566,POS消费,地点1953,淋浴,2014/08/28 22:11:51,0.1,183.8
23566,POS消费,地点21,开水,2014/08/28 22:17:06,0.02,183.38
23566,POS消费,地点21,开水,2014/08/29 07:32:07,0.01,183.37
23566,POS消费,地点89,食堂,2014/08/29 08:35:51,3.0,180.37
23566,POS消费,地点21,开水,2014/08/29 10:57:12,0.17,180.2
23566,POS消费,地点91,校车,2014/08/29 11:31:34,11.55,168.65
23566,POS消费,地点91,校车,2014/08/29 11:37:33,28.3,140.35
23566,POS消费,地点1946,淋浴,2014/08/30 18:55:40,0.7,139.65
23566,POS消费,地点21,开水,2014/08/30 20:35:49,30.0,109.65
23566,POS消费,地点21,开水,2014/08/30 20:35:57,2.2,107.45
23566,POS消费,地点1946,淋浴,2014/08/30 22:17:35,1.0,106.45
23566,POS消费,地点103,食堂,2014/08/31 08:05:19,1.8,104.65
23566,POS消费,地点103,食堂,2014/08/31 08:05:26,0.8,103.85
23566,POS消费,地点103,食堂,2014/08/31 08:05:42,2.6,101.25
23566,POS消费,地点134,食堂,2014/08/31 08:06:30,0.8,100.45
23566,POS消费,地点232,食堂,2014/08/31 12:03:34,10.0,90.45
23566,POS消费,地点232,食堂,2014/08/31 12:04:04,6.0,84.45
23566,POS消费,地点146,校车,2014/08/31 13:09:32,1.0,83.45
23566,POS消费,地点1961,超市,2014/08/31 13:23:38,1.0,82.45
23566,POS消费,地点168,食堂,2014/08/31 17:48:23,5.5,76.95
23566,POS消费,地点1916,淋浴,2014/08/31 21:20:18,0.7,76.25
