23560,卡片开户,,,2014/07/10 14:28:31,0.0,0.0
23560,卡充值,,,2014/08/18 14:58:40,500.0,500.0
23560,POS消费,地点21,开水,2014/08/18 16:34:36,4.8,495.2
23560,POS消费,地点124,食堂,2014/08/18 17:56:13,4.5,490.7
23560,POS消费,地点21,开水,2014/08/18 18:10:55,3.0,487.7
23560,POS消费,地点60,食堂,2014/08/19 06:43:26,0.3,487.4
23560,POS消费,地点61,食堂,2014/08/19 12:10:17,8.4,479.0
23560,POS消费,地点251,食堂,2014/08/19 17:50:46,0.6,478.4
23560,POS消费,地点21,开水,2014/08/19 17:53:36,0.8,477.6
23560,POS消费,地点21,开水,2014/08/20 18:20:07,4.6,473.0
23560,POS消费,地点21,开水,2014/08/20 18:20:21,4.6,468.4
23560,POS消费,地点61,食堂,2014/08/21 07:18:29,4.0,464.33
23560,POS消费,地点82,食堂,2014/08/21 12:07:17,6.4,457.93
23560,POS消费,地点65,食堂,2014/08/21 17:31:18,4.6,453.31
23560,POS消费,地点884,淋浴,2014/08/22 21:03:11,0.1,453.21
23560,POS消费,地点884,淋浴,2014/08/22 21:03:17,0.1,453.11
23560,POS消费,地点884,淋浴,2014/08/22 21:05:02,0.4,452.71
23560,POS消费,地点140,开水,2014/08/23 07:20:31,0.01,468.35
23560,POS消费,地点806,开水,2014/08/23 09:11:49,0.01,468.39
23560,POS消费,地点806,开水,2014/08/23 09:11:55,0.03,468.36
23560,POS消费,地点806,开水,2014/08/23 09:12:35,0.02,468.33
23560,POS消费,地点806,开水,2014/08/23 09:13:22,0.02,457.91
23560,POS消费,地点140,开水,2014/08/23 09:14:21,0.01,452.7
