23570,卡片开户,,,2014/07/20 11:10:35,0.0,0.0
23570,卡充值,,,2014/08/29 16:29:46,200.0,200.0
23570,POS消费,地点72,食堂,2014/08/29 18:06:13,8.6,191.4
23570,POS消费,地点1915,淋浴,2014/08/29 19:27:59,1.2,189.9
23570,POS消费,地点1915,淋浴,2014/08/29 19:29:51,0.3,191.1
23570,POS消费,地点1915,淋浴,2014/08/29 20:07:59,0.1,189.8
23570,POS消费,地点1902,开水,2014/08/29 20:13:58,0.01,189.78
23570,POS消费,地点1895,开水,2014/08/29 20:44:00,0.01,189.79
23570,POS消费,地点1895,开水,2014/08/29 22:24:19,0.01,189.77
23570,POS消费,地点61,食堂,2014/08/30 08:01:54,6.4,183.37
23570,POS消费,地点21,开水,2014/08/30 08:03:50,0.8,182.57
23570,POS消费,地点292,超市,2014/08/30 09:37:59,30.0,152.57
23570,POS消费,地点292,超市,2014/08/30 09:38:04,7.6,144.97
23570,POS消费,地点195,超市,2014/08/30 17:11:25,30.0,114.97
23570,POS消费,地点195,超市,2014/08/30 17:11:28,6.5,108.47
23570,POS消费,地点195,超市,2014/08/30 17:11:52,5.0,103.47
23570,POS消费,地点1915,淋浴,2014/08/30 18:40:36,1.7,101.77
23570,POS消费,地点61,食堂,2014/08/31 07:47:27,4.0,97.77
23570,POS消费,地点195,超市,2014/08/31 12:05:12,1.0,96.77
23570,POS消费,地点26,图书馆,2014/08/31 12:48:55,1.0,95.77
23570,POS消费,地点190,超市,2014/08/31 20:30:15,1.8,93.97
