23582,卡片开户,,,2014/07/15 11:28:06,0.0,0.0
23582,卡充值,,,2014/08/27 09:08:16,200.0,200.0
23582,POS消费,地点21,开水,2014/08/27 09:23:32,30.0,170.0
23582,POS消费,地点21,开水,2014/08/27 09:23:35,30.0,140.0
23582,POS消费,地点21,开水,2014/08/27 09:23:38,30.0,110.0
23582,POS消费,地点21,开水,2014/08/27 09:23:54,30.0,80.0
23582,POS消费,地点21,开水,2014/08/27 09:24:11,17.4,62.6
23582,POS消费,地点21,开水,2014/08/27 09:25:33,15.7,46.9
23582,POS消费,地点192,超市,2014/08/27 16:04:19,30.0,16.9
23582,POS消费,地点192,超市,2014/08/27 16:04:35,1.4,15.5
23582,POS消费,地点21,开水,2014/08/28 07:57:28,1.4,14.1
23582,POS消费,地点65,食堂,2014/08/28 08:00:32,0.2,13.4
23582,POS消费,地点60,食堂,2014/08/28 08:07:51,0.5,13.6
23582,卡充值,,,2014/08/28 18:24:40,500.0,513.4
23582,POS消费,地点526,食堂,2014/08/29 13:51:14,15.0,498.4
23582,POS消费,地点118,食堂,2014/08/29 13:54:29,5.0,493.4
23582,POS消费,地点1155,食堂,2014/08/29 14:01:51,17.0,476.4
23582,POS消费,地点1915,淋浴,2014/08/30 07:40:18,0.3,476.1
23582,POS消费,地点1915,淋浴,2014/08/30 07:42:51,0.2,475.9
23582,POS消费,地点1915,淋浴,2014/08/30 07:42:52,0.1,475.8
23582,POS消费,地点222,校车,2014/08/30 08:58:25,1.0,474.8
23582,POS消费,地点816,校车,2014/08/30 09:20:16,1.0,473.8
23582,POS消费,地点1895,开水,2014/08/31 07:22:09,0.01,472.79
23582,POS消费,地点91,校车,2014/08/31 11:48:55,5.6,467.19
23582,POS消费,地点91,校车,2014/08/31 11:50:12,0.8,466.39
23582,POS消费,地点21,开水,2014/08/31 11:51:34,3.0,463.39
23582,POS消费,地点192,超市,2014/08/31 12:19:08,0.9,462.49
23582,POS消费,地点233,食堂,2014/08/31 17:46:21,5.6,456.89
23582,POS消费,地点243,食堂,2014/08/31 17:55:17,2.0,454.89
