23646,卡片开户,,,2014/07/14 09:25:34,0.0,0.0
23646,卡充值,,,2014/08/28 13:18:07,500.0,500.0
23646,POS消费,地点61,食堂,2014/08/28 13:46:28,4.6,495.4
23646,POS消费,地点61,食堂,2014/08/28 13:46:38,4.0,491.4
23646,POS消费,地点61,食堂,2014/08/28 13:46:59,8.6,482.8
23646,POS消费,地点61,食堂,2014/08/28 13:47:26,8.6,474.2
23646,POS消费,地点161,食堂,2014/08/30 08:50:40,3.6,470.6
23646,POS消费,地点21,开水,2014/08/30 12:35:40,8.6,462.0
23646,POS消费,地点21,开水,2014/08/30 12:36:12,8.6,453.4
23646,POS消费,地点21,开水,2014/08/30 12:42:13,8.6,444.8
23646,POS消费,地点1884,开水,2014/08/30 19:25:20,0.01,444.79
23646,POS消费,地点1884,开水,2014/08/30 19:25:49,0.01,444.78
23646,POS消费,地点1915,淋浴,2014/08/30 22:13:49,0.5,444.28
23646,POS消费,地点1588,食堂,2014/08/31 07:57:40,2.0,442.28
23646,POS消费,地点1847,食堂,2014/08/31 12:25:22,3.0,428.68
23646,POS消费,地点157,食堂,2014/08/31 12:37:02,10.6,431.68
23646,POS消费,地点21,开水,2014/08/31 12:49:10,4.0,424.68
