23670,卡片开户,,,2014/07/16 10:39:15,0.0,0.0
23670,卡充值,,,2014/08/29 12:53:59,1000.0,1000.0
23670,POS消费,地点21,开水,2014/08/29 13:04:37,8.6,991.4
23670,POS消费,地点21,开水,2014/08/29 13:05:02,8.6,982.8
23670,POS消费,地点87,食堂,2014/08/29 13:06:20,4.0,978.8
23670,POS消费,地点89,食堂,2014/08/30 08:27:42,3.0,975.8
23670,POS消费,地点203,食堂,2014/08/30 11:51:51,5.5,970.3
23670,POS消费,地点233,食堂,2014/08/30 11:51:54,7.6,962.7
23670,POS消费,地点233,食堂,2014/08/30 11:52:13,8.6,954.1
23670,POS消费,地点837,校车,2014/08/30 17:47:05,1.0,953.1
23670,POS消费,地点21,开水,2014/08/30 18:23:43,10.6,942.5
23670,POS消费,地点21,开水,2014/08/31 07:58:22,1.4,941.1
23670,POS消费,地点21,开水,2014/08/31 12:24:03,5.8,935.3
23670,POS消费,地点21,开水,2014/08/31 17:48:51,5.4,928.9
23670,POS消费,地点1451,校车,2014/08/31 17:52:17,1.0,934.3
23670,POS消费,地点188,超市,2014/08/31 19:21:11,32.3,896.6
