23682,卡片开户,,,2014/07/18 11:38:04,0.0,0.0
23682,卡充值,,,2014/08/28 17:48:35,500.0,500.0
23682,POS消费,地点91,校车,2014/08/28 18:21:25,18.0,482.0
23682,POS消费,地点91,校车,2014/08/28 18:27:47,22.3,459.7
23682,POS消费,地点21,开水,2014/08/28 18:28:40,2.0,457.7
23682,POS消费,地点1862,淋浴,2014/08/28 22:04:58,0.2,457.3
23682,POS消费,地点1862,淋浴,2014/08/28 22:06:08,0.2,457.5
23682,POS消费,地点60,食堂,2014/08/29 07:35:42,0.5,456.8
23682,POS消费,地点192,超市,2014/08/29 09:27:48,30.0,426.8
23682,POS消费,地点192,超市,2014/08/29 09:27:53,23.4,403.4
23682,POS消费,地点1616,开水,2014/08/29 14:21:24,0.01,403.39
23682,POS消费,地点188,超市,2014/08/29 16:11:25,16.0,387.39
23682,POS消费,地点230,食堂,2014/08/29 18:16:19,4.5,382.89
23682,POS消费,地点1616,开水,2014/08/29 22:22:38,0.01,382.88
23682,POS消费,地点1862,淋浴,2014/08/29 22:49:53,0.1,382.78
23682,POS消费,地点1862,淋浴,2014/08/29 22:50:53,0.5,382.28
23682,POS消费,地点1862,淋浴,2014/08/29 23:01:37,0.2,382.08
23682,POS消费,地点1912,洗衣房,2014/08/30 09:32:59,1.2,380.88
23682,POS消费,地点1912,洗衣房,2014/08/30 10:14:11,1.2,379.68
23682,POS消费,地点1912,洗衣房,2014/08/30 10:32:46,1.2,378.48
23682,POS消费,地点1912,洗衣房,2014/08/30 10:40:58,-0.78,379.26
23682,POS消费,地点263,食堂,2014/08/30 11:43:06,13.6,365.66
23682,POS消费,地点263,食堂,2014/08/30 11:43:32,9.6,356.06
23682,POS消费,地点192,超市,2014/08/30 12:28:12,7.3,348.76
23682,POS消费,地点1924,淋浴,2014/08/30 22:31:22,0.1,348.66
23682,POS消费,地点1947,淋浴,2014/08/30 22:32:50,0.1,348.56
23682,POS消费,地点1935,开水,2014/08/31 07:32:42,0.12,348.44
23682,POS消费,地点6,淋浴,2014/08/31 08:02:31,6.0,342.44
23682,POS消费,地点1847,食堂,2014/08/31 12:24:24,3.0,329.84
23682,POS消费,地点157,食堂,2014/08/31 12:36:28,9.6,332.84
23682,POS消费,地点21,开水,2014/08/31 17:53:26,6.3,323.54
23682,POS消费,地点118,食堂,2014/08/31 19:17:09,2.9,320.64
23682,POS消费,地点203,食堂,2014/08/31 19:31:19,6.5,314.14
