23694,卡片开户,,,2014/07/19 13:05:37,0.0,0.0
23694,卡充值,,,2014/08/30 12:34:01,500.0,500.0
23694,POS消费,地点232,食堂,2014/08/30 12:44:33,4.0,496.0
23694,POS消费,地点232,食堂,2014/08/30 12:47:51,3.0,493.0
23694,POS消费,地点91,校车,2014/08/30 12:49:42,8.0,485.0
23694,POS消费,地点91,校车,2014/08/30 13:03:12,3.0,482.0
23694,POS消费,地点114,食堂,2014/08/30 13:21:20,2.0,480.0
23694,POS消费,地点232,食堂,2014/08/30 18:45:39,11.0,469.0
23694,POS消费,地点87,食堂,2014/08/31 07:54:55,3.0,466.0
23694,POS消费,地点21,开水,2014/08/31 12:27:04,2.9,463.1
23694,POS消费,地点248,超市,2014/08/31 12:39:20,8.6,454.5
23694,POS消费,地点248,超市,2014/08/31 12:40:46,4.6,449.9
23694,POS消费,地点248,超市,2014/08/31 12:40:51,20.0,429.9
