23700,卡片开户,,,2014/07/19 16:17:06,0.0,0.0
23700,卡充值,,,2014/08/24 15:45:58,1000.0,1000.0
23700,POS消费,地点1588,食堂,2014/08/25 12:43:08,3.9,996.1
23700,POS消费,地点134,食堂,2014/08/25 12:43:49,5.4,990.7
23700,POS消费,地点134,食堂,2014/08/25 12:44:16,5.6,985.1
23700,POS消费,地点806,开水,2014/08/25 15:19:28,0.02,985.08
23700,POS消费,地点69,食堂,2014/08/25 17:28:19,10.6,974.48
23700,POS消费,地点140,开水,2014/08/25 20:59:35,0.01,974.47
23700,POS消费,地点806,开水,2014/08/25 21:01:39,0.02,974.45
23700,POS消费,地点806,开水,2014/08/25 21:50:11,0.01,974.44
23700,POS消费,地点60,食堂,2014/08/26 07:32:34,0.8,972.04
23700,POS消费,地点61,食堂,2014/08/26 07:36:19,1.6,972.84
23700,POS消费,地点1588,食堂,2014/08/26 12:10:04,4.1,967.94
23700,POS消费,地点140,开水,2014/08/26 12:22:56,0.01,967.93
23700,POS消费,地点806,开水,2014/08/26 22:13:15,0.03,967.9
23700,POS消费,地点69,食堂,2014/08/27 07:24:02,2.6,965.3
23700,POS消费,地点89,食堂,2014/08/27 12:21:01,4.5,960.8
23700,POS消费,地点192,超市,2014/08/27 16:31:56,14.5,946.3
23700,POS消费,地点21,开水,2014/08/27 17:49:52,2.7,943.6
23700,POS消费,地点192,超市,2014/08/27 19:11:06,30.0,913.6
23700,POS消费,地点192,超市,2014/08/27 19:11:16,28.3,885.3
23700,POS消费,地点1862,淋浴,2014/08/27 22:12:15,1.8,883.5
23700,POS消费,地点1862,淋浴,2014/08/27 22:30:31,0.1,883.4
23700,POS消费,地点60,食堂,2014/08/28 07:37:58,0.8,880.8
23700,POS消费,地点61,食堂,2014/08/28 07:41:43,1.8,881.6
23700,POS消费,地点314,食堂,2014/08/28 10:11:23,24.5,856.3
23700,POS消费,地点188,超市,2014/08/28 12:39:45,9.0,847.3
23700,POS消费,地点233,食堂,2014/08/28 17:34:22,4.6,842.7
23700,POS消费,地点21,开水,2014/08/28 17:35:55,1.0,841.7
23700,POS消费,地点1895,开水,2014/08/28 22:31:08,0.01,841.69
23700,POS消费,地点87,食堂,2014/08/29 08:16:07,3.0,838.69
23700,POS消费,地点314,食堂,2014/08/29 20:09:28,0.2,838.49
23700,POS消费,地点1949,淋浴,2014/08/29 23:28:07,0.1,838.39
23700,POS消费,地点1862,淋浴,2014/08/29 23:32:10,1.6,836.79
23700,POS消费,地点192,超市,2014/08/30 08:19:56,10.0,826.79
23700,POS消费,地点89,食堂,2014/08/30 18:12:28,4.5,822.29
23700,POS消费,地点21,开水,2014/08/30 18:23:34,3.0,819.29
23700,POS消费,地点21,开水,2014/08/31 07:42:27,3.0,816.29
23700,POS消费,地点91,校车,2014/08/31 07:43:23,0.8,815.49
23700,POS消费,地点21,开水,2014/08/31 11:56:04,4.6,810.89
23700,POS消费,地点21,开水,2014/08/31 12:16:57,2.0,808.89
23700,POS消费,地点1862,淋浴,2014/08/31 12:37:50,1.6,807.29
23700,POS消费,地点188,超市,2014/08/31 21:34:23,14.7,792.59
23700,POS消费,地点188,超市,2014/08/31 21:34:43,0.5,792.09
