23724,卡片开户,,,2014/07/18 11:52:29,0.0,0.0
23724,卡充值,,,2014/08/30 11:51:29,300.0,300.0
23724,POS消费,地点192,超市,2014/08/30 12:44:56,30.0,270.0
23724,POS消费,地点192,超市,2014/08/30 12:44:59,6.5,263.5
23724,POS消费,地点21,开水,2014/08/30 17:37:55,7.6,255.9
23724,POS消费,地点190,超市,2014/08/30 18:24:06,10.0,245.9
23724,POS消费,地点1862,淋浴,2014/08/30 23:41:48,0.5,245.4
23724,POS消费,地点1862,淋浴,2014/08/30 23:49:19,0.1,245.3
23724,POS消费,地点21,开水,2014/08/31 07:41:15,0.6,244.7
23724,POS消费,地点91,校车,2014/08/31 07:42:07,0.8,243.9
23724,POS消费,地点12,文印中心,2014/08/31 11:57:29,5.0,238.9
23724,POS消费,地点1847,食堂,2014/08/31 17:46:00,3.0,235.9
23724,POS消费,地点103,食堂,2014/08/31 18:09:02,4.1,231.8
23724,POS消费,地点190,超市,2014/08/31 21:14:17,11.5,220.3
