23742,POS消费,地点26,图书馆,2014/07/02 18:04:32,0.0,0.0
23742,POS消费,地点26,图书馆,2014/07/02 18:04:32,0.11,1.72
23742,卡片开户,,,2014/07/16 15:00:39,0.0,0.0
23742,卡充值,,,2014/08/29 18:29:34,200.0,200.0
23742,POS消费,地点89,食堂,2014/08/29 18:52:39,4.5,195.5
23742,POS消费,地点192,超市,2014/08/29 20:17:33,19.2,176.3
23742,POS消费,地点124,食堂,2014/08/30 08:41:56,3.0,173.3
23742,POS消费,地点260,食堂,2014/08/30 12:05:56,5.8,167.5
23742,POS消费,地点260,食堂,2014/08/30 12:07:15,5.8,161.7
23742,POS消费,地点65,食堂,2014/08/31 07:52:35,2.0,159.7
23742,POS消费,地点72,食堂,2014/08/31 07:58:41,1.8,157.9
23742,POS消费,地点248,超市,2014/08/31 11:55:49,5.6,152.3
23742,POS消费,地点190,超市,2014/08/31 12:21:40,2.3,150.0
23742,POS消费,地点89,食堂,2014/08/31 18:02:00,4.5,145.5
23742,POS消费,地点21,开水,2014/08/31 18:10:20,11.3,134.2
