23796,卡片开户,,,2014/07/10 15:53:28,0.0,0.0
23796,卡充值,,,2014/08/28 15:59:39,200.0,200.0
23796,POS消费,地点239,食堂,2014/08/28 18:15:40,7.8,192.2
23796,POS消费,地点239,食堂,2014/08/28 18:15:58,0.6,191.6
23796,POS消费,地点239,食堂,2014/08/28 18:16:15,7.7,183.9
23796,POS消费,地点242,食堂,2014/08/28 18:17:37,3.0,180.9
23796,POS消费,地点242,食堂,2014/08/28 18:17:51,3.0,177.9
23796,POS消费,地点87,食堂,2014/08/29 09:11:16,3.0,174.9
23796,POS消费,地点61,食堂,2014/08/29 09:31:40,1.6,173.3
23796,POS消费,地点213,食堂,2014/08/29 11:09:38,0.5,172.8
23796,POS消费,地点213,食堂,2014/08/29 12:48:59,0.6,172.2
23796,POS消费,地点65,食堂,2014/08/29 13:01:10,8.6,163.6
23796,POS消费,地点65,食堂,2014/08/29 13:01:28,8.6,155.0
23796,POS消费,地点161,食堂,2014/08/29 18:15:23,9.6,145.4
23796,POS消费,地点1928,淋浴,2014/08/29 21:12:08,0.6,144.8
23796,POS消费,地点87,食堂,2014/08/30 07:44:22,3.0,141.8
23796,POS消费,地点87,食堂,2014/08/30 07:44:34,3.0,138.8
23796,POS消费,地点91,校车,2014/08/30 12:09:00,5.6,133.2
23796,POS消费,地点91,校车,2014/08/30 12:10:07,3.8,129.4
23796,POS消费,地点91,校车,2014/08/30 12:10:36,6.0,123.4
23796,POS消费,地点91,校车,2014/08/30 12:10:56,2.3,121.1
23796,POS消费,地点134,食堂,2014/08/30 17:46:35,4.6,116.5
23796,POS消费,地点21,开水,2014/08/31 07:52:21,3.4,113.1
23796,POS消费,地点21,开水,2014/08/31 12:10:36,1.0,112.1
23796,POS消费,地点21,开水,2014/08/31 12:16:50,1.12,110.98
23796,POS消费,地点188,超市,2014/08/31 12:51:16,3.6,107.38
23796,POS消费,地点65,食堂,2014/08/31 17:56:24,4.6,102.78
