23792,卡片开户,,,2014/07/16 10:48:11,0.0,0.0
23792,卡充值,,,2014/08/28 17:47:02,300.0,300.0
23792,POS消费,地点262,食堂,2014/08/28 17:55:45,2.6,283.4
23792,POS消费,地点262,食堂,2014/08/28 17:55:48,1.0,282.4
23792,POS消费,地点253,食堂,2014/08/28 18:03:06,10.0,290.0
23792,POS消费,地点253,食堂,2014/08/28 18:04:21,4.0,286.0
23792,POS消费,地点1862,淋浴,2014/08/28 22:12:01,0.3,282.1
23792,POS消费,地点87,食堂,2014/08/29 09:11:20,3.0,279.1
23792,POS消费,地点61,食堂,2014/08/29 09:31:31,1.6,277.5
23792,POS消费,地点65,食堂,2014/08/29 13:00:32,8.6,268.9
23792,POS消费,地点60,食堂,2014/08/29 13:09:32,9.6,259.3
23792,POS消费,地点72,食堂,2014/08/29 18:17:37,9.6,249.7
23792,POS消费,地点1862,淋浴,2014/08/29 21:05:58,0.6,249.1
23792,POS消费,地点87,食堂,2014/08/30 07:44:03,3.0,246.1
23792,POS消费,地点91,校车,2014/08/30 12:07:45,4.9,241.2
23792,POS消费,地点91,校车,2014/08/30 12:08:02,3.0,238.2
23792,POS消费,地点91,校车,2014/08/30 12:08:21,2.8,235.4
23792,POS消费,地点1862,淋浴,2014/08/30 12:54:00,0.2,235.2
23792,POS消费,地点157,食堂,2014/08/30 17:46:09,10.6,224.6
23792,POS消费,地点1862,淋浴,2014/08/30 20:52:43,0.2,224.4
23792,POS消费,地点21,开水,2014/08/31 07:52:07,2.6,221.8
23792,POS消费,地点91,校车,2014/08/31 07:53:24,0.8,221.0
23792,POS消费,地点21,开水,2014/08/31 12:10:09,4.0,217.0
23792,POS消费,地点91,校车,2014/08/31 12:15:54,5.8,211.2
23792,POS消费,地点12,文印中心,2014/08/31 12:17:36,5.0,206.2
23792,POS消费,地点65,食堂,2014/08/31 17:55:56,9.6,196.6
