23818,卡片开户,,,2014/07/19 16:11:42,0.0,0.0
23818,卡充值,,,2014/08/25 10:10:03,500.0,500.0
23818,POS消费,地点21,开水,2014/08/25 17:39:03,1.2,498.8
23818,POS消费,地点21,开水,2014/08/25 17:39:18,1.8,497.0
23818,POS消费,地点65,食堂,2014/08/25 17:42:23,5.1,490.7
23818,POS消费,地点251,食堂,2014/08/25 17:51:53,1.2,495.8
23818,POS消费,地点251,食堂,2014/08/25 17:55:20,1.0,489.7
23818,POS消费,地点806,开水,2014/08/26 06:42:04,0.02,489.68
23818,POS消费,地点65,食堂,2014/08/26 07:14:20,0.8,488.28
23818,POS消费,地点61,食堂,2014/08/26 07:26:24,0.6,489.08
23818,POS消费,地点1409,食堂,2014/08/26 12:11:43,4.6,483.68
23818,POS消费,地点264,食堂,2014/08/26 17:21:33,5.6,478.08
23818,POS消费,地点21,开水,2014/08/26 17:30:09,1.5,476.58
23818,POS消费,地点806,开水,2014/08/27 06:47:16,0.03,476.55
23818,POS消费,地点69,食堂,2014/08/27 07:19:02,2.0,474.55
23818,POS消费,地点222,校车,2014/08/27 12:37:49,1.0,473.55
23818,POS消费,地点1451,校车,2014/08/27 16:06:52,1.0,472.55
23818,POS消费,地点21,开水,2014/08/27 16:12:29,3.0,469.55
23818,POS消费,地点146,校车,2014/08/27 17:38:28,1.0,468.55
23818,POS消费,地点269,食堂,2014/08/29 18:48:00,12.6,455.95
23818,POS消费,地点822,食堂,2014/08/29 18:52:54,0.6,455.35
23818,POS消费,地点204,食堂,2014/08/29 18:54:53,5.5,449.85
23818,POS消费,地点21,开水,2014/08/29 19:13:23,9.0,440.85
23818,POS消费,地点1935,开水,2014/08/29 19:49:04,0.01,440.84
23818,POS消费,地点1616,开水,2014/08/31 07:44:25,0.01,440.83
23818,POS消费,地点21,开水,2014/08/31 08:02:22,2.8,438.03
23818,POS消费,地点21,开水,2014/08/31 12:14:39,3.0,435.03
23818,POS消费,地点243,食堂,2014/08/31 12:22:41,2.0,433.03
23818,POS消费,地点1847,食堂,2014/08/31 12:28:47,2.9,424.53
23818,POS消费,地点234,食堂,2014/08/31 12:35:35,5.6,427.43
23818,POS消费,地点26,图书馆,2014/08/31 12:55:41,28.0,396.53
