23824,POS消费,地点232,食堂,2014/07/02 18:04:32,0.0,0.0
23824,POS消费,地点232,食堂,2014/07/02 18:04:32,0.12,2.12
23824,卡片开户,,,2014/07/10 12:32:51,0.0,0.0
23824,卡充值,,,2014/08/30 14:03:30,300.0,300.0
23824,POS消费,地点21,开水,2014/08/30 14:21:26,22.3,277.7
23824,POS消费,地点118,食堂,2014/08/30 16:44:10,5.5,272.2
23824,POS消费,地点26,图书馆,2014/08/30 17:37:42,98.5,173.7
23824,POS消费,地点127,开水,2014/08/30 18:36:23,0.01,173.69
23824,POS消费,地点190,超市,2014/08/30 19:59:09,20.8,152.89
23824,POS消费,地点192,超市,2014/08/30 20:08:05,3.8,149.09
23824,POS消费,地点1947,淋浴,2014/08/30 20:51:04,0.1,148.99
23824,POS消费,地点1862,淋浴,2014/08/30 21:56:09,1.9,147.09
23824,POS消费,地点1935,开水,2014/08/31 07:35:30,0.03,147.06
23824,POS消费,地点203,食堂,2014/08/31 10:26:57,9.0,138.06
23824,POS消费,地点1935,开水,2014/08/31 11:52:02,0.03,138.03
23824,POS消费,地点283,食堂,2014/08/31 18:04:02,1.6,136.43
23824,POS消费,地点822,食堂,2014/08/31 18:04:34,10.0,126.43
23824,POS消费,地点182,食堂,2014/08/31 18:07:36,1.0,125.43
23824,POS消费,地点21,开水,2014/08/31 18:23:33,15.8,109.63
23824,POS消费,地点1928,淋浴,2014/08/31 18:44:19,1.7,107.93
