23866,卡片开户,,,2014/07/19 11:31:02,0.0,0.0
23866,卡充值,,,2014/08/29 11:14:11,600.0,600.0
23866,POS消费,地点1588,食堂,2014/08/29 12:11:02,7.4,592.6
23866,POS消费,地点1588,食堂,2014/08/29 12:11:22,5.3,587.3
23866,POS消费,地点1588,食堂,2014/08/29 12:11:41,5.3,582.0
23866,POS消费,地点1588,食堂,2014/08/29 12:11:58,7.6,574.4
23866,POS消费,地点1927,洗衣房,2014/08/29 15:13:46,1.2,573.2
23866,POS消费,地点1927,洗衣房,2014/08/29 15:16:43,1.2,572.0
23866,POS消费,地点1927,洗衣房,2014/08/29 15:30:47,1.2,570.8
23866,POS消费,地点91,校车,2014/08/29 18:33:59,3.0,557.8
23866,POS消费,地点232,食堂,2014/08/29 18:37:16,10.0,560.8
23866,POS消费,地点188,超市,2014/08/29 21:39:15,4.5,553.3
23866,POS消费,地点1862,淋浴,2014/08/29 22:13:52,0.4,552.9
23866,POS消费,地点124,食堂,2014/08/30 08:55:13,3.0,549.9
23866,POS消费,地点134,食堂,2014/08/30 09:15:01,0.8,549.1
23866,POS消费,地点21,开水,2014/08/30 17:52:09,0.7,548.4
23866,POS消费,地点972,食堂,2014/08/30 18:10:10,4.0,544.4
23866,POS消费,地点1935,开水,2014/08/30 20:59:24,0.04,544.36
23866,POS消费,地点1935,开水,2014/08/30 21:04:44,0.16,544.2
23866,POS消费,地点184,食堂,2014/08/31 08:21:40,5.3,538.9
23866,POS消费,地点244,食堂,2014/08/31 11:22:41,7.6,531.3
23866,POS消费,地点292,超市,2014/08/31 11:49:57,20.9,510.4
23866,POS消费,地点1862,淋浴,2014/08/31 23:49:14,0.9,509.5
