23878,卡片开户,,,2014/07/18 11:49:17,0.0,0.0
23878,卡充值,,,2014/08/29 15:58:34,500.0,500.0
23878,POS消费,地点61,食堂,2014/08/30 08:27:48,2.15,497.85
23878,POS消费,地点65,食堂,2014/08/30 11:46:06,8.6,489.25
23878,POS消费,地点211,校车,2014/08/30 13:25:32,1.0,488.25
23878,POS消费,地点249,食堂,2014/08/30 17:55:41,10.6,477.65
23878,POS消费,地点1847,食堂,2014/08/30 17:57:40,1.5,476.15
23878,POS消费,地点314,食堂,2014/08/30 18:06:19,28.0,448.15
23878,POS消费,地点1862,淋浴,2014/08/30 21:14:02,0.7,447.45
23878,POS消费,地点1898,洗衣房,2014/08/30 21:20:01,1.2,446.25
23878,POS消费,地点1898,洗衣房,2014/08/30 21:40:02,1.2,445.05
23878,POS消费,地点89,食堂,2014/08/31 08:02:06,3.0,442.05
23878,POS消费,地点89,食堂,2014/08/31 08:03:58,3.0,439.05
23878,POS消费,地点69,食堂,2014/08/31 11:20:21,10.6,428.45
23878,POS消费,地点69,食堂,2014/08/31 11:20:44,9.6,418.85
23878,POS消费,地点243,食堂,2014/08/31 11:35:36,3.8,415.05
23878,POS消费,地点1862,淋浴,2014/08/31 20:40:32,0.6,414.45
