23904,卡片开户,,,2014/07/19 15:35:55,0.0,0.0
23904,卡充值,,,2014/08/28 12:16:38,300.0,300.0
23904,POS消费,地点218,食堂,2014/08/28 12:19:12,1.0,299.0
23904,POS消费,地点72,食堂,2014/08/28 12:24:43,6.8,292.2
23904,POS消费,地点72,食堂,2014/08/28 12:24:59,6.8,285.4
23904,POS消费,地点192,超市,2014/08/28 12:51:59,5.2,280.2
23904,POS消费,地点1853,开水,2014/08/28 13:01:36,0.01,280.18
23904,POS消费,地点21,开水,2014/08/28 16:20:03,19.6,260.58
23904,POS消费,地点65,食堂,2014/08/28 17:19:08,14.6,245.97
23904,POS消费,地点65,食堂,2014/08/28 17:19:44,9.0,236.97
23904,POS消费,地点65,食堂,2014/08/28 17:20:06,6.8,230.17
23904,POS消费,地点192,超市,2014/08/28 17:47:25,16.0,214.17
23904,POS消费,地点222,校车,2014/08/29 09:44:45,1.0,213.17
23904,POS消费,地点1472,校车,2014/08/29 12:58:19,1.0,212.17
23904,POS消费,地点222,校车,2014/08/29 13:45:52,1.0,211.17
23904,POS消费,地点837,校车,2014/08/29 17:29:56,1.0,210.17
23904,POS消费,地点1928,淋浴,2014/08/29 19:56:49,0.2,209.87
23904,POS消费,地点1928,淋浴,2014/08/29 19:58:00,0.1,210.07
23904,POS消费,地点192,超市,2014/08/30 08:31:21,2.0,207.87
23904,POS消费,地点314,食堂,2014/08/30 09:14:24,28.0,179.87
23904,POS消费,地点1472,校车,2014/08/30 10:25:32,1.0,178.87
23904,POS消费,地点21,开水,2014/08/30 18:03:57,18.7,160.17
23904,POS消费,地点1616,开水,2014/08/30 22:06:49,0.01,160.16
23904,POS消费,地点161,食堂,2014/08/31 07:34:34,0.8,159.36
23904,POS消费,地点114,食堂,2014/08/31 07:42:02,2.0,157.36
23904,POS消费,地点243,食堂,2014/08/31 11:17:30,1.0,156.36
23904,POS消费,地点243,食堂,2014/08/31 11:17:33,1.0,155.36
23904,POS消费,地点72,食堂,2014/08/31 11:21:33,4.6,150.76
23904,POS消费,地点1616,开水,2014/08/31 11:39:15,0.01,150.75
23904,POS消费,地点1949,淋浴,2014/08/31 19:55:19,0.1,150.65
23904,POS消费,地点1949,淋浴,2014/08/31 19:55:39,0.1,150.45
23904,POS消费,地点1949,淋浴,2014/08/31 19:56:17,0.1,150.55
23904,POS消费,地点1928,淋浴,2014/08/31 20:01:33,0.2,150.25
23904,POS消费,地点1927,洗衣房,2014/08/31 20:22:35,1.2,149.05
23904,POS消费,地点1927,洗衣房,2014/08/31 21:24:52,1.2,147.85
23904,POS消费,地点1935,开水,2014/08/31 21:48:11,0.01,147.84
23904,POS消费,地点1895,开水,2014/08/31 22:27:41,0.01,147.83
