23932,卡片开户,,,2014/07/16 11:36:10,0.0,0.0
23932,卡充值,,,2014/08/29 14:29:40,500.0,500.0
23932,POS消费,地点816,校车,2014/08/29 19:04:45,1.0,499.0
23932,POS消费,地点1918,淋浴,2014/08/29 23:00:38,0.6,498.4
23932,POS消费,地点1912,洗衣房,2014/08/29 23:22:45,1.2,497.2
23932,POS消费,地点21,开水,2014/08/30 17:40:47,5.0,487.0
23932,POS消费,地点92,食堂,2014/08/30 17:53:44,5.2,492.0
23932,POS消费,地点1596,食堂,2014/08/30 17:59:56,4.0,477.4
23932,POS消费,地点972,食堂,2014/08/30 18:00:01,5.6,481.4
23932,POS消费,地点21,开水,2014/08/30 18:00:10,1.2,476.2
23932,POS消费,地点1616,开水,2014/08/30 21:53:12,0.01,476.19
23932,POS消费,地点1915,淋浴,2014/08/30 22:45:24,0.8,475.39
23932,POS消费,地点21,开水,2014/08/31 07:58:39,1.0,474.39
23932,POS消费,地点21,开水,2014/08/31 07:59:08,1.5,472.89
23932,POS消费,地点91,校车,2014/08/31 08:00:02,0.8,472.09
23932,POS消费,地点91,校车,2014/08/31 08:00:11,0.5,472.39
23932,POS消费,地点21,开水,2014/08/31 08:01:03,0.2,472.19
23932,POS消费,地点232,食堂,2014/08/31 11:50:17,7.6,464.59
23932,POS消费,地点232,食堂,2014/08/31 12:01:08,3.5,461.09
23932,POS消费,地点213,食堂,2014/08/31 16:35:13,2.5,458.59
23932,POS消费,地点1918,淋浴,2014/08/31 21:41:39,0.7,457.89
23932,POS消费,地点1616,开水,2014/08/31 22:42:22,0.01,457.88
