23958,卡片开户,,,2014/07/19 13:14:37,0.0,0.0
23958,卡充值,,,2014/08/29 15:58:11,200.0,200.0
23958,POS消费,地点1472,校车,2014/08/29 18:04:41,1.0,199.0
23958,POS消费,地点1927,洗衣房,2014/08/29 22:56:02,1.2,196.6
23958,POS消费,地点1898,洗衣房,2014/08/29 23:05:16,1.2,197.8
23958,POS消费,地点816,校车,2014/08/30 18:20:06,1.0,195.6
23958,POS消费,地点314,食堂,2014/08/30 21:24:03,30.0,165.6
23958,POS消费,地点314,食堂,2014/08/30 21:24:09,2.0,163.6
23958,POS消费,地点1935,开水,2014/08/31 07:19:45,0.14,163.46
23958,POS消费,地点1898,洗衣房,2014/08/31 07:28:26,1.2,162.26
23958,POS消费,地点1898,洗衣房,2014/08/31 07:32:00,-1.08,163.34
23958,POS消费,地点91,校车,2014/08/31 08:03:55,4.1,159.24
23958,POS消费,地点91,校车,2014/08/31 08:04:25,0.8,158.44
23958,POS消费,地点1847,食堂,2014/08/31 11:57:33,3.0,155.44
23958,POS消费,地点124,食堂,2014/08/31 12:04:11,4.5,150.94
23958,POS消费,地点188,超市,2014/08/31 12:36:13,0.9,150.04
23958,POS消费,地点203,食堂,2014/08/31 18:56:58,6.5,143.54
23958,POS消费,地点314,食堂,2014/08/31 19:45:12,3.5,140.04
23958,POS消费,地点1949,淋浴,2014/08/31 20:39:45,0.1,139.94
23958,POS消费,地点1949,淋浴,2014/08/31 20:41:36,0.1,139.84
23958,POS消费,地点1947,淋浴,2014/08/31 20:47:56,0.1,139.64
23958,POS消费,地点1947,淋浴,2014/08/31 20:48:02,0.5,139.14
23958,POS消费,地点1947,淋浴,2014/08/31 20:49:35,0.1,139.74
