24000,卡片开户,,,2014/07/10 14:31:23,0.0,0.0
24000,卡充值,,,2014/08/17 15:47:24,500.0,500.0
24000,POS消费,地点264,食堂,2014/08/18 11:50:57,15.6,484.4
24000,POS消费,地点264,食堂,2014/08/18 11:51:33,15.6,468.8
24000,POS消费,地点264,食堂,2014/08/18 11:51:55,15.6,453.2
24000,POS消费,地点21,开水,2014/08/18 11:54:32,1.0,448.0
24000,POS消费,地点21,开水,2014/08/18 11:54:48,3.6,444.4
24000,POS消费,地点157,食堂,2014/08/18 12:05:49,1.2,452.0
24000,POS消费,地点124,食堂,2014/08/18 12:06:18,3.0,449.0
24000,POS消费,地点124,食堂,2014/08/18 12:16:39,3.0,441.4
24000,POS消费,地点21,开水,2014/08/18 12:30:24,30.0,411.4
24000,POS消费,地点21,开水,2014/08/18 12:30:54,26.8,384.6
24000,POS消费,地点21,开水,2014/08/18 13:40:09,6.0,378.6
24000,POS消费,地点21,开水,2014/08/18 16:58:53,3.0,375.6
24000,POS消费,地点21,开水,2014/08/18 19:51:27,25.9,349.7
24000,POS消费,地点89,食堂,2014/08/19 12:06:06,4.5,345.2
24000,POS消费,地点237,食堂,2014/08/19 17:29:19,2.4,342.8
24000,POS消费,地点1700,食堂,2014/08/19 17:37:32,8.2,334.6
24000,POS消费,地点89,食堂,2014/08/20 18:28:32,4.5,330.1
24000,POS消费,地点60,食堂,2014/08/20 18:30:15,9.6,320.5
24000,POS消费,地点65,食堂,2014/08/21 07:02:30,0.8,319.1
24000,POS消费,地点184,食堂,2014/08/21 12:01:40,5.1,314.0
24000,POS消费,地点1700,食堂,2014/08/21 12:05:32,2.6,311.4
24000,POS消费,地点87,食堂,2014/08/21 17:28:04,4.4,307.0
24000,POS消费,地点87,食堂,2014/08/21 17:28:17,4.6,302.4
24000,POS消费,地点21,开水,2014/08/21 18:07:02,11.1,291.3
24000,POS消费,地点14,淋浴,2014/08/22 20:46:46,0.6,319.9
