24038,卡片开户,,,2014/07/21 10:00:28,0.0,0.0
24038,卡充值,,,2014/08/10 11:22:45,200.0,200.0
24038,POS消费,地点21,开水,2014/08/10 11:46:36,30.0,170.0
24038,POS消费,地点21,开水,2014/08/10 11:46:40,30.0,140.0
24038,POS消费,地点21,开水,2014/08/10 11:46:43,30.0,110.0
24038,POS消费,地点21,开水,2014/08/10 11:46:47,9.1,100.9
24038,POS消费,地点60,食堂,2014/08/10 12:03:33,4.2,82.3
24038,POS消费,地点61,食堂,2014/08/10 12:08:30,5.2,95.7
24038,POS消费,地点61,食堂,2014/08/10 12:08:34,4.6,91.1
24038,POS消费,地点61,食堂,2014/08/10 12:08:50,4.6,86.5
24038,卡充值,,,2014/08/10 12:38:40,1000.0,1082.3
24038,POS消费,地点21,开水,2014/08/10 13:14:08,7.8,1074.5
24038,POS消费,地点896,洗衣房,2014/08/10 16:51:10,1.2,1073.3
24038,POS消费,地点134,食堂,2014/08/10 18:34:20,9.6,1063.7
24038,POS消费,地点188,超市,2014/08/10 18:48:48,5.0,1058.7
24038,POS消费,地点188,超市,2014/08/10 19:16:19,5.0,1053.7
24038,POS消费,地点732,淋浴,2014/08/10 22:35:52,0.6,1053.1
24038,POS消费,地点61,食堂,2014/08/11 08:37:21,2.4,1050.7
24038,POS消费,地点157,食堂,2014/08/11 11:48:30,10.6,1040.1
24038,POS消费,地点21,开水,2014/08/11 11:52:56,1.0,1039.1
24038,POS消费,地点21,开水,2014/08/11 12:02:32,30.0,1009.1
24038,POS消费,地点21,开水,2014/08/11 12:02:35,16.0,993.1
24038,POS消费,地点213,食堂,2014/08/11 16:25:51,15.0,978.1
24038,POS消费,地点21,开水,2014/08/11 19:16:20,2.4,975.7
24038,POS消费,地点732,淋浴,2014/08/11 22:06:27,0.8,974.9
24038,POS消费,地点161,食堂,2014/08/12 08:22:15,3.2,971.7
24038,POS消费,地点1596,食堂,2014/08/12 12:43:15,8.6,963.1
24038,POS消费,地点157,食堂,2014/08/12 17:51:29,10.6,952.5
24038,POS消费,地点179,食堂,2014/08/13 08:44:38,1.3,951.2
24038,POS消费,地点21,开水,2014/08/13 12:08:20,2.0,941.6
24038,POS消费,地点234,食堂,2014/08/13 12:13:59,7.6,943.6
24038,POS消费,地点134,食堂,2014/08/13 17:52:00,8.6,933.0
24038,POS消费,地点91,校车,2014/08/14 08:35:35,3.1,929.9
24038,POS消费,地点1596,食堂,2014/08/14 11:44:33,9.1,920.8
24038,POS消费,地点134,食堂,2014/08/14 18:20:26,8.6,912.2
24038,POS消费,地点722,淋浴,2014/08/14 22:07:15,0.2,912.0
24038,POS消费,地点103,食堂,2014/08/15 08:42:32,3.1,908.9
24038,POS消费,地点72,食堂,2014/08/15 18:00:03,5.1,903.8
24038,POS消费,地点21,开水,2014/08/15 18:24:53,3.0,900.8
24038,POS消费,地点188,超市,2014/08/16 13:17:14,8.7,892.1
24038,POS消费,地点188,超市,2014/08/16 13:37:59,6.5,885.6
24038,POS消费,地点72,食堂,2014/08/16 17:57:26,4.6,881.0
24038,POS消费,地点251,食堂,2014/08/16 18:11:12,3.0,878.0
24038,POS消费,地点734,淋浴,2014/08/16 22:03:40,1.2,876.8
24038,POS消费,地点1588,食堂,2014/08/17 08:47:59,3.1,873.7
24038,POS消费,地点21,开水,2014/08/17 11:52:10,1.0,868.1
24038,POS消费,地点134,食堂,2014/08/17 11:57:29,4.6,869.1
24038,POS消费,地点21,开水,2014/08/17 17:53:35,1.0,862.5
24038,POS消费,地点1596,食堂,2014/08/17 17:56:15,4.6,863.5
24038,POS消费,地点8,淋浴,2014/08/17 20:28:11,1.2,861.3
24038,POS消费,地点1113,开水,2014/08/17 21:28:53,0.01,861.29
24038,POS消费,地点91,校车,2014/08/18 08:26:53,2.5,858.79
24038,POS消费,地点1588,食堂,2014/08/18 12:18:42,7.6,851.19
24038,POS消费,地点1596,食堂,2014/08/18 17:25:13,4.6,846.59
24038,POS消费,地点249,食堂,2014/08/18 17:36:30,4.5,842.09
24038,POS消费,地点21,开水,2014/08/18 20:36:27,2.8,839.29
24038,POS消费,地点1669,淋浴,2014/08/18 20:48:01,1.3,837.99
24038,POS消费,地点179,食堂,2014/08/19 08:37:41,3.1,834.89
24038,POS消费,地点72,食堂,2014/08/19 12:39:49,4.6,830.29
24038,POS消费,地点188,超市,2014/08/19 13:00:14,6.7,823.59
24038,POS消费,地点1669,淋浴,2014/08/19 23:02:29,1.0,822.59
24038,POS消费,地点179,食堂,2014/08/20 08:49:53,3.1,819.49
24038,POS消费,地点1847,食堂,2014/08/20 12:09:51,1.0,810.89
24038,POS消费,地点1588,食堂,2014/08/20 12:12:33,7.6,811.89
24038,POS消费,地点1588,食堂,2014/08/20 18:17:16,7.6,803.29
24038,POS消费,地点1409,食堂,2014/08/21 08:48:40,3.1,798.99
24038,POS消费,地点1409,食堂,2014/08/21 08:49:03,3.0,795.99
24038,POS消费,地点1588,食堂,2014/08/21 12:23:27,7.6,788.39
24038,POS消费,地点1847,食堂,2014/08/21 12:24:08,4.5,783.89
24038,POS消费,地点179,食堂,2014/08/21 17:33:26,8.1,775.79
24038,POS消费,地点21,开水,2014/08/22 08:32:51,3.1,771.49
24038,POS消费,地点234,食堂,2014/08/22 11:59:37,6.6,764.89
24038,POS消费,地点234,食堂,2014/08/22 18:14:21,6.6,758.29
24038,POS消费,地点192,超市,2014/08/22 18:30:35,7.2,751.09
24038,POS消费,地点11,淋浴,2014/08/22 20:45:12,1.2,802.09
24038,POS消费,地点1669,淋浴,2014/08/22 20:50:47,1.2,774.59
24038,POS消费,地点1588,食堂,2014/08/23 07:38:47,2.15,748.94
24038,POS消费,地点103,食堂,2014/08/23 07:40:38,0.8,748.14
24038,POS消费,地点192,超市,2014/08/27 14:54:30,2.7,745.44
24038,POS消费,地点188,超市,2014/08/27 16:20:08,14.3,731.14
24038,POS消费,地点192,超市,2014/08/27 17:12:09,5.0,726.14
24038,POS消费,地点21,开水,2014/08/27 18:13:08,3.9,722.24
24038,POS消费,地点21,开水,2014/08/27 18:41:33,3.0,719.24
24038,POS消费,地点146,校车,2014/08/27 19:24:43,1.0,718.24
24038,POS消费,地点1862,淋浴,2014/08/28 00:22:26,1.2,717.04
24038,POS消费,地点21,开水,2014/08/28 08:22:37,10.9,706.14
24038,POS消费,地点21,开水,2014/08/28 08:28:39,3.1,703.04
24038,POS消费,地点21,开水,2014/08/28 08:28:59,3.1,699.94
24038,POS消费,地点27,教务处,2014/08/28 10:57:19,10.0,689.94
24038,POS消费,地点1924,淋浴,2014/08/28 22:40:27,0.1,689.84
24038,POS消费,地点1928,淋浴,2014/08/28 22:43:19,1.2,688.54
24038,POS消费,地点1924,淋浴,2014/08/28 22:44:48,0.1,689.74
24038,POS消费,地点21,开水,2014/08/29 08:19:15,2.6,685.94
24038,POS消费,地点179,食堂,2014/08/29 08:35:28,1.8,684.14
24038,POS消费,地点188,超市,2014/08/29 10:39:35,16.9,667.24
24038,POS消费,地点1847,食堂,2014/08/29 12:31:14,3.0,659.64
24038,POS消费,地点1847,食堂,2014/08/29 12:31:56,1.0,658.64
24038,POS消费,地点134,食堂,2014/08/29 12:40:51,4.6,662.64
24038,POS消费,地点26,图书馆,2014/08/29 14:07:36,28.0,630.64
24038,POS消费,地点1947,淋浴,2014/08/29 22:59:18,0.2,629.44
24038,POS消费,地点1947,淋浴,2014/08/29 23:01:14,0.9,629.74
24038,POS消费,地点1947,淋浴,2014/08/29 23:02:31,0.1,629.64
24038,POS消费,地点1588,食堂,2014/08/30 09:26:13,4.4,625.04
24038,POS消费,地点21,开水,2014/08/30 11:52:44,1.8,623.24
24038,POS消费,地点1947,淋浴,2014/08/30 21:38:29,0.1,623.14
24038,POS消费,地点1588,食堂,2014/08/31 07:53:17,3.8,619.34
24038,POS消费,地点1847,食堂,2014/08/31 12:13:03,6.0,613.34
24038,POS消费,地点234,食堂,2014/08/31 12:27:11,10.5,602.84
24038,POS消费,地点21,开水,2014/08/31 12:34:17,3.0,599.84
24038,POS消费,地点271,校医院,2014/08/31 18:30:37,19.0,580.84
24038,POS消费,地点1904,淋浴,2014/08/31 23:38:15,0.7,580.14
24038,POS消费,地点1915,淋浴,2014/08/31 23:51:37,1.2,578.94
