24084,卡片开户,,,2014/07/18 11:49:29,0.0,0.0
24084,卡充值,,,2014/08/28 09:16:15,100.0,100.0
24084,卡充值,,,2014/08/28 09:30:37,100.0,200.0
24084,POS消费,地点188,超市,2014/08/28 09:31:54,100.0,100.0
24084,POS消费,地点188,超市,2014/08/28 09:32:25,47.5,52.5
24084,POS消费,地点188,超市,2014/08/29 22:02:46,3.5,49.0
24084,POS消费,地点1616,开水,2014/08/29 22:18:45,0.01,48.99
24084,POS消费,地点1616,开水,2014/08/29 22:35:39,0.01,48.98
24084,POS消费,地点188,超市,2014/08/30 16:49:01,12.0,36.98
24084,POS消费,地点248,超市,2014/08/30 18:05:09,4.6,32.38
24084,POS消费,地点1935,开水,2014/08/30 21:10:06,0.12,32.26
24084,POS消费,地点89,食堂,2014/08/31 07:47:54,3.0,29.26
24084,POS消费,地点89,食堂,2014/08/31 07:58:27,1.0,28.26
24084,POS消费,地点243,食堂,2014/08/31 12:16:52,1.0,21.66
24084,POS消费,地点21,开水,2014/08/31 12:27:15,5.6,22.66
24084,POS消费,地点168,食堂,2014/08/31 17:56:01,5.5,16.16
24084,POS消费,地点1616,开水,2014/08/31 20:10:28,0.01,16.15
24084,POS消费,地点1616,开水,2014/08/31 20:12:20,0.01,16.14
