24104,卡片开户,,,2014/07/17 16:17:26,0.0,0.0
24104,卡充值,,,2014/08/28 16:19:52,200.0,200.0
24104,POS消费,地点232,食堂,2014/08/29 11:37:24,10.0,190.0
24104,POS消费,地点21,开水,2014/08/29 12:52:41,2.8,187.2
24104,POS消费,地点314,食堂,2014/08/29 17:19:17,28.0,159.2
24104,POS消费,地点161,食堂,2014/08/29 17:42:28,0.4,153.8
24104,POS消费,地点227,食堂,2014/08/29 17:49:08,5.0,154.2
24104,POS消费,地点188,超市,2014/08/29 18:09:17,9.0,144.8
24104,POS消费,地点1949,淋浴,2014/08/29 20:13:55,0.1,144.7
24104,POS消费,地点1949,淋浴,2014/08/29 20:15:13,0.1,144.6
24104,POS消费,地点1949,淋浴,2014/08/29 20:22:50,0.1,144.5
24104,POS消费,地点134,食堂,2014/08/30 08:49:38,0.8,143.7
24104,POS消费,地点161,食堂,2014/08/30 11:46:15,6.2,137.5
24104,POS消费,地点228,食堂,2014/08/30 17:17:47,6.0,131.5
24104,POS消费,地点231,食堂,2014/08/30 17:32:23,0.6,130.9
24104,POS消费,地点192,超市,2014/08/30 18:05:41,26.2,104.7
24104,POS消费,地点1935,开水,2014/08/30 18:59:10,0.09,104.61
24104,POS消费,地点65,食堂,2014/08/31 07:54:08,1.4,103.21
24104,POS消费,地点218,食堂,2014/08/31 11:49:45,3.0,100.21
24104,POS消费,地点91,校车,2014/08/31 11:54:12,8.0,92.21
24104,POS消费,地点192,超市,2014/08/31 13:55:04,0.9,91.31
24104,POS消费,地点91,校车,2014/08/31 17:50:18,15.4,75.91
24104,POS消费,地点1847,食堂,2014/08/31 18:11:41,1.0,74.91
24104,POS消费,地点1616,开水,2014/08/31 23:01:59,0.01,74.9
24104,POS消费,地点1862,淋浴,2014/08/31 23:10:47,0.1,74.6
24104,POS消费,地点1928,淋浴,2014/08/31 23:10:52,0.1,74.7
24104,POS消费,地点1949,淋浴,2014/08/31 23:11:32,0.1,74.8
24104,POS消费,地点1928,淋浴,2014/08/31 23:19:12,0.7,73.9
