24114,卡片开户,,,2014/07/16 11:49:42,0.0,0.0
24114,卡充值,,,2014/08/27 17:58:51,400.0,400.0
24114,POS消费,地点21,开水,2014/08/27 18:16:30,100.0,300.0
24114,POS消费,地点21,开水,2014/08/27 18:16:46,100.0,200.0
24114,POS消费,地点21,开水,2014/08/27 18:16:56,29.1,170.9
24114,POS消费,地点72,食堂,2014/08/28 07:53:07,1.6,169.3
24114,POS消费,地点65,食堂,2014/08/28 07:55:59,0.6,168.7
24114,POS消费,地点195,超市,2014/08/28 16:53:47,3.9,164.8
24114,POS消费,地点59,食堂,2014/08/28 17:57:10,3.4,161.4
24114,卡充值,,,2014/08/28 18:15:38,1000.0,1161.4
24114,POS消费,地点188,超市,2014/08/28 18:21:16,24.0,1137.4
24114,POS消费,地点65,食堂,2014/08/29 11:27:26,10.6,1126.8
24114,POS消费,地点188,超市,2014/08/29 11:55:37,38.5,1088.3
24114,POS消费,地点72,食堂,2014/08/29 18:18:25,0.1,1088.2
24114,POS消费,地点72,食堂,2014/08/29 18:18:31,5.0,1083.2
24114,POS消费,地点192,超市,2014/08/29 19:49:49,5.1,1078.1
24114,POS消费,地点65,食堂,2014/08/30 11:23:01,5.6,1072.5
24114,POS消费,地点195,超市,2014/08/30 19:58:45,2.55,1069.95
24114,POS消费,地点195,超市,2014/08/30 19:58:51,-2.55,1072.5
24114,POS消费,地点195,超市,2014/08/30 19:58:55,2.5,1070.0
24114,POS消费,地点195,超市,2014/08/30 20:01:11,10.0,1060.0
24114,POS消费,地点65,食堂,2014/08/31 07:57:26,0.8,1059.2
24114,POS消费,地点65,食堂,2014/08/31 08:00:19,1.6,1057.6
24114,POS消费,地点218,食堂,2014/08/31 11:59:04,2.9,1054.7
24114,POS消费,地点232,食堂,2014/08/31 12:09:05,10.0,1044.7
24114,POS消费,地点218,食堂,2014/08/31 12:29:34,3.0,1041.7
24114,POS消费,地点195,超市,2014/08/31 21:18:17,17.6,1024.1
