24164,卡片开户,,,2014/07/12 10:56:07,0.0,0.0
24164,卡充值,,,2014/08/28 18:08:11,300.0,300.0
24164,POS消费,地点188,超市,2014/08/28 20:37:56,9.0,291.0
24164,POS消费,地点69,食堂,2014/08/29 07:18:44,12.2,278.8
24164,POS消费,地点65,食堂,2014/08/29 07:20:08,2.4,276.4
24164,POS消费,地点26,图书馆,2014/08/29 08:31:33,18.3,258.1
24164,POS消费,地点168,食堂,2014/08/29 11:45:20,16.5,241.6
24164,POS消费,地点182,食堂,2014/08/29 11:51:54,4.0,237.6
24164,POS消费,地点168,食堂,2014/08/29 19:07:47,11.0,226.6
24164,POS消费,地点69,食堂,2014/08/30 07:54:19,2.6,224.0
24164,POS消费,地点82,食堂,2014/08/30 12:08:58,5.6,218.4
24164,POS消费,地点82,食堂,2014/08/30 12:09:14,6.3,212.1
24164,POS消费,地点82,食堂,2014/08/30 12:09:35,5.1,207.0
24164,POS消费,地点192,超市,2014/08/30 21:19:02,8.0,199.0
24164,POS消费,地点69,食堂,2014/08/31 08:58:30,1.8,197.2
24164,POS消费,地点60,食堂,2014/08/31 09:08:38,0.5,196.7
24164,POS消费,地点314,食堂,2014/08/31 09:20:08,28.0,168.7
24164,POS消费,地点283,食堂,2014/08/31 11:50:28,5.5,163.2
24164,POS消费,地点1614,开水,2014/08/31 12:34:16,0.11,163.09
24164,POS消费,地点21,开水,2014/08/31 18:57:51,10.0,153.09
24164,POS消费,地点1614,开水,2014/08/31 23:52:58,0.02,153.07
24164,POS消费,地点1614,开水,2014/08/31 23:54:14,0.01,153.06
