24190,卡片开户,,,2014/07/16 15:12:59,0.0,0.0
24190,卡充值,,,2014/08/29 18:58:41,400.0,400.0
24190,POS消费,地点192,超市,2014/08/29 20:22:17,3.8,396.2
24190,POS消费,地点192,超市,2014/08/29 20:23:42,11.0,385.2
24190,POS消费,地点114,食堂,2014/08/30 08:56:05,2.0,379.6
24190,POS消费,地点61,食堂,2014/08/30 09:03:00,3.6,381.6
24190,POS消费,地点1961,超市,2014/08/30 10:15:14,28.0,351.6
24190,POS消费,地点1634,开水,2014/08/30 12:08:06,0.01,351.59
24190,POS消费,地点188,超市,2014/08/30 12:36:56,54.9,296.69
24190,POS消费,地点21,开水,2014/08/30 17:56:59,12.1,284.59
24190,POS消费,地点188,超市,2014/08/31 08:27:22,30.0,254.59
24190,POS消费,地点188,超市,2014/08/31 08:27:25,6.0,248.59
24190,POS消费,地点1634,开水,2014/08/31 09:18:55,0.01,248.58
24190,POS消费,地点232,食堂,2014/08/31 10:57:01,10.0,238.58
24190,POS消费,地点21,开水,2014/08/31 10:58:06,3.0,235.58
24190,POS消费,地点213,食堂,2014/08/31 11:38:46,0.4,235.18
24190,POS消费,地点91,校车,2014/08/31 16:43:44,5.2,229.98
24190,POS消费,地点21,开水,2014/08/31 16:44:21,1.0,228.98
24190,POS消费,地点91,校车,2014/08/31 16:44:59,4.2,224.78
