24218,卡片开户,,,2014/07/22 11:01:38,0.0,0.0
24218,卡充值,,,2014/08/28 10:02:52,1000.0,1000.0
24218,POS消费,地点168,食堂,2014/08/28 10:14:40,10.0,990.0
24218,POS消费,地点168,食堂,2014/08/28 10:14:53,4.5,985.5
24218,POS消费,地点192,超市,2014/08/28 11:55:13,4.0,981.5
24218,POS消费,地点1614,开水,2014/08/28 16:07:29,0.01,981.49
24218,POS消费,地点1634,开水,2014/08/28 16:09:29,0.01,981.48
24218,POS消费,地点168,食堂,2014/08/28 17:56:50,6.5,974.98
24218,POS消费,地点168,食堂,2014/08/28 17:56:57,10.0,964.98
24218,POS消费,地点168,食堂,2014/08/29 10:44:37,6.5,958.48
24218,POS消费,地点168,食堂,2014/08/29 10:44:59,6.5,951.98
24218,POS消费,地点88,食堂,2014/08/29 10:46:00,9.1,942.88
24218,POS消费,地点1634,开水,2014/08/30 11:23:19,0.01,942.87
24218,POS消费,地点21,开水,2014/08/30 12:38:25,1.72,941.15
24218,POS消费,地点21,开水,2014/08/30 12:38:33,17.2,923.95
24218,POS消费,地点21,开水,2014/08/30 12:38:47,8.6,915.35
24218,POS消费,地点21,开水,2014/08/30 18:43:41,6.0,909.35
24218,POS消费,地点1961,超市,2014/08/30 20:26:54,1.2,908.15
24218,POS消费,地点6,淋浴,2014/08/30 21:45:59,0.8,907.35
24218,POS消费,地点1634,开水,2014/08/30 22:54:43,0.01,907.34
24218,POS消费,地点184,食堂,2014/08/31 08:39:15,5.2,902.14
24218,POS消费,地点1634,开水,2014/08/31 10:46:21,0.01,902.13
24218,POS消费,地点247,食堂,2014/08/31 17:34:40,10.0,892.13
24218,POS消费,地点1961,超市,2014/08/31 20:58:51,0.6,891.53
