24234,卡片开户,,,2014/07/21 09:57:32,0.0,0.0
24234,卡充值,,,2014/08/10 13:07:38,200.0,200.0
24234,POS消费,地点188,超市,2014/08/10 13:14:37,30.0,170.0
24234,POS消费,地点188,超市,2014/08/10 13:14:42,30.0,140.0
24234,POS消费,地点188,超市,2014/08/10 13:14:45,30.0,110.0
24234,POS消费,地点188,超市,2014/08/10 13:14:49,0.3,109.7
24234,POS消费,地点188,超市,2014/08/10 13:51:01,30.0,79.7
24234,POS消费,地点188,超市,2014/08/10 13:51:21,30.0,49.7
24234,POS消费,地点188,超市,2014/08/10 13:51:41,11.2,38.5
24234,POS消费,地点188,超市,2014/08/10 13:52:15,6.0,32.5
24234,卡充值,,,2014/08/10 13:56:44,200.0,232.5
24234,POS消费,地点21,开水,2014/08/10 17:11:55,3.5,229.0
24234,POS消费,地点134,食堂,2014/08/10 18:35:02,10.6,218.4
24234,POS消费,地点720,淋浴,2014/08/10 22:50:54,1.2,217.2
24234,POS消费,地点61,食堂,2014/08/11 08:36:51,2.4,214.8
24234,POS消费,地点61,食堂,2014/08/11 08:37:00,0.8,214.0
24234,POS消费,地点124,食堂,2014/08/11 11:47:09,4.5,209.5
24234,POS消费,地点21,开水,2014/08/11 19:15:57,8.3,201.2
24234,POS消费,地点725,淋浴,2014/08/11 22:06:44,1.1,200.1
24234,POS消费,地点161,食堂,2014/08/12 08:22:35,2.2,197.9
24234,POS消费,地点124,食堂,2014/08/12 12:11:17,3.0,194.9
24234,POS消费,地点124,食堂,2014/08/12 12:11:22,1.5,193.4
24234,POS消费,地点157,食堂,2014/08/12 17:51:44,10.6,182.8
24234,POS消费,地点21,开水,2014/08/12 18:00:37,12.0,170.8
24234,POS消费,地点179,食堂,2014/08/13 08:44:27,2.3,168.5
24234,POS消费,地点234,食堂,2014/08/13 12:14:08,6.6,161.9
24234,POS消费,地点134,食堂,2014/08/13 17:52:19,8.6,153.3
24234,POS消费,地点91,校车,2014/08/14 08:35:20,3.8,149.5
24234,POS消费,地点1596,食堂,2014/08/14 11:44:09,5.1,144.4
24234,POS消费,地点72,食堂,2014/08/15 18:00:27,6.1,138.3
24234,POS消费,地点60,食堂,2014/08/15 18:10:01,2.9,133.4
24234,POS消费,地点251,食堂,2014/08/15 18:14:08,2.0,136.3
24234,POS消费,地点726,淋浴,2014/08/15 21:43:32,0.1,133.3
24234,POS消费,地点726,淋浴,2014/08/15 22:01:28,1.4,131.9
24234,POS消费,地点188,超市,2014/08/16 13:23:32,9.9,122.0
24234,POS消费,地点72,食堂,2014/08/16 17:57:52,10.6,111.4
24234,POS消费,地点722,淋浴,2014/08/16 22:03:47,1.9,109.5
24234,POS消费,地点1588,食堂,2014/08/17 08:48:14,3.1,106.4
24234,POS消费,地点234,食堂,2014/08/17 11:59:23,7.1,99.3
24234,POS消费,地点103,食堂,2014/08/17 12:13:36,7.6,91.7
24234,POS消费,地点124,食堂,2014/08/17 17:56:12,4.5,87.2
24234,POS消费,地点21,开水,2014/08/17 17:57:25,3.5,83.7
24234,POS消费,地点734,淋浴,2014/08/17 20:28:30,2.1,81.6
24234,POS消费,地点179,食堂,2014/08/18 08:40:02,3.8,77.8
24234,POS消费,地点234,食堂,2014/08/18 12:14:58,6.6,71.2
24234,POS消费,地点91,校车,2014/08/18 17:13:38,6.6,64.6
24234,POS消费,地点249,食堂,2014/08/18 17:30:30,4.0,60.6
24234,POS消费,地点249,食堂,2014/08/18 17:36:34,1.8,58.8
24234,POS消费,地点21,开水,2014/08/18 20:37:30,29.1,29.7
24234,POS消费,地点928,淋浴,2014/08/18 20:50:05,0.1,29.6
24234,POS消费,地点726,淋浴,2014/08/18 20:56:25,1.5,28.1
24234,POS消费,地点179,食堂,2014/08/19 08:37:57,3.4,24.7
24234,POS消费,地点72,食堂,2014/08/19 12:39:31,4.6,20.1
24234,POS消费,地点179,食堂,2014/08/20 08:49:30,3.8,16.3
24234,POS消费,地点1588,食堂,2014/08/20 12:12:47,7.6,8.7
24234,POS消费,地点134,食堂,2014/08/20 18:17:23,5.6,3.1
24234,卡充值,,,2014/08/21 12:44:14,50.0,51.4
24234,POS消费,地点21,开水,2014/08/22 08:32:31,4.4,44.8
24234,POS消费,地点234,食堂,2014/08/22 12:00:08,7.1,37.7
24234,POS消费,地点1847,食堂,2014/08/22 18:06:33,5.4,25.2
24234,POS消费,地点234,食堂,2014/08/22 18:13:40,7.1,30.6
24234,POS消费,地点1847,食堂,2014/08/22 18:25:45,2.0,23.2
24234,POS消费,地点1669,淋浴,2014/08/22 20:49:32,2.2,49.2
24234,POS消费,地点884,淋浴,2014/08/22 21:04:27,1.7,1.4
24234,POS消费,地点1588,食堂,2014/08/23 07:39:02,4.4,18.8
24234,POS消费,地点192,超市,2014/08/27 16:56:27,4.0,14.8
24234,POS消费,地点21,开水,2014/08/27 18:13:43,7.6,7.2
24234,POS消费,地点1847,食堂,2014/08/27 18:16:12,3.0,4.2
24234,POS消费,地点146,校车,2014/08/27 19:24:32,1.0,3.2
24234,POS消费,地点1451,校车,2014/08/27 19:48:27,1.0,2.2
24234,POS消费,地点1656,淋浴,2014/08/28 07:56:00,1.1,1.1
24234,卡充值,,,2014/08/28 13:02:39,500.0,501.1
24234,POS消费,地点192,超市,2014/08/28 13:05:29,1.8,499.3
24234,POS消费,地点192,超市,2014/08/28 16:55:14,5.0,494.3
24234,POS消费,地点168,食堂,2014/08/29 19:18:12,5.5,488.8
24234,POS消费,地点1655,淋浴,2014/08/29 21:27:32,0.1,488.7
24234,POS消费,地点1656,淋浴,2014/08/29 23:03:27,1.3,487.4
24234,POS消费,地点1656,淋浴,2014/08/30 08:00:42,0.9,486.5
24234,POS消费,地点1409,食堂,2014/08/30 08:50:36,3.6,482.9
24234,POS消费,地点6,淋浴,2014/08/31 08:01:48,1.2,481.7
24234,POS消费,地点1409,食堂,2014/08/31 08:41:33,4.2,477.5
24234,POS消费,地点1409,食堂,2014/08/31 08:41:53,3.4,474.1
24234,POS消费,地点146,校车,2014/08/31 09:53:37,1.0,473.1
24234,POS消费,地点314,食堂,2014/08/31 10:44:31,56.0,417.1
24234,POS消费,地点168,食堂,2014/08/31 11:23:20,5.5,411.6
24234,POS消费,地点195,超市,2014/08/31 12:54:35,20.1,391.5
24234,POS消费,地点21,开水,2014/08/31 17:34:39,8.6,382.9
24234,POS消费,地点6,淋浴,2014/08/31 22:55:34,1.0,381.6
24234,POS消费,地点1655,淋浴,2014/08/31 22:57:19,0.3,382.6
24234,POS消费,地点6,淋浴,2014/08/31 23:22:37,0.6,380.8
24234,POS消费,地点6,淋浴,2014/08/31 23:24:22,0.2,381.4
