24246,POS消费,地点78,其他,2014/04/11 17:25:59,37.0,189.41
24246,卡片开户,,,2014/07/16 11:41:14,0.0,0.0
24246,卡充值,,,2014/08/29 15:28:57,400.0,400.0
24246,POS消费,地点232,食堂,2014/08/29 18:01:05,10.0,390.0
24246,POS消费,地点72,食堂,2014/08/30 08:04:20,2.8,387.2
24246,POS消费,地点195,超市,2014/08/30 08:52:38,111.1,276.1
24246,POS消费,地点192,超市,2014/08/30 10:04:29,18.0,258.1
24246,POS消费,地点188,超市,2014/08/30 13:06:29,7.0,251.1
24246,POS消费,地点1588,食堂,2014/08/30 17:43:52,7.1,244.0
24246,POS消费,地点103,食堂,2014/08/31 08:10:26,2.6,241.4
24246,POS消费,地点103,食堂,2014/08/31 08:10:49,0.8,240.6
24246,POS消费,地点146,校车,2014/08/31 09:53:32,1.0,239.6
24246,POS消费,地点283,食堂,2014/08/31 11:48:32,5.5,234.1
24246,POS消费,地点243,食堂,2014/08/31 12:00:04,3.0,231.1
24246,POS消费,地点219,超市,2014/08/31 18:34:32,4.0,227.1
24246,POS消费,地点281,超市,2014/08/31 18:55:42,5.0,222.1
24246,POS消费,地点188,超市,2014/08/31 19:32:14,6.3,215.8
