24292,卡片开户,,,2014/07/12 12:30:50,0.0,0.0
24292,卡充值,,,2014/08/28 10:08:37,300.0,300.0
24292,POS消费,地点21,开水,2014/08/28 10:09:52,20.6,279.4
24292,POS消费,地点21,开水,2014/08/28 10:10:18,100.0,179.4
24292,POS消费,地点61,食堂,2014/08/28 17:38:58,4.6,174.8
24292,POS消费,地点188,超市,2014/08/28 19:43:18,17.4,157.4
24292,POS消费,地点21,开水,2014/08/29 06:18:51,4.0,153.4
24292,POS消费,地点21,开水,2014/08/29 06:19:48,3.2,150.2
24292,POS消费,地点1155,食堂,2014/08/29 06:35:46,6.1,144.1
24292,POS消费,地点1659,淋浴,2014/08/29 18:05:46,1.2,142.9
24292,POS消费,地点65,食堂,2014/08/30 09:31:46,0.8,142.1
24292,POS消费,地点61,食堂,2014/08/30 09:47:29,1.4,140.7
24292,POS消费,地点277,食堂,2014/08/30 12:11:32,7.2,133.5
24292,POS消费,地点256,食堂,2014/08/30 12:14:18,9.8,123.7
24292,POS消费,地点254,食堂,2014/08/30 12:16:30,23.0,100.7
24292,POS消费,地点219,超市,2014/08/30 18:41:02,8.0,92.7
24292,POS消费,地点21,开水,2014/08/31 07:43:10,2.5,90.2
24292,POS消费,地点91,校车,2014/08/31 07:43:20,0.8,89.4
24292,POS消费,地点91,校车,2014/08/31 07:44:18,0.6,88.8
24292,POS消费,地点1659,淋浴,2014/08/31 08:45:42,1.1,87.7
24292,POS消费,地点213,食堂,2014/08/31 09:03:00,0.15,87.55
24292,POS消费,地点69,食堂,2014/08/31 12:00:50,7.6,79.95
24292,POS消费,地点314,食堂,2014/08/31 12:29:27,5.1,74.85
24292,POS消费,地点1961,超市,2014/08/31 13:12:40,23.0,51.85
