24326,卡片开户,,,2014/07/18 12:01:47,0.0,0.0
24326,卡充值,,,2014/08/29 11:36:18,300.0,300.0
24326,POS消费,地点232,食堂,2014/08/29 11:41:27,16.5,283.5
24326,POS消费,地点114,食堂,2014/08/29 13:19:19,15.0,268.5
24326,POS消费,地点114,食堂,2014/08/29 15:36:35,3.0,265.5
24326,POS消费,地点1472,校车,2014/08/29 17:27:39,1.0,264.5
24326,POS消费,地点243,食堂,2014/08/29 17:35:07,2.9,261.6
24326,POS消费,地点12,文印中心,2014/08/29 21:52:43,0.8,260.7
24326,POS消费,地点12,文印中心,2014/08/29 21:54:23,0.1,261.5
24326,POS消费,地点114,食堂,2014/08/30 08:44:27,2.0,258.7
24326,POS消费,地点124,食堂,2014/08/30 08:50:39,3.0,255.7
24326,POS消费,地点12,文印中心,2014/08/30 09:36:46,0.7,255.0
24326,POS消费,地点283,食堂,2014/08/30 16:53:03,5.5,249.5
24326,POS消费,地点218,食堂,2014/08/30 17:13:35,2.9,246.6
24326,POS消费,地点1657,淋浴,2014/08/30 18:04:24,0.9,245.7
24326,POS消费,地点1961,超市,2014/08/30 21:29:26,5.8,239.9
24326,POS消费,地点114,食堂,2014/08/31 09:35:14,2.5,237.4
24326,POS消费,地点204,食堂,2014/08/31 09:41:58,5.5,231.9
24326,POS消费,地点1472,校车,2014/08/31 11:10:59,1.0,230.9
24326,POS消费,地点1472,校车,2014/08/31 11:11:08,1.0,229.9
24326,POS消费,地点114,食堂,2014/08/31 11:39:13,10.0,219.9
24326,POS消费,地点168,食堂,2014/08/31 12:43:07,13.0,206.9
24326,POS消费,地点114,食堂,2014/08/31 13:03:09,5.0,201.9
