24330,POS消费,地点78,其他,2014/03/11 17:25:59,-23.0,224.07
24330,POS消费,地点78,其他,2014/04/11 17:25:59,36.98,205.27
24330,卡片开户,,,2014/07/18 12:05:20,0.0,0.0
24330,卡充值,,,2014/08/29 08:30:46,300.0,300.0
24330,POS消费,地点21,开水,2014/08/29 08:36:31,0.35,299.65
24330,POS消费,地点21,开水,2014/08/29 08:36:46,0.5,299.15
24330,POS消费,地点21,开水,2014/08/29 08:37:36,5.0,294.15
24330,POS消费,地点134,食堂,2014/08/29 08:51:04,1.0,293.15
24330,POS消费,地点134,食堂,2014/08/29 08:51:18,0.4,292.75
24330,POS消费,地点314,食堂,2014/08/29 11:11:04,30.0,262.75
24330,POS消费,地点314,食堂,2014/08/29 11:11:08,24.6,238.15
24330,POS消费,地点1596,食堂,2014/08/29 11:48:04,4.6,233.55
24330,POS消费,地点1596,食堂,2014/08/29 11:48:19,4.6,228.95
24330,POS消费,地点1596,食堂,2014/08/29 11:48:28,4.6,224.35
24330,POS消费,地点21,开水,2014/08/29 11:52:28,6.9,217.45
24330,POS消费,地点21,开水,2014/08/29 11:52:36,3.0,214.45
24330,POS消费,地点1592,开水,2014/08/29 14:47:50,0.01,214.44
24330,POS消费,地点1592,开水,2014/08/29 14:49:42,0.07,214.37
24330,POS消费,地点837,校车,2014/08/29 18:27:55,1.0,213.37
24330,POS消费,地点837,校车,2014/08/29 18:28:01,1.0,212.37
24330,POS消费,地点837,校车,2014/08/29 18:28:07,1.0,211.37
24330,POS消费,地点21,开水,2014/08/29 18:44:26,3.0,208.37
24330,POS消费,地点1596,食堂,2014/08/29 19:00:58,5.6,202.77
24330,POS消费,地点1596,食堂,2014/08/29 19:02:22,11.2,191.57
24330,POS消费,地点21,开水,2014/08/29 19:16:50,1.4,190.17
24330,POS消费,地点1657,淋浴,2014/08/29 21:45:14,0.2,189.97
24330,POS消费,地点1892,洗衣房,2014/08/29 22:06:11,3.6,186.37
24330,POS消费,地点1892,洗衣房,2014/08/29 22:06:29,-3.48,189.85
24330,POS消费,地点1892,洗衣房,2014/08/29 22:10:18,3.6,186.25
24330,POS消费,地点1892,洗衣房,2014/08/29 22:34:04,-1.62,187.87
24330,POS消费,地点124,食堂,2014/08/30 07:38:45,4.5,181.97
24330,POS消费,地点134,食堂,2014/08/30 07:51:03,1.0,186.87
24330,POS消费,地点134,食堂,2014/08/30 07:51:09,0.4,186.47
24330,POS消费,地点1588,食堂,2014/08/30 07:52:43,4.6,177.37
24330,POS消费,地点72,食堂,2014/08/30 13:17:56,4.6,172.77
24330,POS消费,地点21,开水,2014/08/30 13:34:46,11.8,160.97
24330,卡充值,,,2014/08/30 16:19:48,200.0,360.97
24330,POS消费,地点89,食堂,2014/08/30 17:09:24,4.5,356.47
24330,POS消费,地点1961,超市,2014/08/30 21:05:07,28.0,328.47
24330,POS消费,地点21,开水,2014/08/31 08:00:59,0.8,325.27
24330,POS消费,地点1409,食堂,2014/08/31 08:10:09,2.4,326.07
24330,POS消费,地点188,超市,2014/08/31 08:38:57,18.4,306.87
24330,POS消费,地点243,食堂,2014/08/31 11:35:14,4.3,302.57
24330,POS消费,地点1596,食堂,2014/08/31 11:50:34,4.6,297.97
24330,POS消费,地点1657,淋浴,2014/08/31 20:45:01,0.2,297.67
24330,POS消费,地点1659,淋浴,2014/08/31 20:57:00,0.1,297.87
