24380,卡片开户,,,2014/07/16 14:00:26,0.0,0.0
24380,卡充值,,,2014/08/27 17:31:18,1000.0,1000.0
24380,POS消费,地点188,超市,2014/08/27 17:34:56,43.7,956.3
24380,POS消费,地点188,超市,2014/08/27 17:39:06,16.5,939.8
24380,POS消费,地点188,超市,2014/08/27 17:42:05,10.5,929.3
24380,POS消费,地点21,开水,2014/08/28 08:45:04,1.3,928.0
24380,POS消费,地点21,开水,2014/08/28 08:45:56,100.0,828.0
24380,POS消费,地点1472,校车,2014/08/28 16:55:13,1.0,827.0
24380,POS消费,地点12,文印中心,2014/08/28 20:24:27,0.1,826.9
24380,POS消费,地点1659,淋浴,2014/08/28 20:31:08,0.6,826.3
24380,POS消费,地点60,食堂,2014/08/29 08:58:38,0.8,825.5
24380,POS消费,地点222,校车,2014/08/29 09:10:07,1.0,824.5
24380,POS消费,地点222,校车,2014/08/29 09:56:45,1.0,823.5
24380,POS消费,地点237,食堂,2014/08/29 11:16:49,4.4,819.02
24380,POS消费,地点237,食堂,2014/08/29 11:17:11,2.6,816.42
24380,POS消费,地点21,开水,2014/08/29 11:31:44,7.8,808.62
24380,POS消费,地点1592,开水,2014/08/29 14:39:14,0.08,823.42
24380,POS消费,地点837,校车,2014/08/29 18:20:18,1.0,807.62
24380,POS消费,地点1642,淋浴,2014/08/29 20:55:38,0.3,807.32
24380,POS消费,地点1642,淋浴,2014/08/29 21:04:20,0.2,807.12
24380,POS消费,地点1642,淋浴,2014/08/29 21:06:52,0.3,806.82
24380,POS消费,地点12,文印中心,2014/08/29 21:18:13,0.1,806.72
24380,POS消费,地点12,文印中心,2014/08/29 21:21:48,0.4,806.32
24380,POS消费,地点12,文印中心,2014/08/29 21:31:37,0.1,806.22
24380,POS消费,地点21,开水,2014/08/30 11:22:25,2.8,803.42
24380,POS消费,地点72,食堂,2014/08/30 18:05:33,4.6,798.81
24380,POS消费,地点72,食堂,2014/08/30 18:05:52,4.6,794.21
24380,POS消费,地点1592,开水,2014/08/30 18:39:59,0.01,803.41
24380,POS消费,地点1659,淋浴,2014/08/30 21:26:22,0.5,793.71
24380,POS消费,地点1592,开水,2014/08/31 09:01:06,0.01,793.7
24380,POS消费,地点264,食堂,2014/08/31 11:42:12,5.6,788.1
24380,POS消费,地点1592,开水,2014/08/31 12:29:41,0.08,788.02
24380,POS消费,地点87,食堂,2014/08/31 17:36:03,4.6,783.42
24380,POS消费,地点1592,开水,2014/08/31 21:59:03,0.05,783.37
