24428,卡片开户,,,2014/07/14 09:23:24,0.0,0.0
24428,卡充值,,,2014/08/29 10:06:03,200.0,200.0
24428,POS消费,地点82,食堂,2014/08/29 12:53:51,8.6,191.4
24428,POS消费,地点82,食堂,2014/08/29 12:54:17,8.1,183.3
24428,POS消费,地点82,食堂,2014/08/29 12:54:46,8.6,174.7
24428,POS消费,地点1592,开水,2014/08/29 16:21:03,0.01,174.69
24428,POS消费,地点218,食堂,2014/08/29 17:25:40,2.9,171.79
24428,POS消费,地点21,开水,2014/08/29 19:00:32,30.0,141.79
24428,POS消费,地点21,开水,2014/08/29 19:00:36,10.0,131.79
24428,卡充值,,,2014/08/29 19:00:52,200.0,331.79
24428,POS消费,地点1592,开水,2014/08/30 07:13:55,0.01,331.78
24428,POS消费,地点60,食堂,2014/08/30 09:30:46,1.0,330.78
24428,POS消费,地点61,食堂,2014/08/30 09:36:01,3.8,326.98
24428,POS消费,地点168,食堂,2014/08/30 14:11:32,15.5,311.48
24428,POS消费,地点1592,开水,2014/08/30 14:51:41,0.02,311.46
24428,POS消费,地点72,食堂,2014/08/30 18:34:29,4.6,306.86
24428,POS消费,地点12,文印中心,2014/08/30 19:19:50,0.4,306.46
24428,POS消费,地点12,文印中心,2014/08/30 21:48:18,0.8,305.66
24428,POS消费,地点1592,开水,2014/08/31 11:17:12,0.04,305.62
24428,POS消费,地点61,食堂,2014/08/31 12:04:41,7.6,298.02
24428,POS消费,地点72,食堂,2014/08/31 18:13:16,4.6,293.42
24428,POS消费,地点1659,淋浴,2014/08/31 19:24:08,0.1,293.32
24428,POS消费,地点1659,淋浴,2014/08/31 19:24:14,0.5,292.82
24428,POS消费,地点1592,开水,2014/08/31 20:28:21,0.04,292.78
24428,POS消费,地点1592,开水,2014/08/31 20:28:27,0.04,292.74
