24434,卡片开户,,,2014/07/14 10:24:33,0.0,0.0
24434,卡充值,,,2014/08/24 15:24:45,500.0,500.0
24434,POS消费,地点192,超市,2014/08/24 15:41:18,11.0,489.0
24434,POS消费,地点192,超市,2014/08/24 15:56:17,9.5,479.5
24434,POS消费,地点188,超市,2014/08/25 21:36:55,30.0,449.5
24434,POS消费,地点188,超市,2014/08/25 21:37:00,29.0,420.5
24434,POS消费,地点188,超市,2014/08/25 22:21:02,3.2,417.3
24434,POS消费,地点89,食堂,2014/08/26 07:36:36,3.0,414.3
24434,POS消费,地点82,食堂,2014/08/26 12:16:23,9.8,404.5
24434,POS消费,地点21,开水,2014/08/26 17:12:38,1.6,402.9
24434,POS消费,地点21,开水,2014/08/26 17:14:32,3.5,399.4
24434,POS消费,地点69,食堂,2014/08/27 07:23:25,2.4,397.0
24434,POS消费,地点61,食堂,2014/08/27 07:38:42,2.5,394.5
24434,POS消费,地点72,食堂,2014/08/27 12:06:22,6.0,387.9
24434,POS消费,地点60,食堂,2014/08/27 12:11:50,0.6,393.9
24434,POS消费,地点243,食堂,2014/08/27 17:55:36,3.0,382.3
24434,POS消费,地点21,开水,2014/08/27 18:06:56,1.8,386.1
24434,POS消费,地点21,开水,2014/08/27 18:07:00,0.8,385.3
24434,POS消费,地点1592,开水,2014/08/27 20:54:57,0.01,382.29
24434,POS消费,地点1592,开水,2014/08/27 21:23:28,0.11,382.18
24434,POS消费,地点21,开水,2014/08/27 22:19:02,15.2,366.98
24434,POS消费,地点1659,淋浴,2014/08/27 22:40:00,0.1,366.88
24434,POS消费,地点1659,淋浴,2014/08/27 22:42:48,0.1,366.78
24434,POS消费,地点1659,淋浴,2014/08/27 22:52:39,0.1,366.68
24434,POS消费,地点1659,淋浴,2014/08/27 22:54:02,0.1,366.58
24434,POS消费,地点1657,淋浴,2014/08/27 23:02:49,0.9,365.68
24434,POS消费,地点1592,开水,2014/08/27 23:33:49,0.01,365.67
24434,POS消费,地点1592,开水,2014/08/27 23:37:06,0.01,365.66
24434,POS消费,地点1592,开水,2014/08/28 07:39:42,0.01,365.65
24434,POS消费,地点72,食堂,2014/08/28 08:05:09,4.3,361.35
24434,POS消费,地点72,食堂,2014/08/28 08:05:42,1.15,360.2
24434,POS消费,地点21,开水,2014/08/28 12:26:18,2.4,357.8
24434,POS消费,地点21,开水,2014/08/28 12:26:25,0.03,357.77
24434,POS消费,地点168,食堂,2014/08/28 17:18:14,4.5,353.27
24434,POS消费,地点188,超市,2014/08/28 19:44:30,21.5,331.77
24434,POS消费,地点1592,开水,2014/08/28 20:22:53,0.12,331.65
24434,POS消费,地点195,超市,2014/08/28 21:36:19,30.0,301.65
24434,POS消费,地点195,超市,2014/08/28 21:36:22,2.0,299.65
24434,POS消费,地点21,开水,2014/08/29 07:15:26,2.4,296.95
24434,POS消费,地点60,食堂,2014/08/29 07:23:00,0.3,299.35
24434,POS消费,地点260,食堂,2014/08/29 12:17:58,1.6,295.35
24434,POS消费,地点21,开水,2014/08/29 12:18:56,5.0,290.35
24434,POS消费,地点21,开水,2014/08/29 18:23:05,3.3,287.05
24434,POS消费,地点21,开水,2014/08/30 08:28:08,2.0,285.05
24434,POS消费,地点232,食堂,2014/08/30 11:08:31,6.0,279.05
24434,POS消费,地点21,开水,2014/08/30 11:08:47,2.5,276.55
24434,POS消费,地点1592,开水,2014/08/30 11:50:17,0.01,276.54
24434,POS消费,地点21,开水,2014/08/30 18:19:54,4.6,271.94
24434,POS消费,地点1592,开水,2014/08/30 21:23:38,0.01,271.93
24434,POS消费,地点1409,食堂,2014/08/31 08:32:08,4.5,267.43
24434,POS消费,地点21,开水,2014/08/31 12:00:14,6.1,261.33
24434,POS消费,地点21,开水,2014/08/31 18:17:13,2.0,259.33
24434,POS消费,地点70,食堂,2014/08/31 18:19:06,2.0,257.33
24434,POS消费,地点1592,开水,2014/08/31 19:47:42,0.01,257.32
