24600,卡片开户,,,2014/07/16 12:40:43,0.0,0.0
24600,卡充值,,,2014/08/30 09:53:05,300.0,300.0
24600,POS消费,地点61,食堂,2014/08/30 12:12:46,6.6,293.4
24600,POS消费,地点203,食堂,2014/08/30 18:08:00,6.5,286.9
24600,POS消费,地点69,食堂,2014/08/31 08:56:41,3.4,283.5
24600,POS消费,地点69,食堂,2014/08/31 08:57:27,2.6,280.9
24600,POS消费,地点69,食堂,2014/08/31 08:57:30,1.6,279.3
24600,POS消费,地点195,超市,2014/08/31 09:19:46,30.0,249.3
24600,POS消费,地点195,超市,2014/08/31 09:19:49,8.2,241.1
24600,POS消费,地点232,食堂,2014/08/31 11:53:20,10.0,231.1
24600,POS消费,地点21,开水,2014/08/31 11:55:56,6.4,224.7
24600,POS消费,地点192,超市,2014/08/31 12:29:38,5.0,219.7
24600,POS消费,地点192,超市,2014/08/31 12:29:45,3.5,216.2
24600,POS消费,地点168,食堂,2014/08/31 17:59:06,5.5,210.7
