24798,卡片开户,,,2014/07/16 15:16:39,0.0,0.0
24798,卡充值,,,2014/08/29 08:47:00,100.0,100.0
24798,POS消费,地点27,教务处,2014/08/29 08:48:00,15.0,85.0
24798,POS消费,地点161,食堂,2014/08/29 09:07:28,7.2,77.8
24798,POS消费,地点1588,食堂,2014/08/29 13:01:45,8.1,69.7
24798,POS消费,地点204,食堂,2014/08/29 16:56:15,5.5,64.2
24798,POS消费,地点1021,淋浴,2014/08/29 21:47:47,0.7,63.5
24798,POS消费,地点975,开水,2014/08/29 22:03:29,0.01,63.49
24798,POS消费,地点60,食堂,2014/08/30 08:28:20,0.5,62.99
24798,POS消费,地点65,食堂,2014/08/30 11:18:40,5.6,57.39
24798,POS消费,地点192,超市,2014/08/30 11:43:19,14.3,43.09
24798,POS消费,地点975,开水,2014/08/30 14:05:10,0.01,43.08
24798,POS消费,地点1037,洗衣房,2014/08/30 17:00:29,-3.54,43.02
24798,POS消费,地点1037,洗衣房,2014/08/30 17:00:29,3.6,39.48
24798,POS消费,地点263,食堂,2014/08/30 18:21:47,8.0,32.02
24798,POS消费,地点283,食堂,2014/08/30 18:22:06,3.0,40.02
24798,POS消费,地点1406,淋浴,2014/08/30 22:16:57,0.4,31.62
24798,POS消费,地点1186,淋浴,2014/08/31 08:15:29,0.01,31.61
24798,POS消费,地点1186,淋浴,2014/08/31 08:16:08,0.01,31.6
24798,POS消费,地点975,开水,2014/08/31 08:16:37,0.01,31.59
24798,POS消费,地点69,食堂,2014/08/31 08:40:35,2.6,28.99
24798,POS消费,地点230,食堂,2014/08/31 11:51:34,5.0,23.99
24798,POS消费,地点1545,食堂,2014/08/31 16:49:10,2.1,21.89
24798,POS消费,地点239,食堂,2014/08/31 17:04:15,3.6,18.29
