24828,卡片开户,,,2014/07/20 13:22:38,0.0,0.0
24828,卡充值,,,2014/08/29 14:01:54,500.0,500.0
24828,POS消费,地点184,食堂,2014/08/29 18:39:24,2.4,497.6
24828,POS消费,地点184,食堂,2014/08/29 18:39:50,2.6,495.0
24828,POS消费,地点184,食堂,2014/08/29 18:40:08,2.6,492.4
24828,POS消费,地点87,食堂,2014/08/30 07:54:31,3.0,489.4
24828,POS消费,地点87,食堂,2014/08/30 07:55:02,3.0,486.4
24828,POS消费,地点89,食堂,2014/08/30 08:09:43,3.0,483.4
24828,POS消费,地点1186,淋浴,2014/08/30 11:20:13,0.01,483.39
24828,POS消费,地点264,食堂,2014/08/30 12:09:59,10.6,472.79
24828,POS消费,地点264,食堂,2014/08/30 12:10:24,10.6,462.19
24828,POS消费,地点264,食堂,2014/08/30 12:10:45,0.6,461.59
24828,POS消费,地点1186,淋浴,2014/08/30 13:19:37,0.01,461.58
24828,POS消费,地点1186,淋浴,2014/08/30 13:20:52,0.01,461.57
24828,POS消费,地点1186,淋浴,2014/08/30 13:21:45,0.01,461.56
24828,POS消费,地点1186,淋浴,2014/08/30 13:22:14,0.01,461.55
24828,POS消费,地点1186,淋浴,2014/08/30 13:22:47,0.01,461.54
24828,POS消费,地点232,食堂,2014/08/30 17:59:03,22.0,439.54
24828,POS消费,地点1406,淋浴,2014/08/30 20:45:17,0.6,438.94
24828,POS消费,地点219,超市,2014/08/31 10:07:23,3.0,435.94
24828,POS消费,地点237,食堂,2014/08/31 12:01:42,4.8,431.14
24828,POS消费,地点219,超市,2014/08/31 17:56:30,2.0,429.14
24828,POS消费,地点21,开水,2014/08/31 18:32:02,4.6,424.54
24828,POS消费,地点21,开水,2014/08/31 18:54:16,23.7,400.84
24828,POS消费,地点975,开水,2014/08/31 20:08:11,0.01,400.83
24828,POS消费,地点232,食堂,2014/08/31 21:47:53,0.4,400.43
