24866,卡片开户,,,2014/07/17 09:36:30,0.0,0.0
24866,卡充值,,,2014/08/28 17:29:13,600.0,600.0
24866,POS消费,地点21,开水,2014/08/28 17:41:45,4.6,595.4
24866,POS消费,地点21,开水,2014/08/28 17:42:05,4.6,590.8
24866,POS消费,地点21,开水,2014/08/28 17:42:19,4.6,586.2
24866,POS消费,地点251,食堂,2014/08/28 18:04:19,0.6,585.6
24866,POS消费,地点314,食堂,2014/08/29 11:23:11,28.0,557.6
24866,POS消费,地点59,食堂,2014/08/29 11:45:47,3.0,552.7
24866,POS消费,地点251,食堂,2014/08/29 11:55:02,1.2,556.4
24866,POS消费,地点21,开水,2014/08/29 11:56:43,0.7,555.7
24866,POS消费,地点61,食堂,2014/08/29 12:05:15,4.6,548.1
24866,POS消费,地点61,食堂,2014/08/29 12:05:41,8.4,539.7
24866,POS消费,地点61,食堂,2014/08/29 12:06:10,4.6,535.1
24866,POS消费,地点61,食堂,2014/08/29 12:06:28,8.6,526.5
24866,POS消费,地点21,开水,2014/08/29 18:18:15,1.6,524.9
24866,POS消费,地点21,开水,2014/08/29 18:18:21,0.8,524.1
24866,POS消费,地点251,食堂,2014/08/29 18:19:15,0.6,523.5
24866,POS消费,地点251,食堂,2014/08/29 18:21:10,2.1,521.4
24866,POS消费,地点21,开水,2014/08/29 18:24:52,0.7,520.7
24866,POS消费,地点61,食堂,2014/08/29 18:27:18,7.0,513.7
24866,POS消费,地点975,开水,2014/08/29 21:47:02,0.01,513.69
24866,POS消费,地点975,开水,2014/08/29 22:18:47,0.01,513.68
24866,POS消费,地点1021,淋浴,2014/08/29 22:33:12,0.7,512.98
24866,POS消费,地点65,食堂,2014/08/30 08:47:14,1.0,511.98
24866,POS消费,地点251,食堂,2014/08/30 18:14:07,0.6,511.38
24866,POS消费,地点21,开水,2014/08/30 18:16:11,1.55,509.83
24866,POS消费,地点242,食堂,2014/08/30 18:16:45,3.0,506.83
24866,POS消费,地点1021,淋浴,2014/08/30 22:41:11,1.0,505.83
24866,POS消费,地点69,食堂,2014/08/31 09:12:24,1.4,504.43
24866,POS消费,地点69,食堂,2014/08/31 09:12:28,0.4,504.03
24866,POS消费,地点103,食堂,2014/08/31 12:19:33,1.8,502.23
24866,POS消费,地点975,开水,2014/08/31 12:44:19,0.01,502.22
24866,POS消费,地点21,开水,2014/08/31 17:58:33,5.4,496.82
24866,POS消费,地点975,开水,2014/08/31 20:20:40,0.01,496.81
24866,POS消费,地点1021,淋浴,2014/08/31 22:50:19,0.6,496.21
