24862,卡片开户,,,2014/07/16 13:32:51,0.0,0.0
24862,卡充值,,,2014/08/29 12:58:57,500.0,500.0
24862,POS消费,地点60,食堂,2014/08/29 13:27:18,12.6,487.4
24862,POS消费,地点60,食堂,2014/08/29 13:27:47,12.6,474.8
24862,POS消费,地点21,开水,2014/08/29 18:22:03,5.6,469.2
24862,POS消费,地点21,开水,2014/08/29 18:22:44,5.6,463.6
24862,POS消费,地点60,食堂,2014/08/30 07:25:28,0.6,463.0
24862,POS消费,地点61,食堂,2014/08/30 07:32:59,1.9,461.1
24862,POS消费,地点26,图书馆,2014/08/30 08:50:20,28.0,433.1
24862,POS消费,地点91,校车,2014/08/30 12:00:29,5.4,427.7
24862,POS消费,地点91,校车,2014/08/30 12:02:30,1.5,426.2
24862,POS消费,地点91,校车,2014/08/30 12:02:38,1.0,425.2
24862,POS消费,地点82,食堂,2014/08/30 18:04:24,8.1,417.1
24862,POS消费,地点60,食堂,2014/08/31 07:49:47,0.8,415.1
24862,POS消费,地点61,食堂,2014/08/31 07:51:34,1.2,415.9
24862,POS消费,地点134,食堂,2014/08/31 18:20:30,4.6,410.5
24862,POS消费,地点1588,食堂,2014/08/31 18:22:37,3.5,407.0
24862,POS消费,地点21,开水,2014/08/31 18:42:07,2.5,404.5
24862,POS消费,地点1021,淋浴,2014/08/31 20:36:48,0.4,404.1
24862,POS消费,地点975,开水,2014/08/31 20:51:49,0.01,404.09
