24910,卡片开户,,,2014/07/14 10:22:56,0.0,0.0
24910,卡充值,,,2014/08/27 15:27:53,500.0,500.0
24910,POS消费,地点146,校车,2014/08/27 18:58:59,1.0,499.0
24910,POS消费,地点146,校车,2014/08/27 20:12:13,1.0,498.0
24910,POS消费,地点1442,校车,2014/08/28 08:28:00,1.0,497.0
24910,POS消费,地点21,开水,2014/08/28 11:05:42,4.6,484.8
24910,POS消费,地点82,食堂,2014/08/28 11:20:11,7.6,489.4
24910,POS消费,地点211,校车,2014/08/28 16:11:43,1.0,483.8
24910,POS消费,地点203,食堂,2014/08/28 17:26:05,6.5,477.3
24910,POS消费,地点168,食堂,2014/08/28 17:27:25,5.5,471.8
24910,POS消费,地点1472,校车,2014/08/29 10:34:34,1.0,470.8
24910,POS消费,地点1472,校车,2014/08/29 10:34:55,1.0,469.8
24910,POS消费,地点307,食堂,2014/08/29 11:45:58,1.5,468.3
24910,POS消费,地点233,食堂,2014/08/29 11:47:10,9.6,453.6
24910,POS消费,地点233,食堂,2014/08/29 11:49:12,7.6,446.0
24910,POS消费,地点182,食堂,2014/08/29 11:49:43,5.1,463.2
24910,POS消费,地点203,食堂,2014/08/29 11:50:55,5.5,440.5
24910,POS消费,地点124,食堂,2014/08/29 17:43:50,3.0,437.5
24910,POS消费,地点1847,食堂,2014/08/29 18:02:03,1.5,436.0
24910,POS消费,地点146,校车,2014/08/30 12:42:12,1.0,435.0
24910,POS消费,地点213,食堂,2014/08/30 16:46:10,0.15,434.85
24910,POS消费,地点168,食堂,2014/08/30 16:53:06,5.5,429.35
24910,POS消费,地点204,食堂,2014/08/31 12:00:41,5.5,423.85
24910,POS消费,地点21,开水,2014/08/31 12:02:49,1.25,422.6
24910,POS消费,地点222,校车,2014/08/31 17:07:41,1.0,421.6
24910,POS消费,地点168,食堂,2014/08/31 19:32:04,6.5,415.1
24910,POS消费,地点1619,淋浴,2014/08/31 20:55:00,0.6,414.5
