24944,卡片开户,,,2014/07/19 15:35:38,0.0,0.0
24944,卡充值,,,2014/08/28 09:05:06,300.0,300.0
24944,POS消费,地点192,超市,2014/08/28 09:11:55,14.9,285.1
24944,POS消费,地点1671,开水,2014/08/28 10:11:14,0.01,285.09
24944,POS消费,地点192,超市,2014/08/28 16:23:38,16.0,269.09
24944,POS消费,地点1671,开水,2014/08/28 18:19:29,0.01,269.08
24944,POS消费,地点1671,开水,2014/08/28 18:20:36,0.01,269.07
24944,POS消费,地点1472,校车,2014/08/28 19:38:24,1.0,268.07
24944,POS消费,地点1619,淋浴,2014/08/29 01:10:02,0.1,267.97
24944,POS消费,地点1619,淋浴,2014/08/29 01:13:55,0.2,267.77
24944,POS消费,地点21,开水,2014/08/29 08:53:58,5.0,262.77
24944,POS消费,地点21,开水,2014/08/29 08:54:07,-5.0,267.77
24944,POS消费,地点21,开水,2014/08/29 08:54:13,4.2,263.57
24944,POS消费,地点282,食堂,2014/08/29 10:59:06,1.5,262.07
24944,POS消费,地点182,食堂,2014/08/29 11:02:22,8.0,254.07
24944,POS消费,地点264,食堂,2014/08/29 17:44:04,10.6,243.47
24944,POS消费,地点1847,食堂,2014/08/29 18:01:49,3.5,239.97
24944,POS消费,地点1671,开水,2014/08/29 21:34:04,0.01,239.96
24944,POS消费,地点1619,淋浴,2014/08/29 21:39:08,0.1,239.86
24944,POS消费,地点1619,淋浴,2014/08/29 21:40:59,0.2,239.66
24944,POS消费,地点1619,淋浴,2014/08/29 21:45:34,0.2,239.46
24944,POS消费,地点1619,淋浴,2014/08/29 21:47:20,0.1,239.36
24944,POS消费,地点69,食堂,2014/08/30 09:07:41,2.6,236.26
24944,POS消费,地点60,食堂,2014/08/30 09:12:47,0.5,238.86
24944,POS消费,地点21,开水,2014/08/30 10:41:40,22.6,213.66
24944,POS消费,地点1671,开水,2014/08/30 10:58:08,0.02,213.64
24944,POS消费,地点61,食堂,2014/08/30 12:56:52,5.6,208.04
24944,POS消费,地点192,超市,2014/08/30 21:07:45,11.2,196.84
24944,POS消费,地点1619,淋浴,2014/08/30 23:04:10,0.1,196.74
24944,POS消费,地点1619,淋浴,2014/08/30 23:05:01,0.1,196.54
24944,POS消费,地点26,图书馆,2014/08/30 23:05:05,0.1,196.64
24944,POS消费,地点1619,淋浴,2014/08/30 23:08:02,0.1,196.44
24944,POS消费,地点1619,淋浴,2014/08/30 23:10:12,0.1,196.34
24944,POS消费,地点60,食堂,2014/08/31 08:29:32,0.8,192.94
24944,POS消费,地点61,食堂,2014/08/31 08:30:40,2.6,193.74
24944,POS消费,地点21,开水,2014/08/31 10:00:41,3.2,189.74
24944,POS消费,地点69,食堂,2014/08/31 11:41:33,3.6,186.14
24944,POS消费,地点192,超市,2014/08/31 13:40:04,2.8,183.34
24944,POS消费,地点1619,淋浴,2014/08/31 21:44:56,0.2,182.94
24944,POS消费,地点1619,淋浴,2014/08/31 21:45:48,0.2,183.14
