24960,卡片开户,,,2014/07/20 11:12:00,0.0,0.0
24960,卡充值,,,2014/08/27 15:38:43,200.0,200.0
24960,POS消费,地点21,开水,2014/08/27 17:28:58,3.0,197.0
24960,POS消费,地点21,开水,2014/08/27 17:30:52,0.35,196.65
24960,POS消费,地点124,食堂,2014/08/27 17:36:49,4.5,182.55
24960,POS消费,地点1596,食堂,2014/08/27 17:46:04,4.6,192.05
24960,POS消费,地点103,食堂,2014/08/27 17:47:55,3.5,188.55
24960,POS消费,地点103,食堂,2014/08/27 17:57:46,3.5,179.05
24960,POS消费,地点1701,食堂,2014/08/27 18:00:11,1.5,187.05
24960,POS消费,地点1472,校车,2014/08/27 19:53:56,1.0,178.05
24960,POS消费,地点1472,校车,2014/08/27 19:54:02,1.0,177.05
24960,POS消费,地点1472,校车,2014/08/27 19:54:11,1.0,176.05
24960,POS消费,地点1472,校车,2014/08/27 20:29:49,1.0,175.05
24960,POS消费,地点1472,校车,2014/08/27 20:30:35,1.0,174.05
24960,POS消费,地点1472,校车,2014/08/27 20:30:45,1.0,173.05
24960,POS消费,地点211,校车,2014/08/28 20:11:00,1.0,172.05
24960,POS消费,地点211,校车,2014/08/28 20:11:06,1.0,171.05
24960,POS消费,地点211,校车,2014/08/28 20:11:12,1.0,170.05
24960,卡充值,,,2014/08/29 14:58:38,300.0,470.05
24960,POS消费,地点26,图书馆,2014/08/29 15:49:25,28.0,442.05
24960,POS消费,地点195,超市,2014/08/29 16:09:33,4.5,437.55
24960,POS消费,地点211,校车,2014/08/29 20:16:49,1.0,436.55
24960,POS消费,地点211,校车,2014/08/29 20:16:59,1.0,435.55
24960,POS消费,地点211,校车,2014/08/29 20:17:05,1.0,434.55
24960,POS消费,地点1451,校车,2014/08/30 12:59:52,1.0,433.55
24960,POS消费,地点1451,校车,2014/08/30 13:00:01,1.0,432.55
24960,POS消费,地点1451,校车,2014/08/30 13:00:10,1.0,431.55
24960,POS消费,地点213,食堂,2014/08/30 13:38:28,0.15,431.4
24960,POS消费,地点21,开水,2014/08/31 17:14:12,3.0,428.4
24960,POS消费,地点1451,校车,2014/08/31 18:59:35,1.0,427.4
