24984,卡片开户,,,2014/07/16 15:04:16,0.0,0.0
24984,卡充值,,,2014/08/27 12:33:32,1000.0,1000.0
24984,POS消费,地点188,超市,2014/08/27 12:36:45,30.0,970.0
24984,POS消费,地点188,超市,2014/08/27 12:36:49,30.0,940.0
24984,POS消费,地点188,超市,2014/08/27 12:36:52,30.0,910.0
24984,POS消费,地点188,超市,2014/08/27 12:37:28,30.0,880.0
24984,POS消费,地点188,超市,2014/08/27 12:37:50,30.0,850.0
24984,POS消费,地点188,超市,2014/08/27 12:38:06,30.0,820.0
24984,POS消费,地点188,超市,2014/08/27 12:38:18,30.0,790.0
24984,POS消费,地点188,超市,2014/08/27 12:38:35,30.0,760.0
24984,POS消费,地点188,超市,2014/08/27 12:38:46,30.0,730.0
24984,POS消费,地点188,超市,2014/08/27 12:39:02,21.2,708.8
24984,POS消费,地点188,超市,2014/08/27 14:26:34,30.0,678.8
24984,POS消费,地点188,超市,2014/08/27 14:26:44,30.0,648.8
24984,POS消费,地点188,超市,2014/08/27 14:27:03,24.7,624.1
24984,POS消费,地点188,超市,2014/08/27 15:57:05,38.0,586.1
24984,POS消费,地点1442,校车,2014/08/27 17:23:03,1.0,585.1
24984,POS消费,地点61,食堂,2014/08/29 18:24:47,7.6,577.5
24984,POS消费,地点1955,淋浴,2014/08/29 20:07:56,0.1,577.4
24984,POS消费,地点1658,淋浴,2014/08/29 20:08:42,0.1,577.3
24984,POS消费,地点134,食堂,2014/08/30 11:54:56,8.6,568.7
24984,POS消费,地点61,食堂,2014/08/30 17:54:21,7.6,561.1
24984,POS消费,地点1658,淋浴,2014/08/30 20:50:19,0.4,560.7
24984,POS消费,地点69,食堂,2014/08/31 12:17:32,4.6,556.1
24984,POS消费,地点61,食堂,2014/08/31 17:01:35,5.8,550.3
24984,POS消费,地点26,图书馆,2014/08/31 21:06:38,0.3,550.0
24984,POS消费,地点1658,淋浴,2014/08/31 21:12:40,0.4,549.6
