24982,卡片开户,,,2014/07/16 13:43:03,0.0,0.0
24982,卡充值,,,2014/08/29 16:31:55,200.0,200.0
24982,POS消费,地点61,食堂,2014/08/29 18:26:36,7.6,192.4
24982,POS消费,地点1619,淋浴,2014/08/29 23:15:12,0.5,191.9
24982,POS消费,地点213,食堂,2014/08/30 10:33:49,0.3,191.6
24982,POS消费,地点188,超市,2014/08/30 10:40:42,22.0,169.6
24982,POS消费,地点1596,食堂,2014/08/30 11:54:44,4.6,165.0
24982,POS消费,地点21,开水,2014/08/30 11:55:36,1.2,163.8
24982,POS消费,地点134,食堂,2014/08/30 18:14:52,4.6,159.2
24982,POS消费,地点188,超市,2014/08/30 21:07:25,5.3,153.9
24982,POS消费,地点1619,淋浴,2014/08/30 22:04:55,0.6,153.3
24982,POS消费,地点69,食堂,2014/08/31 12:17:50,4.6,148.7
24982,POS消费,地点61,食堂,2014/08/31 17:03:12,5.8,142.9
24982,POS消费,地点21,开水,2014/08/31 19:54:13,24.0,118.9
