25004,卡片开户,,,2014/07/19 13:08:25,0.0,0.0
25004,卡充值,,,2014/08/28 17:05:42,200.0,200.0
25004,POS消费,地点1456,校车,2014/08/28 19:20:52,2.0,198.0
25004,POS消费,地点1456,校车,2014/08/28 19:21:01,2.0,196.0
25004,POS消费,地点1269,校车,2014/08/29 12:16:45,2.0,194.0
25004,POS消费,地点1269,校车,2014/08/29 12:16:52,2.0,192.0
25004,POS消费,地点1269,校车,2014/08/29 18:24:10,2.0,190.0
25004,POS消费,地点21,开水,2014/08/29 20:29:44,6.2,183.8
25004,POS消费,地点1585,淋浴,2014/08/30 07:20:51,0.01,183.79
25004,POS消费,地点1671,开水,2014/08/30 07:22:00,0.01,183.78
25004,POS消费,地点87,食堂,2014/08/30 07:57:38,3.0,180.78
25004,POS消费,地点87,食堂,2014/08/30 08:11:36,3.0,177.78
25004,POS消费,地点1448,校车,2014/08/30 08:25:11,1.0,176.78
25004,POS消费,地点1671,开水,2014/08/30 11:57:02,0.01,176.77
25004,POS消费,地点69,食堂,2014/08/30 12:48:27,1.0,174.17
25004,POS消费,地点61,食堂,2014/08/30 13:01:45,1.0,175.77
25004,POS消费,地点61,食堂,2014/08/30 13:02:00,0.6,175.17
25004,POS消费,地点213,食堂,2014/08/30 13:14:03,0.45,173.72
25004,POS消费,地点21,开水,2014/08/30 13:17:50,7.5,166.22
25004,POS消费,地点1585,淋浴,2014/08/30 18:12:44,0.01,166.21
25004,POS消费,地点1671,开水,2014/08/30 18:13:10,0.01,166.2
25004,POS消费,地点1671,开水,2014/08/30 18:28:36,0.01,166.19
25004,POS消费,地点1671,开水,2014/08/30 18:30:45,0.02,166.17
25004,POS消费,地点203,食堂,2014/08/30 18:51:46,7.5,158.67
25004,POS消费,地点124,食堂,2014/08/31 08:14:20,3.0,155.67
25004,POS消费,地点134,食堂,2014/08/31 08:46:04,0.8,154.87
25004,POS消费,地点1674,食堂,2014/08/31 11:38:04,3.0,151.87
25004,POS消费,地点1847,食堂,2014/08/31 11:39:14,3.0,148.87
25004,POS消费,地点1671,开水,2014/08/31 18:35:29,0.01,148.86
