25048,POS消费,地点12,文印中心,2014/07/03 11:53:31,0.13,1.09
25048,POS消费,地点12,文印中心,2014/07/03 11:53:31,0.0,0.0
25048,卡片开户,,,2014/07/17 09:06:05,0.0,0.0
25048,卡充值,,,2014/08/30 11:42:05,500.0,500.0
25048,POS消费,地点26,图书馆,2014/08/30 11:58:55,0.2,499.8
25048,POS消费,地点26,图书馆,2014/08/30 12:45:03,23.8,476.0
25048,POS消费,地点232,食堂,2014/08/30 17:37:09,10.0,466.0
25048,POS消费,地点232,食堂,2014/08/30 17:38:12,30.0,436.0
25048,POS消费,地点21,开水,2014/08/30 17:41:52,3.8,432.2
25048,POS消费,地点1658,淋浴,2014/08/30 23:04:14,0.7,431.5
25048,POS消费,地点1896,洗衣房,2014/08/30 23:20:43,3.6,427.9
25048,POS消费,地点1896,洗衣房,2014/08/31 00:21:15,3.6,424.3
25048,POS消费,地点1896,洗衣房,2014/08/31 00:29:14,-3.12,427.42
25048,POS消费,地点91,校车,2014/08/31 11:43:05,13.0,414.42
25048,POS消费,地点192,超市,2014/08/31 13:37:19,1.2,413.22
25048,POS消费,地点188,超市,2014/08/31 16:52:33,2.0,411.22
25048,POS消费,地点1955,淋浴,2014/08/31 23:05:41,0.5,410.72
