25102,卡片开户,,,2014/07/17 09:40:05,0.0,0.0
25102,卡充值,,,2014/08/30 10:07:58,500.0,500.0
25102,POS消费,地点21,开水,2014/08/30 11:43:57,4.6,495.4
25102,POS消费,地点1961,超市,2014/08/30 12:07:36,57.1,438.3
25102,POS消费,地点192,超市,2014/08/30 13:51:05,3.9,434.4
25102,POS消费,地点72,食堂,2014/08/30 18:34:05,4.6,429.8
25102,POS消费,地点26,图书馆,2014/08/30 20:43:53,16.3,413.5
25102,POS消费,地点1961,超市,2014/08/31 09:55:31,6.0,407.5
25102,POS消费,地点89,食堂,2014/08/31 11:33:09,4.5,403.0
25102,POS消费,地点188,超市,2014/08/31 18:19:27,1.0,402.0
