25138,卡片开户,,,2014/07/14 09:28:23,0.0,0.0
25138,卡充值,,,2014/08/29 12:12:53,200.0,200.0
25138,POS消费,地点232,食堂,2014/08/29 12:32:14,10.9,189.1
25138,POS消费,地点134,食堂,2014/08/29 17:58:31,8.6,180.5
25138,POS消费,地点1585,淋浴,2014/08/29 20:44:40,0.01,180.49
25138,POS消费,地点1585,淋浴,2014/08/29 20:45:27,0.01,180.48
25138,POS消费,地点1585,淋浴,2014/08/29 20:46:59,0.01,180.47
25138,POS消费,地点1658,淋浴,2014/08/29 21:09:12,0.7,179.77
25138,POS消费,地点87,食堂,2014/08/30 07:35:54,3.0,176.77
25138,POS消费,地点1585,淋浴,2014/08/30 11:07:57,0.01,176.76
25138,POS消费,地点1671,开水,2014/08/30 11:10:04,0.01,176.75
25138,POS消费,地点21,开水,2014/08/30 12:00:45,8.4,168.35
25138,POS消费,地点91,校车,2014/08/30 17:55:59,8.6,159.75
25138,POS消费,地点21,开水,2014/08/30 17:57:40,1.12,158.63
25138,POS消费,地点195,超市,2014/08/30 18:43:06,30.0,128.63
25138,POS消费,地点195,超市,2014/08/30 18:43:09,3.2,125.43
25138,POS消费,地点1619,淋浴,2014/08/30 22:10:34,0.7,124.73
25138,POS消费,地点1671,开水,2014/08/31 07:38:29,0.01,124.72
25138,POS消费,地点1671,开水,2014/08/31 07:41:04,0.01,124.71
25138,POS消费,地点1671,开水,2014/08/31 07:41:18,0.01,124.7
25138,POS消费,地点1700,食堂,2014/08/31 08:31:18,2.0,122.7
25138,POS消费,地点1700,食堂,2014/08/31 08:31:25,0.8,121.9
25138,POS消费,地点82,食堂,2014/08/31 11:56:15,10.3,111.6
25138,POS消费,地点70,食堂,2014/08/31 16:34:54,3.5,108.1
25138,POS消费,地点820,食堂,2014/08/31 16:42:50,5.6,102.5
25138,卡充值,,,2014/08/31 17:15:23,200.0,302.5
25138,POS消费,地点146,校车,2014/08/31 18:53:03,1.0,301.5
25138,POS消费,地点1642,淋浴,2014/08/31 20:39:33,0.1,301.4
25138,POS消费,地点1365,淋浴,2014/08/31 20:40:24,0.7,300.7
25138,POS消费,地点1671,开水,2014/08/31 22:26:42,0.01,300.69
