25150,卡片开户,,,2014/07/16 13:36:09,0.0,0.0
25150,卡充值,,,2014/08/28 21:01:51,50.0,50.0
25150,POS消费,地点1658,淋浴,2014/08/28 21:39:56,0.1,49.9
25150,POS消费,地点1658,淋浴,2014/08/28 21:40:10,1.1,48.8
25150,POS消费,地点1671,开水,2014/08/28 22:24:18,0.01,48.79
25150,POS消费,地点1671,开水,2014/08/29 07:46:38,0.01,48.78
25150,POS消费,地点21,开水,2014/08/29 08:32:56,16.2,32.58
25150,POS消费,地点59,食堂,2014/08/29 18:14:55,3.6,28.98
25150,POS消费,地点59,食堂,2014/08/29 18:15:28,5.1,23.88
25150,POS消费,地点59,食堂,2014/08/29 18:15:57,3.6,20.28
25150,POS消费,地点242,食堂,2014/08/29 18:36:10,0.4,19.88
25150,POS消费,地点243,食堂,2014/08/29 18:38:18,3.0,16.88
25150,POS消费,地点1671,开水,2014/08/30 07:03:06,0.01,16.87
25150,POS消费,地点1386,校车,2014/08/30 09:35:41,2.0,14.87
25150,POS消费,地点1386,校车,2014/08/30 09:35:47,2.0,12.87
25150,POS消费,地点1386,校车,2014/08/30 09:35:53,2.0,10.87
25150,卡充值,,,2014/08/30 14:03:45,300.0,310.87
25150,POS消费,地点213,食堂,2014/08/30 14:09:39,2.5,308.37
25150,POS消费,地点21,开水,2014/08/30 18:17:07,4.0,298.77
25150,POS消费,地点1658,淋浴,2014/08/31 10:20:09,1.0,297.77
25150,POS消费,地点213,食堂,2014/08/31 11:32:56,0.6,297.17
25150,POS消费,地点213,食堂,2014/08/31 11:33:28,1.2,295.97
25150,POS消费,地点87,食堂,2014/08/31 11:39:14,4.6,291.37
25150,POS消费,地点192,超市,2014/08/31 18:44:41,12.6,278.77
25150,POS消费,地点1671,开水,2014/08/31 18:54:45,0.01,278.76
