25164,卡片开户,,,2014/07/17 16:36:04,0.0,0.0
25164,卡充值,,,2014/08/28 20:56:24,400.0,400.0
25164,POS消费,地点1658,淋浴,2014/08/28 23:08:07,0.4,399.6
25164,POS消费,地点1896,洗衣房,2014/08/28 23:18:19,3.6,396.0
25164,POS消费,地点59,食堂,2014/08/29 11:18:31,3.0,390.8
25164,POS消费,地点21,开水,2014/08/29 11:29:31,2.2,393.8
25164,POS消费,地点1671,开水,2014/08/29 14:23:12,0.04,390.76
25164,POS消费,地点59,食堂,2014/08/29 18:06:26,4.5,384.31
25164,POS消费,地点21,开水,2014/08/29 18:17:55,1.95,388.81
25164,POS消费,地点192,超市,2014/08/29 19:41:18,29.1,355.21
25164,POS消费,地点1658,淋浴,2014/08/29 23:15:48,0.3,354.91
25164,POS消费,地点103,食堂,2014/08/30 08:53:19,2.8,352.11
25164,POS消费,地点21,开水,2014/08/30 11:54:30,2.8,349.31
25164,POS消费,地点260,食堂,2014/08/30 11:56:58,3.0,346.31
25164,POS消费,地点89,食堂,2014/08/30 18:35:58,4.5,341.81
25164,POS消费,地点21,开水,2014/08/30 18:43:07,12.7,329.11
25164,POS消费,地点21,开水,2014/08/30 18:44:41,4.7,324.41
25164,POS消费,地点1658,淋浴,2014/08/30 18:56:53,0.4,324.01
25164,POS消费,地点1671,开水,2014/08/31 08:21:59,0.02,323.99
25164,POS消费,地点134,食堂,2014/08/31 08:59:45,1.55,322.44
25164,POS消费,地点242,食堂,2014/08/31 11:09:03,3.6,318.84
25164,POS消费,地点134,食堂,2014/08/31 18:11:39,4.6,314.24
25164,POS消费,地点26,图书馆,2014/08/31 20:24:38,0.2,314.04
25164,POS消费,地点1658,淋浴,2014/08/31 20:27:44,0.3,313.74
