25222,卡片开户,,,2014/07/20 13:15:17,0.0,0.0
25222,卡充值,,,2014/08/29 18:15:03,300.0,300.0
25222,POS消费,地点184,食堂,2014/08/29 18:34:13,6.8,293.2
25222,POS消费,地点89,食堂,2014/08/30 07:53:04,3.0,290.2
25222,POS消费,地点89,食堂,2014/08/30 07:53:19,9.0,281.2
25222,POS消费,地点188,超市,2014/08/30 11:07:17,3.6,277.6
25222,POS消费,地点82,食堂,2014/08/30 12:32:52,8.6,269.0
25222,POS消费,地点82,食堂,2014/08/30 12:33:28,5.6,263.4
25222,卡充值,,,2014/08/30 12:47:19,1000.0,1263.4
25222,POS消费,地点204,食堂,2014/08/30 15:56:17,5.5,1257.9
25222,POS消费,地点1655,淋浴,2014/08/31 07:12:58,0.1,1257.6
25222,POS消费,地点1655,淋浴,2014/08/31 07:13:45,0.2,1257.7
25222,POS消费,地点65,食堂,2014/08/31 08:11:06,0.9,1256.7
25222,POS消费,地点283,食堂,2014/08/31 11:00:58,5.5,1251.2
25222,POS消费,地点188,超市,2014/08/31 12:42:27,2.5,1248.7
25222,卡片开户,,,2014/08/31 16:47:58,100.0,85.0
25222,卡挂失,,,2014/08/31 16:48:43,0.0,0.0
25222,POS消费,地点91,校车,2014/08/31 17:04:48,2.4,82.6
