25254,卡片开户,,,2014/07/19 15:33:43,0.0,0.0
25254,卡充值,,,2014/08/29 11:50:08,200.0,200.0
25254,POS消费,地点249,食堂,2014/08/29 12:06:16,10.6,189.4
25254,POS消费,地点249,食堂,2014/08/29 12:06:58,10.6,178.8
25254,POS消费,地点249,食堂,2014/08/29 12:07:22,10.6,168.2
25254,POS消费,地点218,食堂,2014/08/29 12:15:46,2.9,165.3
25254,POS消费,地点218,食堂,2014/08/29 12:15:51,1.0,164.3
25254,卡充值,,,2014/08/29 15:46:10,300.0,464.3
25254,POS消费,地点1575,开水,2014/08/29 18:09:27,0.08,464.22
25254,POS消费,地点1575,开水,2014/08/29 18:24:26,0.15,464.07
25254,POS消费,地点72,食堂,2014/08/29 18:43:11,8.6,455.47
25254,POS消费,地点1653,淋浴,2014/08/29 21:00:03,0.4,455.07
25254,POS消费,地点1653,淋浴,2014/08/29 21:09:58,0.1,454.97
25254,POS消费,地点1620,开水,2014/08/29 21:37:50,0.01,454.96
25254,POS消费,地点21,开水,2014/08/30 09:16:28,14.3,440.66
25254,POS消费,地点251,食堂,2014/08/30 11:42:10,1.8,438.86
25254,POS消费,地点21,开水,2014/08/30 11:45:23,5.0,433.86
25254,POS消费,地点1652,洗衣房,2014/08/30 16:17:01,3.6,430.26
25254,POS消费,地点1652,洗衣房,2014/08/31 06:50:51,3.6,426.66
25254,POS消费,地点69,食堂,2014/08/31 07:09:12,3.4,423.26
25254,POS消费,地点114,食堂,2014/08/31 07:11:48,3.0,420.26
25254,POS消费,地点1575,开水,2014/08/31 12:30:48,0.06,420.2
25254,POS消费,地点118,食堂,2014/08/31 13:55:29,4.5,415.7
25254,POS消费,地点83,食堂,2014/08/31 16:33:47,3.0,412.7
25254,POS消费,地点83,食堂,2014/08/31 16:37:31,3.0,409.7
25254,POS消费,地点1155,食堂,2014/08/31 17:54:09,1.5,408.2
