25284,卡片开户,,,2014/07/17 16:16:42,0.0,0.0
25284,卡充值,,,2014/08/28 12:21:29,300.0,300.0
25284,POS消费,地点192,超市,2014/08/28 12:31:39,30.0,270.0
25284,POS消费,地点192,超市,2014/08/28 12:31:42,30.0,240.0
25284,POS消费,地点192,超市,2014/08/28 12:31:45,30.0,210.0
25284,POS消费,地点192,超市,2014/08/28 12:32:00,30.0,180.0
25284,POS消费,地点192,超市,2014/08/28 12:32:08,30.0,150.0
25284,POS消费,地点192,超市,2014/08/28 12:32:18,30.0,120.0
25284,POS消费,地点192,超市,2014/08/28 12:32:24,30.0,90.0
25284,POS消费,地点192,超市,2014/08/28 12:32:34,1.2,88.8
25284,POS消费,地点192,超市,2014/08/28 17:54:18,17.4,71.4
25284,POS消费,地点192,超市,2014/08/29 12:38:56,30.0,41.4
25284,POS消费,地点192,超市,2014/08/29 12:39:19,16.4,25.0
25284,卡充值,,,2014/08/29 16:05:06,300.0,325.0
25284,POS消费,地点192,超市,2014/08/29 16:50:29,20.8,304.2
25284,POS消费,地点230,食堂,2014/08/29 17:54:30,5.0,299.2
25284,POS消费,地点230,食堂,2014/08/29 17:54:36,5.0,294.2
25284,POS消费,地点6,淋浴,2014/08/29 21:29:53,0.1,294.1
25284,POS消费,地点6,淋浴,2014/08/29 21:50:44,0.8,293.3
25284,POS消费,地点60,食堂,2014/08/30 07:50:20,0.8,292.5
25284,POS消费,地点89,食堂,2014/08/30 07:59:15,3.0,289.5
25284,POS消费,地点65,食堂,2014/08/30 12:00:58,11.6,277.9
25284,POS消费,地点192,超市,2014/08/30 12:29:57,2.8,275.1
25284,POS消费,地点1614,开水,2014/08/30 12:35:46,0.02,275.08
25284,POS消费,地点213,食堂,2014/08/30 16:02:42,0.3,274.78
25284,POS消费,地点1614,开水,2014/08/30 16:20:06,0.01,274.77
25284,POS消费,地点1614,开水,2014/08/30 16:22:43,0.01,274.76
25284,POS消费,地点91,校车,2014/08/30 17:24:48,8.0,266.76
25284,POS消费,地点1655,淋浴,2014/08/30 22:15:55,0.7,266.06
25284,POS消费,地点232,食堂,2014/08/31 07:44:07,6.6,259.46
25284,POS消费,地点203,食堂,2014/08/31 12:08:45,7.5,251.96
25284,POS消费,地点184,食堂,2014/08/31 18:22:55,2.6,249.36
25284,POS消费,地点192,超市,2014/08/31 18:28:07,2.8,246.56
25284,POS消费,地点6,淋浴,2014/08/31 19:21:34,0.6,245.96
