25312,卡片开户,,,2014/07/16 12:39:11,0.0,0.0
25312,卡充值,,,2014/08/27 17:03:43,200.0,200.0
25312,POS消费,地点21,开水,2014/08/27 18:20:26,4.6,195.4
25312,POS消费,地点21,开水,2014/08/27 18:20:42,4.6,190.8
25312,POS消费,地点21,开水,2014/08/27 19:38:07,19.8,171.0
25312,POS消费,地点21,开水,2014/08/27 19:54:50,30.0,141.0
25312,POS消费,地点21,开水,2014/08/27 19:54:53,4.9,136.1
25312,POS消费,地点1614,开水,2014/08/27 22:12:52,0.06,136.04
25312,POS消费,地点89,食堂,2014/08/28 08:17:16,3.0,133.04
25312,POS消费,地点89,食堂,2014/08/28 08:17:25,3.0,130.04
25312,POS消费,地点89,食堂,2014/08/28 08:20:23,4.0,126.04
25312,POS消费,地点61,食堂,2014/08/28 12:48:31,8.6,117.44
25312,POS消费,地点61,食堂,2014/08/28 12:48:49,8.6,108.84
25312,POS消费,地点87,食堂,2014/08/28 17:37:59,4.6,104.24
25312,POS消费,地点87,食堂,2014/08/28 17:38:11,4.6,99.64
25312,POS消费,地点1614,开水,2014/08/28 21:14:24,0.05,99.59
25312,POS消费,地点6,淋浴,2014/08/28 22:05:24,0.4,99.19
25312,POS消费,地点1614,开水,2014/08/29 07:43:52,0.07,99.12
25312,POS消费,地点87,食堂,2014/08/29 08:11:19,6.0,93.12
25312,POS消费,地点91,校车,2014/08/29 11:02:29,6.1,87.02
25312,POS消费,地点21,开水,2014/08/29 11:03:07,6.1,80.92
25312,POS消费,地点21,开水,2014/08/29 11:37:11,2.0,78.92
25312,POS消费,地点21,开水,2014/08/29 11:37:13,3.0,75.92
25312,POS消费,地点82,食堂,2014/08/29 18:00:04,8.6,70.32
25312,POS消费,地点6,淋浴,2014/08/29 21:06:57,0.6,69.42
25312,POS消费,地点1614,开水,2014/08/29 21:27:42,0.05,69.37
25312,POS消费,地点89,食堂,2014/08/30 07:33:36,3.0,66.37
25312,POS消费,地点89,食堂,2014/08/30 07:33:42,3.0,63.37
25312,POS消费,地点21,开水,2014/08/30 12:13:38,6.6,56.77
25312,POS消费,地点21,开水,2014/08/30 17:37:13,6.5,50.27
25312,POS消费,地点1656,淋浴,2014/08/30 21:36:44,0.1,50.17
25312,POS消费,地点1656,淋浴,2014/08/30 21:38:35,0.4,49.77
25312,POS消费,地点65,食堂,2014/08/31 08:03:26,0.9,48.87
25312,POS消费,地点21,开水,2014/08/31 11:18:06,6.0,42.87
25312,POS消费,地点21,开水,2014/08/31 11:18:11,0.6,42.27
25312,POS消费,地点21,开水,2014/08/31 11:28:39,7.3,34.97
25312,POS消费,地点6,淋浴,2014/08/31 19:32:33,0.3,34.47
25312,POS消费,地点6,淋浴,2014/08/31 19:32:42,0.2,34.77
