25314,卡片开户,,,2014/07/16 15:15:57,0.0,0.0
25314,卡充值,,,2014/08/28 16:46:49,1000.0,1000.0
25314,POS消费,地点21,开水,2014/08/28 16:58:37,4.4,995.6
25314,POS消费,地点21,开水,2014/08/28 16:59:01,4.6,991.0
25314,POS消费,地点21,开水,2014/08/28 16:59:05,4.6,986.4
25314,POS消费,地点21,开水,2014/08/28 19:55:26,51.5,934.9
25314,POS消费,地点232,食堂,2014/08/29 11:22:23,22.0,912.9
25314,POS消费,地点232,食堂,2014/08/29 11:25:49,10.9,902.0
25314,POS消费,地点1847,食堂,2014/08/29 11:37:23,3.0,899.0
25314,POS消费,地点232,食堂,2014/08/30 12:02:10,10.0,889.0
25314,POS消费,地点21,开水,2014/08/30 12:07:24,5.0,884.0
25314,POS消费,地点232,食堂,2014/08/30 17:35:12,10.0,874.0
25314,POS消费,地点72,食堂,2014/08/31 07:32:28,3.6,870.4
25314,POS消费,地点21,开水,2014/08/31 08:30:54,2.3,868.1
25314,POS消费,地点195,超市,2014/08/31 08:39:26,28.0,840.1
25314,POS消费,地点188,超市,2014/08/31 11:41:25,16.3,823.8
25314,POS消费,地点1634,开水,2014/08/31 11:47:42,0.01,823.79
25314,POS消费,地点192,超市,2014/08/31 16:42:01,1.0,822.79
25314,POS消费,地点264,食堂,2014/08/31 16:56:20,5.6,817.19
25314,POS消费,地点1588,食堂,2014/08/31 17:09:55,3.0,814.19
