25444,卡片开户,,,2014/07/19 13:00:22,0.0,0.0
25444,卡充值,,,2014/08/29 16:13:45,300.0,300.0
25444,POS消费,地点1632,开水,2014/08/30 11:41:22,0.08,299.92
25444,POS消费,地点146,校车,2014/08/30 16:03:38,1.0,298.92
25444,POS消费,地点21,开水,2014/08/30 17:06:13,1.5,295.22
25444,POS消费,地点21,开水,2014/08/30 17:17:43,2.2,296.72
25444,POS消费,地点1624,淋浴,2014/08/31 00:04:38,0.6,294.62
25444,POS消费,地点1632,开水,2014/08/31 07:56:10,0.06,294.56
25444,POS消费,地点184,食堂,2014/08/31 08:53:36,5.3,289.26
25444,POS消费,地点314,食堂,2014/08/31 11:05:45,28.0,261.26
25444,POS消费,地点232,食堂,2014/08/31 11:38:20,8.0,253.26
25444,POS消费,地点1847,食堂,2014/08/31 12:08:58,4.0,249.26
25444,POS消费,地点213,食堂,2014/08/31 16:36:03,1.3,247.96
25444,POS消费,地点219,超市,2014/08/31 18:19:56,4.5,243.46
25444,POS消费,地点204,食堂,2014/08/31 21:09:50,5.5,237.96
