25462,卡片开户,,,2014/07/15 13:21:24,0.0,0.0
25462,卡充值,,,2014/08/29 16:15:09,100.0,100.0
25462,POS消费,地点188,超市,2014/08/29 20:44:01,38.9,61.1
25462,POS消费,地点1624,淋浴,2014/08/29 23:24:04,1.2,59.9
25462,POS消费,地点195,超市,2014/08/30 09:44:21,30.0,29.9
25462,POS消费,地点195,超市,2014/08/30 09:44:24,3.5,26.4
25462,POS消费,地点188,超市,2014/08/30 20:57:06,21.1,5.3
25462,POS消费,地点1631,开水,2014/08/30 21:05:09,0.04,5.26
25462,卡充值,,,2014/08/31 11:46:31,150.0,155.26
25462,POS消费,地点65,食堂,2014/08/31 11:56:18,14.6,140.66
25462,POS消费,地点248,超市,2014/08/31 16:27:24,4.6,136.06
25462,POS消费,地点21,开水,2014/08/31 16:32:17,1.5,134.56
