25532,卡片开户,,,2014/07/16 12:00:11,0.0,0.0
25532,卡充值,,,2014/08/26 16:52:53,500.0,500.0
25532,POS消费,地点1451,校车,2014/08/27 14:42:07,1.0,499.0
25532,POS消费,地点1451,校车,2014/08/27 14:42:14,1.0,498.0
25532,POS消费,地点21,开水,2014/08/27 20:29:03,31.8,466.2
25532,POS消费,地点65,食堂,2014/08/28 08:35:56,0.5,465.7
25532,POS消费,地点21,开水,2014/08/28 10:47:57,8.6,457.1
25532,POS消费,地点21,开水,2014/08/28 18:55:17,8.6,448.5
25532,POS消费,地点314,食堂,2014/08/29 15:19:20,30.0,418.5
25532,POS消费,地点314,食堂,2014/08/29 15:19:23,5.5,413.0
25532,POS消费,地点1632,开水,2014/08/29 18:23:12,0.01,412.99
25532,POS消费,地点1632,开水,2014/08/29 18:23:23,0.02,412.97
25532,POS消费,地点188,超市,2014/08/29 18:35:55,25.3,387.67
25532,POS消费,地点1625,淋浴,2014/08/29 19:10:19,0.1,387.57
25532,POS消费,地点1625,淋浴,2014/08/29 19:13:38,0.1,387.47
25532,POS消费,地点1625,淋浴,2014/08/29 19:14:01,0.1,387.37
25532,POS消费,地点1625,淋浴,2014/08/29 19:18:07,0.1,387.27
25532,POS消费,地点1900,洗衣房,2014/08/29 19:24:45,3.6,383.67
25532,POS消费,地点1900,洗衣房,2014/08/29 19:24:45,-3.54,387.21
25532,POS消费,地点1900,洗衣房,2014/08/29 19:25:26,3.6,383.61
25532,POS消费,地点60,食堂,2014/08/30 09:00:59,0.7,382.91
25532,POS消费,地点21,开水,2014/08/30 09:14:09,2.7,380.21
25532,POS消费,地点69,食堂,2014/08/30 17:23:43,4.6,375.61
25532,POS消费,地点1631,开水,2014/08/30 21:23:05,0.02,375.58
25532,POS消费,地点1631,开水,2014/08/30 21:23:20,0.01,375.6
25532,POS消费,地点1631,开水,2014/08/30 21:25:41,0.01,375.57
25532,POS消费,地点1632,开水,2014/08/30 21:26:22,0.08,375.49
25532,POS消费,地点60,食堂,2014/08/31 08:32:54,0.5,374.99
25532,POS消费,地点253,食堂,2014/08/31 11:40:28,6.3,368.69
25532,POS消费,地点65,食堂,2014/08/31 17:14:30,8.6,360.09
25532,POS消费,地点219,超市,2014/08/31 17:46:34,2.0,358.09
25532,POS消费,地点219,超市,2014/08/31 18:01:12,2.0,356.09
