25584,卡片开户,,,2014/07/16 15:28:14,0.0,0.0
25584,卡充值,,,2014/08/30 10:02:02,500.0,500.0
25584,POS消费,地点356,开水,2014/08/30 11:27:38,0.01,499.99
25584,POS消费,地点69,食堂,2014/08/30 17:33:55,10.4,489.59
25584,POS消费,地点69,食堂,2014/08/30 17:34:21,10.4,479.19
25584,POS消费,地点377,淋浴,2014/08/30 21:40:08,0.5,478.69
25584,POS消费,地点21,开水,2014/08/31 07:30:04,2.6,476.09
25584,POS消费,地点21,开水,2014/08/31 07:30:10,0.8,475.29
25584,POS消费,地点283,食堂,2014/08/31 11:16:08,8.0,467.29
25584,POS消费,地点114,食堂,2014/08/31 11:33:38,5.0,462.29
25584,POS消费,地点21,开水,2014/08/31 16:43:46,10.7,451.59
25584,POS消费,地点408,淋浴,2014/08/31 20:30:51,1.0,450.59
