25674,卡片开户,,,2014/07/17 09:43:21,0.0,0.0
25674,卡充值,,,2014/08/28 17:59:54,100.0,100.0
25674,POS消费,地点21,开水,2014/08/28 18:04:28,9.2,90.8
25674,POS消费,地点192,超市,2014/08/28 18:33:21,4.5,86.3
25674,POS消费,地点192,超市,2014/08/28 19:38:33,2.5,83.8
25674,POS消费,地点1625,淋浴,2014/08/28 23:20:17,0.7,83.1
25674,POS消费,地点89,食堂,2014/08/29 08:53:06,3.0,80.1
25674,POS消费,地点192,超市,2014/08/29 11:14:19,0.5,79.6
25674,卡充值,,,2014/08/29 12:11:47,500.0,579.58
25674,POS消费,地点65,食堂,2014/08/29 12:25:00,8.6,570.98
25674,POS消费,地点65,食堂,2014/08/29 12:25:19,8.6,562.38
25674,POS消费,地点65,食堂,2014/08/29 12:26:04,8.0,554.38
25674,POS消费,地点65,食堂,2014/08/29 12:26:08,0.6,553.78
25674,POS消费,地点1632,开水,2014/08/29 14:20:30,0.02,79.58
25674,POS消费,地点188,超市,2014/08/29 15:16:41,21.5,532.28
25674,POS消费,地点1893,淋浴,2014/08/29 17:56:26,0.4,531.88
25674,POS消费,地点1900,洗衣房,2014/08/29 18:15:42,3.6,528.28
25674,POS消费,地点1632,开水,2014/08/29 18:40:24,0.01,528.27
25674,POS消费,地点1632,开水,2014/08/29 18:41:04,0.01,528.26
25674,POS消费,地点21,开水,2014/08/30 08:24:08,3.4,524.86
25674,POS消费,地点192,超市,2014/08/30 08:30:54,30.0,494.86
25674,POS消费,地点192,超市,2014/08/30 08:30:58,30.0,464.86
25674,POS消费,地点192,超市,2014/08/30 08:31:02,10.1,454.76
25674,POS消费,地点1631,开水,2014/08/30 08:49:53,0.09,454.67
25674,POS消费,地点248,超市,2014/08/30 11:59:15,5.1,449.57
25674,POS消费,地点21,开水,2014/08/30 12:04:06,2.9,446.67
25674,POS消费,地点89,食堂,2014/08/30 18:05:07,4.5,442.17
25674,POS消费,地点188,超市,2014/08/30 18:20:59,11.9,430.27
25674,POS消费,地点65,食堂,2014/08/31 07:42:17,0.8,429.47
25674,POS消费,地点69,食堂,2014/08/31 07:47:41,2.6,426.87
25674,POS消费,地点232,食堂,2014/08/31 11:13:31,8.0,418.87
25674,POS消费,地点188,超市,2014/08/31 11:50:29,3.3,415.57
25674,POS消费,地点1632,开水,2014/08/31 12:02:38,0.09,415.48
25674,POS消费,地点1625,淋浴,2014/08/31 18:48:58,0.2,415.28
25674,POS消费,地点1625,淋浴,2014/08/31 18:51:51,0.4,414.88
