25738,卡片开户,,,2014/07/19 10:18:26,0.0,0.0
25738,卡充值,,,2014/08/28 17:30:12,200.0,200.0
25738,POS消费,地点87,食堂,2014/08/29 12:15:18,4.6,195.4
25738,POS消费,地点87,食堂,2014/08/29 12:16:05,4.6,190.8
25738,POS消费,地点87,食堂,2014/08/29 12:20:29,4.6,186.2
25738,POS消费,地点161,食堂,2014/08/29 18:43:21,4.6,164.4
25738,POS消费,地点61,食堂,2014/08/29 18:54:55,8.6,177.6
25738,POS消费,地点61,食堂,2014/08/29 18:55:10,8.6,169.0
25738,POS消费,地点21,开水,2014/08/29 20:49:36,30.0,134.4
25738,POS消费,地点21,开水,2014/08/29 20:49:40,3.4,131.0
25738,POS消费,地点21,开水,2014/08/29 20:56:12,8.8,122.2
25738,POS消费,地点69,食堂,2014/08/30 07:36:04,2.4,119.8
25738,POS消费,地点87,食堂,2014/08/30 07:36:31,2.0,117.8
25738,POS消费,地点87,食堂,2014/08/30 07:41:08,2.0,111.0
25738,POS消费,地点61,食堂,2014/08/30 07:53:31,4.8,113.0
25738,POS消费,地点1386,校车,2014/08/30 09:39:34,2.0,109.0
25738,POS消费,地点1386,校车,2014/08/30 09:39:44,2.0,107.0
25738,POS消费,地点1386,校车,2014/08/30 09:39:50,2.0,105.0
25738,POS消费,地点72,食堂,2014/08/30 12:58:57,5.0,100.0
25738,POS消费,地点72,食堂,2014/08/30 12:59:21,4.6,95.4
25738,POS消费,地点72,食堂,2014/08/30 18:07:34,4.6,90.8
25738,POS消费,地点1625,淋浴,2014/08/30 22:24:53,0.4,90.4
25738,POS消费,地点61,食堂,2014/08/31 08:36:42,2.2,88.2
25738,POS消费,地点204,食堂,2014/08/31 11:04:39,5.5,82.7
25738,POS消费,地点21,开水,2014/08/31 11:19:56,13.2,69.5
25738,POS消费,地点264,食堂,2014/08/31 16:46:00,5.6,63.9
25738,POS消费,地点21,开水,2014/08/31 16:59:04,1.2,62.7
