25752,卡片开户,,,2014/07/16 15:01:00,0.0,0.0
25752,卡充值,,,2014/08/29 11:29:08,1000.0,1000.0
25752,POS消费,地点21,开水,2014/08/29 11:40:25,25.2,974.8
25752,POS消费,地点21,开水,2014/08/29 11:41:34,20.6,954.2
25752,POS消费,地点21,开水,2014/08/29 11:42:29,23.4,930.8
25752,POS消费,地点82,食堂,2014/08/29 18:20:34,4.1,926.7
25752,POS消费,地点1625,淋浴,2014/08/29 22:41:57,1.1,925.6
25752,POS消费,地点188,超市,2014/08/30 08:39:59,16.0,909.6
25752,POS消费,地点168,食堂,2014/08/30 11:10:31,5.5,904.1
25752,POS消费,地点237,食堂,2014/08/30 18:01:44,3.1,901.0
25752,POS消费,地点1894,淋浴,2014/08/30 23:16:48,1.3,899.7
25752,POS消费,地点1631,开水,2014/08/31 06:05:53,0.08,899.62
25752,POS消费,地点1894,淋浴,2014/08/31 06:19:14,0.5,899.12
25752,POS消费,地点69,食堂,2014/08/31 07:35:12,4.6,893.72
25752,POS消费,地点60,食堂,2014/08/31 07:37:32,0.8,898.32
25752,POS消费,地点168,食堂,2014/08/31 18:06:06,5.5,888.22
25752,POS消费,地点314,食堂,2014/08/31 18:51:30,48.5,839.72
25752,POS消费,地点1894,淋浴,2014/08/31 21:51:36,1.2,838.52
