25778,卡片开户,,,2014/07/16 10:55:13,0.0,0.0
25778,卡充值,,,2014/08/26 16:29:46,1000.0,1000.0
25778,POS消费,地点21,开水,2014/08/26 16:46:21,30.0,970.0
25778,POS消费,地点21,开水,2014/08/26 16:46:25,10.7,959.3
25778,POS消费,地点21,开水,2014/08/26 16:59:58,4.0,955.3
25778,POS消费,地点21,开水,2014/08/26 18:05:48,5.5,949.8
25778,POS消费,地点21,开水,2014/08/26 18:31:15,9.5,940.3
25778,POS消费,地点192,超市,2014/08/27 11:01:05,30.0,910.3
25778,POS消费,地点192,超市,2014/08/27 11:01:08,30.0,880.3
25778,POS消费,地点192,超市,2014/08/27 11:01:13,30.0,850.3
25778,POS消费,地点192,超市,2014/08/27 11:01:41,30.0,820.3
25778,POS消费,地点192,超市,2014/08/27 11:01:54,23.8,796.5
25778,POS消费,地点192,超市,2014/08/27 11:02:17,30.0,766.5
25778,POS消费,地点192,超市,2014/08/27 11:02:26,9.0,757.5
25778,POS消费,地点188,超市,2014/08/27 11:30:53,3.0,754.5
25778,卡充值,,,2014/08/27 12:32:36,500.0,1254.5
25778,POS消费,地点72,食堂,2014/08/28 12:36:46,10.6,1243.9
25778,POS消费,地点161,食堂,2014/08/28 12:37:31,10.2,1233.7
25778,POS消费,地点72,食堂,2014/08/28 12:38:59,8.6,1225.1
25778,POS消费,地点188,超市,2014/08/28 15:19:25,1.5,1223.6
25778,POS消费,地点188,超市,2014/08/28 15:47:33,7.8,1215.8
25778,POS消费,地点72,食堂,2014/08/28 17:00:29,9.6,1192.0
25778,POS消费,地点21,开水,2014/08/28 17:10:16,6.6,1209.2
25778,POS消费,地点21,开水,2014/08/28 17:13:25,7.6,1201.6
25778,POS消费,地点1614,开水,2014/08/28 18:47:48,0.04,1191.96
25778,POS消费,地点1614,开水,2014/08/28 18:50:57,0.08,1191.88
25778,POS消费,地点1656,淋浴,2014/08/28 18:58:38,0.1,1191.68
25778,POS消费,地点1656,淋浴,2014/08/28 19:03:54,0.1,1191.58
25778,POS消费,地点1656,淋浴,2014/08/28 19:05:49,0.1,1191.48
25778,POS消费,地点1656,淋浴,2014/08/28 19:06:47,0.1,1191.38
25778,POS消费,地点6,淋浴,2014/08/28 19:09:21,0.1,1191.28
25778,POS消费,地点1655,淋浴,2014/08/28 19:10:29,0.1,1191.18
25778,POS消费,地点1656,淋浴,2014/08/28 19:11:22,0.1,1191.08
25778,POS消费,地点1656,淋浴,2014/08/28 19:14:15,1.1,1189.98
25778,POS消费,地点188,超市,2014/08/28 19:42:56,8.2,1181.78
25778,POS消费,地点260,食堂,2014/08/29 12:19:36,2.0,1179.78
25778,POS消费,地点239,食堂,2014/08/29 12:19:41,3.5,1175.68
25778,POS消费,地点260,食堂,2014/08/29 12:19:43,0.6,1179.18
25778,POS消费,地点1656,淋浴,2014/08/29 14:32:24,1.7,1173.98
25778,POS消费,地点1614,开水,2014/08/29 16:13:32,0.01,1173.97
25778,POS消费,地点1614,开水,2014/08/30 08:46:14,0.01,1173.96
25778,POS消费,地点87,食堂,2014/08/30 09:02:51,3.0,1170.96
25778,POS消费,地点314,食堂,2014/08/30 09:23:21,29.2,1141.76
25778,POS消费,地点89,食堂,2014/08/30 12:28:13,4.5,1137.26
25778,POS消费,地点1656,淋浴,2014/08/30 17:30:21,1.2,1136.06
25778,POS消费,地点168,食堂,2014/08/30 17:54:53,6.5,1129.56
25778,POS消费,地点239,食堂,2014/08/31 11:30:49,3.7,1122.26
25778,POS消费,地点61,食堂,2014/08/31 11:31:41,3.6,1125.96
25778,POS消费,地点21,开水,2014/08/31 11:41:08,1.9,1120.36
25778,POS消费,地点1656,淋浴,2014/08/31 18:57:24,1.0,1119.36
