25820,卡片开户,,,2014/07/16 15:29:59,0.0,0.0
25820,卡充值,,,2014/08/28 18:47:08,1000.0,1000.0
25820,POS消费,地点21,开水,2014/08/29 11:45:39,4.1,995.9
25820,POS消费,地点21,开水,2014/08/29 11:46:04,4.1,991.8
25820,POS消费,地点21,开水,2014/08/29 11:46:33,3.9,987.9
25820,POS消费,地点1847,食堂,2014/08/29 11:54:54,6.0,971.4
25820,POS消费,地点179,食堂,2014/08/29 12:00:24,4.0,983.9
25820,POS消费,地点236,食堂,2014/08/29 12:04:03,6.5,977.4
25820,卡充值,,,2014/08/29 13:09:16,1000.0,1971.4
25820,POS消费,地点1405,校车,2014/08/29 14:54:17,2.0,1969.4
25820,POS消费,地点1405,校车,2014/08/29 14:54:24,2.0,1967.4
25820,POS消费,地点1405,校车,2014/08/29 14:54:32,2.0,1965.4
25820,POS消费,地点243,食堂,2014/08/30 12:40:59,5.9,1944.5
25820,POS消费,地点230,食堂,2014/08/30 12:42:17,15.0,1950.4
25820,POS消费,地点282,食堂,2014/08/30 17:09:36,11.0,1933.5
25820,POS消费,地点203,食堂,2014/08/30 17:11:16,5.5,1928.0
25820,POS消费,地点204,食堂,2014/08/31 09:23:31,6.5,1921.5
25820,POS消费,地点91,校车,2014/08/31 12:24:50,5.5,1916.0
25820,POS消费,地点1155,食堂,2014/08/31 20:34:36,5.0,1911.0
25820,POS消费,地点31,淋浴,2014/08/31 22:35:15,0.1,1910.9
25820,POS消费,地点44,淋浴,2014/08/31 22:41:34,0.5,1910.4
