25850,卡片开户,,,2014/07/19 15:57:03,0.0,0.0
25850,卡充值,,,2014/08/29 13:01:47,600.0,600.0
25850,POS消费,地点72,食堂,2014/08/29 13:59:31,8.6,591.4
25850,POS消费,地点72,食堂,2014/08/29 13:59:58,8.6,582.8
25850,POS消费,地点26,图书馆,2014/08/30 08:48:35,4.5,578.3
25850,POS消费,地点26,图书馆,2014/08/30 08:48:39,30.0,548.3
25850,POS消费,地点26,图书馆,2014/08/30 08:48:43,30.0,518.3
25850,POS消费,地点157,食堂,2014/08/30 12:25:03,5.6,512.7
25850,POS消费,地点168,食堂,2014/08/30 21:03:53,4.5,508.2
25850,POS消费,地点203,食堂,2014/08/31 08:02:06,6.5,501.7
25850,POS消费,地点50,洗衣房,2014/08/31 21:54:10,3.6,498.1
25850,POS消费,地点186,开水,2014/08/31 22:52:19,0.05,498.05
