25894,POS消费,地点26,图书馆,2014/07/02 18:04:32,0.0,0.0
25894,POS消费,地点26,图书馆,2014/07/02 18:04:32,0.11,1.72
25894,卡片开户,,,2014/07/17 16:30:26,0.0,0.0
25894,更新卡信息,,,2014/07/17 16:44:49,0.0,0.0
25894,卡充值,,,2014/08/29 12:24:52,800.0,800.0
25894,POS消费,地点233,食堂,2014/08/29 12:30:18,3.6,796.4
25894,POS消费,地点233,食堂,2014/08/29 12:31:26,9.6,783.8
25894,POS消费,地点182,食堂,2014/08/29 12:33:30,3.0,793.4
25894,POS消费,地点26,图书馆,2014/08/29 15:38:30,28.0,755.8
25894,POS消费,地点822,食堂,2014/08/29 18:02:13,7.8,741.5
25894,POS消费,地点168,食堂,2014/08/29 18:02:17,5.5,750.3
25894,POS消费,地点168,食堂,2014/08/29 18:02:21,1.0,749.3
25894,POS消费,地点225,食堂,2014/08/29 18:02:33,1.5,740.0
25894,POS消费,地点225,食堂,2014/08/29 18:02:59,1.0,739.0
25894,POS消费,地点6,淋浴,2014/08/30 08:59:38,4.0,735.0
25894,POS消费,地点314,食堂,2014/08/30 11:25:32,30.0,705.0
25894,POS消费,地点314,食堂,2014/08/30 11:25:36,9.4,695.6
25894,POS消费,地点21,开水,2014/08/30 12:22:53,7.6,688.0
25894,POS消费,地点21,开水,2014/08/30 12:29:51,27.7,660.3
25894,POS消费,地点26,图书馆,2014/08/30 15:51:59,8.4,651.9
25894,POS消费,地点232,食堂,2014/08/30 17:53:37,3.0,648.9
25894,POS消费,地点526,食堂,2014/08/30 20:02:36,7.0,641.9
25894,POS消费,地点161,食堂,2014/08/31 08:15:22,1.6,640.3
25894,POS消费,地点161,食堂,2014/08/31 08:15:36,2.8,637.5
25894,POS消费,地点21,开水,2014/08/31 08:29:59,0.8,636.7
25894,POS消费,地点89,食堂,2014/08/31 12:10:27,3.0,633.7
25894,POS消费,地点1588,食堂,2014/08/31 18:27:46,5.3,628.4
25894,POS消费,地点1847,食堂,2014/08/31 18:29:04,4.3,624.1
