25902,卡片开户,,,2014/07/19 11:22:20,0.0,0.0
25902,卡充值,,,2014/08/29 13:39:34,200.0,200.0
25902,POS消费,地点218,食堂,2014/08/29 16:26:59,3.6,196.4
25902,POS消费,地点218,食堂,2014/08/29 16:27:31,4.7,191.7
25902,POS消费,地点1451,校车,2014/08/30 10:53:42,1.0,190.7
25902,POS消费,地点264,食堂,2014/08/30 12:18:01,5.6,185.1
25902,POS消费,地点234,食堂,2014/08/30 12:43:32,5.0,180.1
25902,POS消费,地点218,食堂,2014/08/30 12:47:09,5.9,174.2
25902,POS消费,地点1447,校车,2014/08/30 16:39:30,1.0,173.2
25902,POS消费,地点69,食堂,2014/08/30 18:00:58,10.6,162.6
25902,POS消费,地点21,开水,2014/08/30 18:04:14,4.2,158.4
25902,POS消费,地点6,淋浴,2014/08/31 08:04:22,2.6,155.8
25902,POS消费,地点237,食堂,2014/08/31 11:02:49,3.4,145.5
25902,POS消费,地点82,食堂,2014/08/31 11:15:26,6.9,148.9
25902,POS消费,地点188,超市,2014/08/31 16:38:09,9.9,135.6
25902,POS消费,地点234,食堂,2014/08/31 18:20:02,7.6,128.0
25902,POS消费,地点1847,食堂,2014/08/31 18:33:31,3.0,125.0
