25944,卡片开户,,,2014/07/14 09:49:08,0.0,0.0
25944,卡充值,,,2014/08/28 14:58:21,500.0,500.0
25944,POS消费,地点192,超市,2014/08/28 19:15:26,30.0,470.0
25944,POS消费,地点192,超市,2014/08/28 19:15:30,25.3,444.7
25944,POS消费,地点195,超市,2014/08/30 10:05:59,30.0,414.7
25944,POS消费,地点195,超市,2014/08/30 10:06:02,30.0,384.7
25944,POS消费,地点195,超市,2014/08/30 10:06:05,16.5,368.2
25944,POS消费,地点1447,校车,2014/08/30 10:41:39,1.0,367.2
25944,POS消费,地点222,校车,2014/08/30 13:21:03,1.0,366.2
25944,POS消费,地点168,食堂,2014/08/31 09:03:31,5.5,360.7
25944,POS消费,地点91,校车,2014/08/31 17:23:13,10.6,350.1
25944,POS消费,地点254,食堂,2014/08/31 17:41:26,24.0,326.1
