25990,卡片开户,,,2014/07/20 13:05:24,0.0,0.0
25990,卡充值,,,2014/08/28 15:54:35,500.0,500.0
25990,POS消费,地点21,开水,2014/08/28 17:39:03,6.6,493.4
25990,POS消费,地点21,开水,2014/08/28 17:39:27,6.6,486.8
25990,POS消费,地点69,食堂,2014/08/29 07:21:23,0.6,486.2
25990,POS消费,地点69,食堂,2014/08/29 07:21:38,4.2,482.0
25990,POS消费,地点60,食堂,2014/08/29 07:31:28,1.6,480.4
25990,POS消费,地点21,开水,2014/08/29 09:37:38,30.0,450.4
25990,POS消费,地点21,开水,2014/08/29 09:37:42,30.0,420.4
25990,POS消费,地点21,开水,2014/08/29 09:37:45,1.7,418.7
25990,POS消费,地点1847,食堂,2014/08/29 12:16:33,1.0,396.5
25990,POS消费,地点1596,食堂,2014/08/29 12:27:03,21.2,397.5
25990,POS消费,地点269,食堂,2014/08/29 17:53:31,12.6,383.9
25990,POS消费,地点269,食堂,2014/08/29 17:54:24,8.6,375.3
25990,POS消费,地点69,食堂,2014/08/30 12:06:17,9.6,365.7
25990,POS消费,地点69,食堂,2014/08/30 12:06:47,8.6,357.1
25990,POS消费,地点87,食堂,2014/08/31 08:04:23,3.0,354.1
25990,POS消费,地点26,图书馆,2014/08/31 09:06:16,10.0,344.1
25990,POS消费,地点65,食堂,2014/08/31 11:48:14,8.6,335.5
25990,POS消费,地点65,食堂,2014/08/31 11:48:39,8.6,326.9
25990,POS消费,地点91,校车,2014/08/31 17:39:56,7.1,319.8
25990,POS消费,地点21,开水,2014/08/31 17:41:44,1.0,318.8
25990,POS消费,地点31,淋浴,2014/08/31 21:02:03,0.1,318.7
