26024,卡片开户,,,2014/07/16 13:30:07,0.0,0.0
26024,卡充值,,,2014/08/27 19:38:06,600.0,600.0
26024,POS消费,地点188,超市,2014/08/27 20:48:22,26.7,573.3
26024,POS消费,地点188,超市,2014/08/27 20:48:33,100.0,473.3
26024,POS消费,地点21,开水,2014/08/28 17:28:15,4.6,468.7
26024,POS消费,地点192,超市,2014/08/28 17:45:37,7.4,461.3
26024,POS消费,地点192,超市,2014/08/28 20:23:58,30.0,431.3
26024,POS消费,地点192,超市,2014/08/28 20:24:02,30.0,401.3
26024,POS消费,地点192,超市,2014/08/28 20:24:11,18.5,382.8
26024,POS消费,地点269,食堂,2014/08/29 11:14:54,7.8,375.0
26024,POS消费,地点314,食堂,2014/08/29 13:20:32,30.0,345.0
26024,POS消费,地点314,食堂,2014/08/29 13:20:36,1.7,343.3
26024,POS消费,地点188,超市,2014/08/29 13:41:37,3.9,339.4
26024,POS消费,地点192,超市,2014/08/29 15:56:44,30.0,309.4
26024,POS消费,地点192,超市,2014/08/29 15:56:49,16.3,293.1
26024,POS消费,地点61,食堂,2014/08/29 17:48:31,6.8,286.3
26024,POS消费,地点219,超市,2014/08/29 18:59:18,8.0,278.3
26024,POS消费,地点21,开水,2014/08/30 08:51:27,3.2,275.1
26024,POS消费,地点21,开水,2014/08/30 11:40:06,6.6,268.5
26024,POS消费,地点195,超市,2014/08/30 12:46:02,6.9,261.6
26024,POS消费,地点21,开水,2014/08/30 17:29:24,10.6,251.0
26024,POS消费,地点21,开水,2014/08/30 20:47:06,6.8,244.2
26024,POS消费,地点87,食堂,2014/08/31 08:31:51,2.0,242.2
26024,POS消费,地点65,食堂,2014/08/31 11:09:56,6.6,235.6
26024,POS消费,地点754,淋浴,2014/08/31 22:53:53,0.1,235.5
26024,POS消费,地点754,淋浴,2014/08/31 22:54:52,0.6,234.9
