26112,卡片开户,,,2014/07/19 15:30:53,0.0,0.0
26112,卡充值,,,2014/08/28 14:59:30,500.0,500.0
26112,POS消费,地点21,开水,2014/08/28 15:09:59,100.0,400.0
26112,POS消费,地点21,开水,2014/08/28 15:10:05,100.0,300.0
26112,POS消费,地点21,开水,2014/08/28 15:10:12,1.8,298.2
26112,POS消费,地点21,开水,2014/08/28 16:20:52,14.9,283.3
26112,POS消费,地点232,食堂,2014/08/28 18:46:07,5.5,277.8
26112,POS消费,地点36,开水,2014/08/28 19:42:10,0.01,277.79
26112,POS消费,地点36,开水,2014/08/28 19:42:32,0.02,277.77
26112,POS消费,地点188,超市,2014/08/29 10:43:53,43.3,234.47
26112,POS消费,地点755,淋浴,2014/08/29 20:41:20,1.4,233.07
26112,POS消费,地点91,校车,2014/08/30 11:41:24,5.5,227.57
26112,POS消费,地点264,食堂,2014/08/30 16:49:03,10.6,216.97
26112,POS消费,地点1847,食堂,2014/08/30 16:50:18,6.0,210.97
26112,POS消费,地点188,超市,2014/08/30 17:15:27,8.8,202.17
26112,POS消费,地点21,开水,2014/08/31 11:46:50,4.1,198.07
26112,POS消费,地点188,超市,2014/08/31 16:34:05,5.0,193.07
26112,POS消费,地点91,校车,2014/08/31 17:16:31,5.5,187.57
26112,POS消费,地点188,超市,2014/08/31 20:11:28,5.4,182.17
26112,POS消费,地点755,淋浴,2014/08/31 20:20:27,1.1,181.07
26112,POS消费,地点36,开水,2014/08/31 20:53:25,0.01,181.06
