26224,卡片开户,,,2014/07/17 16:19:15,0.0,0.0
26224,卡充值,,,2014/08/28 11:46:18,300.0,300.0
26224,POS消费,地点188,超市,2014/08/28 12:04:18,93.3,206.7
26224,POS消费,地点36,开水,2014/08/29 14:21:32,0.01,206.69
26224,POS消费,地点82,食堂,2014/08/30 11:44:31,5.9,200.79
26224,POS消费,地点82,食堂,2014/08/30 11:44:59,7.3,193.49
26224,POS消费,地点36,开水,2014/08/30 12:20:26,0.02,193.47
26224,POS消费,地点232,食堂,2014/08/30 20:58:09,0.7,192.77
26224,POS消费,地点69,食堂,2014/08/31 07:51:04,2.0,190.77
26224,POS消费,地点69,食堂,2014/08/31 11:26:05,6.6,184.17
26224,POS消费,地点36,开水,2014/08/31 11:53:27,0.01,184.16
26224,POS消费,地点24,淋浴,2014/08/31 21:59:35,0.1,184.06
26224,POS消费,地点24,淋浴,2014/08/31 22:00:49,0.1,183.86
26224,POS消费,地点24,淋浴,2014/08/31 22:02:03,0.4,183.46
26224,POS消费,地点24,淋浴,2014/08/31 22:04:05,0.1,183.96
