26266,卡片开户,,,2014/07/14 09:40:45,0.0,0.0
26266,卡充值,,,2014/08/29 09:23:58,500.0,500.0
26266,POS消费,地点1588,食堂,2014/08/29 11:58:44,4.1,495.9
26266,POS消费,地点21,开水,2014/08/29 11:59:50,1.2,494.7
26266,POS消费,地点206,开水,2014/08/29 14:19:11,0.01,494.69
26266,POS消费,地点36,开水,2014/08/29 14:21:53,0.01,494.68
26266,POS消费,地点36,开水,2014/08/29 14:22:22,0.01,494.67
26266,POS消费,地点61,食堂,2014/08/29 17:22:46,3.6,491.07
26266,POS消费,地点260,食堂,2014/08/29 17:24:22,1.0,490.07
26266,POS消费,地点810,洗衣房,2014/08/29 18:27:29,-0.72,487.19
26266,POS消费,地点810,洗衣房,2014/08/29 18:27:29,3.6,486.47
26266,POS消费,地点192,超市,2014/08/29 19:52:31,23.3,463.89
26266,POS消费,地点1472,校车,2014/08/30 15:04:28,1.0,462.89
26266,POS消费,地点36,开水,2014/08/30 15:18:28,0.01,462.88
26266,POS消费,地点21,开水,2014/08/30 17:28:59,4.1,458.78
26266,POS消费,地点1701,食堂,2014/08/30 17:55:09,1.5,457.28
26266,POS消费,地点6,淋浴,2014/08/30 19:57:26,0.5,456.78
26266,POS消费,地点184,食堂,2014/08/31 08:31:53,1.6,455.18
26266,POS消费,地点21,开水,2014/08/31 08:47:45,5.0,450.18
26266,POS消费,地点91,校车,2014/08/31 11:48:37,5.6,444.58
26266,POS消费,地点91,校车,2014/08/31 11:49:53,0.8,443.78
26266,POS消费,地点232,食堂,2014/08/31 17:12:34,7.6,436.18
26266,POS消费,地点21,开水,2014/08/31 20:00:35,2.5,433.68
26266,POS消费,地点232,食堂,2014/08/31 20:11:21,0.4,433.28
