26294,卡片开户,,,2014/07/18 11:52:04,0.0,0.0
26294,卡充值,,,2014/08/30 13:28:53,300.0,300.0
26294,POS消费,地点1447,校车,2014/08/30 16:50:02,1.0,299.0
26294,POS消费,地点192,超市,2014/08/31 09:35:37,30.0,269.0
26294,POS消费,地点192,超市,2014/08/31 09:35:40,30.0,239.0
26294,POS消费,地点192,超市,2014/08/31 09:35:43,30.0,209.0
26294,POS消费,地点192,超市,2014/08/31 09:35:47,0.8,208.2
26294,POS消费,地点192,超市,2014/08/31 12:12:59,4.4,203.8
26294,POS消费,地点192,超市,2014/08/31 12:14:56,2.8,201.0
26294,POS消费,地点203,食堂,2014/08/31 17:11:39,6.5,194.5
26294,POS消费,地点1961,超市,2014/08/31 17:34:58,3.6,190.9
26294,POS消费,地点24,淋浴,2014/08/31 21:47:15,0.6,190.3
26294,POS消费,地点828,洗衣房,2014/08/31 22:13:01,3.6,186.7
26294,POS消费,地点828,洗衣房,2014/08/31 22:13:01,-0.66,187.36
