26312,卡片开户,,,2014/07/20 11:08:18,0.0,0.0
26312,卡充值,,,2014/08/28 09:59:51,500.0,500.0
26312,POS消费,地点203,食堂,2014/08/28 14:23:44,11.0,489.0
26312,POS消费,地点168,食堂,2014/08/28 18:36:43,4.5,484.5
26312,POS消费,地点168,食堂,2014/08/28 18:37:34,5.5,479.0
26312,POS消费,地点87,食堂,2014/08/29 11:43:10,4.6,474.4
26312,POS消费,地点82,食堂,2014/08/29 12:06:18,8.1,466.3
26312,POS消费,地点188,超市,2014/08/29 12:52:03,31.0,434.7
26312,POS消费,地点810,洗衣房,2014/08/29 14:21:34,-3.54,466.24
26312,POS消费,地点810,洗衣房,2014/08/29 14:21:35,3.6,462.52
26312,POS消费,地点810,洗衣房,2014/08/29 14:21:35,3.6,462.46
26312,POS消费,地点810,洗衣房,2014/08/29 14:21:35,-3.24,465.7
26312,POS消费,地点810,洗衣房,2014/08/29 14:23:20,3.6,462.7
26312,POS消费,地点810,洗衣房,2014/08/29 14:23:20,3.6,462.64
26312,POS消费,地点810,洗衣房,2014/08/29 14:23:20,-3.48,466.12
26312,POS消费,地点810,洗衣房,2014/08/29 14:23:20,-3.54,466.06
26312,POS消费,地点227,食堂,2014/08/30 12:15:52,3.5,431.2
26312,POS消费,地点21,开水,2014/08/30 12:23:27,0.8,430.4
26312,POS消费,地点21,开水,2014/08/30 12:25:22,1.6,428.8
26312,POS消费,地点188,超市,2014/08/30 12:33:08,73.3,355.5
26312,POS消费,地点206,开水,2014/08/30 12:43:48,0.01,355.49
26312,POS消费,地点206,开水,2014/08/30 12:45:11,0.05,355.44
26312,POS消费,地点810,洗衣房,2014/08/30 13:44:31,3.6,351.84
26312,POS消费,地点810,洗衣房,2014/08/30 13:44:31,-3.24,355.08
26312,POS消费,地点314,食堂,2014/08/31 08:57:41,30.0,325.08
26312,POS消费,地点314,食堂,2014/08/31 08:57:44,14.5,310.58
26312,POS消费,地点146,校车,2014/08/31 10:45:42,1.0,309.58
26312,POS消费,地点1447,校车,2014/08/31 12:16:54,1.0,308.58
26312,POS消费,地点1447,校车,2014/08/31 12:17:01,1.0,307.58
26312,POS消费,地点1447,校车,2014/08/31 12:17:07,1.0,306.58
26312,POS消费,地点828,洗衣房,2014/08/31 12:40:39,3.6,302.98
26312,POS消费,地点828,洗衣房,2014/08/31 12:40:39,-3.3,306.28
26312,POS消费,地点21,开水,2014/08/31 16:56:45,3.0,303.28
26312,POS消费,地点21,开水,2014/08/31 17:07:02,1.5,297.18
26312,POS消费,地点1847,食堂,2014/08/31 17:07:55,1.8,295.38
26312,POS消费,地点236,食堂,2014/08/31 17:11:39,3.1,300.18
26312,POS消费,地点1701,食堂,2014/08/31 17:23:48,1.5,298.68
26312,POS消费,地点21,开水,2014/08/31 17:25:45,1.6,293.78
26312,POS消费,地点206,开水,2014/08/31 21:47:54,0.01,293.77
