26364,卡片开户,,,2014/07/18 12:07:39,0.0,0.0
26364,卡充值,,,2014/08/29 14:33:01,50.0,50.0
26364,POS消费,地点21,开水,2014/08/29 19:13:29,4.4,45.6
26364,POS消费,地点188,超市,2014/08/29 21:00:35,1.0,44.6
26364,POS消费,地点161,食堂,2014/08/30 08:10:59,2.6,42.0
26364,POS消费,地点807,洗衣房,2014/08/30 11:59:10,3.6,38.4
26364,POS消费,地点807,洗衣房,2014/08/30 11:59:10,-3.12,41.52
26364,POS消费,地点264,食堂,2014/08/30 12:23:30,6.6,34.92
26364,POS消费,地点828,洗衣房,2014/08/30 15:15:32,3.6,31.32
26364,POS消费,地点184,食堂,2014/08/31 08:46:39,2.6,28.72
26364,POS消费,地点1847,食堂,2014/08/31 11:28:19,1.0,23.32
26364,POS消费,地点1596,食堂,2014/08/31 11:39:07,4.4,24.32
26364,POS消费,地点21,开水,2014/08/31 22:00:18,4.0,19.32
