26366,POS消费,地点12,文印中心,2014/07/02 18:04:32,0.12,2.01
26366,POS消费,地点12,文印中心,2014/07/02 18:04:32,0.0,0.0
26366,卡片开户,,,2014/07/19 09:59:59,0.0,0.0
26366,卡充值,,,2014/08/29 12:30:05,200.0,200.0
26366,POS消费,地点69,食堂,2014/08/29 12:41:46,9.6,190.4
26366,POS消费,地点69,食堂,2014/08/29 12:42:14,9.6,180.8
26366,POS消费,地点69,食堂,2014/08/29 12:42:39,8.6,172.2
26366,POS消费,地点59,食堂,2014/08/29 18:17:22,3.0,153.65
26366,POS消费,地点21,开水,2014/08/29 18:19:55,8.1,164.1
26366,POS消费,地点21,开水,2014/08/29 18:20:16,5.1,159.0
26366,POS消费,地点21,开水,2014/08/29 18:22:55,1.15,157.85
26366,POS消费,地点251,食堂,2014/08/29 18:23:23,1.2,156.65
26366,POS消费,地点251,食堂,2014/08/29 18:29:27,0.9,152.75
26366,POS消费,地点251,食堂,2014/08/29 18:29:56,1.0,151.75
26366,POS消费,地点24,淋浴,2014/08/29 20:49:09,0.6,151.15
26366,POS消费,地点280,食堂,2014/08/30 11:55:13,6.9,144.25
26366,POS消费,地点21,开水,2014/08/30 11:56:05,5.0,139.25
26366,POS消费,地点247,食堂,2014/08/30 11:57:15,10.0,129.25
26366,POS消费,地点275,食堂,2014/08/30 11:57:30,12.0,117.25
26366,POS消费,地点217,食堂,2014/08/30 11:58:44,15.0,102.25
26366,POS消费,地点257,食堂,2014/08/30 12:04:55,7.5,94.75
26366,POS消费,地点91,校车,2014/08/30 16:51:17,9.0,85.25
26366,POS消费,地点91,校车,2014/08/30 16:53:08,19.0,66.25
26366,POS消费,地点232,食堂,2014/08/30 16:57:01,0.5,94.25
26366,POS消费,地点21,开水,2014/08/30 17:51:53,11.9,54.35
26366,POS消费,地点232,食堂,2014/08/30 19:11:51,0.4,53.95
26366,POS消费,地点36,开水,2014/08/30 19:24:40,0.01,53.94
26366,POS消费,地点134,食堂,2014/08/31 08:52:48,1.55,52.39
26366,POS消费,地点232,食堂,2014/08/31 11:32:33,8.0,44.39
26366,POS消费,地点1596,食堂,2014/08/31 17:56:02,4.6,39.79
26366,POS消费,地点1847,食堂,2014/08/31 18:01:33,9.0,30.79
26366,POS消费,地点232,食堂,2014/08/31 23:43:07,0.2,30.59
26366,POS消费,地点24,淋浴,2014/08/31 23:49:16,0.4,30.19
