26400,卡片开户,,,2014/07/14 09:26:48,0.0,0.0
26400,卡充值,,,2014/08/29 16:04:34,200.0,200.0
26400,POS消费,地点232,食堂,2014/08/29 17:22:41,10.0,190.0
26400,POS消费,地点751,淋浴,2014/08/29 21:35:38,0.5,189.5
26400,POS消费,地点759,洗衣房,2014/08/29 22:07:57,3.6,185.9
26400,POS消费,地点1588,食堂,2014/08/30 09:07:37,3.15,182.75
26400,POS消费,地点192,超市,2014/08/30 10:54:45,2.6,180.15
26400,POS消费,地点124,食堂,2014/08/30 11:43:17,4.5,175.65
26400,POS消费,地点192,超市,2014/08/30 12:20:20,5.5,170.15
26400,POS消费,地点1588,食堂,2014/08/31 09:15:58,3.8,166.35
26400,POS消费,地点233,食堂,2014/08/31 11:53:55,7.1,159.25
26400,POS消费,地点168,食堂,2014/08/31 19:03:23,5.5,153.75
