26476,卡片开户,,,2014/07/15 12:26:30,0.0,0.0
26476,卡充值,,,2014/08/28 17:07:16,200.0,200.0
26476,POS消费,地点27,教务处,2014/08/28 17:08:31,25.0,175.0
26476,POS消费,地点21,开水,2014/08/28 19:00:40,19.1,155.9
26476,POS消费,地点21,开水,2014/08/28 19:00:59,100.0,55.9
26476,卡充值,,,2014/08/28 19:18:06,400.0,455.9
26476,POS消费,地点204,食堂,2014/08/28 19:42:47,5.5,450.4
26476,POS消费,地点211,校车,2014/08/28 20:43:47,1.0,449.4
26476,POS消费,地点211,校车,2014/08/28 20:43:54,1.0,448.4
26476,POS消费,地点211,校车,2014/08/28 20:44:00,1.0,447.4
26476,POS消费,地点211,校车,2014/08/28 20:44:08,1.0,446.4
26476,POS消费,地点211,校车,2014/08/28 20:44:15,1.0,445.4
26476,POS消费,地点211,校车,2014/08/28 20:44:21,1.0,444.4
26476,POS消费,地点211,校车,2014/08/28 20:50:45,1.0,443.4
26476,POS消费,地点211,校车,2014/08/28 20:50:52,1.0,442.4
26476,POS消费,地点211,校车,2014/08/28 20:51:02,1.0,441.4
26476,POS消费,地点211,校车,2014/08/28 20:51:09,1.0,440.4
26476,POS消费,地点211,校车,2014/08/28 20:51:16,1.0,439.4
26476,POS消费,地点211,校车,2014/08/28 20:51:22,1.0,438.4
26476,POS消费,地点808,淋浴,2014/08/28 23:23:15,1.1,437.1
26476,POS消费,地点6,淋浴,2014/08/28 23:28:34,0.2,438.2
26476,POS消费,地点61,食堂,2014/08/29 08:59:37,3.2,433.9
26476,POS消费,地点211,校车,2014/08/29 09:03:37,1.0,432.9
26476,POS消费,地点192,超市,2014/08/29 11:09:57,20.5,412.4
26476,POS消费,地点21,开水,2014/08/29 12:00:42,6.8,405.6
26476,POS消费,地点21,开水,2014/08/29 12:00:57,6.6,399.0
26476,POS消费,地点21,开水,2014/08/29 12:01:38,10.6,388.4
26476,POS消费,地点87,食堂,2014/08/29 12:04:00,4.0,384.4
26476,POS消费,地点808,淋浴,2014/08/29 15:51:05,0.1,384.3
26476,POS消费,地点808,淋浴,2014/08/29 15:52:01,0.6,383.7
26476,POS消费,地点808,淋浴,2014/08/29 16:20:55,0.1,383.6
26476,POS消费,地点745,洗衣房,2014/08/29 16:40:44,3.6,380.0
26476,POS消费,地点745,洗衣房,2014/08/29 16:40:44,-3.54,383.54
26476,POS消费,地点745,洗衣房,2014/08/29 16:42:07,3.6,379.94
26476,POS消费,地点61,食堂,2014/08/29 17:40:16,7.6,372.34
26476,POS消费,地点192,超市,2014/08/29 19:59:12,11.0,361.34
26476,POS消费,地点26,图书馆,2014/08/29 20:32:12,0.9,360.44
26476,POS消费,地点168,食堂,2014/08/30 10:09:48,5.5,354.94
26476,POS消费,地点808,淋浴,2014/08/30 16:15:56,1.2,353.74
26476,POS消费,地点21,开水,2014/08/30 18:42:11,9.0,344.74
26476,POS消费,地点258,食堂,2014/08/30 18:45:28,4.5,340.24
26476,POS消费,地点258,食堂,2014/08/30 18:46:09,1.5,338.74
26476,POS消费,地点26,图书馆,2014/08/30 21:26:11,0.6,338.14
26476,POS消费,地点972,食堂,2014/08/31 12:29:54,6.4,331.74
26476,POS消费,地点236,食堂,2014/08/31 12:30:42,5.98,325.76
26476,POS消费,地点188,超市,2014/08/31 12:39:55,19.3,306.46
26476,POS消费,地点40,淋浴,2014/08/31 22:35:08,0.4,306.06
26476,POS消费,地点6,淋浴,2014/08/31 22:42:20,0.1,305.96
26476,POS消费,地点26,图书馆,2014/08/31 22:55:55,1.1,304.86
