26516,卡片开户,,,2014/07/23 15:51:45,0.0,0.0
26516,卡充值,,,2014/08/29 19:50:02,700.0,700.0
26516,POS消费,地点188,超市,2014/08/29 20:02:41,77.4,622.6
26516,POS消费,地点192,超市,2014/08/30 10:44:05,5.0,617.6
26516,POS消费,地点232,食堂,2014/08/30 11:31:14,12.9,604.7
26516,POS消费,地点21,开水,2014/08/30 15:00:54,5.1,599.6
26516,POS消费,地点40,淋浴,2014/08/31 07:49:54,0.1,599.4
26516,POS消费,地点40,淋浴,2014/08/31 07:50:06,0.9,598.5
26516,POS消费,地点40,淋浴,2014/08/31 07:51:46,0.1,599.5
26516,POS消费,地点184,食堂,2014/08/31 08:49:04,1.8,596.7
26516,POS消费,地点184,食堂,2014/08/31 08:51:41,0.8,595.9
26516,POS消费,地点61,食堂,2014/08/31 12:11:35,5.8,590.1
