26592,卡片开户,,,2014/07/19 10:19:17,0.0,0.0
26592,卡充值,,,2014/08/29 13:59:29,300.0,300.0
26592,POS消费,地点816,校车,2014/08/29 14:57:42,1.0,299.0
26592,POS消费,地点243,食堂,2014/08/29 18:00:52,3.0,296.0
26592,POS消费,地点168,食堂,2014/08/29 19:12:02,4.5,291.5
26592,POS消费,地点337,淋浴,2014/08/29 21:14:26,0.1,291.4
26592,POS消费,地点337,淋浴,2014/08/29 21:15:18,0.1,291.3
26592,POS消费,地点435,淋浴,2014/08/29 21:36:18,0.1,291.2
26592,POS消费,地点408,淋浴,2014/08/29 21:43:41,0.1,290.6
26592,POS消费,地点408,淋浴,2014/08/29 21:44:07,0.5,290.7
26592,POS消费,地点354,开水,2014/08/30 08:46:36,0.01,290.59
26592,POS消费,地点314,食堂,2014/08/30 09:46:55,30.0,260.59
26592,POS消费,地点314,食堂,2014/08/30 09:47:01,14.5,246.09
26592,POS消费,地点253,食堂,2014/08/30 12:09:40,3.0,243.09
26592,POS消费,地点1297,洗衣房,2014/08/30 14:36:46,3.6,239.49
26592,POS消费,地点1308,洗衣房,2014/08/30 14:41:27,3.6,235.89
26592,POS消费,地点378,淋浴,2014/08/30 14:46:16,0.1,235.79
26592,POS消费,地点378,淋浴,2014/08/30 14:53:34,0.3,235.49
26592,POS消费,地点378,淋浴,2014/08/30 15:00:18,0.3,235.19
26592,POS消费,地点378,淋浴,2014/08/30 15:05:32,0.1,235.09
26592,POS消费,地点1302,洗衣房,2014/08/30 15:15:52,3.6,231.49
26592,POS消费,地点21,开水,2014/08/30 17:57:14,1.5,229.99
26592,POS消费,地点103,食堂,2014/08/30 18:14:35,5.3,224.69
26592,POS消费,地点114,食堂,2014/08/31 08:08:07,2.5,222.19
26592,POS消费,地点103,食堂,2014/08/31 08:32:07,1.3,220.89
26592,POS消费,地点232,食堂,2014/08/31 11:15:21,7.0,213.89
26592,POS消费,地点854,淋浴,2014/08/31 22:26:06,0.1,213.79
26592,POS消费,地点1921,淋浴,2014/08/31 22:28:23,0.1,213.59
26592,POS消费,地点1921,淋浴,2014/08/31 22:30:42,0.2,213.39
26592,POS消费,地点1921,淋浴,2014/08/31 22:35:21,0.3,212.99
26592,POS消费,地点1921,淋浴,2014/08/31 22:36:06,0.1,213.29
