26664,卡片开户,,,2014/07/13 10:53:59,0.0,0.0
26664,卡充值,,,2014/08/29 14:27:48,400.0,400.0
26664,POS消费,地点1870,开水,2014/08/29 22:29:26,0.01,399.99
26664,POS消费,地点168,食堂,2014/08/30 10:08:01,5.5,394.49
26664,POS消费,地点69,食堂,2014/08/30 11:59:55,6.8,387.69
26664,POS消费,地点114,食堂,2014/08/30 12:09:42,3.0,384.69
26664,POS消费,地点12,文印中心,2014/08/30 13:38:58,1.0,383.69
26664,POS消费,地点1872,洗衣房,2014/08/30 13:58:47,1.2,382.49
26664,POS消费,地点1871,洗衣房,2014/08/30 14:02:49,1.2,382.37
26664,POS消费,地点1872,洗衣房,2014/08/30 14:02:49,-1.08,383.57
26664,POS消费,地点1871,洗衣房,2014/08/30 14:41:55,1.2,381.17
26664,POS消费,地点1871,洗衣房,2014/08/30 14:52:38,-0.66,381.83
26664,POS消费,地点21,开水,2014/08/30 17:12:48,4.6,377.23
26664,POS消费,地点190,超市,2014/08/30 21:13:09,30.0,347.23
26664,POS消费,地点190,超市,2014/08/30 21:13:12,14.7,332.53
26664,POS消费,地点190,超市,2014/08/30 21:15:23,7.0,325.53
26664,POS消费,地点89,食堂,2014/08/31 08:49:17,3.0,322.53
26664,POS消费,地点21,开水,2014/08/31 11:03:38,3.3,319.23
26664,POS消费,地点91,校车,2014/08/31 11:09:01,3.5,315.73
26664,POS消费,地点12,文印中心,2014/08/31 17:45:30,5.0,310.73
26664,POS消费,地点91,校车,2014/08/31 17:49:52,0.8,309.93
26664,POS消费,地点12,文印中心,2014/08/31 18:39:08,0.8,309.13
