26716,卡片开户,,,2014/07/19 15:16:01,0.0,0.0
26716,卡充值,,,2014/08/29 12:04:29,100.0,100.0
26716,POS消费,地点157,食堂,2014/08/29 12:22:42,10.6,89.4
26716,POS消费,地点157,食堂,2014/08/29 12:23:02,10.6,78.8
26716,POS消费,地点195,超市,2014/08/29 19:52:30,30.0,48.8
26716,POS消费,地点195,超市,2014/08/29 19:52:34,16.6,32.2
26716,POS消费,地点363,淋浴,2014/08/29 22:30:44,0.4,31.8
26716,POS消费,地点1588,食堂,2014/08/30 08:01:29,2.3,29.49
26716,卡充值,,,2014/08/30 09:33:20,500.0,529.49
26716,POS消费,地点314,食堂,2014/08/30 20:30:12,15.5,513.99
26716,POS消费,地点494,淋浴,2014/08/30 22:59:10,0.5,513.49
26716,POS消费,地点1588,食堂,2014/08/31 08:11:15,2.3,511.19
26716,POS消费,地点387,淋浴,2014/08/31 22:41:29,0.1,505.99
26716,POS消费,地点319,淋浴,2014/08/31 22:45:19,0.1,506.19
26716,POS消费,地点319,淋浴,2014/08/31 22:45:25,0.1,506.09
26716,POS消费,地点494,淋浴,2014/08/31 22:52:30,0.3,505.69
