26722,卡片开户,,,2014/07/14 10:21:23,0.0,0.0
26722,卡充值,,,2014/08/28 10:32:16,500.0,500.0
26722,POS消费,地点26,图书馆,2014/08/28 11:00:19,30.0,470.0
26722,POS消费,地点26,图书馆,2014/08/28 11:00:30,23.4,446.6
26722,POS消费,地点21,开水,2014/08/28 11:21:35,27.9,418.7
26722,POS消费,地点21,开水,2014/08/28 12:25:20,8.4,410.3
26722,POS消费,地点21,开水,2014/08/28 12:25:36,8.4,401.9
26722,POS消费,地点61,食堂,2014/08/28 12:39:28,5.4,396.5
26722,POS消费,地点1472,校车,2014/08/29 11:36:23,1.0,395.42
26722,POS消费,地点1472,校车,2014/08/29 11:36:31,1.0,394.42
26722,POS消费,地点1472,校车,2014/08/29 11:36:37,1.0,393.42
26722,POS消费,地点1472,校车,2014/08/29 11:36:43,1.0,392.42
26722,POS消费,地点1472,校车,2014/08/29 11:36:50,1.0,391.42
26722,POS消费,地点1472,校车,2014/08/29 12:36:04,1.0,390.42
26722,POS消费,地点1472,校车,2014/08/29 12:36:10,1.0,389.42
26722,POS消费,地点1853,开水,2014/08/29 14:21:22,0.05,396.42
26722,POS消费,地点195,超市,2014/08/30 09:56:10,30.0,359.42
26722,POS消费,地点195,超市,2014/08/30 09:56:14,4.4,355.02
26722,POS消费,地点1853,开水,2014/08/30 10:39:14,0.07,354.94
26722,POS消费,地点232,食堂,2014/08/30 11:49:43,21.0,333.94
26722,POS消费,地点91,校车,2014/08/30 11:53:13,5.5,328.44
26722,POS消费,地点232,食堂,2014/08/30 12:08:07,0.9,327.54
26722,POS消费,地点21,开水,2014/08/30 12:09:47,3.2,324.34
26722,POS消费,地点211,校车,2014/08/30 17:57:35,1.0,323.34
26722,POS消费,地点211,校车,2014/08/30 17:57:42,1.0,322.34
26722,POS消费,地点211,校车,2014/08/30 17:57:48,1.0,321.34
26722,POS消费,地点21,开水,2014/08/31 07:51:31,2.0,319.34
26722,POS消费,地点21,开水,2014/08/31 07:58:57,0.8,318.54
26722,POS消费,地点1472,校车,2014/08/31 12:48:36,1.0,317.54
26722,POS消费,地点222,校车,2014/08/31 12:53:01,1.0,316.54
26722,POS消费,地点72,食堂,2014/08/31 17:31:51,4.8,311.74
26722,POS消费,地点1884,开水,2014/08/31 23:42:07,0.01,311.73
26722,POS消费,地点1884,开水,2014/08/31 23:42:13,0.01,311.72
26722,POS消费,地点1884,开水,2014/08/31 23:42:19,0.01,311.71
