26738,卡片开户,,,2014/07/19 11:12:11,0.0,0.0
26738,卡充值,,,2014/08/30 09:28:42,600.0,600.0
26738,POS消费,地点1448,校车,2014/08/30 10:17:23,1.0,599.0
26738,POS消费,地点146,校车,2014/08/30 13:59:10,1.0,598.0
26738,POS消费,地点219,超市,2014/08/30 16:31:55,4.0,594.0
26738,POS消费,地点21,开水,2014/08/30 16:50:28,28.4,565.6
26738,POS消费,地点12,文印中心,2014/08/30 17:15:04,0.6,565.0
26738,POS消费,地点72,食堂,2014/08/30 18:46:50,8.6,556.4
26738,POS消费,地点21,开水,2014/08/30 19:09:15,19.7,536.7
26738,POS消费,地点192,超市,2014/08/30 19:24:48,2.5,534.2
26738,POS消费,地点26,图书馆,2014/08/30 19:36:32,3.0,531.2
26738,POS消费,地点1870,开水,2014/08/31 08:11:18,0.01,531.19
26738,POS消费,地点103,食堂,2014/08/31 09:03:16,3.4,527.79
26738,POS消费,地点103,食堂,2014/08/31 09:03:23,0.8,526.99
26738,POS消费,地点233,食堂,2014/08/31 11:33:43,7.6,519.39
26738,POS消费,地点188,超市,2014/08/31 22:05:22,11.2,508.19
26738,POS消费,地点12,文印中心,2014/08/31 22:50:49,0.5,507.69
26738,POS消费,地点12,文印中心,2014/08/31 22:54:53,0.4,507.29
