26750,卡片开户,,,2014/07/13 15:48:23,0.0,0.0
26750,卡充值,,,2014/08/29 09:24:37,300.0,300.0
26750,POS消费,地点59,食堂,2014/08/29 11:40:42,5.1,294.9
26750,POS消费,地点262,食堂,2014/08/29 11:40:54,1.5,289.2
26750,POS消费,地点59,食堂,2014/08/29 11:41:05,3.6,291.3
26750,POS消费,地点251,食堂,2014/08/29 11:52:53,0.6,290.7
26750,POS消费,地点1884,开水,2014/08/30 06:36:54,0.01,289.19
26750,POS消费,地点1884,开水,2014/08/30 06:39:48,0.01,289.18
26750,POS消费,地点1884,开水,2014/08/30 06:45:30,0.01,289.17
26750,POS消费,地点1884,开水,2014/08/30 06:57:48,0.01,289.16
26750,POS消费,地点1884,开水,2014/08/30 07:07:37,0.01,289.15
26750,POS消费,地点21,开水,2014/08/30 07:48:37,2.6,286.55
26750,POS消费,地点91,校车,2014/08/30 07:49:27,0.7,285.85
26750,POS消费,地点21,开水,2014/08/30 07:50:12,10.8,275.05
26750,POS消费,地点21,开水,2014/08/30 07:55:13,0.8,274.25
26750,POS消费,地点146,校车,2014/08/30 12:25:01,1.0,273.25
26750,POS消费,地点269,食堂,2014/08/30 12:29:24,4.8,268.45
26750,POS消费,地点1872,洗衣房,2014/08/31 07:56:18,1.2,266.85
26750,POS消费,地点60,食堂,2014/08/31 08:52:42,0.7,266.15
26750,POS消费,地点21,开水,2014/08/31 08:59:32,15.5,250.65
26750,POS消费,地点225,食堂,2014/08/31 11:33:12,5.6,245.05
26750,POS消费,地点232,食堂,2014/08/31 17:37:32,5.5,239.55
26750,POS消费,地点1909,淋浴,2014/08/31 23:06:05,0.1,239.45
26750,POS消费,地点26,图书馆,2014/08/31 23:11:37,0.7,238.75
