26762,卡片开户,,,2014/07/18 11:40:23,0.0,0.0
26762,卡充值,,,2014/08/28 14:40:41,400.0,400.0
26762,POS消费,地点82,食堂,2014/08/29 18:08:12,5.6,394.4
26762,POS消费,地点161,食堂,2014/08/30 07:52:41,5.9,388.5
26762,POS消费,地点242,食堂,2014/08/30 11:34:19,2.1,386.4
26762,POS消费,地点242,食堂,2014/08/30 11:34:36,1.5,384.9
26762,POS消费,地点239,食堂,2014/08/30 11:34:48,2.5,382.4
26762,POS消费,地点192,超市,2014/08/30 11:50:22,19.5,362.9
26762,POS消费,地点103,食堂,2014/08/30 18:10:58,4.1,358.8
26762,POS消费,地点236,食堂,2014/08/30 18:12:49,2.9,355.9
26762,POS消费,地点65,食堂,2014/08/31 07:50:55,0.8,353.4
26762,POS消费,地点161,食堂,2014/08/31 07:52:23,1.8,351.6
26762,POS消费,地点60,食堂,2014/08/31 07:55:35,0.8,354.2
26762,POS消费,地点82,食堂,2014/08/31 11:43:34,5.9,345.7
26762,POS消费,地点204,食堂,2014/08/31 17:34:32,5.5,340.2
