26840,卡片开户,,,2014/07/15 12:02:08,0.0,0.0
26840,卡充值,,,2014/08/27 16:21:42,200.0,200.0
26840,POS消费,地点70,食堂,2014/08/27 16:21:56,6.0,194.0
26840,POS消费,地点70,食堂,2014/08/27 16:23:05,2.5,191.5
26840,POS消费,地点188,超市,2014/08/27 16:39:59,100.0,91.5
26840,POS消费,地点188,超市,2014/08/27 16:40:05,40.5,51.0
26840,卡充值,,,2014/08/27 16:47:30,500.0,551.0
26840,POS消费,地点188,超市,2014/08/27 18:06:14,100.0,451.0
26840,POS消费,地点188,超市,2014/08/27 18:06:20,35.2,415.8
26840,POS消费,地点1442,校车,2014/08/27 20:09:17,1.0,414.77
26840,POS消费,地点1442,校车,2014/08/27 20:09:27,1.0,413.77
26840,POS消费,地点1442,校车,2014/08/27 20:09:33,1.0,412.77
26840,POS消费,地点305,食堂,2014/08/29 11:59:23,6.0,406.77
26840,POS消费,地点264,食堂,2014/08/29 12:01:58,10.4,388.17
26840,POS消费,地点134,食堂,2014/08/29 12:12:33,8.2,398.57
26840,POS消费,地点249,食堂,2014/08/29 12:16:32,10.6,377.57
26840,POS消费,地点114,食堂,2014/08/29 15:59:02,5.0,372.57
26840,POS消费,地点114,食堂,2014/08/29 15:59:34,4.0,368.57
26840,POS消费,地点1448,校车,2014/08/30 11:32:48,1.0,367.57
26840,POS消费,地点21,开水,2014/08/30 13:25:02,8.6,358.97
26840,POS消费,地点21,开水,2014/08/30 13:25:30,8.6,350.37
26840,POS消费,地点21,开水,2014/08/30 13:25:58,9.88,340.49
26840,卡充值,,,2014/08/30 13:51:37,300.0,640.49
26840,POS消费,地点114,食堂,2014/08/30 13:51:51,6.0,634.49
26840,POS消费,地点228,食堂,2014/08/30 18:04:54,8.0,626.49
26840,POS消费,地点69,食堂,2014/08/30 18:06:00,5.4,621.09
26840,POS消费,地点161,食堂,2014/08/30 18:08:20,5.6,615.49
26840,POS消费,地点230,食堂,2014/08/30 18:22:27,4.5,610.99
26840,POS消费,地点114,食堂,2014/08/30 18:30:03,2.0,608.99
26840,POS消费,地点21,开水,2014/08/30 18:40:26,6.3,602.69
26840,POS消费,地点21,开水,2014/08/30 18:40:33,6.0,596.69
26840,POS消费,地点21,开水,2014/08/31 10:06:39,30.0,566.69
26840,POS消费,地点21,开水,2014/08/31 10:06:45,8.9,557.79
26840,POS消费,地点21,开水,2014/08/31 12:49:20,3.0,554.79
26840,POS消费,地点387,淋浴,2014/08/31 22:02:27,0.8,553.99
