26870,卡片开户,,,2014/07/18 11:53:39,0.0,0.0
26870,卡充值,,,2014/08/28 16:00:31,800.0,800.0
26870,POS消费,地点269,食堂,2014/08/28 17:59:09,5.6,794.4
26870,POS消费,地点21,开水,2014/08/28 18:12:53,3.0,791.4
26870,POS消费,地点21,开水,2014/08/28 18:13:01,1.0,790.4
26870,POS消费,地点12,文印中心,2014/08/29 06:27:58,1.3,789.1
26870,POS消费,地点192,超市,2014/08/29 16:48:59,12.3,776.8
26870,POS消费,地点168,食堂,2014/08/29 17:39:36,6.5,770.3
26870,POS消费,地点307,食堂,2014/08/29 17:40:24,4.0,766.3
26870,POS消费,地点188,超市,2014/08/29 18:06:55,58.0,708.3
26870,POS消费,地点1870,开水,2014/08/29 19:23:31,0.01,708.29
26870,POS消费,地点314,食堂,2014/08/30 09:27:01,30.0,678.29
26870,POS消费,地点314,食堂,2014/08/30 09:27:05,9.0,669.29
26870,POS消费,地点21,开水,2014/08/30 09:51:46,16.2,653.09
26870,POS消费,地点1870,开水,2014/08/30 11:30:00,0.01,653.08
26870,POS消费,地点192,超市,2014/08/30 18:31:52,3.2,649.88
26870,POS消费,地点281,超市,2014/08/30 18:50:36,10.0,639.88
26870,POS消费,地点1871,洗衣房,2014/08/31 08:53:38,1.2,637.68
26870,POS消费,地点1871,洗衣房,2014/08/31 08:55:41,1.2,636.48
26870,POS消费,地点1871,洗衣房,2014/08/31 08:56:26,1.2,635.28
26870,POS消费,地点1867,洗衣房,2014/08/31 08:57:01,1.2,634.08
26870,POS消费,地点1867,洗衣房,2014/08/31 09:08:02,-0.48,634.56
26870,POS消费,地点1867,洗衣房,2014/08/31 09:08:14,1.2,633.36
26870,POS消费,地点1867,洗衣房,2014/08/31 09:35:52,1.2,632.16
26870,POS消费,地点248,超市,2014/08/31 11:37:45,11.6,620.56
26870,POS消费,地点21,开水,2014/08/31 11:57:13,2.9,617.66
26870,POS消费,地点263,食堂,2014/08/31 17:25:05,8.6,609.06
26870,POS消费,地点822,食堂,2014/08/31 17:26:11,10.0,599.06
26870,POS消费,地点195,超市,2014/08/31 18:16:29,30.0,569.06
26870,POS消费,地点195,超市,2014/08/31 18:16:31,18.0,551.06
