26920,卡片开户,,,2014/07/18 11:37:56,0.0,0.0
26920,卡充值,,,2014/08/28 19:07:03,100.0,100.0
26920,POS消费,地点168,食堂,2014/08/28 19:14:01,5.5,94.5
26920,POS消费,地点188,超市,2014/08/28 19:35:47,4.5,90.0
26920,POS消费,地点60,食堂,2014/08/29 07:42:05,1.1,88.9
26920,POS消费,地点188,超市,2014/08/29 09:39:46,5.9,83.0
26920,POS消费,地点314,食堂,2014/08/29 10:05:16,23.0,60.0
26920,POS消费,地点227,食堂,2014/08/29 12:13:58,5.0,55.0
26920,POS消费,地点1547,食堂,2014/08/29 18:19:51,4.5,50.5
26920,POS消费,地点89,食堂,2014/08/30 08:17:31,3.0,47.5
26920,POS消费,地点72,食堂,2014/08/30 11:37:23,4.6,42.9
26920,POS消费,地点230,食堂,2014/08/30 17:48:21,4.5,38.4
26920,POS消费,地点65,食堂,2014/08/31 08:18:13,0.8,37.6
26920,POS消费,地点314,食堂,2014/08/31 08:37:06,5.8,30.4
26920,POS消费,地点184,食堂,2014/08/31 08:37:42,1.4,36.2
26920,POS消费,地点21,开水,2014/08/31 11:11:40,5.6,24.8
26920,POS消费,地点822,食堂,2014/08/31 17:37:08,5.6,19.2
