26974,卡片开户,,,2014/07/17 09:47:20,0.0,0.0
26974,卡充值,,,2014/08/27 11:19:24,400.0,400.0
26974,POS消费,地点21,开水,2014/08/27 12:23:46,8.6,391.4
26974,POS消费,地点21,开水,2014/08/27 14:04:10,30.0,361.4
26974,POS消费,地点21,开水,2014/08/27 14:04:13,30.0,331.4
26974,POS消费,地点21,开水,2014/08/27 14:04:17,25.1,306.3
26974,POS消费,地点21,开水,2014/08/27 14:44:39,10.6,295.7
26974,POS消费,地点146,校车,2014/08/27 17:56:48,1.0,294.7
26974,POS消费,地点146,校车,2014/08/27 17:56:54,1.0,293.7
26974,POS消费,地点146,校车,2014/08/27 17:57:01,1.0,292.7
26974,POS消费,地点1884,开水,2014/08/30 21:35:53,0.01,292.69
26974,POS消费,地点1884,开水,2014/08/30 21:46:35,0.01,292.68
26974,POS消费,地点118,食堂,2014/08/31 09:39:28,5.6,287.08
26974,POS消费,地点72,食堂,2014/08/31 12:21:36,5.6,281.48
26974,POS消费,地点190,超市,2014/08/31 21:50:37,2.3,279.18
26974,POS消费,地点1870,开水,2014/08/31 23:29:55,0.01,279.17
26974,POS消费,地点1884,开水,2014/08/31 23:48:08,0.01,279.16
