27108,卡片开户,,,2014/07/12 10:59:40,0.0,0.0
27108,卡充值,,,2014/08/27 18:31:40,100.0,100.0
27108,POS消费,地点222,校车,2014/08/27 18:42:57,1.0,99.0
27108,POS消费,地点146,校车,2014/08/27 19:45:05,1.0,98.0
27108,POS消费,地点146,校车,2014/08/27 19:45:13,1.0,97.0
27108,POS消费,地点222,校车,2014/08/27 20:36:10,1.0,96.0
27108,POS消费,地点222,校车,2014/08/27 20:37:31,1.0,95.0
27108,卡充值,,,2014/08/28 11:26:27,200.0,295.0
27108,POS消费,地点188,超市,2014/08/28 11:33:40,100.0,195.0
27108,POS消费,地点188,超市,2014/08/28 11:33:59,30.8,164.2
27108,POS消费,地点192,超市,2014/08/29 18:08:51,4.0,160.2
27108,POS消费,地点168,食堂,2014/08/29 18:17:01,5.5,154.7
27108,POS消费,地点314,食堂,2014/08/29 18:41:49,8.0,146.7
27108,POS消费,地点314,食堂,2014/08/29 18:42:09,0.3,146.4
27108,POS消费,地点1852,开水,2014/08/30 07:04:00,0.01,146.39
27108,POS消费,地点203,食堂,2014/08/30 11:32:43,6.5,139.89
27108,POS消费,地点269,食堂,2014/08/30 17:25:31,4.6,135.29
27108,POS消费,地点283,食堂,2014/08/30 17:29:58,0.8,134.49
27108,POS消费,地点1899,淋浴,2014/08/31 07:19:24,0.1,134.39
27108,POS消费,地点1913,淋浴,2014/08/31 07:25:00,0.2,134.09
27108,POS消费,地点1913,淋浴,2014/08/31 07:26:26,0.1,134.29
27108,POS消费,地点1913,淋浴,2014/08/31 07:30:07,0.2,133.89
27108,POS消费,地点204,食堂,2014/08/31 08:06:16,5.5,128.39
27108,POS消费,地点26,图书馆,2014/08/31 08:40:02,14.3,114.09
27108,POS消费,地点1852,开水,2014/08/31 08:59:22,0.01,114.08
27108,POS消费,地点21,开水,2014/08/31 10:00:17,4.4,109.68
27108,POS消费,地点232,食堂,2014/08/31 11:36:03,5.6,104.08
27108,POS消费,地点87,食堂,2014/08/31 17:22:45,4.6,99.48
27108,POS消费,地点1852,开水,2014/08/31 21:54:46,0.01,99.47
