27122,卡片开户,,,2014/07/14 09:49:41,0.0,0.0
27122,卡充值,,,2014/08/29 11:51:24,500.0,500.0
27122,POS消费,地点21,开水,2014/08/29 11:53:18,1.8,498.2
27122,POS消费,地点21,开水,2014/08/29 11:53:31,3.5,494.7
27122,POS消费,地点21,开水,2014/08/29 11:53:39,1.5,493.2
27122,POS消费,地点239,食堂,2014/08/29 12:10:31,5.0,488.2
27122,POS消费,地点21,开水,2014/08/29 17:41:50,4.8,483.4
27122,POS消费,地点87,食堂,2014/08/29 18:04:19,4.6,478.8
27122,POS消费,地点61,食堂,2014/08/29 18:21:08,3.0,475.8
27122,POS消费,地点161,食堂,2014/08/30 08:10:44,5.0,470.8
27122,POS消费,地点1865,洗衣房,2014/08/30 09:12:07,1.2,469.6
27122,POS消费,地点1865,洗衣房,2014/08/30 09:12:29,1.2,469.54
27122,POS消费,地点1865,洗衣房,2014/08/30 09:13:58,-1.14,470.74
27122,POS消费,地点1885,洗衣房,2014/08/30 09:16:32,1.2,468.34
27122,POS消费,地点1885,洗衣房,2014/08/30 09:19:48,-1.08,469.42
27122,POS消费,地点1885,洗衣房,2014/08/30 09:20:00,1.2,468.22
27122,POS消费,地点26,图书馆,2014/08/30 09:41:58,109.0,359.22
27122,POS消费,地点1885,洗衣房,2014/08/30 10:31:36,1.2,358.02
27122,POS消费,地点61,食堂,2014/08/30 11:28:24,7.2,350.82
27122,POS消费,地点243,食堂,2014/08/30 11:31:23,1.0,349.82
27122,POS消费,地点243,食堂,2014/08/30 17:51:58,3.5,340.72
27122,POS消费,地点61,食堂,2014/08/30 17:52:00,5.6,344.22
27122,POS消费,地点188,超市,2014/08/30 18:55:52,7.8,332.92
27122,POS消费,地点1911,淋浴,2014/08/31 07:44:46,0.6,332.32
27122,POS消费,地点1588,食堂,2014/08/31 08:47:31,3.4,328.82
27122,POS消费,地点192,超市,2014/08/31 08:55:00,3.2,325.62
27122,POS消费,地点269,食堂,2014/08/31 12:16:43,6.6,319.02
27122,POS消费,地点243,食堂,2014/08/31 12:30:44,1.0,318.02
27122,POS消费,地点65,食堂,2014/08/31 17:26:26,4.6,313.42
27122,POS消费,地点218,食堂,2014/08/31 17:28:58,1.5,311.92
