27190,卡片开户,,,2014/07/17 09:44:54,0.0,0.0
27190,卡充值,,,2014/08/25 11:42:15,500.0,500.0
27190,POS消费,地点21,开水,2014/08/25 11:57:47,0.7,474.7
27190,POS消费,地点21,开水,2014/08/25 11:57:54,0.7,474.0
27190,POS消费,地点1596,食堂,2014/08/25 12:08:14,8.6,491.4
27190,POS消费,地点1596,食堂,2014/08/25 12:08:34,8.0,483.4
27190,POS消费,地点1596,食堂,2014/08/25 12:08:52,8.0,475.4
27190,POS消费,地点1847,食堂,2014/08/25 12:19:24,3.0,471.0
27190,POS消费,地点192,超市,2014/08/25 13:04:23,30.0,441.0
27190,POS消费,地点192,超市,2014/08/25 13:04:25,30.0,411.0
27190,POS消费,地点192,超市,2014/08/25 13:04:47,17.8,393.2
27190,POS消费,地点21,开水,2014/08/25 13:32:35,15.6,377.6
27190,POS消费,地点21,开水,2014/08/25 20:33:59,9.0,368.6
27190,POS消费,地点806,开水,2014/08/25 22:04:29,0.02,368.58
27190,POS消费,地点806,开水,2014/08/26 06:42:36,0.01,368.57
27190,POS消费,地点806,开水,2014/08/26 06:49:09,0.02,368.55
27190,POS消费,地点65,食堂,2014/08/26 07:14:55,0.2,366.75
27190,POS消费,地点21,开水,2014/08/26 07:15:12,2.0,364.75
27190,POS消费,地点61,食堂,2014/08/26 07:27:07,1.6,366.95
27190,POS消费,地点192,超市,2014/08/26 11:56:31,5.5,359.25
27190,POS消费,地点103,食堂,2014/08/26 17:30:59,4.1,355.15
27190,POS消费,地点1701,食堂,2014/08/26 17:42:25,1.8,353.35
27190,POS消费,地点884,淋浴,2014/08/26 23:27:36,0.9,352.45
27190,POS消费,地点69,食堂,2014/08/27 07:18:55,2.4,350.05
27190,POS消费,地点211,校车,2014/08/28 16:41:04,1.0,349.05
27190,POS消费,地点1913,淋浴,2014/08/28 17:07:45,0.1,348.95
27190,POS消费,地点219,超市,2014/08/28 18:30:51,4.0,344.95
27190,POS消费,地点219,超市,2014/08/28 18:31:00,1.0,343.95
27190,POS消费,地点146,校车,2014/08/29 13:01:05,1.0,342.95
27190,POS消费,地点222,校车,2014/08/29 17:06:23,1.0,341.95
27190,POS消费,地点1852,开水,2014/08/29 17:19:32,0.01,341.94
27190,POS消费,地点1852,开水,2014/08/29 17:19:57,0.01,341.93
27190,POS消费,地点219,超市,2014/08/29 18:14:37,1.0,340.93
27190,POS消费,地点1913,淋浴,2014/08/29 23:22:07,0.3,340.63
27190,POS消费,地点1913,淋浴,2014/08/29 23:25:39,0.2,340.43
27190,POS消费,地点1913,淋浴,2014/08/29 23:28:15,0.1,340.33
27190,POS消费,地点1911,淋浴,2014/08/29 23:33:54,0.1,340.23
27190,POS消费,地点1911,淋浴,2014/08/29 23:45:20,0.6,339.63
27190,POS消费,地点1911,淋浴,2014/08/29 23:45:23,0.4,338.93
27190,POS消费,地点1911,淋浴,2014/08/29 23:45:26,0.3,339.33
27190,POS消费,地点146,校车,2014/08/30 15:27:59,1.0,337.93
27190,POS消费,地点146,校车,2014/08/30 15:28:07,1.0,336.93
27190,POS消费,地点146,校车,2014/08/30 15:28:19,1.0,335.93
27190,POS消费,地点1899,淋浴,2014/08/30 23:25:55,0.9,335.03
27190,POS消费,地点157,食堂,2014/08/31 08:19:10,0.8,334.23
27190,POS消费,地点1409,食堂,2014/08/31 08:24:23,4.4,329.83
27190,POS消费,地点188,超市,2014/08/31 12:46:19,10.5,319.33
27190,POS消费,地点1852,开水,2014/08/31 17:52:12,0.01,319.32
27190,POS消费,地点1871,洗衣房,2014/08/31 18:01:48,1.2,318.12
27190,POS消费,地点1871,洗衣房,2014/08/31 18:10:40,-0.66,318.78
27190,POS消费,地点1871,洗衣房,2014/08/31 18:14:57,1.2,317.58
27190,POS消费,地点1871,洗衣房,2014/08/31 18:24:44,-0.6,318.18
27190,POS消费,地点21,开水,2014/08/31 18:42:15,17.6,300.58
27190,POS消费,地点192,超市,2014/08/31 20:42:54,18.3,282.28
