27252,卡片开户,,,2014/07/17 09:41:13,0.0,0.0
27252,卡充值,,,2014/08/29 16:32:45,20.0,20.0
27252,卡充值,,,2014/08/29 17:26:17,100.0,120.0
27252,POS消费,地点190,超市,2014/08/29 19:32:21,6.3,113.7
27252,POS消费,地点103,食堂,2014/08/30 09:21:51,3.3,110.4
27252,POS消费,地点103,食堂,2014/08/30 09:22:43,1.5,108.9
27252,POS消费,地点21,开水,2014/08/30 09:23:18,30.0,78.9
27252,POS消费,地点21,开水,2014/08/30 09:23:22,8.5,70.4
27252,POS消费,地点21,开水,2014/08/30 11:42:29,4.2,66.2
27252,POS消费,地点21,开水,2014/08/30 17:21:20,3.0,63.2
27252,POS消费,地点1899,淋浴,2014/08/30 19:52:58,0.3,62.9
27252,POS消费,地点1588,食堂,2014/08/31 08:07:43,4.9,58.0
27252,POS消费,地点219,超市,2014/08/31 10:06:37,2.0,56.0
27252,POS消费,地点251,食堂,2014/08/31 11:09:39,3.0,53.0
27252,POS消费,地点1899,淋浴,2014/08/31 11:13:39,0.2,52.8
27252,POS消费,地点114,食堂,2014/08/31 17:21:06,2.0,48.65
27252,POS消费,地点21,开水,2014/08/31 17:30:38,2.15,50.65
27252,POS消费,地点1913,淋浴,2014/08/31 21:42:45,0.1,48.35
27252,POS消费,地点1913,淋浴,2014/08/31 21:44:19,0.2,48.45
