27268,卡片开户,,,2014/07/10 12:35:15,0.0,0.0
27268,卡充值,,,2014/08/28 16:35:04,300.0,300.0
27268,POS消费,地点27,教务处,2014/08/28 16:41:49,25.0,275.0
27268,POS消费,地点188,超市,2014/08/29 08:29:35,25.5,249.5
27268,POS消费,地点227,食堂,2014/08/29 18:17:58,5.0,244.5
27268,POS消费,地点21,开水,2014/08/29 18:25:52,1.15,243.35
27268,POS消费,地点195,超市,2014/08/29 18:59:01,0.2,243.15
27268,POS消费,地点361,淋浴,2014/08/30 19:58:32,1.3,240.55
27268,POS消费,地点65,食堂,2014/08/31 08:12:24,0.3,240.25
27268,POS消费,地点65,食堂,2014/08/31 08:12:34,0.2,240.05
27268,POS消费,地点219,超市,2014/08/31 10:07:01,2.0,238.05
27268,POS消费,地点69,食堂,2014/08/31 10:50:21,0.6,232.45
27268,POS消费,地点227,食堂,2014/08/31 10:56:33,5.0,233.05
27268,POS消费,地点21,开水,2014/08/31 11:20:43,4.6,227.85
27268,POS消费,地点89,食堂,2014/08/31 17:11:09,3.0,224.85
27268,POS消费,地点195,超市,2014/08/31 17:29:38,12.9,211.95
