27300,卡片开户,,,2014/07/16 10:39:43,0.0,0.0
27300,卡充值,,,2014/08/29 16:25:44,500.0,500.0
27300,POS消费,地点195,超市,2014/08/29 16:33:43,28.0,472.0
27300,POS消费,地点1954,淋浴,2014/08/29 22:33:35,0.9,471.1
27300,POS消费,地点1961,超市,2014/08/30 10:35:42,189.9,281.2
27300,POS消费,地点157,食堂,2014/08/30 18:31:24,10.6,270.6
27300,POS消费,地点21,开水,2014/08/30 18:41:47,9.1,261.5
27300,POS消费,地点1948,淋浴,2014/08/30 22:55:06,0.1,261.4
27300,POS消费,地点1948,淋浴,2014/08/30 22:56:19,0.1,261.3
27300,POS消费,地点1899,淋浴,2014/08/30 23:07:58,0.2,261.1
27300,POS消费,地点1899,淋浴,2014/08/30 23:08:24,0.2,260.9
27300,POS消费,地点65,食堂,2014/08/31 08:04:35,0.8,259.2
27300,POS消费,地点89,食堂,2014/08/31 08:19:15,3.0,256.2
27300,POS消费,地点192,超市,2014/08/31 13:09:11,30.0,226.2
27300,POS消费,地点192,超市,2014/08/31 13:09:25,8.4,217.8
27300,POS消费,地点1899,淋浴,2014/08/31 22:13:11,0.1,217.7
27300,POS消费,地点1948,淋浴,2014/08/31 22:13:31,0.1,217.6
27300,POS消费,地点1948,淋浴,2014/08/31 22:22:07,0.1,217.4
