27356,卡片开户,,,2014/07/18 11:42:51,0.0,0.0
27356,卡充值,,,2014/08/29 18:14:05,400.0,400.0
27356,POS消费,地点253,食堂,2014/08/29 18:33:33,5.9,394.1
27356,POS消费,地点253,食堂,2014/08/29 18:33:45,5.25,388.85
27356,POS消费,地点253,食堂,2014/08/29 18:33:56,5.25,383.6
27356,POS消费,地点1899,淋浴,2014/08/29 21:24:22,0.6,383.0
27356,POS消费,地点89,食堂,2014/08/30 07:44:05,3.0,380.0
27356,POS消费,地点192,超市,2014/08/30 17:27:04,4.0,376.0
27356,POS消费,地点192,超市,2014/08/30 21:12:46,7.3,368.7
27356,POS消费,地点89,食堂,2014/08/31 08:17:43,3.0,365.7
27356,POS消费,地点192,超市,2014/08/31 10:50:59,6.5,359.2
27356,POS消费,地点1961,超市,2014/08/31 12:32:42,1.8,357.4
27356,POS消费,地点222,校车,2014/08/31 16:56:10,1.0,356.4
27356,POS消费,地点1954,淋浴,2014/08/31 23:03:48,0.6,355.8
