27394,卡片开户,,,2014/07/10 12:36:15,0.0,0.0
27394,卡充值,,,2014/08/28 16:56:34,200.0,200.0
27394,POS消费,地点1442,校车,2014/08/28 19:48:34,1.0,199.0
27394,POS消费,地点260,食堂,2014/08/29 11:56:36,1.0,198.0
27394,POS消费,地点260,食堂,2014/08/29 11:56:42,0.6,197.4
27394,POS消费,地点260,食堂,2014/08/29 11:57:38,2.2,195.2
27394,POS消费,地点253,食堂,2014/08/29 11:57:52,4.2,191.0
27394,POS消费,地点837,校车,2014/08/29 17:36:38,1.0,190.0
27394,POS消费,地点114,食堂,2014/08/29 18:52:52,5.0,185.0
27394,POS消费,地点314,食堂,2014/08/29 19:43:41,5.0,180.0
27394,POS消费,地点808,淋浴,2014/08/29 22:04:02,0.7,179.3
27394,POS消费,地点808,淋浴,2014/08/30 23:58:47,0.8,178.5
27394,POS消费,地点21,开水,2014/08/31 10:26:01,10.9,167.6
27394,POS消费,地点237,食堂,2014/08/31 11:16:12,1.6,166.0
27394,POS消费,地点61,食堂,2014/08/31 11:30:38,3.0,163.0
27394,POS消费,地点26,图书馆,2014/08/31 23:07:28,0.6,162.4
