27612,卡片开户,,,2014/07/16 13:28:17,0.0,0.0
27612,卡充值,,,2014/08/27 15:13:06,500.0,500.0
27612,POS消费,地点218,食堂,2014/08/27 15:14:32,8.0,492.0
27612,POS消费,地点271,校医院,2014/08/28 18:23:38,63.0,429.0
27612,POS消费,地点203,食堂,2014/08/29 11:33:29,7.5,421.5
27612,POS消费,地点218,食堂,2014/08/29 11:44:06,2.9,418.6
27612,POS消费,地点314,食堂,2014/08/29 15:52:13,189.3,229.3
27612,POS消费,地点823,洗衣房,2014/08/29 16:56:17,3.6,225.7
27612,POS消费,地点823,洗衣房,2014/08/29 17:30:02,-1.56,227.26
27612,POS消费,地点65,食堂,2014/08/29 17:59:19,9.6,217.66
27612,POS消费,地点21,开水,2014/08/29 19:40:30,29.0,188.66
27612,POS消费,地点72,食堂,2014/08/30 12:34:48,8.6,180.06
27612,POS消费,地点69,食堂,2014/08/30 12:45:34,0.4,179.66
27612,POS消费,地点21,开水,2014/08/30 12:57:23,9.0,170.66
27612,POS消费,地点188,超市,2014/08/30 13:39:43,100.0,70.66
27612,POS消费,地点21,开水,2014/08/31 16:10:54,10.0,60.66
27612,卡充值,,,2014/08/31 16:14:44,100.0,160.66
27612,POS消费,地点272,食堂,2014/08/31 17:17:36,9.0,151.66
27612,POS消费,地点258,食堂,2014/08/31 17:24:31,3.2,148.46
