27610,卡片开户,,,2014/07/18 12:09:54,0.0,0.0
27610,卡充值,,,2014/08/28 14:38:21,500.0,500.0
27610,POS消费,地点203,食堂,2014/08/28 14:48:14,16.5,483.5
27610,POS消费,地点188,超市,2014/08/28 19:50:01,50.1,433.4
27610,POS消费,地点751,淋浴,2014/08/28 21:28:04,0.1,433.3
27610,POS消费,地点757,淋浴,2014/08/28 21:29:53,0.8,432.5
27610,POS消费,地点757,淋浴,2014/08/28 22:05:38,0.1,432.4
27610,POS消费,地点21,开水,2014/08/29 18:32:04,9.6,422.8
27610,POS消费,地点192,超市,2014/08/29 19:05:45,12.2,410.6
27610,POS消费,地点1961,超市,2014/08/30 16:29:50,28.0,382.6
27610,POS消费,地点172,淋浴,2014/08/30 23:00:57,0.5,382.1
27610,POS消费,地点268,食堂,2014/08/31 11:30:01,1.6,380.5
27610,POS消费,地点820,食堂,2014/08/31 11:31:29,5.0,375.5
