27624,卡片开户,,,2014/07/19 11:38:56,0.0,0.0
27624,卡充值,,,2014/08/29 13:54:42,500.0,500.0
27624,POS消费,地点21,开水,2014/08/29 18:37:08,8.6,491.4
27624,POS消费,地点114,食堂,2014/08/29 18:50:23,2.5,488.9
27624,POS消费,地点751,淋浴,2014/08/29 22:17:16,0.1,488.8
27624,POS消费,地点751,淋浴,2014/08/29 22:19:08,0.1,488.6
27624,POS消费,地点757,淋浴,2014/08/29 22:21:54,0.6,488.0
27624,POS消费,地点751,淋浴,2014/08/29 22:23:12,0.1,488.7
27624,POS消费,地点19,开水,2014/08/29 22:33:46,0.13,487.87
27624,POS消费,地点65,食堂,2014/08/30 09:01:57,0.7,487.17
27624,POS消费,地点1386,校车,2014/08/30 09:40:04,2.0,485.17
27624,POS消费,地点1386,校车,2014/08/30 09:40:13,2.0,483.17
27624,POS消费,地点1215,校车,2014/08/30 14:09:14,2.0,481.17
27624,POS消费,地点837,校车,2014/08/30 17:16:11,1.0,480.17
27624,POS消费,地点21,开水,2014/08/30 19:06:42,13.4,466.77
27624,POS消费,地点21,开水,2014/08/30 19:14:16,7.5,459.27
27624,POS消费,地点60,食堂,2014/08/31 07:42:06,1.0,458.27
27624,POS消费,地点12,文印中心,2014/08/31 11:24:24,5.0,453.27
27624,POS消费,地点12,文印中心,2014/08/31 11:25:12,5.0,448.27
27624,POS消费,地点6,淋浴,2014/08/31 11:30:00,0.12,448.15
27624,POS消费,地点6,淋浴,2014/08/31 11:30:15,1.2,446.95
27624,POS消费,地点6,淋浴,2014/08/31 11:40:35,1.5,445.45
27624,POS消费,地点1451,校车,2014/08/31 12:06:08,1.0,444.45
27624,POS消费,地点192,超市,2014/08/31 13:25:02,22.2,422.25
27624,POS消费,地点192,超市,2014/08/31 13:25:10,3.5,418.75
27624,POS消费,地点1674,食堂,2014/08/31 17:38:23,1.2,412.05
27624,POS消费,地点134,食堂,2014/08/31 17:49:40,4.6,413.25
27624,POS消费,地点188,超市,2014/08/31 20:15:20,6.5,405.55
