27694,卡片开户,,,2014/07/15 12:22:50,0.0,0.0
27694,卡充值,,,2014/08/28 18:23:49,200.0,200.0
27694,POS消费,地点248,超市,2014/08/28 18:30:00,8.3,191.7
27694,POS消费,地点248,超市,2014/08/28 18:30:31,6.5,185.2
27694,POS消费,地点21,开水,2014/08/28 18:31:47,2.4,182.8
27694,POS消费,地点21,开水,2014/08/28 18:34:25,9.6,173.2
27694,POS消费,地点816,校车,2014/08/29 17:11:55,1.0,172.2
27694,POS消费,地点816,校车,2014/08/29 17:12:04,1.0,171.2
27694,POS消费,地点180,开水,2014/08/31 07:01:27,0.01,171.19
27694,POS消费,地点87,食堂,2014/08/31 07:46:09,6.0,165.19
27694,POS消费,地点65,食堂,2014/08/31 17:35:22,9.6,155.59
