27710,卡片开户,,,2014/07/19 15:15:31,0.0,0.0
27710,卡充值,,,2014/08/30 10:20:02,200.0,200.0
27710,POS消费,地点114,食堂,2014/08/30 10:20:06,5.0,195.0
27710,POS消费,地点195,超市,2014/08/30 12:00:10,1.2,193.8
27710,POS消费,地点253,食堂,2014/08/30 13:09:59,6.8,187.0
27710,POS消费,地点61,食堂,2014/08/30 13:13:06,8.6,178.4
27710,POS消费,地点61,食堂,2014/08/30 13:16:08,1.4,177.0
27710,POS消费,地点21,开水,2014/08/30 18:17:38,0.75,176.25
27710,POS消费,地点314,食堂,2014/08/30 19:01:16,13.7,162.55
27710,POS消费,地点1888,开水,2014/08/30 20:17:11,0.01,162.54
27710,POS消费,地点1888,开水,2014/08/30 20:18:36,0.01,162.53
27710,POS消费,地点21,开水,2014/08/31 07:35:16,1.8,160.73
27710,POS消费,地点184,食堂,2014/08/31 08:01:03,0.8,159.93
27710,POS消费,地点21,开水,2014/08/31 10:53:56,0.35,159.58
27710,POS消费,地点1674,食堂,2014/08/31 10:57:04,2.5,157.08
27710,POS消费,地点1888,开水,2014/08/31 11:17:57,0.01,157.07
27710,POS消费,地点83,食堂,2014/08/31 16:41:01,2.0,155.07
27710,POS消费,地点21,开水,2014/08/31 16:48:14,1.8,149.77
27710,POS消费,地点1588,食堂,2014/08/31 16:59:59,3.5,151.57
27710,POS消费,地点1888,开水,2014/08/31 20:42:41,0.01,149.76
27710,POS消费,地点1480,开水,2014/08/31 20:43:50,0.01,149.75
