27722,卡片开户,,,2014/07/19 15:08:47,0.0,0.0
27722,卡充值,,,2014/08/07 11:09:16,100.0,100.0
27722,POS消费,地点69,食堂,2014/08/07 11:12:14,5.8,88.5
27722,POS消费,地点65,食堂,2014/08/07 11:12:29,5.7,94.3
27722,POS消费,地点243,食堂,2014/08/07 11:14:55,3.0,85.5
27722,POS消费,地点218,食堂,2014/08/07 11:24:51,3.5,82.0
27722,POS消费,地点218,食堂,2014/08/07 11:26:00,0.5,81.5
27722,POS消费,地点612,淋浴,2014/08/07 17:49:25,0.2,81.3
27722,POS消费,地点612,淋浴,2014/08/07 17:49:31,0.2,81.1
27722,POS消费,地点612,淋浴,2014/08/08 08:37:03,0.3,80.8
27722,POS消费,地点612,淋浴,2014/08/08 08:39:44,0.3,80.5
27722,POS消费,地点612,淋浴,2014/08/08 18:11:28,0.2,80.3
27722,POS消费,地点612,淋浴,2014/08/08 18:13:07,0.2,80.1
27722,POS消费,地点612,淋浴,2014/08/09 10:00:10,0.3,79.8
27722,POS消费,地点612,淋浴,2014/08/09 10:02:46,0.3,79.5
27722,,,,2014/08/09 10:40:10,40.0,39.5
27722,POS消费,地点612,淋浴,2014/08/09 17:36:07,0.2,39.3
27722,POS消费,地点612,淋浴,2014/08/09 17:40:36,0.1,39.0
27722,POS消费,地点612,淋浴,2014/08/09 17:42:41,0.2,39.1
27722,POS消费,地点612,淋浴,2014/08/10 09:14:04,1.0,38.0
27722,POS消费,地点612,淋浴,2014/08/10 19:31:25,0.3,37.7
27722,POS消费,地点612,淋浴,2014/08/10 19:39:11,0.3,37.4
27722,POS消费,地点1170,洗衣房,2014/08/10 20:24:27,3.6,33.8
27722,POS消费,地点612,淋浴,2014/08/11 07:51:27,0.9,32.9
27722,POS消费,地点620,淋浴,2014/08/18 22:12:36,0.1,32.79
27722,POS消费,地点825,淋浴,2014/08/18 22:12:36,0.1,32.59
27722,POS消费,地点62,淋浴,2014/08/18 22:12:37,0.1,32.69
27722,POS消费,地点546,淋浴,2014/08/18 22:12:39,0.01,32.89
27722,POS消费,地点1483,淋浴,2014/08/18 22:14:21,0.1,32.49
27722,POS消费,地点612,淋浴,2014/08/18 22:15:30,0.5,31.99
27722,POS消费,地点612,淋浴,2014/08/21 06:20:01,0.8,31.19
27722,POS消费,地点612,淋浴,2014/08/21 06:23:10,0.4,30.79
27722,POS消费,地点612,淋浴,2014/08/21 06:29:55,0.7,30.09
27722,POS消费,地点612,淋浴,2014/08/21 06:31:25,0.5,29.59
27722,POS消费,地点612,淋浴,2014/08/21 08:35:16,0.8,28.79
27722,POS消费,地点21,开水,2014/08/21 18:21:10,10.0,18.79
27722,POS消费,地点612,淋浴,2014/08/22 09:39:18,0.9,17.89
27722,POS消费,地点612,淋浴,2014/08/22 18:09:05,0.3,17.59
27722,POS消费,地点612,淋浴,2014/08/23 08:20:06,0.9,16.69
27722,POS消费,地点62,淋浴,2014/08/23 19:09:03,0.1,16.59
27722,POS消费,地点1497,淋浴,2014/08/23 19:17:18,0.7,15.89
27722,POS消费,地点612,淋浴,2014/08/25 09:32:36,0.4,15.49
27722,卡充值,,,2014/08/27 13:34:43,200.0,215.49
27722,POS消费,地点172,淋浴,2014/08/27 16:57:53,0.5,214.99
27722,POS消费,地点811,洗衣房,2014/08/27 17:08:06,3.6,211.39
27722,POS消费,地点192,超市,2014/08/27 18:59:12,5.7,205.69
27722,POS消费,地点192,超市,2014/08/27 21:10:18,7.0,198.69
27722,POS消费,地点172,淋浴,2014/08/27 21:45:21,0.5,198.19
27722,POS消费,地点172,淋浴,2014/08/28 09:23:17,0.6,197.59
27722,POS消费,地点172,淋浴,2014/08/28 15:42:31,0.4,197.19
27722,POS消费,地点172,淋浴,2014/08/28 20:53:22,0.5,196.69
27722,POS消费,地点172,淋浴,2014/08/29 07:26:55,0.6,196.09
27722,POS消费,地点21,开水,2014/08/29 08:48:04,3.3,192.79
27722,POS消费,地点1451,校车,2014/08/29 10:14:01,1.0,191.79
27722,POS消费,地点811,洗衣房,2014/08/29 14:19:08,3.6,187.89
27722,POS消费,地点811,洗衣房,2014/08/29 14:20:45,3.6,184.29
27722,POS消费,地点172,淋浴,2014/08/29 14:22:31,0.3,191.49
27722,POS消费,地点811,洗衣房,2014/08/29 14:25:25,-2.04,186.33
27722,POS消费,地点816,校车,2014/08/29 15:03:52,1.0,185.33
27722,POS消费,地点172,淋浴,2014/08/29 21:24:24,0.1,185.23
27722,POS消费,地点172,淋浴,2014/08/29 21:24:47,0.5,184.73
27722,POS消费,地点172,淋浴,2014/08/30 08:15:31,0.7,184.03
27722,POS消费,地点172,淋浴,2014/08/30 08:21:54,0.2,183.83
27722,POS消费,地点1448,校车,2014/08/30 09:03:22,1.0,182.83
27722,POS消费,地点188,超市,2014/08/30 11:52:28,42.0,140.83
27722,POS消费,地点172,淋浴,2014/08/30 11:58:21,0.4,140.43
27722,POS消费,地点21,开水,2014/08/30 14:17:55,5.8,134.63
27722,POS消费,地点188,超市,2014/08/30 20:00:59,3.0,131.63
27722,POS消费,地点757,淋浴,2014/08/30 20:10:21,0.4,131.23
27722,POS消费,地点172,淋浴,2014/08/31 07:14:23,0.7,130.53
27722,POS消费,地点114,食堂,2014/08/31 07:48:44,2.5,128.03
27722,POS消费,地点172,淋浴,2014/08/31 11:22:43,0.5,127.53
27722,POS消费,地点811,洗衣房,2014/08/31 11:30:11,3.6,123.93
