27750,卡片开户,,,2014/07/14 10:05:34,0.0,0.0
27750,卡充值,,,2014/08/27 15:10:36,200.0,200.0
27750,POS消费,地点21,开水,2014/08/27 17:01:44,5.8,194.2
27750,POS消费,地点146,校车,2014/08/27 19:04:08,1.0,193.2
27750,POS消费,地点188,超市,2014/08/27 19:48:44,30.0,163.2
27750,POS消费,地点188,超市,2014/08/27 19:48:52,15.2,148.0
27750,POS消费,地点1472,校车,2014/08/27 20:17:03,1.0,147.0
27750,POS消费,地点91,校车,2014/08/28 08:06:02,9.6,137.4
27750,POS消费,地点188,超市,2014/08/28 09:14:35,6.0,131.4
27750,POS消费,地点72,食堂,2014/08/28 17:41:28,4.6,126.8
27750,POS消费,地点192,超市,2014/08/28 17:57:33,11.0,115.8
27750,POS消费,地点751,淋浴,2014/08/28 22:47:53,0.1,115.7
27750,POS消费,地点751,淋浴,2014/08/28 22:48:04,0.3,115.4
27750,POS消费,地点180,开水,2014/08/29 07:40:01,0.01,115.39
27750,POS消费,地点19,开水,2014/08/29 07:40:28,0.01,115.38
27750,POS消费,地点180,开水,2014/08/29 07:41:10,0.01,115.37
27750,POS消费,地点89,食堂,2014/08/29 08:44:07,3.0,112.37
27750,POS消费,地点314,食堂,2014/08/29 10:01:07,30.0,82.37
27750,POS消费,地点314,食堂,2014/08/29 10:01:11,8.6,73.77
27750,POS消费,地点91,校车,2014/08/29 11:32:07,2.1,71.67
27750,POS消费,地点222,校车,2014/08/29 13:18:01,1.0,70.67
27750,POS消费,地点1389,校车,2014/08/29 16:25:31,2.0,68.67
27750,POS消费,地点228,食堂,2014/08/29 17:59:08,5.0,63.67
27750,POS消费,地点231,食堂,2014/08/29 18:13:35,0.6,63.07
27750,POS消费,地点1155,食堂,2014/08/29 19:40:13,2.5,60.57
27750,POS消费,地点757,淋浴,2014/08/29 20:31:04,0.3,60.27
27750,POS消费,地点180,开水,2014/08/30 07:29:55,0.01,60.26
27750,POS消费,地点233,食堂,2014/08/30 11:22:11,8.6,51.66
27750,POS消费,地点21,开水,2014/08/30 11:31:38,9.0,42.66
27750,POS消费,地点72,食堂,2014/08/30 18:40:13,5.1,37.56
27750,POS消费,地点161,食堂,2014/08/30 18:40:47,4.0,33.56
27750,POS消费,地点188,超市,2014/08/30 20:53:40,1.5,32.06
27750,POS消费,地点180,开水,2014/08/30 21:46:02,0.03,32.03
27750,POS消费,地点19,开水,2014/08/31 07:08:27,0.07,31.96
27750,POS消费,地点89,食堂,2014/08/31 07:46:45,3.0,28.96
27750,POS消费,地点114,食堂,2014/08/31 07:57:15,2.0,26.96
27750,POS消费,地点91,校车,2014/08/31 11:08:18,4.1,22.86
27750,POS消费,地点72,食堂,2014/08/31 17:29:39,5.6,17.26
