27770,卡片开户,,,2014/07/20 10:11:32,0.0,0.0
27770,卡充值,,,2014/08/28 12:24:11,300.0,300.0
27770,POS消费,地点161,食堂,2014/08/28 12:31:25,13.2,267.1
27770,POS消费,地点21,开水,2014/08/28 12:42:57,12.1,287.9
27770,POS消费,地点21,开水,2014/08/28 12:43:20,7.6,280.3
27770,POS消费,地点19,开水,2014/08/28 21:24:25,0.09,267.01
27770,POS消费,地点19,开水,2014/08/28 21:25:32,0.1,266.91
27770,POS消费,地点168,食堂,2014/08/29 08:22:31,6.5,260.41
27770,POS消费,地点168,食堂,2014/08/29 08:23:34,6.5,253.91
27770,POS消费,地点1547,食堂,2014/08/29 08:42:56,6.0,247.91
27770,POS消费,地点203,食堂,2014/08/29 14:55:36,5.5,242.41
27770,POS消费,地点203,食堂,2014/08/29 14:56:03,1.0,241.41
27770,POS消费,地点757,淋浴,2014/08/29 21:28:55,0.1,241.31
27770,POS消费,地点757,淋浴,2014/08/29 21:44:49,1.0,240.31
27770,POS消费,地点19,开水,2014/08/30 08:21:13,0.02,240.29
27770,POS消费,地点1451,校车,2014/08/30 09:09:19,1.0,239.29
27770,POS消费,地点21,开水,2014/08/30 11:03:38,8.6,230.69
27770,POS消费,地点21,开水,2014/08/30 11:03:48,1.0,229.69
27770,POS消费,地点248,超市,2014/08/30 11:04:00,2.6,227.09
27770,POS消费,地点21,开水,2014/08/30 11:04:49,8.6,218.49
27770,POS消费,地点180,开水,2014/08/30 11:56:18,0.01,218.48
27770,POS消费,地点19,开水,2014/08/30 11:57:40,0.05,218.43
27770,POS消费,地点89,食堂,2014/08/30 17:11:16,4.5,213.93
27770,POS消费,地点60,食堂,2014/08/31 07:22:32,0.8,213.13
27770,POS消费,地点61,食堂,2014/08/31 07:30:32,3.2,209.93
27770,POS消费,地点72,食堂,2014/08/31 11:53:08,9.6,200.33
27770,POS消费,地点251,食堂,2014/08/31 17:24:49,0.6,199.7
27770,POS消费,地点21,开水,2014/08/31 17:26:58,2.2,197.5
27770,POS消费,地点168,食堂,2014/08/31 20:16:10,6.5,191.0
