27792,卡片开户,,,2014/07/14 09:23:50,0.0,0.0
27792,卡充值,,,2014/08/29 12:44:02,200.0,200.0
27792,POS消费,地点161,食堂,2014/08/29 12:52:48,18.0,182.0
27792,POS消费,地点161,食堂,2014/08/29 12:52:55,2.4,179.6
27792,POS消费,地点161,食堂,2014/08/29 12:53:37,10.6,169.0
27792,POS消费,地点222,校车,2014/08/29 19:32:13,1.0,168.0
27792,POS消费,地点192,超市,2014/08/29 21:17:07,27.2,140.8
27792,POS消费,地点180,开水,2014/08/29 22:07:16,0.03,140.77
27792,POS消费,地点757,淋浴,2014/08/29 23:32:25,0.1,140.67
27792,POS消费,地点172,淋浴,2014/08/29 23:35:37,0.1,140.57
27792,POS消费,地点204,食堂,2014/08/30 09:20:51,7.5,133.07
27792,POS消费,地点203,食堂,2014/08/30 13:14:21,7.5,125.57
27792,POS消费,地点1451,校车,2014/08/31 12:13:13,1.0,124.57
27792,POS消费,地点19,开水,2014/08/31 12:24:04,0.07,124.5
27792,POS消费,地点21,开水,2014/08/31 16:46:51,0.2,124.3
27792,POS消费,地点253,食堂,2014/08/31 17:37:37,4.0,120.3
27792,POS消费,地点239,食堂,2014/08/31 17:37:57,2.7,117.6
27792,POS消费,地点242,食堂,2014/08/31 17:39:06,1.5,116.1
27792,POS消费,地点184,食堂,2014/08/31 17:40:26,3.2,112.9
27792,POS消费,地点166,淋浴,2014/08/31 22:51:18,0.9,112.0
