27846,卡片开户,,,2014/07/12 11:05:51,0.0,0.0
27846,卡充值,,,2014/08/29 12:36:01,200.0,200.0
27846,POS消费,地点89,食堂,2014/08/29 13:17:03,9.0,191.0
27846,POS消费,地点21,开水,2014/08/30 17:11:22,3.6,187.4
27846,POS消费,地点166,淋浴,2014/08/30 21:52:30,1.4,186.0
27846,POS消费,地点141,开水,2014/08/30 22:26:39,0.02,185.98
27846,POS消费,地点134,食堂,2014/08/31 07:47:00,0.5,185.48
27846,POS消费,地点1588,食堂,2014/08/31 07:49:10,0.8,184.68
27846,POS消费,地点82,食堂,2014/08/31 11:43:15,7.6,177.08
27846,POS消费,地点192,超市,2014/08/31 13:39:29,7.1,169.98
27846,POS消费,地点222,校车,2014/08/31 17:01:10,1.0,168.98
27846,POS消费,地点21,开水,2014/08/31 17:10:26,2.8,166.18
