27874,卡片开户,,,2014/07/20 11:09:18,0.0,0.0
27874,卡充值,,,2014/08/29 15:18:40,200.0,200.0
27874,POS消费,地点251,食堂,2014/08/29 18:09:02,0.6,199.4
27874,POS消费,地点21,开水,2014/08/29 18:12:30,0.4,199.0
27874,POS消费,地点242,食堂,2014/08/29 18:13:23,3.0,196.0
27874,POS消费,地点26,图书馆,2014/08/29 18:36:25,33.5,162.5
27874,POS消费,地点61,食堂,2014/08/30 08:36:47,1.8,160.7
27874,POS消费,地点134,食堂,2014/08/30 11:56:49,8.2,152.5
27874,POS消费,地点1961,超市,2014/08/30 12:26:57,28.9,123.6
27874,POS消费,地点69,食堂,2014/08/31 07:25:13,1.2,122.4
27874,POS消费,地点232,食堂,2014/08/31 11:35:22,10.0,112.4
27874,POS消费,地点21,开水,2014/08/31 11:40:06,16.6,95.8
27874,POS消费,地点1545,食堂,2014/08/31 17:27:55,1.5,93.3
27874,POS消费,地点237,食堂,2014/08/31 17:29:50,1.0,94.8
27874,POS消费,地点251,食堂,2014/08/31 17:41:37,0.6,92.7
