27880,卡片开户,,,2014/07/20 13:15:29,0.0,0.0
27880,卡充值,,,2014/08/29 09:48:02,200.0,200.0
27880,POS消费,地点1888,开水,2014/08/29 11:29:24,0.01,199.99
27880,POS消费,地点1888,开水,2014/08/29 11:33:31,0.01,199.98
27880,POS消费,地点69,食堂,2014/08/29 12:03:55,8.2,191.78
27880,POS消费,地点69,食堂,2014/08/29 12:04:31,8.6,183.18
27880,POS消费,地点1888,开水,2014/08/29 13:10:24,0.01,183.17
27880,POS消费,地点184,食堂,2014/08/29 18:15:40,3.2,179.97
27880,POS消费,地点184,食堂,2014/08/29 18:16:13,3.7,176.27
27880,POS消费,地点1888,开水,2014/08/29 18:32:50,0.01,176.26
27880,POS消费,地点1888,开水,2014/08/29 18:34:20,0.01,176.25
27880,POS消费,地点1888,开水,2014/08/29 18:34:35,0.01,176.24
27880,POS消费,地点1951,淋浴,2014/08/30 07:03:09,2.2,174.04
27880,POS消费,地点114,食堂,2014/08/30 08:27:09,2.0,172.04
27880,POS消费,地点21,开水,2014/08/30 08:54:13,1.2,170.84
27880,POS消费,地点251,食堂,2014/08/30 12:22:26,1.6,167.74
27880,POS消费,地点21,开水,2014/08/30 12:23:05,0.75,170.09
27880,POS消费,地点21,开水,2014/08/30 12:23:12,0.75,169.34
27880,POS消费,地点1888,开水,2014/08/30 12:29:18,0.01,167.73
27880,POS消费,地点1480,开水,2014/08/30 12:32:13,0.01,167.72
27880,POS消费,地点21,开水,2014/08/30 17:41:00,2.2,165.52
27880,POS消费,地点161,食堂,2014/08/30 17:44:21,7.0,158.52
27880,POS消费,地点21,开水,2014/08/30 19:27:36,29.3,129.22
27880,POS消费,地点83,食堂,2014/08/31 08:03:05,3.5,125.72
27880,POS消费,地点91,校车,2014/08/31 11:17:50,5.5,120.22
27880,POS消费,地点21,开水,2014/08/31 11:24:14,3.1,117.12
27880,POS消费,地点232,食堂,2014/08/31 11:35:45,7.0,110.12
27880,POS消费,地点1451,校车,2014/08/31 18:02:30,1.0,109.12
