27918,卡片开户,,,2014/07/16 13:51:25,0.0,0.0
27918,卡充值,,,2014/08/29 13:47:14,500.0,500.0
27918,POS消费,地点314,食堂,2014/08/30 15:05:26,28.0,472.0
27918,POS消费,地点139,开水,2014/08/30 21:23:29,0.1,471.9
27918,POS消费,地点21,开水,2014/08/31 07:29:26,1.4,470.5
27918,POS消费,地点65,食堂,2014/08/31 11:07:01,8.6,461.9
27918,POS消费,地点139,开水,2014/08/31 12:18:40,0.09,461.81
27918,POS消费,地点61,食堂,2014/08/31 17:00:34,4.6,457.21
27918,POS消费,地点21,开水,2014/08/31 17:10:25,30.0,427.21
27918,POS消费,地点21,开水,2014/08/31 17:10:28,1.0,426.21
27918,POS消费,地点139,开水,2014/08/31 20:30:20,0.08,426.13
27918,POS消费,地点141,开水,2014/08/31 20:41:43,0.01,426.12
27918,POS消费,地点141,开水,2014/08/31 20:45:43,0.01,426.11
