27926,卡片开户,,,2014/07/19 16:07:52,0.0,0.0
27926,卡充值,,,2014/08/29 11:14:10,1000.0,1000.0
27926,POS消费,地点59,食堂,2014/08/29 12:37:15,4.5,988.3
27926,POS消费,地点21,开水,2014/08/29 12:46:16,6.0,994.0
27926,POS消费,地点251,食堂,2014/08/29 12:46:32,1.2,992.8
27926,POS消费,地点253,食堂,2014/08/29 12:51:00,3.3,985.0
27926,POS消费,地点253,食堂,2014/08/29 12:51:04,5.0,980.0
27926,POS消费,地点21,开水,2014/08/29 12:53:45,1.6,978.4
27926,POS消费,地点748,洗衣房,2014/08/29 14:20:47,-2.4,977.2
27926,POS消费,地点748,洗衣房,2014/08/29 14:20:48,3.6,973.6
27926,POS消费,地点748,洗衣房,2014/08/29 14:22:32,3.6,974.8
27926,POS消费,地点21,开水,2014/08/29 18:26:18,0.8,972.8
27926,POS消费,地点69,食堂,2014/08/30 07:19:46,3.4,969.4
27926,POS消费,地点60,食堂,2014/08/30 07:33:35,0.8,968.6
27926,POS消费,地点195,超市,2014/08/30 08:18:33,28.0,940.6
27926,POS消费,地点139,开水,2014/08/30 09:19:54,0.12,940.48
27926,POS消费,地点21,开水,2014/08/30 12:11:37,1.63,938.85
27926,POS消费,地点65,食堂,2014/08/30 17:32:07,9.6,929.25
27926,POS消费,地点69,食堂,2014/08/31 07:22:00,5.3,923.95
27926,POS消费,地点248,超市,2014/08/31 11:36:25,10.6,913.35
27926,POS消费,地点82,食堂,2014/08/31 17:28:51,8.6,904.75
27926,POS消费,地点243,食堂,2014/08/31 17:44:16,3.0,901.75
