27924,卡片开户,,,2014/07/13 10:50:14,0.0,0.0
27924,卡充值,,,2014/08/29 10:56:32,300.0,300.0
27924,POS消费,地点21,开水,2014/08/29 13:47:27,8.6,291.4
27924,POS消费,地点21,开水,2014/08/29 13:47:51,8.6,282.8
27924,POS消费,地点114,食堂,2014/08/29 13:51:19,6.0,276.8
27924,POS消费,地点114,食堂,2014/08/29 14:15:15,6.5,270.3
27924,POS消费,地点314,食堂,2014/08/30 15:05:34,28.0,242.3
27924,POS消费,地点65,食堂,2014/08/31 11:11:10,8.6,233.7
27924,POS消费,地点65,食堂,2014/08/31 11:11:30,8.6,225.1
27924,POS消费,地点139,开水,2014/08/31 12:47:02,0.01,225.09
27924,POS消费,地点139,开水,2014/08/31 12:52:03,0.01,225.08
27924,POS消费,地点139,开水,2014/08/31 12:53:05,0.06,225.02
27924,POS消费,地点139,开水,2014/08/31 12:55:24,0.07,224.95
27924,POS消费,地点61,食堂,2014/08/31 17:00:57,5.4,219.55
27924,POS消费,地点21,开水,2014/08/31 17:10:37,6.5,213.05
