27990,卡片开户,,,2014/07/19 10:14:23,0.0,0.0
27990,卡充值,,,2014/08/25 09:44:08,500.0,500.0
27990,POS消费,地点21,开水,2014/08/25 09:46:37,6.2,493.8
27990,POS消费,地点1472,校车,2014/08/25 10:21:04,1.0,492.8
27990,POS消费,地点1472,校车,2014/08/25 10:21:12,1.0,491.8
27990,POS消费,地点1472,校车,2014/08/25 12:02:46,1.0,490.8
27990,POS消费,地点1472,校车,2014/08/25 12:02:55,1.0,489.8
27990,POS消费,地点192,超市,2014/08/25 17:15:38,2.6,487.2
27990,POS消费,地点65,食堂,2014/08/26 07:10:28,0.8,484.2
27990,POS消费,地点61,食堂,2014/08/26 07:22:45,2.2,485.0
27990,POS消费,地点140,开水,2014/08/26 07:32:20,0.01,484.19
27990,POS消费,地点161,食堂,2014/08/26 11:56:29,4.6,479.59
27990,POS消费,地点61,食堂,2014/08/26 17:24:00,7.6,471.99
27990,POS消费,地点806,开水,2014/08/26 17:41:42,0.01,471.98
27990,POS消费,地点72,食堂,2014/08/27 07:42:26,4.6,466.58
27990,POS消费,地点1700,食堂,2014/08/27 07:48:57,0.8,471.18
27990,POS消费,地点87,食堂,2014/08/27 12:04:47,4.6,461.98
27990,POS消费,地点222,校车,2014/08/27 13:34:56,1.0,460.98
27990,POS消费,地点141,开水,2014/08/28 08:11:30,0.01,460.97
27990,POS消费,地点21,开水,2014/08/28 13:54:16,37.2,423.77
27990,POS消费,地点748,洗衣房,2014/08/28 14:14:34,3.6,420.17
27990,POS消费,地点124,食堂,2014/08/28 18:14:23,4.5,415.67
27990,POS消费,地点124,食堂,2014/08/28 18:18:37,1.0,414.67
27990,POS消费,地点21,开水,2014/08/28 19:30:30,30.0,384.67
27990,POS消费,地点21,开水,2014/08/28 19:30:34,9.9,374.77
27990,POS消费,地点188,超市,2014/08/28 19:33:41,2.0,372.77
27990,POS消费,地点139,开水,2014/08/29 14:22:32,0.01,372.76
27990,POS消费,地点72,食堂,2014/08/30 08:43:38,7.8,364.96
27990,POS消费,地点60,食堂,2014/08/31 06:45:29,0.8,361.56
27990,POS消费,地点61,食堂,2014/08/31 06:49:41,2.6,362.36
27990,POS消费,地点89,食堂,2014/08/31 12:10:42,3.0,358.56
27990,POS消费,地点21,开水,2014/08/31 17:26:00,4.4,354.16
27990,POS消费,地点188,超市,2014/08/31 17:31:55,33.8,320.36
