28050,卡片开户,,,2014/07/16 10:53:44,0.0,0.0
28050,卡充值,,,2014/08/28 19:27:40,300.0,300.0
28050,POS消费,地点756,淋浴,2014/08/28 22:02:58,0.6,299.4
28050,POS消费,地点232,食堂,2014/08/29 17:40:19,10.0,289.4
28050,POS消费,地点91,校车,2014/08/29 17:43:03,8.5,280.9
28050,POS消费,地点232,食堂,2014/08/29 17:47:23,10.9,270.0
28050,POS消费,地点314,食堂,2014/08/29 18:29:44,30.0,240.0
28050,POS消费,地点314,食堂,2014/08/29 18:29:46,1.0,239.0
28050,POS消费,地点139,开水,2014/08/29 19:00:44,0.14,238.86
28050,POS消费,地点569,淋浴,2014/08/29 21:05:31,0.1,238.76
28050,POS消费,地点569,淋浴,2014/08/29 21:05:55,0.1,238.66
28050,POS消费,地点569,淋浴,2014/08/29 21:07:59,1.0,237.66
28050,POS消费,地点141,开水,2014/08/29 22:21:46,0.02,237.64
28050,POS消费,地点1451,校车,2014/08/30 10:09:58,1.0,236.64
28050,POS消费,地点1847,食堂,2014/08/30 11:42:42,2.2,234.44
28050,POS消费,地点124,食堂,2014/08/30 11:45:23,3.0,231.44
28050,卡充值,,,2014/08/30 14:17:51,500.0,731.44
28050,POS消费,地点195,超市,2014/08/30 14:24:01,9.2,722.24
28050,POS消费,地点1447,校车,2014/08/30 16:49:52,1.0,721.24
28050,POS消费,地点26,图书馆,2014/08/30 17:12:21,5.6,715.64
28050,POS消费,地点1451,校车,2014/08/30 17:58:34,1.0,714.64
28050,POS消费,地点91,校车,2014/08/30 18:02:03,4.5,710.14
28050,POS消费,地点83,食堂,2014/08/30 19:14:36,16.2,693.94
28050,POS消费,地点35,淋浴,2014/08/30 22:25:23,0.6,693.34
28050,POS消费,地点1409,食堂,2014/08/31 07:59:06,4.6,688.74
28050,POS消费,地点161,食堂,2014/08/31 11:15:07,7.0,676.74
28050,POS消费,地点227,食堂,2014/08/31 11:19:30,5.0,683.74
28050,POS消费,地点218,食堂,2014/08/31 11:29:14,1.0,675.74
28050,POS消费,地点232,食堂,2014/08/31 16:25:20,8.6,667.14
28050,POS消费,地点91,校车,2014/08/31 16:25:37,2.5,664.64
28050,POS消费,地点192,超市,2014/08/31 16:57:55,10.5,654.14
28050,POS消费,地点141,开水,2014/08/31 21:15:10,0.01,654.13
28050,POS消费,地点166,淋浴,2014/08/31 22:12:21,0.1,654.03
28050,POS消费,地点756,淋浴,2014/08/31 22:15:51,0.6,653.43
