28064,卡片开户,,,2014/07/14 09:26:09,0.0,0.0
28064,卡充值,,,2014/08/29 13:17:26,800.0,800.0
28064,POS消费,地点168,食堂,2014/08/29 18:36:30,5.5,794.5
28064,POS消费,地点1694,淋浴,2014/08/29 21:46:24,0.6,793.9
28064,POS消费,地点65,食堂,2014/08/30 09:28:47,0.8,793.1
28064,POS消费,地点61,食堂,2014/08/30 09:44:41,1.4,791.7
28064,POS消费,地点1674,食堂,2014/08/30 11:39:56,1.0,786.5
28064,POS消费,地点179,食堂,2014/08/30 11:51:31,4.2,787.5
28064,POS消费,地点21,开水,2014/08/30 11:57:00,3.0,783.5
28064,POS消费,地点192,超市,2014/08/30 12:09:55,30.0,753.5
28064,POS消费,地点192,超市,2014/08/30 12:09:58,3.5,750.0
28064,POS消费,地点1961,超市,2014/08/30 14:57:38,16.5,733.5
28064,POS消费,地点1945,淋浴,2014/08/30 18:49:27,0.1,733.4
28064,POS消费,地点1945,淋浴,2014/08/30 18:50:06,0.9,732.5
28064,POS消费,地点161,食堂,2014/08/31 07:40:19,6.5,726.0
28064,POS消费,地点83,食堂,2014/08/31 11:03:05,5.5,720.5
28064,POS消费,地点83,食堂,2014/08/31 11:04:47,1.8,718.7
28064,POS消费,地点21,开水,2014/08/31 11:32:28,1.4,717.3
28064,POS消费,地点179,食堂,2014/08/31 11:35:00,5.0,712.3
28064,POS消费,地点1847,食堂,2014/08/31 11:35:08,3.0,709.3
28064,POS消费,地点1694,淋浴,2014/08/31 21:37:59,0.8,708.5
