28074,卡片开户,,,2014/07/17 09:43:07,0.0,0.0
28074,卡充值,,,2014/08/28 16:09:03,800.0,800.0
28074,POS消费,地点70,食堂,2014/08/28 16:10:44,5.0,795.0
28074,POS消费,地点218,食堂,2014/08/28 16:11:26,1.8,793.2
28074,POS消费,地点218,食堂,2014/08/28 16:17:46,1.8,791.4
28074,POS消费,地点195,超市,2014/08/28 17:19:22,30.0,761.4
28074,POS消费,地点195,超市,2014/08/28 17:19:25,30.0,731.4
28074,POS消费,地点195,超市,2014/08/28 17:19:29,12.4,719.0
28074,POS消费,地点1951,淋浴,2014/08/28 20:01:19,0.7,718.3
28074,POS消费,地点1888,开水,2014/08/29 07:16:22,0.01,718.29
28074,POS消费,地点72,食堂,2014/08/29 07:50:59,4.0,714.29
28074,POS消费,地点70,食堂,2014/08/29 07:52:10,2.5,711.79
28074,POS消费,地点1451,校车,2014/08/29 11:44:56,1.0,710.79
28074,POS消费,地点218,食堂,2014/08/29 12:47:05,4.0,706.79
28074,POS消费,地点114,食堂,2014/08/29 19:12:56,3.5,703.29
28074,POS消费,地点203,食堂,2014/08/29 19:35:14,6.1,697.19
28074,POS消费,地点1945,淋浴,2014/08/29 21:28:03,0.6,696.59
28074,POS消费,地点114,食堂,2014/08/30 08:17:43,2.5,694.09
28074,POS消费,地点21,开水,2014/08/30 08:40:05,1.6,692.49
28074,POS消费,地点314,食堂,2014/08/30 09:34:14,28.0,664.49
28074,POS消费,地点1905,淋浴,2014/08/30 22:06:53,0.8,663.69
28074,POS消费,地点114,食堂,2014/08/31 07:40:30,2.0,661.69
28074,POS消费,地点114,食堂,2014/08/31 07:40:35,0.5,661.19
28074,POS消费,地点61,食堂,2014/08/31 08:02:19,3.5,657.69
28074,POS消费,地点1961,超市,2014/08/31 11:03:16,28.0,629.69
28074,POS消费,地点218,食堂,2014/08/31 11:37:02,4.8,624.89
28074,POS消费,地点12,文印中心,2014/08/31 17:09:29,5.0,619.89
28074,POS消费,地点21,开水,2014/08/31 17:10:47,1.8,618.09
28074,POS消费,地点1951,淋浴,2014/08/31 21:21:43,0.4,617.69
