28080,卡片开户,,,2014/07/16 11:53:00,0.0,0.0
28080,卡充值,,,2014/08/27 16:37:22,300.0,300.0
28080,POS消费,地点192,超市,2014/08/27 17:04:24,30.0,270.0
28080,POS消费,地点192,超市,2014/08/27 17:04:27,30.0,240.0
28080,POS消费,地点192,超市,2014/08/27 17:04:29,30.0,210.0
28080,POS消费,地点192,超市,2014/08/27 17:04:42,30.0,180.0
28080,POS消费,地点192,超市,2014/08/27 17:04:54,30.0,150.0
28080,POS消费,地点192,超市,2014/08/27 17:05:19,30.0,120.0
28080,POS消费,地点192,超市,2014/08/27 17:05:49,4.2,115.8
28080,POS消费,地点21,开水,2014/08/27 18:45:28,64.8,51.0
28080,POS消费,地点192,超市,2014/08/27 19:56:39,4.9,46.1
28080,POS消费,地点166,淋浴,2014/08/27 20:40:02,0.1,46.0
28080,POS消费,地点166,淋浴,2014/08/27 20:40:48,0.5,45.5
28080,POS消费,地点561,洗衣房,2014/08/27 20:57:16,3.6,41.9
28080,POS消费,地点561,洗衣房,2014/08/27 22:00:33,3.6,38.3
28080,POS消费,地点561,洗衣房,2014/08/27 22:00:33,-3.18,41.48
28080,POS消费,地点89,食堂,2014/08/28 07:43:37,4.5,36.98
28080,POS消费,地点60,食堂,2014/08/28 08:05:01,0.8,36.18
28080,卡充值,,,2014/08/28 09:35:34,300.0,336.18
28080,POS消费,地点1847,食堂,2014/08/28 12:17:20,1.8,325.58
28080,POS消费,地点1588,食堂,2014/08/28 12:28:51,8.8,327.38
28080,POS消费,地点972,食堂,2014/08/28 12:35:02,6.0,319.58
28080,更新卡信息,,,2014/08/28 17:21:38,0.0,0.0
28080,POS消费,地点21,开水,2014/08/28 17:24:28,4.9,305.88
28080,POS消费,地点91,校车,2014/08/28 17:25:21,8.8,310.78
28080,POS消费,地点21,开水,2014/08/28 17:25:26,3.0,302.88
28080,POS消费,地点1847,食堂,2014/08/28 18:03:51,3.8,299.08
28080,POS消费,地点21,开水,2014/08/28 18:07:03,3.0,296.08
28080,POS消费,地点21,开水,2014/08/28 18:30:38,81.4,214.68
28080,POS消费,地点35,淋浴,2014/08/28 20:16:23,0.5,214.18
28080,POS消费,地点561,洗衣房,2014/08/28 21:04:28,3.6,210.58
28080,POS消费,地点561,洗衣房,2014/08/28 21:09:32,-3.3,213.88
28080,POS消费,地点35,淋浴,2014/08/28 21:13:24,1.2,212.68
28080,POS消费,地点19,开水,2014/08/28 22:06:42,0.08,212.6
28080,POS消费,地点21,开水,2014/08/29 07:49:35,1.8,210.8
28080,POS消费,地点60,食堂,2014/08/29 08:00:06,1.6,209.2
28080,POS消费,地点232,食堂,2014/08/29 11:56:31,5.6,201.1
28080,POS消费,地点21,开水,2014/08/29 12:44:35,3.0,198.1
28080,POS消费,地点314,食堂,2014/08/29 12:57:09,28.0,170.1
28080,POS消费,地点219,超市,2014/08/29 17:05:46,2.0,168.1
28080,POS消费,地点232,食堂,2014/08/29 18:28:41,6.6,161.5
28080,POS消费,地点188,超市,2014/08/29 20:51:05,16.5,145.0
28080,POS消费,地点69,食堂,2014/08/30 08:20:14,3.0,142.0
28080,POS消费,地点60,食堂,2014/08/30 08:33:34,0.8,141.2
28080,POS消费,地点232,食堂,2014/08/30 12:17:43,5.6,135.6
28080,POS消费,地点232,食堂,2014/08/30 12:23:45,3.5,132.1
28080,POS消费,地点21,开水,2014/08/30 17:18:24,3.0,129.1
28080,POS消费,地点232,食堂,2014/08/30 17:30:09,7.1,122.0
28080,POS消费,地点21,开水,2014/08/30 18:06:24,3.9,118.1
28080,POS消费,地点141,开水,2014/08/30 22:15:51,0.01,118.09
28080,POS消费,地点19,开水,2014/08/30 22:17:02,0.08,118.01
28080,POS消费,地点180,开水,2014/08/30 22:18:00,0.01,118.0
28080,POS消费,地点61,食堂,2014/08/31 08:02:56,3.0,115.0
28080,POS消费,地点21,开水,2014/08/31 11:32:02,0.9,114.1
28080,POS消费,地点1847,食堂,2014/08/31 12:09:39,3.8,110.3
28080,POS消费,地点232,食堂,2014/08/31 17:52:01,7.1,103.2
28080,POS消费,地点21,开水,2014/08/31 20:20:54,14.6,88.6
28080,POS消费,地点188,超市,2014/08/31 20:28:35,1.6,87.0
