28110,卡片开户,,,2014/07/22 11:00:35,0.0,0.0
28110,卡充值,,,2014/08/30 09:04:43,300.0,300.0
28110,POS消费,地点188,超市,2014/08/30 10:06:42,12.0,288.0
28110,POS消费,地点192,超市,2014/08/30 17:27:44,10.8,277.2
28110,POS消费,地点756,淋浴,2014/08/30 21:12:00,0.2,277.0
28110,POS消费,地点756,淋浴,2014/08/30 21:18:22,0.2,276.8
28110,POS消费,地点232,食堂,2014/08/31 07:38:21,1.05,275.75
28110,POS消费,地点192,超市,2014/08/31 10:51:20,15.9,259.85
28110,POS消费,地点192,超市,2014/08/31 16:56:55,3.5,256.35
28110,POS消费,地点21,开水,2014/08/31 18:04:59,14.0,242.35
28110,POS消费,地点569,淋浴,2014/08/31 21:14:22,0.5,241.85
