28114,卡片开户,,,2014/07/16 14:06:05,0.0,0.0
28114,卡充值,,,2014/08/28 12:22:48,500.0,500.0
28114,POS消费,地点157,食堂,2014/08/28 12:47:43,10.6,489.4
28114,POS消费,地点134,食堂,2014/08/28 12:47:57,9.6,479.8
28114,POS消费,地点141,开水,2014/08/28 16:32:11,0.03,479.74
28114,POS消费,地点141,开水,2014/08/28 16:34:02,0.03,479.77
28114,POS消费,地点166,淋浴,2014/08/28 22:24:02,0.1,479.64
28114,POS消费,地点35,淋浴,2014/08/28 22:27:19,0.1,479.54
28114,POS消费,地点166,淋浴,2014/08/28 22:28:27,0.7,478.84
28114,POS消费,地点21,开水,2014/08/29 08:13:54,5.1,473.74
28114,POS消费,地点59,食堂,2014/08/29 12:17:55,3.4,470.34
28114,POS消费,地点161,食堂,2014/08/29 18:11:35,1.8,468.54
28114,POS消费,地点141,开水,2014/08/29 20:08:03,0.02,468.52
28114,POS消费,地点166,淋浴,2014/08/29 22:20:29,1.4,467.12
28114,POS消费,地点61,食堂,2014/08/30 09:00:32,4.6,462.52
28114,POS消费,地点314,食堂,2014/08/30 09:00:32,30.0,432.52
28114,POS消费,地点314,食堂,2014/08/30 09:00:38,1.5,431.02
28114,POS消费,地点157,食堂,2014/08/30 12:29:25,5.6,425.42
28114,POS消费,地点157,食堂,2014/08/30 12:29:43,5.66,419.76
28114,POS消费,地点134,食堂,2014/08/30 12:30:31,1.2,418.56
28114,POS消费,地点222,校车,2014/08/30 16:36:33,1.0,417.56
28114,POS消费,地点188,超市,2014/08/30 17:48:48,3.0,414.56
28114,POS消费,地点314,食堂,2014/08/30 21:12:12,14.8,399.76
28114,POS消费,地点166,淋浴,2014/08/30 23:20:06,0.9,398.86
28114,POS消费,地点72,食堂,2014/08/31 07:34:04,9.2,389.66
28114,POS消费,地点82,食堂,2014/08/31 11:17:09,3.4,386.26
28114,POS消费,地点69,食堂,2014/08/31 16:55:44,9.6,376.66
28114,POS消费,地点166,淋浴,2014/08/31 20:23:33,1.1,375.56
