28134,卡片开户,,,2014/07/17 09:10:10,0.0,0.0
28134,卡充值,,,2014/08/28 18:42:07,500.0,500.0
28134,POS消费,地点70,食堂,2014/08/28 18:44:17,5.5,494.5
28134,POS消费,地点1898,洗衣房,2014/08/28 19:24:27,1.2,493.3
28134,POS消费,地点1898,洗衣房,2014/08/28 19:25:52,1.2,492.1
28134,POS消费,地点1898,洗衣房,2014/08/28 19:27:11,-1.08,493.18
28134,POS消费,地点1898,洗衣房,2014/08/28 19:27:22,1.2,491.98
28134,POS消费,地点1898,洗衣房,2014/08/28 19:27:28,-1.14,493.12
28134,POS消费,地点1898,洗衣房,2014/08/28 19:27:51,1.2,491.92
28134,POS消费,地点1898,洗衣房,2014/08/28 19:50:39,1.2,490.72
28134,POS消费,地点1898,洗衣房,2014/08/28 19:50:44,1.2,489.52
28134,POS消费,地点1898,洗衣房,2014/08/28 20:21:19,1.2,488.32
28134,POS消费,地点1898,洗衣房,2014/08/28 20:27:01,-0.84,489.16
28134,POS消费,地点1939,淋浴,2014/08/29 18:16:03,0.2,488.96
28134,POS消费,地点1939,淋浴,2014/08/29 18:25:02,0.1,488.86
28134,POS消费,地点1951,淋浴,2014/08/29 18:26:35,0.3,488.56
28134,POS消费,地点21,开水,2014/08/29 19:00:39,8.6,479.96
28134,POS消费,地点114,食堂,2014/08/29 19:04:23,3.5,476.46
28134,POS消费,地点314,食堂,2014/08/30 09:46:32,28.0,448.46
28134,POS消费,地点21,开水,2014/08/30 11:05:33,9.8,438.66
28134,POS消费,地点1945,淋浴,2014/08/30 21:53:17,0.1,438.56
28134,POS消费,地点1945,淋浴,2014/08/30 21:54:12,0.4,438.16
28134,POS消费,地点1588,食堂,2014/08/31 07:46:43,2.6,435.56
28134,POS消费,地点179,食堂,2014/08/31 07:52:13,3.1,432.46
28134,POS消费,地点91,校车,2014/08/31 11:11:16,5.5,426.96
28134,POS消费,地点195,超市,2014/08/31 12:21:59,1.0,425.96
28134,POS消费,地点21,开水,2014/08/31 18:06:49,1.8,424.16
28134,POS消费,地点1847,食堂,2014/08/31 18:15:19,4.0,420.16
28134,POS消费,地点1905,淋浴,2014/08/31 20:28:30,0.4,419.76
