28136,卡片开户,,,2014/07/18 12:02:57,0.0,0.0
28136,卡充值,,,2014/08/29 12:19:26,400.0,400.0
28136,POS消费,地点228,食堂,2014/08/29 12:35:49,15.5,384.5
28136,POS消费,地点231,食堂,2014/08/29 12:50:38,1.6,382.9
28136,POS消费,地点218,食堂,2014/08/29 12:53:09,1.0,378.9
28136,POS消费,地点251,食堂,2014/08/29 12:55:33,3.0,379.9
28136,POS消费,地点91,校车,2014/08/30 11:59:33,3.0,375.9
28136,POS消费,地点21,开水,2014/08/30 12:25:25,7.1,368.8
28136,POS消费,地点146,校车,2014/08/30 17:49:12,1.0,367.8
28136,POS消费,地点21,开水,2014/08/30 17:52:06,3.0,364.8
28136,POS消费,地点314,食堂,2014/08/30 19:21:09,30.0,334.8
28136,POS消费,地点314,食堂,2014/08/30 19:21:13,3.9,330.9
28136,POS消费,地点1945,淋浴,2014/08/30 22:14:38,0.4,330.5
28136,POS消费,地点134,食堂,2014/08/31 07:24:11,0.8,329.7
28136,POS消费,地点1588,食堂,2014/08/31 07:24:49,2.4,327.3
28136,POS消费,地点1888,开水,2014/08/31 07:26:48,0.01,327.29
28136,POS消费,地点21,开水,2014/08/31 11:12:15,6.8,320.49
28136,POS消费,地点1888,开水,2014/08/31 12:13:40,0.01,320.48
28136,POS消费,地点264,食堂,2014/08/31 18:04:06,5.0,315.48
28136,POS消费,地点21,开水,2014/08/31 18:04:45,1.5,313.98
28136,POS消费,地点1847,食堂,2014/08/31 18:15:40,1.5,312.48
28136,POS消费,地点1945,淋浴,2014/08/31 20:15:02,0.8,311.68
