28154,卡片开户,,,2014/07/18 11:49:38,0.0,0.0
28154,卡充值,,,2014/08/28 17:47:46,300.0,300.0
28154,POS消费,地点69,食堂,2014/08/28 17:56:29,8.6,291.4
28154,POS消费,地点314,食堂,2014/08/28 18:22:59,128.9,162.5
28154,POS消费,地点188,超市,2014/08/28 20:59:08,2.6,159.9
28154,POS消费,地点204,食堂,2014/08/29 09:17:40,5.5,154.4
28154,卡充值,,,2014/08/29 11:31:12,150.0,304.4
28154,POS消费,地点168,食堂,2014/08/29 13:42:22,5.5,298.9
28154,POS消费,地点314,食堂,2014/08/29 16:53:07,2.2,296.7
28154,POS消费,地点82,食堂,2014/08/29 18:12:51,4.6,292.1
28154,POS消费,地点314,食堂,2014/08/29 18:25:32,30.0,262.1
28154,POS消费,地点314,食堂,2014/08/29 18:25:37,26.0,236.1
28154,POS消费,地点103,食堂,2014/08/30 08:58:01,2.95,233.15
28154,POS消费,地点204,食堂,2014/08/30 13:01:20,5.5,227.65
28154,POS消费,地点227,食堂,2014/08/30 17:44:13,5.0,222.65
28154,POS消费,地点1961,超市,2014/08/30 17:59:59,3.9,218.75
28154,POS消费,地点134,食堂,2014/08/31 07:49:25,1.8,216.95
28154,POS消费,地点21,开水,2014/08/31 11:57:52,2.9,214.05
28154,POS消费,地点248,超市,2014/08/31 12:05:25,3.6,210.45
28154,POS消费,地点192,超市,2014/08/31 13:57:57,3.3,207.15
28154,POS消费,地点21,开水,2014/08/31 17:50:29,6.6,200.55
