28150,POS消费,地点26,图书馆,2014/07/02 18:04:32,0.0,0.0
28150,POS消费,地点26,图书馆,2014/07/02 18:04:32,0.11,1.45
28150,卡片开户,,,2014/07/17 09:44:39,0.0,0.0
28150,卡充值,,,2014/08/29 16:30:23,400.0,400.0
28150,POS消费,地点61,食堂,2014/08/29 18:09:47,5.6,394.4
28150,POS消费,地点945,淋浴,2014/08/29 21:58:45,0.1,394.3
28150,POS消费,地点89,食堂,2014/08/30 08:54:40,3.0,391.3
28150,POS消费,地点21,开水,2014/08/30 11:11:48,88.8,302.5
28150,POS消费,地点21,开水,2014/08/30 17:49:39,7.6,294.9
28150,POS消费,地点211,校车,2014/08/30 18:42:27,1.0,293.9
28150,POS消费,地点1588,食堂,2014/08/31 07:51:09,2.0,291.9
28150,POS消费,地点248,超市,2014/08/31 11:58:09,4.6,287.3
28150,POS消费,地点213,食堂,2014/08/31 13:56:45,0.5,286.8
28150,POS消费,地点251,食堂,2014/08/31 17:42:05,1.0,285.8
28150,POS消费,地点21,开水,2014/08/31 17:44:46,1.8,284.0
