28166,卡片开户,,,2014/07/19 15:22:13,0.0,0.0
28166,卡充值,,,2014/08/29 14:16:52,500.0,500.0
28166,POS消费,地点61,食堂,2014/08/29 14:34:53,30.0,470.0
28166,POS消费,地点82,食堂,2014/08/29 18:15:18,4.6,465.4
28166,POS消费,地点21,开水,2014/08/29 18:52:40,20.9,444.5
28166,POS消费,地点87,食堂,2014/08/30 08:24:00,3.0,441.5
28166,POS消费,地点195,超市,2014/08/30 10:16:27,28.0,413.5
28166,POS消费,地点1961,超市,2014/08/30 10:19:05,22.3,391.2
28166,POS消费,地点89,食堂,2014/08/30 12:00:43,4.5,386.7
28166,POS消费,地点269,食堂,2014/08/30 17:28:07,5.6,381.1
28166,POS消费,地点1013,淋浴,2014/08/30 21:32:40,0.1,381.0
28166,POS消费,地点1669,淋浴,2014/08/30 21:32:58,0.7,380.3
28166,POS消费,地点103,食堂,2014/08/31 07:51:12,1.8,378.5
28166,POS消费,地点103,食堂,2014/08/31 07:51:23,0.8,377.7
28166,POS消费,地点91,校车,2014/08/31 11:58:33,4.5,373.2
28166,POS消费,地点21,开水,2014/08/31 12:02:55,2.0,371.2
28166,POS消费,地点21,开水,2014/08/31 17:53:36,9.6,361.6
