28208,卡片开户,,,2014/07/18 11:49:50,0.0,0.0
28208,卡充值,,,2014/08/28 12:58:23,200.0,200.0
28208,POS消费,地点188,超市,2014/08/30 14:01:21,13.4,186.6
28208,POS消费,地点157,食堂,2014/08/30 17:43:49,10.6,176.0
28208,POS消费,地点188,超市,2014/08/30 17:52:04,6.0,170.0
28208,POS消费,地点806,开水,2014/08/30 21:09:20,0.01,169.99
28208,POS消费,地点884,淋浴,2014/08/30 21:58:26,0.7,169.29
28208,POS消费,地点1596,食堂,2014/08/31 08:22:17,1.2,168.09
28208,POS消费,地点21,开水,2014/08/31 11:29:55,7.1,160.99
28208,POS消费,地点21,开水,2014/08/31 16:32:49,6.0,154.99
28208,POS消费,地点134,食堂,2014/08/31 17:48:14,4.6,150.39
28208,POS消费,地点14,淋浴,2014/08/31 22:20:19,0.5,149.89
