28236,卡片开户,,,2014/07/12 10:55:34,0.0,0.0
28236,卡充值,,,2014/08/29 14:43:18,500.0,500.0
28236,POS消费,地点21,开水,2014/08/29 16:51:21,0.1,499.9
28236,POS消费,地点59,食堂,2014/08/29 18:20:42,3.0,495.9
28236,POS消费,地点251,食堂,2014/08/29 18:28:25,1.0,498.9
28236,POS消费,地点251,食堂,2014/08/29 18:28:32,1.0,497.9
28236,POS消费,地点251,食堂,2014/08/29 18:28:47,-1.0,498.9
28236,POS消费,地点21,开水,2014/08/29 18:29:27,1.8,488.7
28236,POS消费,地点21,开水,2014/08/29 18:29:39,-1.8,490.5
28236,POS消费,地点21,开水,2014/08/29 18:29:43,1.8,488.7
28236,POS消费,地点21,开水,2014/08/29 18:39:01,2.4,493.5
28236,POS消费,地点21,开水,2014/08/29 18:41:07,3.0,490.5
28236,POS消费,地点806,开水,2014/08/29 22:44:33,0.01,488.69
28236,POS消费,地点140,开水,2014/08/29 22:45:00,0.01,488.68
28236,POS消费,地点69,食堂,2014/08/30 09:14:38,2.3,482.68
28236,POS消费,地点60,食堂,2014/08/30 09:18:25,2.1,486.58
28236,POS消费,地点60,食堂,2014/08/30 09:19:20,1.6,484.98
28236,POS消费,地点69,食堂,2014/08/30 09:21:14,1.6,481.08
28236,POS消费,地点146,校车,2014/08/30 13:48:26,1.0,480.08
28236,POS消费,地点146,校车,2014/08/30 13:48:37,1.0,479.08
28236,POS消费,地点146,校车,2014/08/30 13:48:47,1.0,478.08
28236,POS消费,地点211,校车,2014/08/30 15:33:54,1.0,477.08
28236,POS消费,地点211,校车,2014/08/30 15:34:02,1.0,476.08
28236,POS消费,地点211,校车,2014/08/30 15:34:08,1.0,475.08
28236,POS消费,地点251,食堂,2014/08/30 17:38:35,1.6,473.48
28236,POS消费,地点806,开水,2014/08/30 18:13:57,0.02,473.46
28236,POS消费,地点806,开水,2014/08/30 20:36:28,0.04,473.42
28236,POS消费,地点11,淋浴,2014/08/30 21:09:27,0.6,472.82
28236,POS消费,地点11,淋浴,2014/08/30 21:17:04,0.9,471.92
28236,POS消费,地点806,开水,2014/08/31 07:08:25,0.05,471.87
28236,POS消费,地点21,开水,2014/08/31 08:09:56,1.8,470.07
28236,POS消费,地点232,食堂,2014/08/31 11:17:16,5.5,464.57
28236,POS消费,地点232,食堂,2014/08/31 11:17:33,5.5,459.07
28236,POS消费,地点188,超市,2014/08/31 11:51:37,2.44,456.63
28236,POS消费,地点21,开水,2014/08/31 17:52:36,1.5,455.13
28236,POS消费,地点21,开水,2014/08/31 17:52:57,1.0,454.13
