28326,卡片开户,,,2014/07/19 13:09:54,0.0,0.0
28326,卡充值,,,2014/08/29 13:11:33,300.0,300.0
28326,POS消费,地点60,食堂,2014/08/29 13:28:02,8.6,291.4
28326,POS消费,地点60,食堂,2014/08/29 13:28:22,8.6,282.8
28326,POS消费,地点60,食堂,2014/08/29 13:28:39,4.0,278.8
28326,POS消费,地点60,食堂,2014/08/29 13:28:45,0.6,278.2
28326,POS消费,地点349,开水,2014/08/29 20:43:40,0.12,278.08
28326,POS消费,地点1384,淋浴,2014/08/29 21:19:45,0.1,277.98
28326,POS消费,地点1384,淋浴,2014/08/29 21:23:01,0.3,277.68
28326,POS消费,地点1384,淋浴,2014/08/29 21:28:37,0.3,277.38
28326,POS消费,地点373,开水,2014/08/29 22:17:03,0.01,277.36
28326,POS消费,地点373,开水,2014/08/29 22:17:30,0.01,277.35
28326,POS消费,地点349,开水,2014/08/29 22:18:05,0.1,277.25
28326,POS消费,地点373,开水,2014/08/29 22:20:50,0.01,277.37
28326,POS消费,地点237,食堂,2014/08/30 12:05:10,3.2,274.05
28326,POS消费,地点1384,淋浴,2014/08/30 19:37:21,0.6,273.45
28326,POS消费,地点21,开水,2014/08/31 08:05:37,1.0,272.45
28326,POS消费,地点21,开水,2014/08/31 08:05:43,0.6,271.85
28326,POS消费,地点184,食堂,2014/08/31 08:25:31,0.8,271.05
28326,POS消费,地点1596,食堂,2014/08/31 12:16:19,4.2,266.85
28326,POS消费,地点251,食堂,2014/08/31 17:58:38,0.6,266.25
28326,POS消费,地点21,开水,2014/08/31 18:00:58,0.4,265.85
28326,POS消费,地点1384,淋浴,2014/08/31 21:24:32,0.7,265.15
