28382,卡片开户,,,2014/07/12 16:37:41,0.0,0.0
28382,卡充值,,,2014/08/28 10:09:13,50.0,50.0
28382,POS消费,地点213,食堂,2014/08/28 12:01:45,0.15,49.85
28382,POS消费,地点88,食堂,2014/08/28 12:23:28,1.5,48.35
28382,POS消费,地点263,食堂,2014/08/28 12:23:58,9.6,38.75
28382,POS消费,地点88,食堂,2014/08/28 12:25:42,3.0,35.75
28382,POS消费,地点21,开水,2014/08/28 18:49:51,8.6,27.15
28382,POS消费,地点373,开水,2014/08/28 20:24:10,0.01,27.14
28382,POS消费,地点373,开水,2014/08/29 10:14:35,0.01,27.13
28382,POS消费,地点269,食堂,2014/08/29 11:51:29,1.5,25.63
28382,POS消费,地点269,食堂,2014/08/29 11:51:50,0.4,25.23
28382,POS消费,地点21,开水,2014/08/29 11:59:22,0.35,24.53
28382,POS消费,地点72,食堂,2014/08/29 17:57:41,4.6,19.93
28382,POS消费,地点21,开水,2014/08/29 18:29:38,3.4,16.53
28382,POS消费,地点373,开水,2014/08/29 19:54:03,0.01,16.52
28382,POS消费,地点373,开水,2014/08/29 19:54:33,0.01,16.51
28382,POS消费,地点373,开水,2014/08/29 20:18:20,0.02,16.49
28382,POS消费,地点373,开水,2014/08/29 20:22:11,0.02,16.47
28382,POS消费,地点373,开水,2014/08/29 20:24:39,0.02,16.45
28382,POS消费,地点373,开水,2014/08/29 21:05:30,0.01,16.44
28382,POS消费,地点21,开水,2014/08/30 09:09:29,1.6,14.84
28382,卡充值,,,2014/08/30 14:34:39,100.0,114.84
28382,POS消费,地点373,开水,2014/08/30 15:42:28,0.01,114.83
28382,POS消费,地点1961,超市,2014/08/30 18:20:00,9.5,105.33
28382,POS消费,地点428,淋浴,2014/08/30 20:09:00,0.4,104.93
28382,POS消费,地点373,开水,2014/08/31 07:17:59,0.01,104.92
28382,POS消费,地点184,食堂,2014/08/31 08:18:49,2.2,102.72
28382,POS消费,地点72,食堂,2014/08/31 11:44:55,5.6,97.12
28382,POS消费,地点373,开水,2014/08/31 12:34:10,0.01,97.11
28382,POS消费,地点72,食堂,2014/08/31 17:12:46,5.4,91.71
28382,POS消费,地点349,开水,2014/08/31 21:20:52,0.02,91.69
28382,POS消费,地点321,淋浴,2014/08/31 22:24:24,0.5,91.19
