28396,卡片开户,,,2014/07/19 11:17:52,0.0,0.0
28396,卡充值,,,2014/08/27 09:31:02,100.0,100.0
28396,POS消费,地点1392,校车,2014/08/27 09:46:35,2.0,98.0
28396,POS消费,地点61,食堂,2014/08/27 12:39:41,5.6,92.4
28396,POS消费,地点21,开水,2014/08/27 13:10:57,1.5,90.9
28396,POS消费,地点1269,校车,2014/08/27 15:18:51,2.0,88.9
28396,POS消费,地点1405,校车,2014/08/28 14:50:37,2.0,86.9
28396,POS消费,地点188,超市,2014/08/28 17:47:39,3.6,83.3
28396,POS消费,地点1269,校车,2014/08/28 18:34:43,2.0,81.3
28396,POS消费,地点1456,校车,2014/08/29 07:01:28,2.0,79.3
28396,POS消费,地点65,食堂,2014/08/29 12:10:26,5.1,74.2
28396,POS消费,地点1456,校车,2014/08/29 14:06:46,2.0,72.2
28396,POS消费,地点1392,校车,2014/08/30 09:34:45,2.0,70.2
28396,POS消费,地点1392,校车,2014/08/30 09:48:08,2.0,68.2
28396,POS消费,地点168,食堂,2014/08/30 12:14:45,10.0,58.2
28396,POS消费,地点1386,校车,2014/08/30 14:08:48,2.0,56.2
28396,卡充值,,,2014/08/30 14:34:13,100.0,156.2
28396,POS消费,地点192,超市,2014/08/30 14:37:55,3.5,152.7
28396,POS消费,地点1847,食堂,2014/08/30 17:45:48,2.5,144.6
28396,POS消费,地点249,食堂,2014/08/30 17:54:44,5.6,147.1
28396,POS消费,地点219,超市,2014/08/30 18:15:35,2.0,142.6
28396,POS消费,地点314,食堂,2014/08/30 19:56:21,30.0,112.6
28396,POS消费,地点314,食堂,2014/08/30 19:56:24,6.5,106.1
28396,POS消费,地点103,食堂,2014/08/31 08:12:34,2.4,103.7
28396,POS消费,地点168,食堂,2014/08/31 17:19:40,5.5,98.2
28396,POS消费,地点192,超市,2014/08/31 17:45:48,1.3,96.9
