28464,卡片开户,,,2014/07/17 16:34:26,0.0,0.0
28464,卡充值,,,2014/08/29 20:24:50,500.0,500.0
28464,POS消费,地点21,开水,2014/08/29 20:37:55,3.9,496.1
28464,POS消费,地点21,开水,2014/08/29 20:38:11,100.0,396.1
28464,POS消费,地点59,食堂,2014/08/30 11:44:25,3.6,392.5
28464,POS消费,地点21,开水,2014/08/30 11:47:41,8.6,383.9
28464,POS消费,地点89,食堂,2014/08/30 12:02:30,3.0,380.9
28464,POS消费,地点251,食堂,2014/08/30 12:24:56,0.6,380.3
28464,POS消费,地点232,食堂,2014/08/30 18:18:00,8.9,371.4
28464,POS消费,地点232,食堂,2014/08/30 18:23:43,10.0,361.4
28464,POS消费,地点232,食堂,2014/08/30 18:32:06,8.0,353.4
28464,POS消费,地点198,淋浴,2014/08/30 22:29:24,0.5,352.9
28464,POS消费,地点83,食堂,2014/08/31 11:33:34,3.0,349.9
28464,POS消费,地点21,开水,2014/08/31 11:38:26,7.6,342.3
28464,POS消费,地点65,食堂,2014/08/31 17:49:33,10.6,331.7
28464,POS消费,地点314,食堂,2014/08/31 21:14:03,19.8,311.9
28464,POS消费,地点744,开水,2014/08/31 21:32:22,0.06,311.84
28464,POS消费,地点741,淋浴,2014/08/31 22:15:29,0.3,311.54
