28490,卡片开户,,,2014/07/12 12:29:51,0.0,0.0
28490,POS消费,地点27,教务处,2014/08/28 09:09:10,15.0,485.0
28490,卡充值,,,2014/08/28 09:09:14,500.0,500.0
28490,POS消费,地点188,超市,2014/08/28 09:35:12,22.5,462.5
28490,POS消费,地点188,超市,2014/08/28 10:51:00,93.6,368.9
28490,POS消费,地点69,食堂,2014/08/28 12:02:47,4.6,364.3
28490,POS消费,地点69,食堂,2014/08/28 12:03:14,5.6,358.7
28490,POS消费,地点26,图书馆,2014/08/28 20:19:12,1.8,356.9
28490,POS消费,地点60,食堂,2014/08/29 08:04:48,0.3,356.6
28490,POS消费,地点1588,食堂,2014/08/29 12:09:45,4.1,352.5
28490,POS消费,地点1847,食堂,2014/08/29 12:10:12,1.0,351.5
28490,POS消费,地点26,图书馆,2014/08/29 16:42:35,23.0,328.5
28490,POS消费,地点204,食堂,2014/08/29 18:00:26,5.5,323.0
28490,POS消费,地点744,开水,2014/08/29 18:28:41,0.01,322.99
28490,POS消费,地点744,开水,2014/08/29 18:32:30,0.02,322.97
28490,POS消费,地点72,食堂,2014/08/30 07:49:20,2.4,320.57
28490,POS消费,地点195,超市,2014/08/30 09:34:07,30.0,290.57
28490,POS消费,地点195,超市,2014/08/30 09:34:10,14.1,276.47
28490,POS消费,地点103,食堂,2014/08/30 12:23:03,4.1,272.37
28490,POS消费,地点204,食堂,2014/08/30 18:03:30,5.5,266.87
28490,POS消费,地点911,淋浴,2014/08/30 20:31:42,0.8,266.07
28490,POS消费,地点161,食堂,2014/08/31 07:59:16,4.6,261.47
28490,POS消费,地点168,食堂,2014/08/31 11:39:35,5.5,255.97
28490,POS消费,地点204,食堂,2014/08/31 18:18:13,5.5,250.47
