28558,卡片开户,,,2014/07/16 13:43:36,0.0,0.0
28558,卡充值,,,2014/08/28 13:12:17,200.0,200.0
28558,POS消费,地点72,食堂,2014/08/29 09:33:16,3.0,195.7
28558,POS消费,地点60,食堂,2014/08/29 09:38:12,0.5,199.5
28558,POS消费,地点61,食堂,2014/08/29 09:46:13,0.8,198.7
28558,POS消费,地点65,食堂,2014/08/30 08:52:01,0.5,195.2
28558,POS消费,地点65,食堂,2014/08/30 08:52:25,0.8,194.4
28558,POS消费,地点195,超市,2014/08/30 14:07:12,30.0,164.4
28558,POS消费,地点195,超市,2014/08/30 14:07:15,3.0,161.4
28558,POS消费,地点188,超市,2014/08/30 21:42:10,3.7,157.7
28558,POS消费,地点65,食堂,2014/08/31 07:56:42,0.8,156.9
28558,POS消费,地点219,超市,2014/08/31 11:12:51,3.0,153.9
28558,POS消费,地点203,食堂,2014/08/31 12:52:17,6.5,147.4
28558,POS消费,地点188,超市,2014/08/31 13:16:54,0.9,146.5
28558,POS消费,地点192,超市,2014/08/31 13:54:47,1.5,145.0
28558,POS消费,地点192,超市,2014/08/31 22:11:20,2.8,142.2
