28564,卡片开户,,,2014/07/16 12:38:18,0.0,0.0
28564,卡充值,,,2014/08/29 17:41:12,250.0,250.0
28564,POS消费,地点65,食堂,2014/08/29 17:52:15,12.6,237.4
28564,POS消费,地点65,食堂,2014/08/29 17:52:31,9.6,227.8
28564,POS消费,地点87,食堂,2014/08/29 17:53:02,4.0,223.8
28564,POS消费,地点243,食堂,2014/08/29 18:07:11,2.0,221.8
28564,POS消费,地点61,食堂,2014/08/29 18:28:52,13.2,208.6
28564,POS消费,地点188,超市,2014/08/29 19:33:15,53.5,155.1
28564,POS消费,地点72,食堂,2014/08/30 09:19:12,3.6,150.1
28564,POS消费,地点60,食堂,2014/08/30 09:25:34,0.7,154.4
28564,POS消费,地点60,食堂,2014/08/30 09:25:41,0.7,153.7
28564,POS消费,地点1847,食堂,2014/08/30 12:20:19,1.0,133.9
28564,POS消费,地点1847,食堂,2014/08/30 12:20:25,1.0,132.9
28564,POS消费,地点1588,食堂,2014/08/30 12:30:42,7.6,142.5
28564,POS消费,地点1588,食堂,2014/08/30 12:31:01,7.6,134.9
28564,POS消费,地点21,开水,2014/08/30 12:46:29,100.0,32.9
28564,POS消费,地点21,开水,2014/08/30 12:46:51,31.0,1.9
28564,POS消费,地点60,食堂,2014/08/31 07:49:19,0.3,1.6
28564,卡充值,,,2014/08/31 10:20:03,200.0,201.6
28564,POS消费,地点179,食堂,2014/08/31 11:44:29,9.1,192.5
28564,POS消费,地点204,食堂,2014/08/31 13:00:41,5.5,187.0
28564,POS消费,地点192,超市,2014/08/31 13:12:13,7.9,179.1
28564,POS消费,地点21,开水,2014/08/31 17:53:35,4.6,174.5
28564,POS消费,地点21,开水,2014/08/31 17:54:07,4.6,169.9
28564,POS消费,地点218,食堂,2014/08/31 18:07:35,4.0,165.9
28564,POS消费,地点740,淋浴,2014/08/31 21:16:10,0.4,165.5
28564,POS消费,地点740,淋浴,2014/08/31 21:20:37,0.1,165.4
28564,POS消费,地点740,淋浴,2014/08/31 21:21:02,0.5,164.9
