28600,卡片开户,,,2014/07/16 13:37:40,0.0,0.0
28600,卡充值,,,2014/08/28 18:47:44,300.0,300.0
28600,POS消费,地点1448,校车,2014/08/28 19:30:07,1.0,299.0
28600,POS消费,地点22,开水,2014/08/28 22:35:12,0.16,298.84
28600,POS消费,地点22,开水,2014/08/28 22:45:53,0.01,298.83
28600,POS消费,地点264,食堂,2014/08/29 17:21:35,10.6,288.23
28600,POS消费,地点22,开水,2014/08/29 22:40:13,0.15,288.08
28600,POS消费,地点134,食堂,2014/08/30 08:40:26,0.9,287.18
28600,POS消费,地点21,开水,2014/08/30 10:18:40,2.5,284.68
28600,POS消费,地点269,食堂,2014/08/30 17:56:03,8.6,266.48
28600,POS消费,地点182,食堂,2014/08/30 17:58:07,9.6,275.08
28600,POS消费,地点188,超市,2014/08/30 21:09:55,33.2,233.28
28600,POS消费,地点22,开水,2014/08/30 22:11:01,0.05,233.23
28600,POS消费,地点22,开水,2014/08/31 07:03:25,0.03,233.2
28600,POS消费,地点134,食堂,2014/08/31 07:53:54,0.9,232.3
28600,POS消费,地点21,开水,2014/08/31 08:20:43,8.2,224.1
28600,POS消费,地点21,开水,2014/08/31 11:14:15,8.0,208.5
28600,POS消费,地点21,开水,2014/08/31 11:14:19,0.1,208.4
28600,POS消费,地点1588,食堂,2014/08/31 11:26:55,7.6,216.5
28600,POS消费,地点21,开水,2014/08/31 11:31:13,2.8,205.6
28600,POS消费,地点192,超市,2014/08/31 17:39:55,2.8,202.8
28600,POS消费,地点21,开水,2014/08/31 21:19:10,6.8,196.0
28600,POS消费,地点804,洗衣房,2014/08/31 22:27:11,1.2,194.8
28600,POS消费,地点993,洗衣房,2014/08/31 22:28:04,1.2,193.6
