28666,POS消费,地点26,图书馆,2014/06/30 11:00:12,0.0,0.0
28666,POS消费,地点26,图书馆,2014/06/30 11:00:12,0.1,0.75
28666,卡片开户,,,2014/07/20 13:19:39,0.0,0.0
28666,卡充值,,,2014/08/29 16:59:19,300.0,300.0
28666,POS消费,地点192,超市,2014/08/29 17:10:05,30.0,270.0
28666,POS消费,地点192,超市,2014/08/29 17:10:08,15.7,254.3
28666,POS消费,地点21,开水,2014/08/29 22:02:18,11.8,242.5
28666,POS消费,地点89,食堂,2014/08/30 08:54:35,9.0,233.5
28666,POS消费,地点195,超市,2014/08/30 12:50:51,28.0,205.5
28666,POS消费,地点72,食堂,2014/08/30 13:01:36,4.6,200.9
28666,POS消费,地点72,食堂,2014/08/30 13:03:46,8.8,192.1
28666,POS消费,地点72,食堂,2014/08/30 13:04:59,6.1,186.0
28666,POS消费,地点21,开水,2014/08/30 14:38:08,9.5,176.5
28666,POS消费,地点22,开水,2014/08/30 15:03:11,0.01,176.49
28666,POS消费,地点21,开水,2014/08/30 18:03:17,1.8,174.69
28666,POS消费,地点103,食堂,2014/08/30 18:05:30,3.5,171.19
28666,POS消费,地点157,食堂,2014/08/30 18:06:03,5.0,166.19
28666,POS消费,地点60,食堂,2014/08/31 07:47:29,0.5,165.69
28666,POS消费,地点82,食堂,2014/08/31 12:17:06,6.8,158.89
28666,POS消费,地点192,超市,2014/08/31 16:45:31,4.8,154.09
28666,POS消费,地点89,食堂,2014/08/31 18:26:27,4.5,149.59
