28680,卡片开户,,,2014/07/14 10:17:24,0.0,0.0
28680,卡充值,,,2014/08/28 17:11:19,1000.0,1000.0
28680,POS消费,地点59,食堂,2014/08/30 12:43:15,4.5,991.0
28680,POS消费,地点89,食堂,2014/08/30 12:53:15,4.5,995.5
28680,卡补办,,,2014/08/30 16:00:35,15.0,991.0
28680,更新卡信息,,,2014/08/30 16:00:52,0.0,0.0
28680,卡挂失,,,2014/08/30 16:01:50,0.0,0.0
28680,POS消费,地点22,开水,2014/08/30 16:21:57,0.01,990.99
28680,POS消费,地点22,开水,2014/08/30 16:22:46,0.09,990.9
28680,POS消费,地点22,开水,2014/08/30 16:24:21,0.01,990.89
28680,POS消费,地点168,食堂,2014/08/30 18:34:45,6.5,984.39
28680,POS消费,地点188,超市,2014/08/30 19:07:51,5.7,978.69
28680,POS消费,地点188,超市,2014/08/30 19:12:08,2.3,976.39
28680,POS消费,地点2,淋浴,2014/08/30 19:28:36,0.6,975.79
28680,POS消费,地点2,淋浴,2014/08/30 19:34:29,0.5,975.29
28680,POS消费,地点87,食堂,2014/08/31 07:44:49,3.0,972.29
28680,POS消费,地点60,食堂,2014/08/31 07:55:31,0.2,972.09
28680,POS消费,地点21,开水,2014/08/31 11:58:28,7.6,964.49
28680,POS消费,地点1847,食堂,2014/08/31 12:00:21,4.7,959.79
28680,POS消费,地点192,超市,2014/08/31 16:46:49,30.0,929.79
28680,POS消费,地点192,超市,2014/08/31 16:46:53,30.0,899.79
28680,POS消费,地点192,超市,2014/08/31 16:47:17,30.0,869.79
28680,POS消费,地点192,超市,2014/08/31 16:47:34,12.6,857.19
28680,POS消费,地点22,开水,2014/08/31 17:13:38,0.09,857.1
28680,POS消费,地点227,食堂,2014/08/31 18:03:31,3.5,853.6
