28702,卡片开户,,,2014/07/19 16:21:30,0.0,0.0
28702,卡充值,,,2014/08/27 19:10:08,300.0,300.0
28702,POS消费,地点188,超市,2014/08/27 19:13:25,98.4,201.6
28702,POS消费,地点21,开水,2014/08/29 18:04:05,6.6,195.0
28702,POS消费,地点60,食堂,2014/08/30 09:33:41,0.5,193.4
28702,POS消费,地点61,食堂,2014/08/30 09:37:39,1.1,193.9
28702,POS消费,地点61,食堂,2014/08/30 09:47:42,1.9,191.5
28702,POS消费,地点1447,校车,2014/08/30 09:50:23,1.0,190.5
28702,POS消费,地点211,校车,2014/08/30 12:03:18,1.0,189.5
28702,POS消费,地点1451,校车,2014/08/30 14:28:30,1.0,188.5
28702,POS消费,地点2,淋浴,2014/08/30 21:11:09,1.0,187.5
28702,POS消费,地点21,开水,2014/08/31 07:44:53,4.0,183.5
28702,POS消费,地点232,食堂,2014/08/31 11:31:32,19.0,164.5
28702,POS消费,地点21,开水,2014/08/31 17:20:01,9.1,155.4
