28822,卡片开户,,,2014/07/16 10:56:35,0.0,0.0
28822,卡充值,,,2014/08/28 17:46:57,100.0,100.0
28822,卡充值,,,2014/08/28 17:47:10,100.0,200.0
28822,POS消费,地点188,超市,2014/08/28 20:10:30,2.0,198.0
28822,POS消费,地点26,图书馆,2014/08/28 21:08:32,76.8,121.2
28822,POS消费,地点742,淋浴,2014/08/28 21:56:28,0.1,121.1
28822,POS消费,地点742,淋浴,2014/08/28 21:58:59,0.4,120.7
28822,POS消费,地点21,开水,2014/08/29 13:17:29,12.4,108.3
28822,POS消费,地点21,开水,2014/08/29 13:17:49,12.6,95.7
28822,POS消费,地点1472,校车,2014/08/29 14:19:56,1.0,94.7
28822,POS消费,地点1472,校车,2014/08/29 14:20:05,1.0,93.7
28822,POS消费,地点21,开水,2014/08/30 11:50:45,5.6,88.1
28822,POS消费,地点307,食堂,2014/08/30 17:51:51,1.0,78.5
28822,POS消费,地点182,食堂,2014/08/30 17:54:26,8.6,79.5
28822,POS消费,地点21,开水,2014/08/30 20:47:15,9.4,69.1
28822,POS消费,地点1514,淋浴,2014/08/30 23:18:18,0.6,68.5
28822,POS消费,地点21,开水,2014/08/31 08:15:48,0.02,68.48
28822,POS消费,地点283,食堂,2014/08/31 10:54:21,4.4,64.08
28822,POS消费,地点307,食堂,2014/08/31 10:54:57,2.5,61.58
28822,POS消费,地点307,食堂,2014/08/31 10:55:02,2.5,59.08
28822,POS消费,地点1961,超市,2014/08/31 21:10:40,5.4,53.68
