28882,卡片开户,,,2014/07/19 16:04:53,0.0,0.0
28882,卡充值,,,2014/08/30 13:27:51,300.0,300.0
28882,POS消费,地点168,食堂,2014/08/30 13:51:44,11.0,289.0
28882,POS消费,地点157,食堂,2014/08/30 18:02:37,10.6,278.4
28882,POS消费,地点103,食堂,2014/08/31 07:48:15,1.8,276.6
28882,POS消费,地点21,开水,2014/08/31 12:19:19,3.0,270.6
28882,POS消费,地点157,食堂,2014/08/31 12:33:08,5.6,265.0
28882,POS消费,地点188,超市,2014/08/31 12:47:56,19.3,245.7
28882,POS消费,地点188,超市,2014/08/31 13:50:15,3.8,241.9
28882,POS消费,地点1961,超市,2014/08/31 16:57:24,109.4,132.5
28882,POS消费,地点1588,食堂,2014/08/31 17:59:37,7.6,124.9
28882,POS消费,地点742,淋浴,2014/08/31 21:28:23,0.1,124.8
28882,POS消费,地点742,淋浴,2014/08/31 21:29:34,0.3,124.5
