28910,卡片开户,,,2014/07/16 13:36:18,0.0,0.0
28910,卡充值,,,2014/08/28 10:38:52,500.0,500.0
28910,POS消费,地点188,超市,2014/08/28 12:37:33,100.0,400.0
28910,POS消费,地点188,超市,2014/08/28 12:37:43,99.6,300.4
28910,POS消费,地点65,食堂,2014/08/29 16:59:18,5.6,294.8
28910,POS消费,地点65,食堂,2014/08/29 16:59:35,4.6,290.2
28910,POS消费,地点69,食堂,2014/08/29 17:00:33,1.0,289.2
28910,POS消费,地点69,食堂,2014/08/29 17:00:50,5.0,284.2
28910,POS消费,地点21,开水,2014/08/29 17:16:24,5.0,279.2
28910,POS消费,地点21,开水,2014/08/29 17:16:33,5.0,274.2
28910,POS消费,地点251,食堂,2014/08/29 17:18:35,1.0,268.5
28910,POS消费,地点21,开水,2014/08/29 17:18:56,3.5,270.7
28910,POS消费,地点21,开水,2014/08/29 17:19:00,1.2,269.5
28910,POS消费,地点47,淋浴,2014/08/29 18:55:33,0.1,268.4
28910,POS消费,地点47,淋浴,2014/08/29 19:03:47,0.3,268.1
28910,POS消费,地点47,淋浴,2014/08/29 19:11:06,0.8,267.3
28910,POS消费,地点987,洗衣房,2014/08/29 19:36:11,1.2,266.1
28910,POS消费,地点938,洗衣房,2014/08/29 19:36:42,1.2,264.9
28910,POS消费,地点938,洗衣房,2014/08/29 19:36:42,-1.14,266.04
28910,POS消费,地点938,洗衣房,2014/08/29 19:37:19,1.2,264.84
28910,POS消费,地点938,洗衣房,2014/08/29 19:37:19,-1.14,265.98
28910,POS消费,地点938,洗衣房,2014/08/29 19:37:57,1.2,264.78
28910,POS消费,地点938,洗衣房,2014/08/29 19:37:57,-1.14,265.92
28910,POS消费,地点938,洗衣房,2014/08/29 19:38:17,1.2,264.72
28910,POS消费,地点65,食堂,2014/08/30 09:29:02,0.8,263.92
28910,POS消费,地点69,食堂,2014/08/30 09:30:26,1.2,262.72
28910,POS消费,地点305,食堂,2014/08/30 12:14:26,6.0,246.84
28910,POS消费,地点236,食堂,2014/08/30 12:25:55,9.88,252.84
28910,POS消费,地点1847,食堂,2014/08/30 12:37:21,2.9,243.94
28910,POS消费,地点263,食堂,2014/08/30 17:44:42,8.6,232.39
28910,POS消费,地点21,开水,2014/08/30 17:45:12,2.95,240.99
28910,POS消费,地点1588,食堂,2014/08/31 08:03:55,0.35,232.04
28910,POS消费,地点232,食堂,2014/08/31 12:25:30,4.5,227.54
28910,POS消费,地点188,超市,2014/08/31 12:55:47,0.9,226.64
28910,POS消费,地点21,开水,2014/08/31 17:39:50,3.52,223.12
28910,POS消费,地点182,食堂,2014/08/31 17:43:08,4.6,218.52
28910,POS消费,地点47,淋浴,2014/08/31 21:15:39,0.9,217.62
