28928,卡片开户,,,2014/07/30 16:31:24,0.0,0.0
28928,卡充值,,,2014/08/29 11:32:09,800.0,800.0
28928,POS消费,地点1674,食堂,2014/08/30 11:35:09,2.4,797.6
28928,POS消费,地点373,开水,2014/08/30 12:04:48,0.06,797.54
28928,POS消费,地点21,开水,2014/08/30 17:26:29,1.0,794.84
28928,POS消费,地点242,食堂,2014/08/30 17:38:19,1.7,795.84
28928,POS消费,地点373,开水,2014/08/31 07:05:33,0.04,794.8
28928,POS消费,地点184,食堂,2014/08/31 07:58:50,2.2,792.6
28928,POS消费,地点251,食堂,2014/08/31 12:32:28,1.2,791.4
28928,POS消费,地点346,淋浴,2014/08/31 17:01:44,0.3,791.1
28928,POS消费,地点346,淋浴,2014/08/31 17:07:26,0.3,790.8
28928,POS消费,地点346,淋浴,2014/08/31 17:16:49,0.5,790.3
28928,POS消费,地点1547,食堂,2014/08/31 18:10:11,4.5,785.8
28928,POS消费,地点21,开水,2014/08/31 21:19:33,3.0,782.8
