29060,卡片开户,,,2014/07/17 16:03:21,0.0,0.0
29060,卡充值,,,2014/08/28 14:44:37,1000.0,1000.0
29060,POS消费,地点70,食堂,2014/08/28 14:45:07,7.5,992.5
29060,POS消费,地点203,食堂,2014/08/28 15:07:07,15.0,977.5
29060,POS消费,地点190,超市,2014/08/28 16:30:29,59.6,917.9
29060,POS消费,地点190,超市,2014/08/28 16:30:50,100.0,817.9
29060,POS消费,地点59,食堂,2014/08/28 18:08:54,3.0,809.3
29060,POS消费,地点251,食堂,2014/08/28 18:13:36,1.6,816.3
29060,POS消费,地点21,开水,2014/08/28 18:17:59,4.0,812.3
29060,POS消费,地点21,开水,2014/08/28 18:19:46,0.5,808.8
29060,POS消费,地点203,食堂,2014/08/29 11:38:18,6.5,802.3
29060,POS消费,地点203,食堂,2014/08/29 11:38:23,6.5,795.8
29060,POS消费,地点263,食堂,2014/08/29 11:40:38,4.6,791.2
29060,POS消费,地点182,食堂,2014/08/29 11:45:03,1.5,789.7
29060,POS消费,地点21,开水,2014/08/29 11:56:30,6.0,783.7
29060,POS消费,地点114,食堂,2014/08/29 14:33:21,3.0,780.67
29060,POS消费,地点12,文印中心,2014/08/29 17:59:41,3.5,777.17
29060,POS消费,地点248,超市,2014/08/29 18:01:58,5.8,771.37
29060,POS消费,地点21,开水,2014/08/29 18:16:03,1.8,769.57
29060,POS消费,地点1398,开水,2014/08/29 23:41:32,0.01,783.69
29060,POS消费,地点1499,开水,2014/08/29 23:41:36,0.01,783.68
29060,POS消费,地点630,淋浴,2014/08/29 23:42:51,0.4,769.15
29060,POS消费,地点1398,开水,2014/08/29 23:43:26,0.01,783.67
29060,POS消费,地点1398,开水,2014/08/29 23:43:59,0.01,769.56
29060,POS消费,地点1398,开水,2014/08/29 23:44:04,0.01,769.55
29060,POS消费,地点114,食堂,2014/08/30 06:33:14,2.5,766.65
29060,POS消费,地点134,食堂,2014/08/30 06:51:50,0.5,766.15
29060,POS消费,地点1588,食堂,2014/08/30 06:52:28,0.35,765.8
29060,POS消费,地点114,食堂,2014/08/30 10:26:32,10.0,755.8
29060,POS消费,地点203,食堂,2014/08/30 11:19:14,7.5,748.3
29060,POS消费,地点225,食堂,2014/08/30 11:22:19,4.6,743.7
29060,POS消费,地点225,食堂,2014/08/30 11:22:27,5.6,738.1
29060,POS消费,地点114,食堂,2014/08/30 15:17:41,5.0,733.1
29060,POS消费,地点820,食堂,2014/08/30 16:38:20,5.6,727.43
29060,POS消费,地点279,食堂,2014/08/30 16:38:33,4.0,723.43
29060,POS消费,地点241,食堂,2014/08/30 16:39:33,3.1,720.33
29060,POS消费,地点244,食堂,2014/08/30 16:40:27,8.6,711.73
29060,POS消费,地点114,食堂,2014/08/30 17:44:17,9.0,702.73
29060,POS消费,地点1485,淋浴,2014/08/30 18:33:31,0.3,702.13
29060,POS消费,地点1485,淋浴,2014/08/30 18:35:17,0.3,702.43
29060,POS消费,地点114,食堂,2014/08/31 06:32:00,2.5,699.63
29060,POS消费,地点61,食堂,2014/08/31 06:49:28,0.4,699.23
29060,POS消费,地点83,食堂,2014/08/31 06:49:34,5.5,693.73
29060,POS消费,地点248,超市,2014/08/31 12:27:23,4.6,689.13
29060,POS消费,地点21,开水,2014/08/31 16:42:12,25.6,663.53
29060,POS消费,地点21,开水,2014/08/31 16:47:46,2.6,660.93
29060,POS消费,地点21,开水,2014/08/31 16:48:00,3.0,657.93
29060,POS消费,地点21,开水,2014/08/31 16:48:23,4.6,653.33
29060,POS消费,地点6,淋浴,2014/08/31 16:49:21,1.5,651.83
29060,POS消费,地点248,超市,2014/08/31 16:51:18,4.6,647.23
29060,POS消费,地点114,食堂,2014/08/31 17:51:41,2.5,644.73
29060,POS消费,地点778,淋浴,2014/08/31 22:31:43,0.1,644.63
29060,POS消费,地点778,淋浴,2014/08/31 22:32:16,0.1,644.53
29060,POS消费,地点778,淋浴,2014/08/31 22:34:08,0.1,644.43
29060,POS消费,地点1486,淋浴,2014/08/31 22:37:48,0.1,644.23
29060,POS消费,地点631,淋浴,2014/08/31 22:42:25,0.1,644.13
