29074,卡片开户,,,2014/07/21 09:49:41,0.0,0.0
29074,POS消费,地点91,校车,2014/08/30 11:28:09,5.1,494.9
29074,POS消费,地点91,校车,2014/08/30 11:28:33,3.1,491.8
29074,POS消费,地点91,校车,2014/08/30 11:28:47,2.9,488.9
29074,POS消费,地点21,开水,2014/08/30 11:29:13,4.0,484.9
29074,POS消费,地点91,校车,2014/08/30 11:29:27,4.0,480.9
29074,卡充值,,,2014/08/30 11:32:31,500.0,500.0
29074,POS消费,地点182,食堂,2014/08/30 18:00:59,7.6,473.3
29074,POS消费,地点630,淋浴,2014/08/31 00:21:44,0.5,472.8
29074,POS消费,地点21,开水,2014/08/31 07:03:02,2.3,470.5
29074,POS消费,地点283,食堂,2014/08/31 12:21:42,4.0,466.5
29074,POS消费,地点182,食堂,2014/08/31 12:24:50,4.6,461.9
29074,POS消费,地点314,食堂,2014/08/31 21:27:42,5.7,456.2
29074,POS消费,地点120,淋浴,2014/08/31 22:57:50,0.01,456.19
29074,POS消费,地点122,开水,2014/08/31 23:01:08,0.04,456.15
29074,POS消费,地点899,开水,2014/08/31 23:03:00,0.02,456.13
