29150,卡片开户,,,2014/07/14 10:21:04,0.0,0.0
29150,卡充值,,,2014/08/28 12:01:48,200.0,200.0
29150,POS消费,地点188,超市,2014/08/28 16:14:43,2.3,197.7
29150,POS消费,地点72,食堂,2014/08/28 18:17:35,6.8,190.9
29150,POS消费,地点188,超市,2014/08/28 20:09:16,2.7,188.2
29150,POS消费,地点134,食堂,2014/08/29 12:17:58,8.6,179.6
29150,POS消费,地点188,超市,2014/08/29 13:45:34,2.6,177.0
29150,POS消费,地点21,开水,2014/08/29 19:02:56,8.6,168.4
29150,POS消费,地点60,食堂,2014/08/30 09:35:51,0.5,166.95
29150,POS消费,地点61,食堂,2014/08/30 09:38:45,0.95,167.45
29150,POS消费,地点69,食堂,2014/08/30 12:04:20,5.8,161.15
29150,POS消费,地点26,图书馆,2014/08/30 16:18:50,5.2,155.95
29150,POS消费,地点536,开水,2014/08/30 16:56:55,0.01,155.94
29150,POS消费,地点61,食堂,2014/08/30 18:09:50,6.6,149.34
29150,POS消费,地点536,开水,2014/08/30 21:34:16,0.01,149.33
29150,POS消费,地点536,开水,2014/08/30 23:00:40,0.01,149.32
29150,POS消费,地点89,食堂,2014/08/31 08:19:25,3.0,146.32
29150,POS消费,地点89,食堂,2014/08/31 08:29:49,2.0,144.32
29150,POS消费,地点536,开水,2014/08/31 08:37:49,0.01,144.31
29150,POS消费,地点248,超市,2014/08/31 11:39:00,5.6,138.71
29150,POS消费,地点21,开水,2014/08/31 18:17:43,4.6,134.1
