29214,卡片开户,,,2014/07/17 15:59:25,0.0,0.0
29214,卡充值,,,2014/08/29 12:40:33,500.0,500.0
29214,POS消费,地点134,食堂,2014/08/29 12:59:26,8.6,491.4
29214,POS消费,地点134,食堂,2014/08/29 12:59:46,9.6,481.8
29214,POS消费,地点134,食堂,2014/08/29 13:00:06,9.6,472.2
29214,POS消费,地点70,食堂,2014/08/29 13:00:51,7.5,464.7
29214,POS消费,地点188,超市,2014/08/29 13:14:20,0.3,464.4
29214,POS消费,地点69,食堂,2014/08/30 07:25:10,5.8,458.6
29214,POS消费,地点60,食堂,2014/08/30 07:35:34,1.4,457.2
29214,POS消费,地点566,开水,2014/08/30 08:32:38,0.01,457.19
29214,POS消费,地点1960,洗衣房,2014/08/30 09:37:02,3.6,453.59
29214,POS消费,地点1961,超市,2014/08/30 10:39:16,28.0,425.59
29214,POS消费,地点566,开水,2014/08/30 14:47:33,0.01,425.58
29214,POS消费,地点21,开水,2014/08/30 17:59:09,5.6,419.98
29214,POS消费,地点21,开水,2014/08/30 17:59:29,4.6,415.38
29214,POS消费,地点21,开水,2014/08/30 17:59:48,4.6,410.78
29214,POS消费,地点12,文印中心,2014/08/30 22:40:57,0.1,410.68
29214,POS消费,地点12,文印中心,2014/08/30 22:51:09,0.2,410.48
29214,POS消费,地点60,食堂,2014/08/31 08:18:21,0.3,410.18
29214,POS消费,地点61,食堂,2014/08/31 08:29:16,3.4,406.78
29214,POS消费,地点21,开水,2014/08/31 08:54:38,4.4,402.38
29214,POS消费,地点61,食堂,2014/08/31 12:21:17,5.8,396.58
29214,POS消费,地点61,食堂,2014/08/31 12:22:14,7.6,388.98
29214,POS消费,地点61,食堂,2014/08/31 12:22:18,5.8,383.18
29214,POS消费,地点27,教务处,2014/08/31 12:24:23,25.0,358.18
29214,POS消费,地点566,开水,2014/08/31 17:30:38,0.01,358.17
29214,POS消费,地点87,食堂,2014/08/31 17:51:50,4.6,353.57
29214,POS消费,地点65,食堂,2014/08/31 17:54:03,10.6,342.97
29214,POS消费,地点161,食堂,2014/08/31 17:57:30,6.2,336.77
