29278,卡片开户,,,2014/07/18 11:42:25,0.0,0.0
29278,卡充值,,,2014/08/28 16:20:33,600.0,600.0
29278,POS消费,地点253,食堂,2014/08/28 18:34:01,3.0,597.0
29278,POS消费,地点72,食堂,2014/08/28 18:44:42,4.6,592.4
29278,POS消费,地点60,食堂,2014/08/29 08:26:31,0.8,591.6
29278,POS消费,地点61,食堂,2014/08/29 08:36:19,2.0,589.6
29278,POS消费,地点69,食堂,2014/08/29 12:20:21,8.6,581.0
29278,POS消费,地点89,食堂,2014/08/29 17:47:47,4.5,576.5
29278,POS消费,地点326,洗衣房,2014/08/29 20:25:25,0.3,576.1
29278,POS消费,地点326,洗衣房,2014/08/29 20:26:59,0.1,576.4
29278,POS消费,地点168,食堂,2014/08/30 09:41:31,7.5,568.6
29278,POS消费,地点21,开水,2014/08/31 07:47:30,2.5,566.1
29278,POS消费,地点91,校车,2014/08/31 07:47:46,0.5,565.6
29278,POS消费,地点61,食堂,2014/08/31 12:18:36,6.6,559.0
29278,POS消费,地点314,食堂,2014/08/31 12:37:09,4.7,554.3
29278,POS消费,地点21,开水,2014/08/31 12:49:38,27.5,526.8
29278,POS消费,地点89,食堂,2014/08/31 16:57:48,4.5,522.3
