29276,卡片开户,,,2014/07/19 09:44:06,0.0,0.0
29276,卡充值,,,2014/08/28 12:54:47,300.0,300.0
29276,POS消费,地点72,食堂,2014/08/28 18:54:29,17.2,282.8
29276,POS消费,地点70,食堂,2014/08/28 18:56:04,3.0,279.8
29276,POS消费,地点70,食堂,2014/08/28 18:56:08,3.0,276.8
29276,POS消费,地点253,食堂,2014/08/29 11:06:51,5.5,271.3
29276,POS消费,地点192,超市,2014/08/29 12:07:56,14.4,256.9
29276,POS消费,地点134,食堂,2014/08/29 17:48:09,4.6,252.3
29276,POS消费,地点264,食堂,2014/08/30 12:31:16,10.6,241.7
29276,POS消费,地点69,食堂,2014/08/30 17:58:40,5.6,236.1
29276,POS消费,地点114,食堂,2014/08/30 18:00:11,7.0,229.1
29276,POS消费,地点87,食堂,2014/08/31 07:46:47,3.0,226.1
29276,POS消费,地点179,食堂,2014/08/31 12:11:19,5.6,220.5
29276,POS消费,地点1847,食堂,2014/08/31 12:15:21,1.0,219.5
29276,POS消费,地点239,食堂,2014/08/31 17:58:29,5.6,213.9
29276,POS消费,地点114,食堂,2014/08/31 17:59:06,3.0,210.9
