29274,卡片开户,,,2014/07/18 11:59:35,0.0,0.0
29274,卡充值,,,2014/08/28 17:51:39,100.0,100.0
29274,POS消费,地点134,食堂,2014/08/28 18:08:31,4.6,95.4
29274,POS消费,地点179,食堂,2014/08/28 18:18:10,0.2,95.2
29274,POS消费,地点1530,洗衣房,2014/08/28 21:55:19,3.6,91.6
29274,POS消费,地点1530,洗衣房,2014/08/28 21:57:08,3.6,88.0
29274,POS消费,地点124,食堂,2014/08/29 08:14:42,3.0,85.0
29274,POS消费,地点21,开水,2014/08/29 12:09:09,5.3,79.7
29274,POS消费,地点232,食堂,2014/08/29 18:16:25,8.0,71.7
29274,POS消费,地点103,食堂,2014/08/30 12:44:19,5.3,66.4
29274,POS消费,地点69,食堂,2014/08/30 17:58:03,5.6,60.8
29274,POS消费,地点61,食堂,2014/08/30 18:21:48,0.2,60.6
29274,POS消费,地点65,食堂,2014/08/31 12:14:42,4.6,56.0
29274,POS消费,地点314,食堂,2014/08/31 12:40:13,5.2,50.8
29274,POS消费,地点268,食堂,2014/08/31 17:35:16,3.6,47.2
29274,POS消费,地点188,超市,2014/08/31 18:59:00,2.0,45.2
29274,POS消费,地点566,开水,2014/08/31 23:49:32,0.01,45.19
