29292,卡片开户,,,2014/07/20 13:27:01,0.0,0.0
29292,卡充值,,,2014/08/29 09:49:11,80.0,80.0
29292,POS消费,地点59,食堂,2014/08/29 12:31:37,3.6,76.4
29292,POS消费,地点89,食堂,2014/08/29 17:47:42,4.5,71.9
29292,POS消费,地点566,开水,2014/08/29 19:16:30,0.01,71.89
29292,POS消费,地点326,洗衣房,2014/08/29 19:17:47,0.1,71.79
29292,POS消费,地点1533,淋浴,2014/08/29 20:03:14,0.1,71.69
29292,POS消费,地点1533,淋浴,2014/08/29 20:04:38,0.1,71.59
29292,POS消费,地点566,开水,2014/08/29 21:53:50,0.01,71.57
29292,POS消费,地点566,开水,2014/08/29 21:55:41,0.01,71.58
29292,POS消费,地点72,食堂,2014/08/30 08:25:18,2.2,69.37
29292,POS消费,地点72,食堂,2014/08/30 08:25:25,2.0,67.37
29292,POS消费,地点566,开水,2014/08/30 10:13:50,0.01,67.36
29292,POS消费,地点566,开水,2014/08/30 10:40:05,0.01,67.35
29292,POS消费,地点566,开水,2014/08/30 10:40:18,0.01,67.34
29292,POS消费,地点21,开水,2014/08/30 12:09:45,7.6,59.74
29292,卡充值,,,2014/08/30 12:22:44,150.0,209.74
29292,POS消费,地点1961,超市,2014/08/30 13:09:30,33.0,176.74
29292,POS消费,地点566,开水,2014/08/30 13:52:39,0.01,176.73
29292,POS消费,地点566,开水,2014/08/30 13:53:28,0.01,176.72
29292,POS消费,地点566,开水,2014/08/30 13:53:45,0.01,176.71
29292,POS消费,地点566,开水,2014/08/30 13:55:13,0.01,176.7
29292,POS消费,地点82,食堂,2014/08/30 17:45:35,4.1,172.6
29292,POS消费,地点326,洗衣房,2014/08/30 22:18:38,0.2,172.4
29292,POS消费,地点6,淋浴,2014/08/31 08:13:27,1.8,170.6
29292,POS消费,地点188,超市,2014/08/31 08:37:49,0.2,170.4
29292,POS消费,地点1596,食堂,2014/08/31 12:00:02,4.6,165.8
29292,POS消费,地点89,食堂,2014/08/31 16:54:44,4.5,161.3
29292,POS消费,地点188,超市,2014/08/31 21:36:08,12.3,149.0
