29318,卡片开户,,,2014/07/16 13:50:58,0.0,0.0
29318,卡充值,,,2014/08/28 10:07:17,500.0,500.0
29318,POS消费,地点21,开水,2014/08/28 10:15:01,81.0,419.0
29318,POS消费,地点1530,洗衣房,2014/08/28 10:58:03,3.6,415.4
29318,POS消费,地点188,超市,2014/08/28 12:05:35,13.5,401.9
29318,POS消费,地点21,开水,2014/08/28 12:34:50,0.6,377.0
29318,POS消费,地点61,食堂,2014/08/28 12:37:38,6.0,395.9
29318,POS消费,地点61,食堂,2014/08/28 12:37:58,8.4,387.5
29318,POS消费,地点61,食堂,2014/08/28 12:38:17,8.4,379.1
29318,POS消费,地点21,开水,2014/08/28 12:47:31,1.5,377.6
29318,POS消费,地点192,超市,2014/08/28 16:06:19,2.8,374.2
29318,POS消费,地点211,校车,2014/08/28 17:46:06,1.0,373.2
29318,POS消费,地点69,食堂,2014/08/29 08:51:52,6.0,367.2
29318,POS消费,地点69,食堂,2014/08/29 08:51:55,0.5,366.7
29318,POS消费,地点60,食堂,2014/08/29 09:02:03,1.2,365.5
29318,POS消费,地点26,图书馆,2014/08/29 10:16:48,30.0,335.5
29318,POS消费,地点26,图书馆,2014/08/29 10:16:51,30.0,305.5
29318,POS消费,地点26,图书馆,2014/08/29 10:16:56,11.5,294.0
29318,POS消费,地点91,校车,2014/08/29 11:13:43,10.6,283.4
29318,POS消费,地点91,校车,2014/08/29 11:14:20,3.1,280.3
29318,POS消费,地点91,校车,2014/08/29 11:14:44,4.0,276.3
29318,POS消费,地点21,开水,2014/08/29 11:17:42,1.5,274.8
29318,POS消费,地点211,校车,2014/08/29 14:36:47,1.0,273.8
29318,POS消费,地点211,校车,2014/08/29 14:36:53,1.0,272.8
29318,POS消费,地点211,校车,2014/08/29 14:37:03,1.0,271.8
29318,POS消费,地点65,食堂,2014/08/30 08:29:49,0.6,271.2
29318,POS消费,地点65,食堂,2014/08/30 08:30:02,0.8,270.4
29318,POS消费,地点69,食堂,2014/08/30 08:38:58,4.8,264.8
29318,POS消费,地点60,食堂,2014/08/30 08:44:27,0.8,269.6
29318,卡充值,,,2014/08/30 09:02:33,400.0,664.8
29318,POS消费,地点21,开水,2014/08/30 09:59:49,15.5,649.3
29318,POS消费,地点60,食堂,2014/08/30 12:13:20,5.6,643.7
29318,POS消费,地点251,食堂,2014/08/30 12:22:00,0.6,643.1
29318,POS消费,地点188,超市,2014/08/30 12:31:32,8.5,634.6
29318,POS消费,地点27,教务处,2014/08/30 12:50:16,15.0,619.6
29318,POS消费,地点82,食堂,2014/08/30 17:21:03,7.6,612.0
29318,POS消费,地点1447,校车,2014/08/30 17:45:12,1.0,611.0
29318,POS消费,地点1700,食堂,2014/08/31 08:21:16,2.0,609.0
29318,POS消费,地点91,校车,2014/08/31 11:52:36,4.5,604.5
29318,POS消费,地点192,超市,2014/08/31 13:50:59,4.0,600.5
29318,POS消费,地点91,校车,2014/08/31 16:37:25,4.5,596.0
29318,POS消费,地点192,超市,2014/08/31 17:15:19,18.0,578.0
29318,POS消费,地点1533,淋浴,2014/08/31 22:30:37,0.1,577.9
29318,POS消费,地点326,洗衣房,2014/08/31 22:34:29,0.1,577.8
29318,POS消费,地点326,洗衣房,2014/08/31 22:39:28,0.2,577.6
