29338,卡片开户,,,2014/07/19 11:26:26,0.0,0.0
29338,卡充值,,,2014/08/29 16:36:56,2000.0,2000.0
29338,POS消费,地点1448,校车,2014/08/29 18:08:33,1.0,1999.0
29338,POS消费,地点1447,校车,2014/08/29 19:35:59,1.0,1998.0
29338,POS消费,地点1447,校车,2014/08/29 19:36:05,1.0,1997.0
29338,POS消费,地点1447,校车,2014/08/29 19:36:13,1.0,1996.0
29338,POS消费,地点89,食堂,2014/08/30 08:42:20,3.0,1993.0
29338,POS消费,地点195,超市,2014/08/30 10:37:57,28.0,1965.0
29338,POS消费,地点192,超市,2014/08/30 11:37:12,7.6,1957.4
29338,POS消费,地点21,开水,2014/08/30 13:19:25,8.6,1948.8
29338,POS消费,地点192,超市,2014/08/30 13:40:24,30.0,1918.8
29338,POS消费,地点192,超市,2014/08/30 13:40:47,30.0,1888.8
29338,POS消费,地点192,超市,2014/08/30 13:40:57,15.0,1873.8
29338,POS消费,地点1529,洗衣房,2014/08/30 18:20:36,3.6,1870.2
29338,POS消费,地点1529,洗衣房,2014/08/30 18:20:36,-0.72,1870.92
29338,POS消费,地点21,开水,2014/08/31 11:45:12,3.5,1867.42
29338,POS消费,地点91,校车,2014/08/31 11:48:18,4.0,1863.42
29338,POS消费,地点192,超市,2014/08/31 22:12:35,9.4,1854.02
29338,POS消费,地点566,开水,2014/08/31 22:17:52,0.01,1854.01
