29376,卡片开户,,,2014/07/17 16:23:22,0.0,0.0
29376,更新卡信息,,,2014/07/17 16:43:15,0.0,0.0
29376,卡充值,,,2014/08/27 14:14:43,500.0,500.0
29376,POS消费,地点192,超市,2014/08/27 14:33:02,30.0,470.0
29376,POS消费,地点192,超市,2014/08/27 14:33:06,30.0,440.0
29376,POS消费,地点192,超市,2014/08/27 14:33:10,30.0,410.0
29376,POS消费,地点192,超市,2014/08/27 14:33:30,30.0,380.0
29376,POS消费,地点192,超市,2014/08/27 14:33:47,30.0,350.0
29376,POS消费,地点192,超市,2014/08/27 14:34:02,30.0,320.0
29376,POS消费,地点192,超市,2014/08/27 14:34:20,30.0,290.0
29376,POS消费,地点192,超市,2014/08/27 14:34:47,10.9,279.1
29376,POS消费,地点89,食堂,2014/08/28 08:28:26,3.0,276.1
29376,POS消费,地点203,食堂,2014/08/28 15:37:47,6.5,269.6
29376,POS消费,地点1447,校车,2014/08/28 17:05:15,1.0,268.6
29376,POS消费,地点1447,校车,2014/08/28 17:05:30,1.0,267.6
29376,POS消费,地点1447,校车,2014/08/28 17:05:36,1.0,266.6
29376,POS消费,地点21,开水,2014/08/28 17:47:01,0.01,266.59
29376,POS消费,地点752,淋浴,2014/08/28 22:12:43,0.7,265.89
29376,POS消费,地点69,食堂,2014/08/29 08:10:02,2.6,260.29
29376,POS消费,地点89,食堂,2014/08/29 08:15:06,3.0,262.89
29376,POS消费,地点218,食堂,2014/08/29 16:48:35,1.5,258.79
29376,POS消费,地点195,超市,2014/08/29 17:24:53,14.0,244.79
29376,POS消费,地点237,食堂,2014/08/30 12:16:52,4.8,239.99
29376,POS消费,地点237,食堂,2014/08/30 12:18:34,6.1,233.89
29376,POS消费,地点237,食堂,2014/08/30 12:19:40,7.3,226.59
29376,POS消费,地点753,开水,2014/08/30 14:45:12,0.14,226.45
29376,POS消费,地点89,食堂,2014/08/30 17:54:05,3.0,223.45
29376,POS消费,地点124,食堂,2014/08/31 07:51:18,3.0,220.45
29376,POS消费,地点21,开水,2014/08/31 10:14:04,13.7,206.75
29376,POS消费,地点21,开水,2014/08/31 12:01:35,0.6,206.15
29376,POS消费,地点21,开水,2014/08/31 12:01:59,2.4,203.75
