29430,卡片开户,,,2014/07/08 15:38:21,0.0,0.0
29430,卡充值,,,2014/08/27 12:39:14,800.0,800.0
29430,POS消费,地点192,超市,2014/08/27 16:52:59,1.0,799.0
29430,POS消费,地点21,开水,2014/08/27 19:40:46,26.5,772.5
29430,POS消费,地点41,淋浴,2014/08/27 19:59:56,0.6,771.9
29430,POS消费,地点69,食堂,2014/08/28 06:54:16,0.6,771.3
29430,POS消费,地点60,食堂,2014/08/28 07:04:59,0.8,770.5
29430,POS消费,地点65,食堂,2014/08/28 12:03:32,5.6,764.9
29430,POS消费,地点65,食堂,2014/08/28 12:03:58,9.6,755.3
29430,POS消费,地点89,食堂,2014/08/29 07:49:23,3.0,752.3
29430,POS消费,地点21,开水,2014/08/30 11:25:45,19.9,732.4
29430,POS消费,地点21,开水,2014/08/30 12:11:31,4.0,700.6
29430,POS消费,地点157,食堂,2014/08/30 12:22:47,10.6,721.8
29430,POS消费,地点157,食堂,2014/08/30 12:22:59,10.6,711.2
29430,POS消费,地点157,食堂,2014/08/30 12:23:17,6.6,704.6
29430,POS消费,地点1447,校车,2014/08/30 15:43:51,1.0,699.6
29430,POS消费,地点1447,校车,2014/08/30 15:44:05,1.0,698.6
29430,POS消费,地点232,食堂,2014/08/30 17:44:45,22.0,676.6
29430,POS消费,地点756,淋浴,2014/08/30 21:01:22,0.6,676.0
29430,POS消费,地点21,开水,2014/08/31 07:31:28,3.1,672.9
29430,POS消费,地点21,开水,2014/08/31 10:10:42,3.9,669.0
29430,POS消费,地点1596,食堂,2014/08/31 11:44:39,4.6,664.4
29430,,,,2014/08/31 12:06:25,10.0,654.4
29430,POS消费,地点41,淋浴,2014/08/31 22:05:29,0.6,653.8
