29454,卡片开户,,,2014/07/19 16:24:41,0.0,0.0
29454,卡充值,,,2014/08/29 14:49:08,300.0,300.0
29454,POS消费,地点21,开水,2014/08/29 15:21:01,100.0,200.0
29454,POS消费,地点21,开水,2014/08/29 15:21:10,16.7,183.3
29454,POS消费,地点753,开水,2014/08/29 15:37:40,0.03,183.27
29454,POS消费,地点314,食堂,2014/08/29 16:38:57,66.3,116.97
29454,POS消费,地点305,食堂,2014/08/29 17:57:25,6.0,110.97
29454,POS消费,地点305,食堂,2014/08/29 17:58:03,0.4,110.57
29454,POS消费,地点21,开水,2014/08/29 21:52:12,0.01,110.56
29454,POS消费,地点65,食堂,2014/08/30 08:44:54,1.4,109.16
29454,POS消费,地点219,超市,2014/08/30 10:42:34,6.0,103.16
29454,POS消费,地点204,食堂,2014/08/30 11:57:30,5.5,97.66
29454,POS消费,地点204,食堂,2014/08/30 11:57:42,1.0,96.66
29454,POS消费,地点21,开水,2014/08/30 20:54:01,14.1,82.56
29454,POS消费,地点569,淋浴,2014/08/30 21:26:55,0.9,81.66
29454,POS消费,地点21,开水,2014/08/31 06:53:47,0.01,81.65
29454,POS消费,地点21,开水,2014/08/31 07:32:21,2.3,79.35
29454,POS消费,地点192,超市,2014/08/31 10:07:33,2.8,76.55
29454,POS消费,地点134,食堂,2014/08/31 11:45:48,4.6,71.95
29454,POS消费,地点21,开水,2014/08/31 17:52:49,0.01,71.94
29454,POS消费,地点192,超市,2014/08/31 21:41:23,5.0,66.94
29454,POS消费,地点569,淋浴,2014/08/31 22:15:16,0.6,66.34
