29452,卡片开户,,,2014/07/16 13:59:17,0.0,0.0
29452,卡充值,,,2014/08/29 11:58:41,500.0,500.0
29452,POS消费,地点69,食堂,2014/08/29 13:57:30,8.2,491.8
29452,POS消费,地点69,食堂,2014/08/29 13:57:46,8.6,483.2
29452,POS消费,地点168,食堂,2014/08/29 19:37:36,10.0,473.2
29452,POS消费,地点65,食堂,2014/08/30 11:40:14,7.7,465.5
29452,POS消费,地点65,食堂,2014/08/30 11:40:46,5.2,460.3
29452,POS消费,地点65,食堂,2014/08/30 11:41:10,9.4,450.9
29452,POS消费,地点188,超市,2014/08/30 13:04:41,44.4,406.5
29452,POS消费,地点192,超市,2014/08/30 13:08:53,21.8,384.7
29452,POS消费,地点314,食堂,2014/08/30 17:24:56,56.0,328.7
29452,POS消费,地点21,开水,2014/08/30 17:33:52,1.0,327.7
29452,POS消费,地点21,开水,2014/08/30 17:34:02,-1.0,328.7
29452,POS消费,地点21,开水,2014/08/30 17:34:13,1.0,327.7
29452,POS消费,地点134,食堂,2014/08/31 07:52:47,0.5,326.84
29452,POS消费,地点1588,食堂,2014/08/31 07:55:05,2.8,324.04
29452,POS消费,地点91,校车,2014/08/31 12:17:07,1.5,322.54
29452,POS消费,地点91,校车,2014/08/31 12:17:15,1.5,321.04
29452,POS消费,地点195,超市,2014/08/31 16:56:44,30.0,291.04
29452,POS消费,地点195,超市,2014/08/31 16:56:47,1.3,289.74
