29516,卡片开户,,,2014/07/08 15:34:24,0.0,0.0
29516,卡充值,,,2014/08/29 12:17:46,200.0,200.0
29516,POS消费,地点21,开水,2014/08/29 12:30:40,2.2,192.0
29516,POS消费,地点251,食堂,2014/08/29 12:36:11,1.0,199.0
29516,POS消费,地点251,食堂,2014/08/29 12:37:18,4.8,194.2
29516,POS消费,地点1588,食堂,2014/08/30 09:28:50,2.6,187.9
29516,POS消费,地点1961,超市,2014/08/30 12:56:04,47.9,140.0
29516,POS消费,地点182,食堂,2014/08/30 17:34:45,4.2,135.8
29516,POS消费,地点192,超市,2014/08/30 20:42:06,29.4,106.4
29516,POS消费,地点1439,开水,2014/08/30 21:08:47,0.04,106.33
29516,POS消费,地点114,食堂,2014/08/31 07:58:36,2.5,103.83
29516,POS消费,地点179,食堂,2014/08/31 08:21:55,2.35,101.48
29516,POS消费,地点21,开水,2014/08/31 11:25:49,5.2,96.28
29516,POS消费,地点251,食堂,2014/08/31 17:14:35,3.0,93.28
29516,POS消费,地点188,超市,2014/08/31 21:54:20,0.8,92.48
