29518,POS消费,地点232,食堂,2014/07/03 11:53:31,0.13,0.73
29518,POS消费,地点232,食堂,2014/07/03 11:53:31,0.0,0.0
29518,卡片开户,,,2014/07/13 15:50:56,0.0,0.0
29518,卡充值,,,2014/08/29 13:15:01,200.0,200.0
29518,POS消费,地点65,食堂,2014/08/29 13:26:33,8.6,191.4
29518,POS消费,地点65,食堂,2014/08/29 13:27:06,8.6,182.8
29518,POS消费,地点65,食堂,2014/08/29 13:27:20,8.6,174.2
29518,POS消费,地点1387,校车,2014/08/29 17:58:29,2.0,172.2
29518,POS消费,地点1387,校车,2014/08/29 17:58:50,2.0,170.2
29518,POS消费,地点89,食堂,2014/08/30 12:35:27,13.5,156.7
29518,POS消费,地点1386,校车,2014/08/30 14:09:12,2.0,154.7
29518,POS消费,地点1386,校车,2014/08/30 14:09:19,2.0,152.7
29518,POS消费,地点21,开水,2014/08/30 17:19:22,1.5,151.2
29518,POS消费,地点314,食堂,2014/08/30 20:41:11,8.5,142.7
29518,POS消费,地点134,食堂,2014/08/31 07:54:56,0.8,141.9
29518,POS消费,地点157,食堂,2014/08/31 07:54:58,0.6,141.3
29518,POS消费,地点124,食堂,2014/08/31 12:06:20,4.5,136.8
29518,POS消费,地点251,食堂,2014/08/31 18:06:38,0.5,136.3
29518,POS消费,地点35,淋浴,2014/08/31 18:32:20,0.7,135.6
29518,POS消费,地点753,开水,2014/08/31 21:49:30,0.01,135.59
29518,POS消费,地点21,开水,2014/08/31 21:52:06,0.01,135.58
29518,POS消费,地点21,开水,2014/08/31 21:57:13,0.01,135.57
