29630,卡片开户,,,2014/07/17 16:12:52,0.0,0.0
29630,卡充值,,,2014/08/28 15:55:45,400.0,400.0
29630,POS消费,地点243,食堂,2014/08/28 15:56:15,1.0,399.0
29630,POS消费,地点211,校车,2014/08/28 16:09:40,1.0,398.0
29630,POS消费,地点211,校车,2014/08/28 16:09:46,1.0,397.0
29630,POS消费,地点1567,开水,2014/08/28 16:53:02,0.03,396.95
29630,POS消费,地点1567,开水,2014/08/28 16:56:07,0.01,396.99
29630,POS消费,地点1567,开水,2014/08/28 16:56:58,0.01,396.98
29630,POS消费,地点1567,开水,2014/08/28 17:21:34,0.06,396.89
29630,POS消费,地点211,校车,2014/08/28 19:03:30,1.0,395.89
29630,POS消费,地点211,校车,2014/08/28 19:03:37,1.0,394.89
29630,POS消费,地点204,食堂,2014/08/29 10:02:18,5.5,389.39
29630,POS消费,地点203,食堂,2014/08/29 10:03:06,6.5,382.89
29630,POS消费,地点91,校车,2014/08/29 12:11:33,5.5,377.39
29630,POS消费,地点21,开水,2014/08/29 12:17:26,9.6,367.79
29630,POS消费,地点21,开水,2014/08/29 12:34:50,7.6,360.19
29630,POS消费,地点1567,开水,2014/08/29 12:48:01,0.06,360.13
29630,POS消费,地点91,校车,2014/08/29 18:06:14,5.85,337.28
29630,POS消费,地点232,食堂,2014/08/29 18:09:50,17.0,343.13
29630,POS消费,地点21,开水,2014/08/29 18:12:26,3.0,334.28
29630,POS消费,地点192,超市,2014/08/30 10:08:09,24.8,309.48
29630,POS消费,地点195,超市,2014/08/30 10:44:11,30.0,279.48
29630,POS消费,地点195,超市,2014/08/30 10:44:15,30.0,249.48
29630,POS消费,地点195,超市,2014/08/30 10:44:43,16.8,232.68
29630,POS消费,地点249,食堂,2014/08/30 11:55:11,15.6,217.08
29630,POS消费,地点249,食堂,2014/08/30 11:55:50,10.6,206.48
29630,POS消费,地点261,食堂,2014/08/30 11:59:42,1.5,204.98
29630,POS消费,地点314,食堂,2014/08/30 15:44:33,28.0,176.98
29630,POS消费,地点232,食堂,2014/08/30 17:07:01,3.0,173.98
29630,POS消费,地点1567,开水,2014/08/30 17:40:08,0.07,173.91
29630,POS消费,地点1920,淋浴,2014/08/30 21:50:17,0.5,173.41
29630,POS消费,地点60,食堂,2014/08/31 07:50:34,0.3,173.11
29630,POS消费,地点69,食堂,2014/08/31 07:51:20,2.3,170.81
29630,POS消费,地点21,开水,2014/08/31 11:03:10,6.9,163.91
29630,POS消费,地点61,食堂,2014/08/31 12:23:12,6.4,157.51
29630,POS消费,地点21,开水,2014/08/31 16:35:16,8.5,149.01
29630,POS消费,地点184,食堂,2014/08/31 18:12:11,6.4,142.61
29630,POS消费,地点1567,开水,2014/08/31 21:44:43,0.01,142.6
29630,POS消费,地点1567,开水,2014/08/31 21:46:58,0.04,142.56
