29648,卡片开户,,,2014/07/23 15:56:13,0.0,0.0
29648,卡充值,,,2014/08/28 12:33:18,200.0,200.0
29648,POS消费,地点72,食堂,2014/08/28 12:35:25,9.2,190.8
29648,POS消费,地点72,食堂,2014/08/28 12:35:51,9.6,181.2
29648,POS消费,地点72,食堂,2014/08/28 12:36:19,9.6,171.6
29648,POS消费,地点87,食堂,2014/08/28 12:38:38,4.0,167.6
29648,POS消费,地点72,食堂,2014/08/29 08:01:55,6.8,160.8
29648,POS消费,地点72,食堂,2014/08/29 08:02:08,3.1,157.7
29648,POS消费,地点72,食堂,2014/08/29 08:02:19,3.0,154.7
29648,POS消费,地点1907,淋浴,2014/08/29 21:24:08,1.5,153.2
29648,POS消费,地点91,校车,2014/08/30 17:28:45,5.5,147.7
29648,POS消费,地点184,食堂,2014/08/31 08:44:22,4.8,142.9
29648,POS消费,地点204,食堂,2014/08/31 11:00:12,5.5,137.4
29648,POS消费,地点248,超市,2014/08/31 16:19:44,6.1,131.3
29648,POS消费,地点21,开水,2014/08/31 16:43:48,3.0,128.3
