29720,卡片开户,,,2014/07/18 11:13:39,0.0,0.0
29720,卡充值,,,2014/08/29 15:59:38,200.0,200.0
29720,POS消费,地点146,校车,2014/08/30 12:25:37,1.0,199.0
29720,POS消费,地点21,开水,2014/08/30 13:07:48,5.6,193.4
29720,POS消费,地点21,开水,2014/08/30 13:08:13,5.6,187.8
29720,POS消费,地点65,食堂,2014/08/30 17:45:55,9.6,178.2
29720,POS消费,地点566,开水,2014/08/30 21:52:48,0.01,178.19
29720,POS消费,地点247,食堂,2014/08/31 10:23:03,10.0,168.19
29720,POS消费,地点566,开水,2014/08/31 11:14:30,0.01,168.18
29720,POS消费,地点1961,超市,2014/08/31 13:04:01,6.5,161.68
29720,POS消费,地点91,校车,2014/08/31 17:06:11,6.6,155.08
29720,POS消费,地点1950,淋浴,2014/08/31 19:08:52,0.3,154.78
