29802,卡片开户,,,2014/07/16 12:15:08,0.0,0.0
29802,卡片开户,,,2014/08/28 14:05:21,100.0,85.0
29802,卡挂失,,,2014/08/28 14:06:03,0.0,0.0
29802,更新卡信息,,,2014/08/28 14:07:15,0.0,0.0
29802,POS消费,地点1567,开水,2014/08/28 20:13:00,0.01,84.99
29802,POS消费,地点1920,淋浴,2014/08/28 21:29:12,1.1,83.89
29802,POS消费,地点1567,开水,2014/08/28 21:59:02,0.02,83.87
29802,POS消费,地点1903,洗衣房,2014/08/28 22:00:47,3.6,80.27
29802,POS消费,地点1903,洗衣房,2014/08/28 22:03:36,-3.42,83.69
29802,POS消费,地点1567,开水,2014/08/29 15:39:11,0.05,83.64
29802,卡片销户,,,2014/08/29 16:15:08,83.64,0.0
29802,卡解挂,,,2014/08/29 16:16:31,0.0,0.0
29802,卡充值,,,2014/08/29 16:16:45,98.64,98.64
29802,卡充值,,,2014/08/29 16:29:19,100.0,198.64
29802,POS消费,地点195,超市,2014/08/29 18:31:26,28.2,170.44
29802,POS消费,地点1567,开水,2014/08/29 20:01:16,0.03,170.41
29802,POS消费,地点1243,淋浴,2014/08/29 21:41:44,0.1,170.31
29802,POS消费,地点1243,淋浴,2014/08/29 21:43:23,0.6,169.71
29802,POS消费,地点1567,开水,2014/08/29 22:05:39,0.01,169.7
29802,POS消费,地点1243,淋浴,2014/08/30 07:45:38,0.6,169.1
29802,POS消费,地点69,食堂,2014/08/30 11:06:37,8.4,160.7
29802,POS消费,地点314,食堂,2014/08/30 11:40:16,17.2,143.5
29802,POS消费,地点314,食堂,2014/08/30 11:40:24,28.0,115.5
29802,POS消费,地点314,食堂,2014/08/30 11:40:31,-28.0,143.5
29802,POS消费,地点314,食堂,2014/08/30 11:40:35,28.0,115.5
29802,POS消费,地点1567,开水,2014/08/30 16:32:54,0.01,115.49
29802,POS消费,地点1567,开水,2014/08/30 22:27:57,0.11,115.38
29802,POS消费,地点1567,开水,2014/08/31 11:54:46,0.01,115.37
29802,POS消费,地点1243,淋浴,2014/08/31 19:37:06,0.5,114.87
29802,POS消费,地点1243,淋浴,2014/08/31 19:46:45,0.6,114.27
