29810,卡片开户,,,2014/07/13 12:31:22,0.0,0.0
29810,卡充值,,,2014/08/29 13:30:48,1000.0,1000.0
29810,POS消费,地点61,食堂,2014/08/29 13:51:38,8.6,991.4
29810,POS消费,地点61,食堂,2014/08/29 13:51:51,9.6,981.8
29810,POS消费,地点65,食堂,2014/08/29 17:48:12,5.6,976.2
29810,POS消费,地点65,食堂,2014/08/29 17:48:38,8.6,967.6
29810,POS消费,地点1567,开水,2014/08/29 21:47:47,0.04,967.56
29810,POS消费,地点1567,开水,2014/08/30 07:47:40,0.03,967.53
29810,POS消费,地点134,食堂,2014/08/30 12:17:34,5.8,961.73
29810,POS消费,地点134,食堂,2014/08/30 12:17:53,8.6,953.13
29810,POS消费,地点195,超市,2014/08/30 12:25:02,0.4,952.73
29810,POS消费,地点21,开水,2014/08/30 17:16:43,7.6,945.13
29810,POS消费,地点21,开水,2014/08/30 17:17:11,5.1,940.03
29810,POS消费,地点1567,开水,2014/08/30 21:46:25,0.06,939.97
29810,POS消费,地点157,食堂,2014/08/31 08:25:17,0.8,939.17
29810,POS消费,地点1588,食堂,2014/08/31 08:34:44,0.6,938.57
29810,POS消费,地点232,食堂,2014/08/31 11:42:46,7.0,931.57
29810,POS消费,地点1847,食堂,2014/08/31 12:04:16,1.0,930.57
29810,POS消费,地点1567,开水,2014/08/31 13:42:21,0.01,930.56
29810,POS消费,地点27,教务处,2014/08/31 16:34:22,10.0,920.56
29810,POS消费,地点264,食堂,2014/08/31 17:45:45,5.4,915.16
29810,POS消费,地点1567,开水,2014/08/31 21:39:29,0.06,915.1
