29818,卡片开户,,,2014/07/18 11:02:33,0.0,0.0
29818,卡充值,,,2014/08/29 13:14:42,600.0,600.0
29818,POS消费,地点72,食堂,2014/08/29 13:22:41,2.4,597.6
29818,POS消费,地点1567,开水,2014/08/29 21:42:15,0.03,597.55
29818,POS消费,地点1567,开水,2014/08/29 21:45:52,0.01,597.58
29818,POS消费,地点1567,开水,2014/08/29 21:46:06,0.01,597.59
29818,POS消费,地点1567,开水,2014/08/29 22:14:59,0.02,597.33
29818,POS消费,地点1926,淋浴,2014/08/29 22:20:07,0.2,597.35
29818,POS消费,地点1567,开水,2014/08/30 07:06:44,0.04,597.29
29818,POS消费,地点232,食堂,2014/08/30 08:19:58,6.0,591.29
29818,POS消费,地点72,食堂,2014/08/30 17:17:30,4.2,587.09
29818,POS消费,地点1567,开水,2014/08/30 22:01:30,0.03,587.06
29818,POS消费,地点1322,淋浴,2014/08/30 22:22:38,0.1,586.96
29818,POS消费,地点1322,淋浴,2014/08/30 22:25:06,0.2,586.76
29818,POS消费,地点60,食堂,2014/08/31 08:40:54,0.3,586.46
29818,POS消费,地点60,食堂,2014/08/31 08:40:59,0.5,585.96
29818,POS消费,地点60,食堂,2014/08/31 08:41:05,0.2,585.76
29818,POS消费,地点1596,食堂,2014/08/31 12:05:27,5.4,580.36
29818,POS消费,地点1961,超市,2014/08/31 12:20:03,5.6,574.76
29818,POS消费,地点21,开水,2014/08/31 17:54:34,1.4,573.36
29818,POS消费,地点1243,淋浴,2014/08/31 19:29:54,0.3,573.06
29818,POS消费,地点1567,开水,2014/08/31 20:01:14,0.02,573.04
