29826,卡片开户,,,2014/07/18 10:54:34,0.0,0.0
29826,卡充值,,,2014/08/30 11:37:32,200.0,200.0
29826,POS消费,地点87,食堂,2014/08/30 11:49:31,0.8,195.7
29826,POS消费,地点227,食堂,2014/08/30 11:55:58,3.5,196.5
29826,POS消费,地点82,食堂,2014/08/30 12:07:57,6.2,189.5
29826,POS消费,地点114,食堂,2014/08/30 12:09:25,6.0,183.5
29826,POS消费,地点228,食堂,2014/08/30 17:11:37,8.0,175.5
29826,POS消费,地点231,食堂,2014/08/30 17:26:00,0.2,175.3
29826,POS消费,地点1243,淋浴,2014/08/30 22:07:00,0.5,174.8
29826,POS消费,地点1567,开水,2014/08/30 22:35:50,0.01,174.79
29826,POS消费,地点21,开水,2014/08/31 08:41:51,1.6,173.19
29826,POS消费,地点146,校车,2014/08/31 11:35:34,1.0,172.19
29826,POS消费,地点21,开水,2014/08/31 12:35:44,3.0,169.19
29826,POS消费,地点1567,开水,2014/08/31 17:15:49,0.02,169.17
29826,POS消费,地点89,食堂,2014/08/31 18:05:00,3.0,166.17
29826,POS消费,地点1926,淋浴,2014/08/31 19:27:00,0.3,165.87
29826,POS消费,地点1926,淋浴,2014/08/31 19:40:18,0.4,165.47
