29858,卡片开户,,,2014/07/19 16:33:12,0.0,0.0
29858,卡充值,,,2014/08/28 12:56:58,500.0,500.0
29858,POS消费,地点69,食堂,2014/08/28 13:03:20,4.2,483.2
29858,POS消费,地点61,食堂,2014/08/28 13:15:14,12.6,487.4
29858,POS消费,地点1447,校车,2014/08/29 09:11:24,1.0,482.2
29858,POS消费,地点1447,校车,2014/08/29 09:11:31,1.0,481.2
29858,POS消费,地点1447,校车,2014/08/29 09:11:37,1.0,480.2
29858,POS消费,地点21,开水,2014/08/29 12:33:52,9.0,471.2
29858,POS消费,地点21,开水,2014/08/29 16:06:56,3.0,468.2
29858,POS消费,地点89,食堂,2014/08/30 12:53:47,9.0,459.2
29858,POS消费,地点61,食堂,2014/08/30 12:57:13,4.2,455.0
29858,POS消费,地点188,超市,2014/08/30 21:48:29,16.7,438.3
29858,POS消费,地点190,超市,2014/08/31 10:15:33,7.3,431.0
29858,POS消费,地点161,食堂,2014/08/31 11:16:44,15.2,415.8
29858,POS消费,地点21,开水,2014/08/31 11:18:58,4.0,411.8
29858,POS消费,地点251,食堂,2014/08/31 11:31:56,1.5,408.95
29858,POS消费,地点21,开水,2014/08/31 11:32:59,1.35,410.45
29858,POS消费,地点21,开水,2014/08/31 11:35:57,6.0,402.95
29858,POS消费,地点192,超市,2014/08/31 13:58:33,10.0,392.95
29858,POS消费,地点314,食堂,2014/08/31 15:48:18,56.0,336.95
29858,POS消费,地点195,超市,2014/08/31 15:49:02,21.0,315.95
29858,POS消费,地点1846,淋浴,2014/08/31 21:50:33,0.1,315.85
