29850,卡片开户,,,2014/07/20 10:12:36,0.0,0.0
29850,卡充值,,,2014/08/28 13:06:57,200.0,200.0
29850,POS消费,地点72,食堂,2014/08/28 13:14:10,6.0,146.2
29850,POS消费,地点21,开水,2014/08/28 13:24:33,1.0,145.2
29850,POS消费,地点61,食堂,2014/08/28 13:25:11,8.6,191.4
29850,POS消费,地点61,食堂,2014/08/28 13:25:47,30.0,161.4
29850,POS消费,地点61,食堂,2014/08/28 13:26:24,9.2,152.2
29850,POS消费,地点70,食堂,2014/08/28 13:35:35,3.5,141.7
29850,POS消费,地点21,开水,2014/08/28 13:38:14,3.0,138.7
29850,POS消费,地点1451,校车,2014/08/29 18:50:27,1.0,137.7
29850,POS消费,地点1451,校车,2014/08/29 18:50:34,1.0,136.7
29850,POS消费,地点1451,校车,2014/08/29 18:50:40,1.0,135.7
29850,POS消费,地点1926,淋浴,2014/08/29 22:20:33,0.1,135.6
29850,POS消费,地点1926,淋浴,2014/08/29 22:38:50,0.7,134.9
29850,POS消费,地点60,食堂,2014/08/30 08:29:06,0.8,134.1
29850,POS消费,地点314,食堂,2014/08/30 08:46:08,30.0,104.1
29850,POS消费,地点314,食堂,2014/08/30 08:46:12,30.0,74.1
29850,POS消费,地点314,食堂,2014/08/30 08:46:14,6.4,67.7
29850,POS消费,地点69,食堂,2014/08/30 12:08:03,5.6,62.1
29850,POS消费,地点21,开水,2014/08/30 17:17:47,4.4,57.7
29850,POS消费,地点21,开水,2014/08/30 17:32:46,3.0,54.7
29850,POS消费,地点1919,淋浴,2014/08/30 22:37:56,0.6,54.1
29850,POS消费,地点1567,开水,2014/08/30 23:04:53,0.02,54.08
29850,POS消费,地点21,开水,2014/08/31 08:34:12,2.6,51.48
29850,POS消费,地点82,食堂,2014/08/31 12:11:13,11.4,40.08
29850,POS消费,地点21,开水,2014/08/31 12:33:40,5.0,35.08
29850,POS消费,地点1596,食堂,2014/08/31 18:07:56,8.4,26.68
