29892,卡片开户,,,2014/07/18 11:08:03,0.0,0.0
29892,卡充值,,,2014/08/28 18:29:00,300.0,300.0
29892,POS消费,地点188,超市,2014/08/28 19:12:17,64.9,235.1
29892,POS消费,地点72,食堂,2014/08/29 13:18:33,5.2,229.9
29892,POS消费,地点1567,开水,2014/08/29 16:55:14,0.01,229.89
29892,POS消费,地点72,食堂,2014/08/29 18:51:10,8.2,221.69
29892,POS消费,地点26,图书馆,2014/08/29 21:03:04,23.0,198.69
29892,POS消费,地点1567,开水,2014/08/29 21:47:00,0.01,198.68
29892,POS消费,地点1243,淋浴,2014/08/29 23:28:59,0.3,198.38
29892,POS消费,地点1567,开水,2014/08/30 08:41:41,0.01,198.37
29892,POS消费,地点1961,超市,2014/08/30 10:48:19,57.8,140.57
29892,POS消费,地点1961,超市,2014/08/30 10:49:33,5.0,135.57
29892,POS消费,地点1567,开水,2014/08/30 22:37:54,0.01,135.56
29892,POS消费,地点1567,开水,2014/08/30 22:38:43,0.02,135.54
29892,POS消费,地点1567,开水,2014/08/31 07:45:03,0.01,135.53
29892,POS消费,地点157,食堂,2014/08/31 08:03:17,1.4,134.13
29892,POS消费,地点179,食堂,2014/08/31 08:05:59,1.0,133.13
29892,POS消费,地点184,食堂,2014/08/31 11:26:21,3.2,129.93
29892,POS消费,地点21,开水,2014/08/31 18:04:13,4.2,125.73
29892,POS消费,地点1907,淋浴,2014/08/31 23:07:09,0.2,125.53
