29910,卡片开户,,,2014/07/19 11:29:28,0.0,0.0
29910,卡充值,,,2014/08/28 12:57:52,300.0,300.0
29910,POS消费,地点69,食堂,2014/08/28 13:02:45,9.2,290.8
29910,POS消费,地点69,食堂,2014/08/28 13:02:59,3.0,287.8
29910,POS消费,地点69,食堂,2014/08/28 13:05:21,9.2,278.6
29910,POS消费,地点70,食堂,2014/08/28 13:10:58,6.0,272.6
29910,卡充值,,,2014/08/28 13:33:42,500.0,740.8
29910,POS消费,地点61,食堂,2014/08/28 13:36:06,30.0,242.6
29910,POS消费,地点61,食堂,2014/08/28 13:36:15,1.8,240.8
29910,POS消费,地点1969,洗衣房,2014/08/29 14:10:23,3.6,737.2
29910,POS消费,地点1969,洗衣房,2014/08/29 14:11:31,-3.54,740.74
29910,POS消费,地点1969,洗衣房,2014/08/29 14:13:39,3.6,737.08
29910,POS消费,地点1969,洗衣房,2014/08/29 14:18:52,-3.54,740.62
29910,POS消费,地点1969,洗衣房,2014/08/29 14:18:58,3.6,737.02
29910,POS消费,地点1969,洗衣房,2014/08/29 14:28:39,-3.54,740.56
29910,POS消费,地点1969,洗衣房,2014/08/29 14:36:23,3.6,736.96
29910,POS消费,地点1969,洗衣房,2014/08/29 14:36:57,-3.54,740.5
29910,POS消费,地点1969,洗衣房,2014/08/29 14:47:45,3.6,736.9
29910,POS消费,地点1969,洗衣房,2014/08/29 15:11:24,-0.24,737.14
29910,POS消费,地点1969,洗衣房,2014/08/29 15:13:28,3.6,733.54
29910,POS消费,地点1969,洗衣房,2014/08/29 15:14:29,-3.54,737.08
29910,POS消费,地点1903,洗衣房,2014/08/29 15:38:37,3.6,737.14
29910,POS消费,地点1903,洗衣房,2014/08/29 15:42:38,-3.54,740.68
29910,POS消费,地点1903,洗衣房,2014/08/29 15:54:00,-3.24,245.09
29910,POS消费,地点1567,开水,2014/08/30 10:04:24,0.02,737.06
29910,POS消费,地点1567,开水,2014/08/30 17:10:03,0.05,737.01
29910,POS消费,地点61,食堂,2014/08/31 08:11:23,4.8,732.21
29910,POS消费,地点314,食堂,2014/08/31 10:48:19,3.9,728.31
29910,POS消费,地点69,食堂,2014/08/31 10:59:57,8.4,719.91
29910,POS消费,地点114,食堂,2014/08/31 11:02:03,2.5,717.41
29910,POS消费,地点21,开水,2014/08/31 16:29:43,1.5,715.91
29910,POS消费,地点21,开水,2014/08/31 16:31:04,1.0,714.91
29910,POS消费,地点1567,开水,2014/08/31 17:58:13,0.07,714.84
