29990,卡片开户,,,2014/07/18 11:02:28,0.0,0.0
29990,卡充值,,,2014/08/30 12:30:54,600.0,600.0
29990,POS消费,地点228,食堂,2014/08/30 12:38:27,7.0,593.0
29990,POS消费,地点228,食堂,2014/08/30 12:38:41,6.0,587.0
29990,POS消费,地点228,食堂,2014/08/30 12:39:00,7.0,580.0
29990,POS消费,地点228,食堂,2014/08/30 12:39:35,6.5,573.5
29990,POS消费,地点228,食堂,2014/08/30 12:39:48,7.0,566.5
29990,POS消费,地点228,食堂,2014/08/30 12:40:15,6.5,560.0
29990,POS消费,地点231,食堂,2014/08/30 12:54:15,0.6,559.4
29990,POS消费,地点114,食堂,2014/08/30 13:07:02,5.0,554.4
29990,POS消费,地点1472,校车,2014/08/30 16:49:04,1.0,553.4
29990,POS消费,地点251,食堂,2014/08/30 18:18:38,1.5,551.9
29990,POS消费,地点188,超市,2014/08/30 20:19:06,11.0,540.9
29990,POS消费,地点1890,开水,2014/08/30 21:06:32,0.02,540.88
29990,POS消费,地点1890,开水,2014/08/30 21:12:22,0.15,540.73
29990,POS消费,地点184,食堂,2014/08/31 08:06:15,1.2,539.53
29990,POS消费,地点1961,超市,2014/08/31 10:32:41,28.0,511.53
29990,POS消费,地点184,食堂,2014/08/31 11:25:41,3.6,507.93
29990,POS消费,地点89,食堂,2014/08/31 18:14:43,3.0,504.93
29990,POS消费,地点1890,开水,2014/08/31 19:29:40,0.17,504.76
29990,POS消费,地点1890,开水,2014/08/31 19:32:31,0.22,504.54
