30008,卡片开户,,,2014/07/20 10:14:22,0.0,0.0
30008,卡充值,,,2014/08/27 13:06:34,100.0,100.0
30008,POS消费,地点21,开水,2014/08/27 13:08:41,30.0,70.0
30008,POS消费,地点192,超市,2014/08/27 13:36:10,30.0,40.0
30008,POS消费,地点192,超市,2014/08/27 13:36:15,30.0,10.0
30008,POS消费,地点192,超市,2014/08/27 13:36:36,2.8,7.2
30008,卡充值,,,2014/08/27 14:10:20,300.0,307.2
30008,POS消费,地点21,开水,2014/08/29 11:48:51,12.2,295.0
30008,POS消费,地点21,开水,2014/08/29 11:49:17,15.6,279.4
30008,POS消费,地点21,开水,2014/08/29 11:49:43,13.1,266.3
30008,POS消费,地点213,食堂,2014/08/29 14:12:52,2.2,264.1
30008,POS消费,地点1447,校车,2014/08/29 16:06:55,1.0,263.1
30008,POS消费,地点1447,校车,2014/08/29 16:07:47,1.0,262.1
30008,POS消费,地点61,食堂,2014/08/29 17:41:38,7.6,254.5
30008,POS消费,地点61,食堂,2014/08/29 17:41:58,8.6,245.9
30008,POS消费,地点89,食堂,2014/08/29 17:45:04,3.0,242.9
30008,POS消费,地点1242,淋浴,2014/08/29 19:39:30,1.2,241.7
30008,POS消费,地点237,食堂,2014/08/30 11:27:07,2.2,218.7
30008,POS消费,地点21,开水,2014/08/30 11:35:53,12.7,229.0
30008,POS消费,地点21,开水,2014/08/30 11:36:16,8.1,220.9
30008,POS消费,地点168,食堂,2014/08/30 20:07:52,5.5,213.2
30008,POS消费,地点1321,淋浴,2014/08/30 20:58:22,0.4,212.8
30008,POS消费,地点218,食堂,2014/08/31 10:45:52,1.0,211.8
30008,POS消费,地点89,食堂,2014/08/31 11:07:05,3.0,208.8
30008,POS消费,地点21,开水,2014/08/31 17:05:15,10.4,198.4
30008,POS消费,地点1322,淋浴,2014/08/31 18:39:00,0.5,197.9
30008,POS消费,地点192,超市,2014/08/31 20:10:22,8.0,189.9
30008,POS消费,地点314,食堂,2014/08/31 20:39:38,8.8,181.1
30008,POS消费,地点314,食堂,2014/08/31 20:39:41,30.0,151.1
30008,POS消费,地点1890,开水,2014/08/31 21:14:05,0.35,150.75
