30029,POS消费,地点21,开水,2014/09/15 11:59:09,8.6,191.25
30029,POS消费,地点21,开水,2014/09/15 12:00:55,5.4,185.85
30029,POS消费,地点21,开水,2014/09/15 12:03:54,10.8,175.05
30029,更新卡信息,,,2014/09/16 09:14:59,0.0,0.0
30029,卡挂失,,,2014/09/16 09:15:17,0.0,0.0
30029,卡片开户,,,2014/09/16 09:16:33,215.0,200.0
30029,POS消费,地点21,开水,2014/09/16 09:17:18,29.0,171.0
30029,POS消费,地点221,校车,2014/09/16 12:52:12,4.0,167.0
30029,POS消费,地点1622,淋浴,2014/09/16 19:33:07,0.7,166.3
30029,,,,2014/09/16 22:27:44,20.0,0.0
30029,POS消费,地点21,开水,2014/09/16 22:29:02,26.0,110.3
30029,,,,2014/09/16 22:31:35,30.0,136.3
30029,POS消费,地点1358,淋浴,2014/09/17 19:58:08,0.5,109.8
30029,POS消费,地点1358,淋浴,2014/09/18 19:19:22,0.4,109.4
30029,POS消费,地点192,超市,2014/09/19 14:43:02,12.1,97.3
30029,POS消费,地点1962,洗衣房,2014/09/20 11:01:36,3.6,93.7
30029,POS消费,地点1622,淋浴,2014/09/20 11:02:22,0.4,93.3
30029,POS消费,地点1621,淋浴,2014/09/21 09:44:00,0.4,92.9
30029,POS消费,地点1617,淋浴,2014/09/21 19:53:26,0.6,92.3
30029,POS消费,地点1621,淋浴,2014/09/22 13:15:31,0.2,92.1
30029,POS消费,地点1358,淋浴,2014/09/22 13:16:52,0.1,92.0
30029,POS消费,地点1622,淋浴,2014/09/22 13:17:40,0.3,91.7
30029,POS消费,地点1621,淋浴,2014/09/22 13:42:51,0.8,90.9
30029,POS消费,地点1621,淋浴,2014/09/22 18:21:24,0.5,86.8
30029,POS消费,地点1962,洗衣房,2014/09/22 18:22:18,3.6,87.3
30029,POS消费,地点1617,淋浴,2014/09/22 18:36:10,0.5,86.3
30029,POS消费,地点1621,淋浴,2014/09/22 19:26:27,0.5,85.8
30029,POS消费,地点1617,淋浴,2014/09/23 06:34:03,1.1,84.7
30029,POS消费,地点1993,洗衣房,2014/09/23 10:07:20,3.6,81.1
30029,POS消费,地点1617,淋浴,2014/09/23 19:00:45,1.1,80.0
30029,POS消费,地点1617,淋浴,2014/09/23 20:06:13,0.5,79.5
30029,POS消费,地点1962,洗衣房,2014/09/23 20:26:48,3.6,75.9
30029,POS消费,地点1993,洗衣房,2014/09/24 12:13:53,3.6,72.3
30029,POS消费,地点1621,淋浴,2014/09/24 12:14:27,0.5,71.8
30029,POS消费,地点1621,淋浴,2014/09/25 10:22:39,0.5,71.3
30029,卡片销户,,,2014/09/25 10:54:38,71.3,0.0
30029,更新卡信息,,,2014/09/25 10:55:52,0.0,0.0
30029,卡补办,,,2014/09/25 10:56:50,86.3,246.35
30029,POS消费,地点213,食堂,2014/09/25 10:59:45,2.25,244.1
30029,POS消费,地点1621,淋浴,2014/09/26 11:21:33,0.6,243.5
30029,POS消费,地点1962,洗衣房,2014/09/26 12:27:05,3.6,239.9
30029,POS消费,地点1622,淋浴,2014/09/26 12:27:19,0.5,239.4
30029,POS消费,地点1622,淋浴,2014/10/27 14:07:51,0.6,238.8
30029,POS消费,地点1622,淋浴,2014/10/28 11:43:17,0.6,238.2
30029,POS消费,地点1622,淋浴,2014/10/28 11:53:05,0.6,237.6
30029,POS消费,地点1993,洗衣房,2014/10/28 15:21:23,3.6,234.0
30029,POS消费,地点1617,淋浴,2014/10/28 15:23:13,0.5,233.5
30029,POS消费,地点1304,开水,2014/10/28 20:24:06,0.01,233.49
30029,POS消费,地点1304,开水,2014/10/28 20:24:41,0.01,233.48
30029,POS消费,地点1304,开水,2014/10/28 22:44:21,0.01,233.47
30029,POS消费,地点1622,淋浴,2014/10/29 14:34:26,0.5,232.97
30029,POS消费,地点1622,淋浴,2014/10/29 14:44:24,0.6,232.37
30029,POS消费,地点21,开水,2014/10/29 17:23:38,21.0,211.37
30029,POS消费,地点26,图书馆,2014/10/29 17:34:51,3.9,207.47
30029,POS消费,地点1304,开水,2014/10/29 21:28:31,0.01,207.46
30029,POS消费,地点1303,开水,2014/10/31 11:56:11,0.01,207.45
30029,POS消费,地点1993,洗衣房,2014/10/31 12:16:24,3.6,203.85
30029,POS消费,地点1617,淋浴,2014/10/31 12:20:51,0.4,203.45
30029,POS消费,地点192,超市,2014/10/31 12:41:32,10.0,193.45
30029,POS消费,地点192,超市,2014/10/31 12:41:53,5.0,188.45
30029,POS消费,地点1993,洗衣房,2014/10/31 13:47:28,3.6,184.85
30029,POS消费,地点1617,淋浴,2014/10/31 13:48:28,0.4,184.45
30029,POS消费,地点1617,淋浴,2014/10/31 14:36:29,0.9,183.55
30029,POS消费,地点1304,开水,2014/10/31 19:13:49,0.01,183.54
30029,POS消费,地点1622,淋浴,2014/11/01 12:14:05,0.4,183.14
30029,POS消费,地点1622,淋浴,2014/11/01 12:37:53,0.8,182.34
30029,POS消费,地点1304,开水,2014/11/01 14:28:36,0.01,182.33
30029,POS消费,地点1617,淋浴,2014/11/01 17:09:25,0.9,181.43
30029,POS消费,地点1617,淋浴,2014/11/02 11:10:25,0.6,180.83
30029,POS消费,地点1617,淋浴,2014/11/02 21:53:26,0.4,180.43
30029,POS消费,地点21,开水,2014/11/03 18:40:06,30.0,150.43
30029,POS消费,地点26,图书馆,2014/11/03 20:38:03,9.0,141.43
30029,POS消费,地点1993,洗衣房,2014/11/03 20:52:12,3.6,137.83
30029,POS消费,地点1622,淋浴,2014/11/03 20:52:45,0.4,137.43
30029,POS消费,地点1622,淋浴,2014/11/03 21:39:27,0.4,137.03
30029,POS消费,地点1622,淋浴,2014/11/04 18:27:21,0.6,136.43
30029,POS消费,地点188,超市,2014/11/06 20:03:31,31.5,104.93
30029,POS消费,地点1358,淋浴,2014/11/07 18:30:04,0.1,104.83
30029,POS消费,地点1617,淋浴,2014/11/07 18:30:08,0.3,104.53
30029,POS消费,地点26,图书馆,2014/11/16 21:33:22,19.0,85.53
30029,POS消费,地点1622,淋浴,2014/11/19 18:52:15,0.4,85.13
30029,POS消费,地点1621,淋浴,2014/11/20 19:05:23,0.6,84.53
30029,POS消费,地点1617,淋浴,2014/11/22 07:51:47,0.3,84.23
30029,POS消费,地点1622,淋浴,2014/11/22 12:43:08,0.3,83.93
30029,POS消费,地点21,开水,2014/11/23 20:06:29,30.0,53.93
30029,POS消费,地点21,开水,2014/11/23 20:06:32,2.0,51.93
30029,POS消费,地点1993,洗衣房,2014/11/23 22:31:37,3.6,48.33
30029,POS消费,地点1622,淋浴,2014/11/24 11:34:41,0.2,48.13
30029,POS消费,地点1622,淋浴,2014/11/25 19:23:20,0.4,47.73
30029,POS消费,地点1622,淋浴,2014/12/08 17:40:10,0.4,47.33
30029,POS消费,地点1617,淋浴,2014/12/09 07:04:32,0.1,47.23
30029,POS消费,地点118,食堂,2014/12/09 07:20:01,7.3,39.93
30029,POS消费,地点21,开水,2014/12/09 09:17:38,10.5,29.43
30029,POS消费,地点1622,淋浴,2014/12/09 18:50:51,0.7,28.73
30029,POS消费,地点1622,淋浴,2014/12/10 18:32:30,0.5,28.23
30029,POS消费,地点21,开水,2014/12/10 20:54:12,13.0,15.23
30029,POS消费,地点1304,开水,2014/12/10 21:07:50,0.01,15.22
30029,POS消费,地点1358,淋浴,2014/12/11 18:43:38,0.2,15.02
30029,POS消费,地点1617,淋浴,2014/12/11 18:46:14,1.3,13.72
30029,POS消费,地点1358,淋浴,2014/12/12 18:45:57,0.2,13.52
30029,POS消费,地点1622,淋浴,2014/12/12 18:47:51,0.5,13.02
30029,POS消费,地点1617,淋浴,2014/12/15 19:06:21,0.3,12.72
30029,POS消费,地点1617,淋浴,2014/12/15 19:08:39,0.2,12.52
30029,POS消费,地点1358,淋浴,2014/12/15 19:09:54,0.6,11.92
30029,POS消费,地点1358,淋浴,2014/12/15 19:16:11,0.1,11.82
30029,POS消费,地点1358,淋浴,2014/12/15 19:16:39,0.8,11.02
30029,POS消费,地点1617,淋浴,2014/12/15 21:49:32,0.2,10.82
30029,POS消费,地点1621,淋浴,2014/12/15 21:51:11,0.5,10.32
30029,POS消费,地点1304,开水,2014/12/19 15:50:28,0.01,10.31
30029,POS消费,地点1962,洗衣房,2014/12/19 16:05:05,3.6,6.71
30029,POS消费,地点1358,淋浴,2014/12/19 18:09:24,0.9,5.81
30029,POS消费,地点1617,淋浴,2014/12/19 18:33:30,0.1,5.71
30029,POS消费,地点1358,淋浴,2014/12/19 18:34:07,0.8,4.91
30029,POS消费,地点1304,开水,2014/12/31 19:09:37,0.08,4.83
30029,POS消费,地点1304,开水,2015/01/01 19:20:58,0.06,4.77
30029,POS消费,地点1304,开水,2015/01/02 12:52:04,0.02,4.75
30029,POS消费,地点1304,开水,2015/01/02 19:41:33,0.01,4.74
30029,POS消费,地点1304,开水,2015/01/03 18:23:10,0.1,4.64
30029,POS消费,地点1304,开水,2015/01/06 09:02:22,0.02,4.62
30029,POS消费,地点21,开水,2015/01/06 09:12:59,2.5,2.12
30029,POS消费,地点1304,开水,2015/01/13 15:24:55,0.02,2.1
30029,POS消费,地点1358,淋浴,2015/01/13 19:21:20,0.9,1.2
30029,POS消费,地点1303,开水,2015/01/14 08:53:14,0.01,1.19
30029,卡充值,,,2015/03/02 16:37:03,100.0,101.19
30029,POS消费,地点118,食堂,2015/03/02 16:46:10,3.0,98.19
30029,POS消费,地点188,超市,2015/03/08 21:52:46,13.3,84.89
30029,POS消费,地点996,图书馆,2015/03/11 18:02:57,3.0,81.89
30029,POS消费,地点21,开水,2015/03/13 18:24:30,6.0,75.89
30029,POS消费,地点1622,淋浴,2015/03/15 11:13:39,0.4,75.49
30029,POS消费,地点118,食堂,2015/03/16 08:22:19,3.7,71.79
30029,POS消费,地点192,超市,2015/03/16 10:22:56,9.0,62.79
30029,POS消费,地点1617,淋浴,2015/03/16 19:27:13,0.1,62.69
30029,POS消费,地点1622,淋浴,2015/03/16 19:28:19,0.4,62.29
30029,POS消费,地点1621,淋浴,2015/03/17 19:06:09,0.1,62.19
30029,POS消费,地点1622,淋浴,2015/03/17 19:10:29,0.4,61.79
30029,POS消费,地点218,食堂,2015/03/18 11:45:44,4.0,57.79
30029,POS消费,地点179,食堂,2015/03/18 11:52:35,4.0,48.39
30029,POS消费,地点1588,食堂,2015/03/18 11:52:53,3.5,44.89
30029,POS消费,地点92,食堂,2015/03/18 11:59:18,5.4,52.39
30029,POS消费,地点1617,淋浴,2015/03/18 22:05:15,0.4,44.49
30029,POS消费,地点1622,淋浴,2015/03/20 10:30:53,0.3,44.19
30029,POS消费,地点1622,淋浴,2015/03/23 07:58:34,0.2,43.99
30029,POS消费,地点192,超市,2015/03/23 14:37:43,12.3,31.69
30029,POS消费,地点1621,淋浴,2015/03/24 18:38:08,0.6,31.09
30029,POS消费,地点1622,淋浴,2015/03/26 09:57:16,0.3,30.79
30029,POS消费,地点1622,淋浴,2015/03/26 23:29:51,0.8,29.99
30029,POS消费,地点1622,淋浴,2015/03/27 14:15:23,0.9,29.09
30029,POS消费,地点1622,淋浴,2015/03/30 11:07:32,0.4,28.69
30029,POS消费,地点1622,淋浴,2015/03/30 19:23:03,0.5,28.19
30029,POS消费,地点192,超市,2015/03/31 13:25:44,15.0,13.19
30029,POS消费,地点1622,淋浴,2015/03/31 20:47:22,1.4,11.79
30029,POS消费,地点1962,洗衣房,2015/04/02 18:06:41,3.6,8.19
30029,POS消费,地点1617,淋浴,2015/04/02 18:14:57,0.4,7.79
30029,POS消费,地点1358,淋浴,2015/04/02 23:17:08,0.1,7.69
30029,POS消费,地点1621,淋浴,2015/04/02 23:27:44,0.3,7.39
30029,POS消费,地点1622,淋浴,2015/04/03 18:38:01,0.5,6.89
30029,POS消费,地点1617,淋浴,2015/04/04 01:11:09,0.2,6.69
30029,POS消费,地点1617,淋浴,2015/04/05 18:36:07,0.2,6.49
30029,POS消费,地点1617,淋浴,2015/04/07 18:49:12,1.0,5.49
30029,POS消费,地点1617,淋浴,2015/04/08 19:15:57,1.0,4.49
30029,POS消费,地点1622,淋浴,2015/04/09 19:07:24,0.5,3.99
30029,POS消费,地点1617,淋浴,2015/04/09 19:34:57,1.2,2.79
30029,POS消费,地点1617,淋浴,2015/04/10 18:59:12,0.6,2.19
30029,POS消费,地点1617,淋浴,2015/04/10 19:15:49,0.9,1.29
30029,POS消费,地点1622,淋浴,2015/04/11 05:14:51,0.4,0.89
30029,POS消费,地点1617,淋浴,2015/04/16 18:31:33,0.5,0.39
30029,POS消费,地点1622,淋浴,2015/04/19 19:24:22,0.2,0.19
30029,卡挂失,,,2015/05/17 14:56:46,0.0,0.0
30029,卡片开户,,,2015/05/17 14:58:07,100.0,85.0
30029,POS消费,地点1617,淋浴,2015/05/18 19:06:43,0.6,84.4
30029,POS消费,地点1304,开水,2015/05/18 23:21:04,0.01,84.39
30029,POS消费,地点1617,淋浴,2015/05/19 18:53:47,0.6,83.79
30029,POS消费,地点1617,淋浴,2015/05/20 19:12:53,0.7,83.09
30029,POS消费,地点1622,淋浴,2015/05/21 17:07:16,0.3,82.79
30029,卡片销户,,,2015/05/25 11:12:24,82.79,0.0
30029,卡补办,,,2015/05/25 11:13:21,97.79,82.98
30029,更新卡信息,,,2015/05/25 11:13:54,0.0,0.0
30029,POS消费,地点1617,淋浴,2015/05/25 19:21:43,0.5,82.48
30029,POS消费,地点1617,淋浴,2015/05/25 19:29:52,0.2,82.28
30029,POS消费,地点1622,淋浴,2015/05/26 18:31:48,1.2,81.08
30029,POS消费,地点21,开水,2015/05/27 12:00:14,5.5,75.58
30029,POS消费,地点1304,开水,2015/05/27 15:52:50,0.01,75.57
30029,POS消费,地点1617,淋浴,2015/05/27 18:30:16,0.9,74.67
30029,POS消费,地点1617,淋浴,2015/05/28 15:30:49,0.6,74.07
30029,POS消费,地点1622,淋浴,2015/05/29 10:10:18,0.3,73.77
30029,POS消费,地点192,超市,2015/05/29 10:51:32,9.0,64.77
30029,POS消费,地点192,超市,2015/05/29 15:53:06,7.5,57.27
30029,POS消费,地点304,超市,2015/05/29 18:17:38,8.0,49.27
30029,POS消费,地点1617,淋浴,2015/05/29 19:10:30,0.5,48.77
30029,POS消费,地点1993,洗衣房,2015/05/29 22:25:31,3.6,45.17
30029,POS消费,地点1617,淋浴,2015/05/31 17:42:55,0.5,44.67
30029,POS消费,地点1962,洗衣房,2015/05/31 17:50:10,3.6,41.07
30029,POS消费,地点118,食堂,2015/06/01 08:21:01,3.7,37.37
30029,POS消费,地点1962,洗衣房,2015/06/01 15:04:26,3.6,33.77
30029,POS消费,地点1617,淋浴,2015/06/01 16:07:11,0.7,33.07
30029,POS消费,地点1303,开水,2015/06/01 22:30:01,0.01,33.06
30029,换卡,,,2015/06/02 17:36:00,0.0,0.0
30029,POS消费,地点1617,淋浴,2015/06/02 19:06:22,0.6,32.46
30029,POS消费,地点1617,淋浴,2015/06/02 19:28:41,0.4,32.06
30029,POS消费,地点1622,淋浴,2015/06/03 19:11:57,0.7,31.36
30029,卡充值,,,2015/06/04 13:12:45,50.0,81.36
30029,POS消费,地点192,超市,2015/06/04 13:53:50,2.3,59.06
30029,,,,2015/06/04 14:06:15,20.0,61.36
30029,POS消费,地点1617,淋浴,2015/06/04 18:43:38,0.5,58.56
30029,POS消费,地点1304,开水,2015/06/05 00:24:02,0.02,58.54
30029,POS消费,地点232,食堂,2015/06/05 11:17:04,5.5,53.04
30029,POS消费,地点21,开水,2015/06/05 11:17:35,0.35,52.69
30029,POS消费,地点21,开水,2015/06/05 11:18:55,3.3,49.39
30029,POS消费,地点1622,淋浴,2015/06/05 20:18:55,0.8,48.59
30029,POS消费,地点1962,洗衣房,2015/06/07 16:46:50,3.6,44.99
30029,POS消费,地点1622,淋浴,2015/06/07 16:47:37,0.4,44.59
30029,POS消费,地点1622,淋浴,2015/06/07 17:27:49,0.4,44.19
30029,POS消费,地点1622,淋浴,2015/06/08 07:46:47,0.5,43.69
30029,POS消费,地点1962,洗衣房,2015/06/08 07:57:13,3.6,40.09
30029,POS消费,地点118,食堂,2015/06/08 08:11:37,4.0,36.09
30029,POS消费,地点91,校车,2015/06/08 11:20:33,4.5,31.59
30029,POS消费,地点91,校车,2015/06/08 11:20:44,3.5,28.09
30029,POS消费,地点91,校车,2015/06/08 11:21:51,5.1,22.99
30029,POS消费,地点1617,淋浴,2015/06/08 19:19:08,0.7,22.29
30029,POS消费,地点1155,食堂,2015/06/09 08:09:08,4.0,18.29
30029,POS消费,地点1621,淋浴,2015/06/10 14:07:40,0.1,18.19
30029,POS消费,地点1622,淋浴,2015/06/10 14:08:18,0.3,17.89
30029,POS消费,地点1304,开水,2015/06/11 14:57:07,0.01,17.88
30029,POS消费,地点1962,洗衣房,2015/06/11 18:49:05,3.6,14.28
30029,POS消费,地点1617,淋浴,2015/06/11 18:49:36,0.5,13.78
30029,POS消费,地点1617,淋浴,2015/06/13 18:57:15,0.9,12.88
30029,POS消费,地点192,超市,2015/06/14 22:32:42,7.4,5.48
30029,POS消费,地点1303,开水,2015/06/14 22:38:05,0.01,5.47
30029,POS消费,地点1617,淋浴,2015/06/15 07:48:52,0.4,5.07
30029,POS消费,地点1617,淋浴,2015/06/15 19:16:55,0.9,4.17
30029,POS消费,地点1617,淋浴,2015/06/16 11:42:00,0.2,3.97
30029,POS消费,地点1303,开水,2015/06/17 00:34:18,0.01,3.96
30029,POS消费,地点1617,淋浴,2015/06/17 18:37:45,0.6,3.36
30029,POS消费,地点1622,淋浴,2015/06/24 07:46:25,0.3,3.06
30029,POS消费,地点1617,淋浴,2015/06/24 20:05:42,0.6,2.46
30029,POS消费,地点1622,淋浴,2015/06/25 19:01:57,0.6,1.86
30029,POS消费,地点1617,淋浴,2015/06/27 11:40:18,0.8,1.06
30029,POS消费,地点1617,淋浴,2015/06/27 19:02:33,0.4,0.66
30029,POS消费,地点1622,淋浴,2015/06/29 14:09:04,0.6,0.06
30029,卡充值,,,2015/07/15 10:58:47,10.0,10.06
30029,,,,2015/07/15 12:02:19,5.0,5.06
30029,POS消费,地点1617,淋浴,2015/07/15 20:26:08,0.5,4.56
