30076,卡片开户,,,2014/07/19 11:39:28,0.0,0.0
30076,卡充值,,,2014/08/30 09:47:10,300.0,300.0
30076,POS消费,地点1447,校车,2014/08/30 16:53:01,1.0,299.0
30076,POS消费,地点1890,开水,2014/08/30 18:05:37,0.04,298.96
30076,POS消费,地点21,开水,2014/08/30 20:40:42,30.5,268.46
30076,POS消费,地点1919,淋浴,2014/08/30 21:53:02,0.7,267.76
30076,POS消费,地点1890,开水,2014/08/31 11:53:57,0.02,267.74
30076,POS消费,地点1451,校车,2014/08/31 12:37:30,1.0,266.74
30076,POS消费,地点1451,校车,2014/08/31 12:37:39,1.0,265.74
30076,POS消费,地点1451,校车,2014/08/31 13:54:12,1.0,264.74
30076,POS消费,地点146,校车,2014/08/31 16:50:07,1.0,263.74
30076,POS消费,地点146,校车,2014/08/31 19:06:22,1.0,262.74
30076,POS消费,地点1322,淋浴,2014/08/31 20:48:48,0.6,262.14
