30136,卡片开户,,,2014/07/18 11:03:14,0.0,0.0
30136,卡充值,,,2014/08/29 15:42:20,400.0,400.0
30136,POS消费,地点1890,开水,2014/08/29 21:29:40,0.01,399.99
30136,POS消费,地点1567,开水,2014/08/29 21:31:35,0.13,399.86
30136,POS消费,地点60,食堂,2014/08/30 09:30:34,1.0,396.56
30136,POS消费,地点61,食堂,2014/08/30 09:33:22,2.3,397.56
30136,POS消费,地点1919,淋浴,2014/08/30 15:46:19,0.1,396.46
30136,POS消费,地点1919,淋浴,2014/08/30 15:47:46,0.5,395.96
30136,POS消费,地点1919,淋浴,2014/08/30 15:54:00,0.6,395.36
30136,POS消费,地点234,食堂,2014/08/30 17:56:56,6.9,388.46
30136,POS消费,地点234,食堂,2014/08/30 17:57:18,3.9,384.56
30136,POS消费,地点21,开水,2014/08/30 20:11:27,27.7,356.86
30136,POS消费,地点65,食堂,2014/08/31 07:59:28,0.8,356.06
30136,POS消费,地点161,食堂,2014/08/31 08:06:28,1.6,354.46
30136,POS消费,地点526,食堂,2014/08/31 16:50:16,17.0,337.46
30136,POS消费,地点526,食堂,2014/08/31 16:51:06,12.0,325.46
30136,POS消费,地点526,食堂,2014/08/31 16:52:59,5.0,320.46
30136,POS消费,地点1919,淋浴,2014/08/31 17:43:25,0.1,320.36
30136,POS消费,地点1919,淋浴,2014/08/31 17:45:00,0.4,319.96
30136,POS消费,地点204,食堂,2014/08/31 18:15:04,6.5,313.46
30136,POS消费,地点83,食堂,2014/08/31 18:53:48,3.8,309.66
