30146,卡片开户,,,2014/07/18 11:12:22,0.0,0.0
30146,卡充值,,,2014/08/28 12:28:36,500.0,500.0
30146,POS消费,地点243,食堂,2014/08/28 12:29:09,11.8,488.2
30146,POS消费,地点59,食堂,2014/08/28 12:38:29,6.0,454.4
30146,POS消费,地点87,食堂,2014/08/28 12:40:17,6.4,448.0
30146,POS消费,地点253,食堂,2014/08/28 12:48:32,27.8,460.4
30146,POS消费,地点218,食堂,2014/08/28 16:47:36,2.0,446.0
30146,POS消费,地点61,食堂,2014/08/28 18:30:29,4.2,441.8
30146,POS消费,地点188,超市,2014/08/28 19:18:15,32.8,409.0
30146,POS消费,地点1321,淋浴,2014/08/28 21:32:20,0.1,408.9
30146,POS消费,地点1321,淋浴,2014/08/28 21:39:21,1.0,407.9
30146,POS消费,地点161,食堂,2014/08/29 08:35:36,3.6,404.3
30146,POS消费,地点87,食堂,2014/08/29 12:46:15,4.2,395.9
30146,POS消费,地点87,食堂,2014/08/29 12:46:24,-4.2,400.1
30146,POS消费,地点87,食堂,2014/08/29 12:46:28,4.0,396.1
30146,POS消费,地点61,食堂,2014/08/29 12:58:10,4.2,400.1
30146,POS消费,地点227,食堂,2014/08/29 18:49:07,3.5,392.6
30146,POS消费,地点231,食堂,2014/08/29 18:53:26,0.4,392.2
30146,POS消费,地点1322,淋浴,2014/08/29 20:21:52,0.7,391.5
30146,POS消费,地点1890,开水,2014/08/29 22:33:04,0.01,391.49
30146,POS消费,地点1890,开水,2014/08/29 22:36:12,0.1,391.39
30146,POS消费,地点87,食堂,2014/08/30 12:26:41,4.2,387.19
30146,POS消费,地点1922,洗衣房,2014/08/30 13:10:05,-2.28,385.87
30146,POS消费,地点1922,洗衣房,2014/08/30 13:10:05,3.6,383.59
30146,POS消费,地点1922,洗衣房,2014/08/30 13:33:58,3.6,382.27
30146,POS消费,地点1922,洗衣房,2014/08/30 13:34:10,-3.54,385.81
30146,POS消费,地点190,超市,2014/08/30 15:30:24,30.0,355.81
30146,POS消费,地点190,超市,2014/08/30 15:30:28,30.0,325.81
30146,POS消费,地点190,超市,2014/08/30 15:30:33,5.7,320.11
30146,POS消费,地点21,开水,2014/08/30 17:24:53,3.9,316.21
30146,POS消费,地点1890,开水,2014/08/30 22:40:30,0.17,316.04
30146,POS消费,地点1890,开水,2014/08/31 08:04:55,0.17,315.87
30146,POS消费,地点1155,食堂,2014/08/31 10:35:51,15.5,300.37
30146,POS消费,地点1922,洗衣房,2014/08/31 10:53:47,-0.84,297.61
30146,POS消费,地点1922,洗衣房,2014/08/31 10:53:47,3.6,296.77
30146,POS消费,地点91,校车,2014/08/31 11:51:39,13.0,284.61
30146,POS消费,地点21,开水,2014/08/31 12:24:46,30.0,254.61
30146,POS消费,地点21,开水,2014/08/31 12:24:49,10.0,244.61
30146,POS消费,地点82,食堂,2014/08/31 18:06:29,3.7,240.91
30146,POS消费,地点1322,淋浴,2014/08/31 21:58:56,0.1,240.81
30146,POS消费,地点1322,淋浴,2014/08/31 22:00:34,0.7,240.11
