30186,卡片开户,,,2014/07/18 11:00:48,0.0,0.0
30186,卡充值,,,2014/08/28 12:43:27,200.0,200.0
30186,POS消费,地点1946,淋浴,2014/08/28 21:46:00,0.6,199.4
30186,POS消费,地点1883,洗衣房,2014/08/28 22:15:30,3.6,195.8
30186,POS消费,地点1883,洗衣房,2014/08/28 22:16:04,3.6,192.2
30186,POS消费,地点21,开水,2014/08/29 22:49:56,0.11,192.09
30186,POS消费,地点65,食堂,2014/08/30 09:04:20,0.6,190.69
30186,POS消费,地点60,食堂,2014/08/30 09:12:09,0.5,191.59
30186,POS消费,地点60,食堂,2014/08/30 09:12:25,0.3,191.29
30186,POS消费,地点118,食堂,2014/08/30 16:14:47,17.0,173.69
30186,POS消费,地点118,食堂,2014/08/30 16:15:30,7.6,166.09
30186,POS消费,地点118,食堂,2014/08/30 16:15:52,2.0,164.09
30186,POS消费,地点21,开水,2014/08/30 21:23:53,0.17,163.92
30186,POS消费,地点1953,淋浴,2014/08/30 21:39:20,0.1,163.82
30186,POS消费,地点1953,淋浴,2014/08/30 21:40:43,0.9,162.92
30186,POS消费,地点1919,淋浴,2014/08/30 22:25:15,0.1,162.82
30186,POS消费,地点1919,淋浴,2014/08/30 22:25:56,0.1,162.72
30186,POS消费,地点1919,淋浴,2014/08/30 22:27:02,0.4,162.32
30186,POS消费,地点1922,洗衣房,2014/08/30 22:34:31,3.6,158.72
30186,POS消费,地点1922,洗衣房,2014/08/30 22:34:31,-3.54,162.26
30186,POS消费,地点21,开水,2014/08/31 07:38:15,0.08,162.18
30186,POS消费,地点65,食堂,2014/08/31 08:03:53,0.5,161.68
30186,POS消费,地点217,食堂,2014/08/31 11:23:22,15.0,146.68
30186,POS消费,地点1321,淋浴,2014/08/31 19:09:09,0.7,145.98
30186,POS消费,地点1321,淋浴,2014/08/31 19:18:11,0.6,145.38
