30240,卡片开户,,,2014/07/19 12:58:52,0.0,0.0
30240,卡充值,,,2014/08/29 10:33:02,500.0,500.0
30240,POS消费,地点192,超市,2014/08/29 20:41:46,15.5,484.5
30240,POS消费,地点192,超市,2014/08/29 21:44:46,4.3,480.2
30240,POS消费,地点314,食堂,2014/08/30 09:57:52,56.0,424.2
30240,POS消费,地点72,食堂,2014/08/30 11:41:46,14.6,409.6
30240,POS消费,地点314,食堂,2014/08/30 20:22:33,24.0,385.6
30240,POS消费,地点326,洗衣房,2014/08/30 21:39:25,0.4,385.2
30240,POS消费,地点326,洗衣房,2014/08/30 21:42:38,0.3,384.9
30240,POS消费,地点65,食堂,2014/08/31 07:43:11,1.4,383.5
30240,POS消费,地点184,食堂,2014/08/31 07:59:17,1.6,381.9
30240,POS消费,地点237,食堂,2014/08/31 11:23:58,4.6,377.3
30240,POS消费,地点192,超市,2014/08/31 11:48:48,17.1,360.2
30240,POS消费,地点1846,淋浴,2014/08/31 22:12:01,0.1,360.0
30240,POS消费,地点1846,淋浴,2014/08/31 22:13:11,0.1,360.1
30240,POS消费,地点1846,淋浴,2014/08/31 22:16:05,0.1,359.9
