30252,卡片开户,,,2014/07/22 11:11:25,0.0,0.0
30252,卡充值,,,2014/08/28 16:46:30,1000.0,1000.0
30252,POS消费,地点21,开水,2014/08/28 16:46:52,20.0,980.0
30252,POS消费,地点21,开水,2014/08/28 16:46:55,11.4,968.6
30252,POS消费,地点157,食堂,2014/08/30 12:12:13,9.6,959.0
30252,POS消费,地点21,开水,2014/08/30 17:22:55,11.1,947.9
30252,POS消费,地点1844,淋浴,2014/08/31 07:45:51,0.7,947.2
30252,POS消费,地点157,食堂,2014/08/31 08:21:55,0.8,946.4
30252,POS消费,地点232,食堂,2014/08/31 11:32:12,5.5,940.9
30252,POS消费,地点1847,食堂,2014/08/31 11:46:27,4.5,936.4
30252,POS消费,地点1451,校车,2014/08/31 17:44:57,1.0,935.4
