30286,卡片开户,,,2014/07/18 12:14:36,0.0,0.0
30286,卡充值,,,2014/08/29 12:08:11,500.0,500.0
30286,POS消费,地点227,食堂,2014/08/29 12:28:40,8.0,492.0
30286,POS消费,地点227,食堂,2014/08/29 12:28:47,5.0,487.0
30286,POS消费,地点227,食堂,2014/08/29 12:28:51,5.0,482.0
30286,POS消费,地点70,食堂,2014/08/29 12:30:12,9.0,471.2
30286,POS消费,地点231,食堂,2014/08/29 12:37:07,1.8,480.2
30286,POS消费,地点27,教务处,2014/08/29 12:46:38,15.0,456.2
30286,POS消费,地点243,食堂,2014/08/30 16:09:42,4.0,452.2
30286,POS消费,地点65,食堂,2014/08/31 08:00:08,0.8,451.4
30286,POS消费,地点21,开水,2014/08/31 08:20:37,0.8,450.6
30286,POS消费,地点168,食堂,2014/08/31 11:26:13,5.5,445.1
30286,POS消费,地点21,开水,2014/08/31 12:21:58,30.0,415.1
30286,POS消费,地点21,开水,2014/08/31 12:22:01,30.0,385.1
30286,POS消费,地点21,开水,2014/08/31 12:22:11,-30.0,415.1
30286,POS消费,地点21,开水,2014/08/31 12:22:17,30.0,385.1
30286,POS消费,地点21,开水,2014/08/31 12:22:21,3.8,381.3
30286,POS消费,地点26,图书馆,2014/08/31 12:50:38,4.0,377.3
30286,POS消费,地点192,超市,2014/08/31 13:40:11,3.5,373.8
30286,POS消费,地点184,食堂,2014/08/31 17:22:55,4.8,369.0
30286,POS消费,地点21,开水,2014/08/31 17:30:15,89.0,280.0
30286,POS消费,地点118,食堂,2014/08/31 18:27:58,4.3,275.7
30286,POS消费,地点1538,淋浴,2014/08/31 21:10:49,0.5,275.2
