30330,卡片开户,,,2014/07/16 15:13:40,0.0,0.0
30330,卡充值,,,2014/08/30 14:43:18,300.0,300.0
30330,POS消费,地点114,食堂,2014/08/30 14:45:15,3.0,297.0
30330,POS消费,地点567,开水,2014/08/30 15:54:41,0.01,296.99
30330,POS消费,地点264,食堂,2014/08/30 17:11:20,10.6,286.39
30330,POS消费,地点264,食堂,2014/08/30 17:11:58,10.6,275.79
30330,POS消费,地点264,食堂,2014/08/30 17:12:20,10.6,265.19
30330,POS消费,地点192,超市,2014/08/30 20:26:55,5.6,259.59
30330,POS消费,地点89,食堂,2014/08/31 07:38:22,3.0,256.59
30330,POS消费,地点89,食堂,2014/08/31 11:42:50,4.5,252.09
30330,POS消费,地点89,食堂,2014/08/31 11:43:02,3.0,249.09
30330,POS消费,地点89,食堂,2014/08/31 11:43:09,3.0,246.09
30330,POS消费,地点89,食堂,2014/08/31 11:46:18,2.5,243.59
30330,卡充值,,,2014/08/31 11:53:09,300.0,543.59
30330,POS消费,地点188,超市,2014/08/31 13:51:39,4.0,539.59
30330,POS消费,地点82,食堂,2014/08/31 17:32:14,6.3,533.29
