30336,卡片开户,,,2014/07/17 16:01:33,0.0,0.0
30336,卡充值,,,2014/08/27 11:33:19,300.0,300.0
30336,POS消费,地点234,食堂,2014/08/27 12:02:42,15.2,284.8
30336,POS消费,地点21,开水,2014/08/27 12:13:41,3.0,281.8
30336,POS消费,地点21,开水,2014/08/27 12:13:51,12.3,269.5
30336,POS消费,地点21,开水,2014/08/27 12:13:56,9.1,260.4
30336,POS消费,地点1442,校车,2014/08/27 12:17:32,1.0,259.4
30336,POS消费,地点1442,校车,2014/08/27 12:17:38,1.0,258.4
30336,POS消费,地点21,开水,2014/08/28 11:49:24,4.1,248.7
30336,POS消费,地点179,食堂,2014/08/28 12:02:36,5.6,252.8
30336,POS消费,地点1588,食堂,2014/08/28 12:02:55,3.5,245.2
30336,POS消费,地点1588,食堂,2014/08/28 12:02:59,3.5,241.7
30336,POS消费,地点188,超市,2014/08/28 12:15:51,5.0,236.7
30336,POS消费,地点192,超市,2014/08/28 12:17:54,30.0,206.7
30336,POS消费,地点192,超市,2014/08/28 12:17:56,4.0,202.7
30336,POS消费,地点192,超市,2014/08/28 12:19:59,6.0,196.7
30336,POS消费,地点1447,校车,2014/08/28 15:39:27,1.0,195.7
30336,POS消费,地点1447,校车,2014/08/28 15:39:35,1.0,194.7
30336,POS消费,地点168,食堂,2014/08/29 09:50:39,5.5,189.2
30336,POS消费,地点87,食堂,2014/08/29 11:23:39,4.6,184.6
30336,POS消费,地点87,食堂,2014/08/29 11:25:16,0.6,184.0
30336,POS消费,地点82,食堂,2014/08/29 11:43:21,7.0,177.0
30336,POS消费,地点82,食堂,2014/08/29 11:45:28,4.5,172.5
30336,POS消费,地点21,开水,2014/08/29 11:47:59,3.0,169.5
30336,POS消费,地点21,开水,2014/08/29 11:48:37,15.1,154.4
30336,卡充值,,,2014/08/29 12:50:38,200.0,354.4
30336,POS消费,地点83,食堂,2014/08/29 15:02:59,1.5,352.9
30336,POS消费,地点234,食堂,2014/08/29 17:38:53,16.7,336.2
30336,POS消费,地点21,开水,2014/08/29 17:50:46,3.0,333.2
30336,POS消费,地点222,校车,2014/08/30 11:29:09,1.0,332.2
30336,POS消费,地点222,校车,2014/08/30 11:34:28,1.0,331.2
30336,POS消费,地点237,食堂,2014/08/30 11:34:29,6.1,325.1
30336,POS消费,地点21,开水,2014/08/30 11:50:02,10.6,314.5
30336,POS消费,地点567,开水,2014/08/30 12:35:58,0.01,314.49
30336,POS消费,地点192,超市,2014/08/30 13:38:42,5.0,309.49
30336,POS消费,地点314,食堂,2014/08/30 15:45:02,28.0,281.49
30336,POS消费,地点314,食堂,2014/08/30 15:53:41,1.5,279.99
30336,POS消费,地点234,食堂,2014/08/30 17:25:52,19.2,260.79
30336,POS消费,地点21,开水,2014/08/30 17:38:03,18.7,242.09
30336,POS消费,地点314,食堂,2014/08/30 17:48:48,1.5,240.59
30336,POS消费,地点21,开水,2014/08/30 18:36:50,7.8,232.79
30336,POS消费,地点567,开水,2014/08/30 19:35:23,0.01,232.78
30336,POS消费,地点91,校车,2014/08/30 20:06:19,0.1,232.68
30336,POS消费,地点567,开水,2014/08/30 21:19:37,0.01,232.67
30336,POS消费,地点567,开水,2014/08/30 21:34:30,0.01,232.66
30336,POS消费,地点567,开水,2014/08/31 07:23:03,0.01,232.65
30336,POS消费,地点103,食堂,2014/08/31 08:13:14,3.3,229.35
30336,POS消费,地点103,食堂,2014/08/31 08:13:22,0.8,228.55
30336,POS消费,地点1409,食堂,2014/08/31 08:15:11,0.5,228.05
30336,POS消费,地点195,超市,2014/08/31 08:16:55,3.5,224.55
30336,POS消费,地点82,食堂,2014/08/31 11:45:16,6.4,218.15
30336,POS消费,地点567,开水,2014/08/31 11:50:07,0.01,218.14
30336,POS消费,地点567,开水,2014/08/31 12:06:51,0.01,218.13
30336,POS消费,地点567,开水,2014/08/31 13:31:40,0.01,218.12
30336,POS消费,地点567,开水,2014/08/31 17:08:25,0.01,218.11
30336,POS消费,地点567,开水,2014/08/31 17:13:38,0.01,218.1
30336,POS消费,地点234,食堂,2014/08/31 17:50:15,16.7,201.4
30336,POS消费,地点21,开水,2014/08/31 18:02:12,21.25,180.15
30336,POS消费,地点21,开水,2014/08/31 18:15:05,19.5,160.65
30336,POS消费,地点188,超市,2014/08/31 21:10:35,10.0,150.65
30336,POS消费,地点1959,淋浴,2014/08/31 21:31:02,0.8,149.85
