30356,卡片开户,,,2014/07/19 10:22:29,0.0,0.0
30356,卡充值,,,2014/08/29 12:26:07,200.0,200.0
30356,POS消费,地点72,食堂,2014/08/29 12:30:14,4.6,195.4
30356,POS消费,地点72,食堂,2014/08/29 12:30:39,8.6,186.8
30356,POS消费,地点243,食堂,2014/08/29 12:31:48,2.3,184.5
30356,POS消费,地点70,食堂,2014/08/29 12:31:51,2.0,182.5
30356,POS消费,地点243,食堂,2014/08/29 16:05:36,2.9,179.6
30356,POS消费,地点263,食堂,2014/08/29 18:33:18,11.8,167.8
30356,POS消费,地点182,食堂,2014/08/29 18:37:05,3.6,164.2
30356,POS消费,地点567,开水,2014/08/29 19:53:12,0.01,164.19
30356,POS消费,地点567,开水,2014/08/29 19:53:33,0.01,164.18
30356,POS消费,地点567,开水,2014/08/30 08:11:09,0.01,164.17
30356,POS消费,地点567,开水,2014/08/30 08:47:32,0.01,164.16
30356,POS消费,地点567,开水,2014/08/30 08:53:49,0.01,164.15
30356,POS消费,地点72,食堂,2014/08/30 09:12:00,3.8,160.35
30356,POS消费,地点1447,校车,2014/08/30 17:14:08,1.0,159.35
30356,POS消费,地点218,食堂,2014/08/30 17:21:10,2.9,156.45
30356,POS消费,地点263,食堂,2014/08/30 17:22:16,5.6,150.85
30356,POS消费,地点1959,淋浴,2014/08/30 20:44:03,0.2,150.65
30356,POS消费,地点1959,淋浴,2014/08/30 20:46:11,0.1,150.55
30356,POS消费,地点567,开水,2014/08/31 07:41:29,0.01,150.54
30356,POS消费,地点567,开水,2014/08/31 07:42:10,0.01,150.53
30356,POS消费,地点184,食堂,2014/08/31 08:15:01,3.4,147.13
30356,POS消费,地点69,食堂,2014/08/31 11:31:17,5.6,141.53
30356,POS消费,地点243,食堂,2014/08/31 11:32:53,1.8,139.73
30356,POS消费,地点243,食堂,2014/08/31 11:46:17,1.8,137.93
30356,POS消费,地点91,校车,2014/08/31 17:21:14,8.0,129.93
30356,POS消费,地点91,校车,2014/08/31 17:22:07,1.5,128.43
30356,POS消费,地点243,食堂,2014/08/31 17:37:24,1.0,127.43
30356,POS消费,地点1959,淋浴,2014/08/31 21:52:44,0.3,127.13
