30366,卡片开户,,,2014/07/19 16:01:49,0.0,0.0
30366,卡充值,,,2014/08/28 10:29:40,1000.0,1000.0
30366,POS消费,地点188,超市,2014/08/28 10:53:10,34.9,965.1
30366,POS消费,地点188,超市,2014/08/28 10:53:20,100.0,865.1
30366,POS消费,地点188,超市,2014/08/28 10:56:21,58.0,807.1
30366,POS消费,地点536,开水,2014/08/28 11:05:19,0.01,807.09
30366,POS消费,地点61,食堂,2014/08/28 12:57:20,8.6,798.49
30366,POS消费,地点61,食堂,2014/08/28 12:58:02,8.6,789.89
30366,POS消费,地点21,开水,2014/08/28 12:58:50,2.4,787.49
30366,POS消费,地点21,开水,2014/08/28 12:59:15,1.5,785.99
30366,POS消费,地点195,超市,2014/08/28 16:29:05,28.0,757.99
30366,POS消费,地点21,开水,2014/08/29 12:23:48,2.0,755.99
30366,POS消费,地点305,食堂,2014/08/29 12:26:56,6.0,749.99
30366,POS消费,地点1588,食堂,2014/08/29 12:39:08,7.6,742.39
30366,POS消费,地点1588,食堂,2014/08/29 12:39:32,5.3,737.09
30366,POS消费,地点567,开水,2014/08/29 14:19:35,0.01,737.08
30366,POS消费,地点91,校车,2014/08/29 18:41:10,1.8,715.08
30366,POS消费,地点134,食堂,2014/08/29 18:57:14,20.2,716.88
30366,POS消费,地点232,食堂,2014/08/30 07:48:56,1.95,713.13
30366,POS消费,地点157,食堂,2014/08/30 11:54:15,9.6,703.53
30366,POS消费,地点195,超市,2014/08/30 12:02:14,8.0,695.53
30366,POS消费,地点21,开水,2014/08/30 17:23:29,3.0,692.53
30366,POS消费,地点21,开水,2014/08/30 17:25:24,1.8,690.73
30366,POS消费,地点1847,食堂,2014/08/30 17:40:02,1.0,689.73
30366,POS消费,地点567,开水,2014/08/30 21:11:16,0.01,689.72
30366,POS消费,地点1538,淋浴,2014/08/30 22:20:16,0.3,689.42
30366,POS消费,地点60,食堂,2014/08/31 07:54:19,0.8,688.62
30366,POS消费,地点21,开水,2014/08/31 08:03:07,3.0,685.62
30366,POS消费,地点21,开水,2014/08/31 11:40:54,7.6,678.02
30366,POS消费,地点264,食堂,2014/08/31 17:17:09,10.6,667.42
30366,POS消费,地点264,食堂,2014/08/31 17:17:42,10.6,656.82
30366,POS消费,地点21,开水,2014/08/31 17:18:59,4.9,651.92
30366,POS消费,地点21,开水,2014/08/31 17:24:34,1.5,650.42
30366,POS消费,地点21,开水,2014/08/31 17:41:28,69.6,580.82
