30380,卡片开户,,,2014/07/15 12:12:06,0.0,0.0
30380,卡充值,,,2014/08/29 13:06:18,500.0,500.0
30380,POS消费,地点195,超市,2014/08/30 09:32:36,26.6,473.4
30380,POS消费,地点103,食堂,2014/08/30 17:31:03,4.1,469.3
30380,POS消费,地点192,超市,2014/08/30 19:54:25,18.7,450.6
30380,POS消费,地点60,食堂,2014/08/31 07:56:29,0.8,449.4
30380,POS消费,地点1961,超市,2014/08/31 11:29:17,18.5,430.9
30380,POS消费,地点82,食堂,2014/08/31 12:02:43,4.1,426.8
30380,POS消费,地点91,校车,2014/08/31 17:52:55,8.6,418.2
30380,POS消费,地点21,开水,2014/08/31 18:18:56,5.6,412.6
