30410,卡片开户,,,2014/07/19 15:56:55,0.0,0.0
30410,卡充值,,,2014/08/29 13:53:34,500.0,500.0
30410,POS消费,地点204,食堂,2014/08/29 14:00:51,16.5,483.5
30410,POS消费,地点168,食堂,2014/08/29 14:13:30,6.5,477.0
30410,POS消费,地点314,食堂,2014/08/29 17:49:20,28.0,449.0
30410,POS消费,地点69,食堂,2014/08/31 07:51:59,2.1,446.9
30410,POS消费,地点69,食堂,2014/08/31 07:52:03,0.8,446.1
30410,POS消费,地点21,开水,2014/08/31 11:38:38,3.3,442.8
30410,POS消费,地点91,校车,2014/08/31 16:56:57,6.6,436.2
30410,POS消费,地点753,开水,2014/08/31 17:29:01,0.07,436.13
