30448,卡片开户,,,2014/07/16 10:36:47,0.0,0.0
30448,卡充值,,,2014/08/28 17:04:25,300.0,300.0
30448,POS消费,地点65,食堂,2014/08/29 08:15:13,0.4,298.6
30448,POS消费,地点60,食堂,2014/08/29 08:22:54,0.5,299.5
30448,POS消费,地点60,食堂,2014/08/29 08:23:04,0.5,299.0
30448,POS消费,地点124,食堂,2014/08/29 08:56:27,18.0,280.6
30448,POS消费,地点21,开水,2014/08/30 08:09:02,0.01,280.59
30448,POS消费,地点103,食堂,2014/08/30 08:44:57,2.6,277.99
30448,POS消费,地点314,食堂,2014/08/30 08:49:46,18.7,259.29
30448,POS消费,地点61,食堂,2014/08/30 11:54:55,7.0,252.29
30448,POS消费,地点61,食堂,2014/08/30 11:54:57,0.6,251.69
30448,POS消费,地点21,开水,2014/08/30 12:13:30,0.01,251.68
30448,POS消费,地点21,开水,2014/08/30 12:14:09,0.01,251.67
30448,POS消费,地点21,开水,2014/08/31 07:29:07,0.01,251.66
30448,POS消费,地点21,开水,2014/08/31 07:46:27,2.0,249.66
30448,POS消费,地点61,食堂,2014/08/31 12:21:01,6.6,243.06
30448,POS消费,地点61,食堂,2014/08/31 17:06:57,5.8,237.26
30448,POS消费,地点21,开水,2014/08/31 17:41:38,0.01,237.25
