30450,卡片开户,,,2014/07/16 10:50:26,0.0,0.0
30450,卡充值,,,2014/08/28 17:04:58,500.0,500.0
30450,POS消费,地点562,淋浴,2014/08/28 20:57:54,0.6,499.4
30450,POS消费,地点21,开水,2014/08/28 21:13:13,0.01,499.39
30450,POS消费,地点91,校车,2014/08/29 07:53:35,2.6,496.79
30450,POS消费,地点21,开水,2014/08/29 07:56:41,0.5,496.29
30450,POS消费,地点134,食堂,2014/08/29 12:22:01,9.6,486.69
30450,POS消费,地点1552,洗衣房,2014/08/29 15:17:38,3.6,483.09
30450,POS消费,地点1552,洗衣房,2014/08/29 16:41:16,3.6,479.49
30450,POS消费,地点1552,洗衣房,2014/08/29 16:41:16,-3.12,482.61
30450,POS消费,地点753,开水,2014/08/29 16:49:50,0.14,482.47
30450,POS消费,地点41,淋浴,2014/08/29 20:28:28,0.6,481.87
30450,POS消费,地点103,食堂,2014/08/30 09:15:52,2.15,479.72
30450,POS消费,地点264,食堂,2014/08/30 11:40:28,10.6,469.12
30450,POS消费,地点972,食堂,2014/08/30 11:58:46,5.0,464.12
30450,POS消费,地点91,校车,2014/08/30 17:37:07,5.5,458.62
30450,POS消费,地点91,校车,2014/08/30 17:37:21,5.5,453.12
30450,POS消费,地点21,开水,2014/08/30 18:01:02,25.7,427.42
30450,POS消费,地点21,开水,2014/08/30 18:01:08,8.5,418.92
30450,POS消费,地点21,开水,2014/08/30 18:02:26,28.6,390.32
30450,POS消费,地点12,文印中心,2014/08/30 22:32:37,0.1,390.22
30450,POS消费,地点12,文印中心,2014/08/30 22:32:49,0.5,389.72
30450,POS消费,地点279,食堂,2014/08/31 12:00:36,9.6,380.12
30450,POS消费,地点250,食堂,2014/08/31 17:06:24,14.0,366.12
30450,POS消费,地点12,文印中心,2014/08/31 22:32:07,0.4,365.72
