30540,卡片开户,,,2014/07/20 10:33:13,0.0,0.0
30540,更新卡信息,,,2014/08/29 09:59:56,0.0,0.0
30540,卡挂失,,,2014/08/29 10:00:38,0.0,0.0
30540,卡补办,,,2014/08/29 10:01:28,15.0,0.0
30540,卡充值,,,2014/08/29 10:07:35,500.0,500.0
30540,POS消费,地点195,超市,2014/08/29 12:47:42,0.2,499.8
30540,POS消费,地点1448,校车,2014/08/29 17:34:38,1.0,497.8
30540,POS消费,地点12,文印中心,2014/08/29 18:02:55,0.5,497.3
30540,POS消费,地点21,开水,2014/08/29 18:26:43,0.01,497.29
30540,POS消费,地点195,超市,2014/08/29 19:36:00,26.6,470.69
30540,POS消费,地点753,开水,2014/08/29 21:19:24,0.02,470.67
30540,POS消费,地点168,食堂,2014/08/30 09:04:47,5.5,465.17
30540,POS消费,地点146,校车,2014/08/30 12:32:40,1.0,464.17
30540,POS消费,地点746,洗衣房,2014/08/30 14:02:54,3.6,460.57
30540,POS消费,地点746,洗衣房,2014/08/30 14:02:54,-3.42,463.99
30540,POS消费,地点746,洗衣房,2014/08/30 14:05:44,-3.54,463.93
30540,POS消费,地点746,洗衣房,2014/08/30 14:05:44,3.6,460.39
30540,POS消费,地点816,校车,2014/08/30 15:50:10,1.0,462.93
30540,POS消费,地点816,校车,2014/08/30 16:36:06,1.0,461.93
30540,POS消费,地点1552,洗衣房,2014/08/30 19:32:02,3.6,458.33
30540,POS消费,地点1552,洗衣房,2014/08/30 19:32:02,-2.64,460.97
30540,POS消费,地点1552,洗衣房,2014/08/30 19:47:28,-0.42,457.79
30540,POS消费,地点1552,洗衣房,2014/08/30 19:47:28,3.6,457.37
30540,POS消费,地点192,超市,2014/08/30 22:07:25,25.2,432.59
30540,POS消费,地点21,开水,2014/08/31 07:21:49,0.01,432.58
30540,POS消费,地点232,食堂,2014/08/31 07:51:07,1.8,430.78
30540,POS消费,地点91,校车,2014/08/31 12:09:12,9.0,421.78
30540,POS消费,地点91,校车,2014/08/31 12:17:29,3.0,418.78
30540,POS消费,地点91,校车,2014/08/31 12:17:42,2.0,416.78
30540,POS消费,地点21,开水,2014/08/31 12:23:39,2.9,413.88
30540,POS消费,地点222,校车,2014/08/31 17:32:59,1.0,412.88
30540,POS消费,地点195,超市,2014/08/31 18:32:29,30.0,382.88
30540,POS消费,地点195,超市,2014/08/31 18:32:33,30.0,352.88
30540,POS消费,地点195,超市,2014/08/31 18:32:36,0.6,352.28
30540,POS消费,地点188,超市,2014/08/31 18:57:19,5.0,347.28
30540,POS消费,地点21,开水,2014/08/31 19:17:26,0.01,347.27
30540,POS消费,地点562,淋浴,2014/08/31 20:55:25,0.5,346.77
30540,POS消费,地点21,开水,2014/08/31 21:09:47,0.01,346.76
