30566,POS消费,地点26,图书馆,2014/07/02 18:04:32,0.0,0.0
30566,POS消费,地点26,图书馆,2014/07/02 18:04:32,0.11,0.8
30566,卡片开户,,,2014/07/17 16:20:14,0.0,0.0
30566,卡充值,,,2014/08/29 12:47:33,100.0,100.0
30566,POS消费,地点61,食堂,2014/08/29 13:31:40,8.6,91.4
30566,POS消费,地点61,食堂,2014/08/29 13:31:58,8.6,82.8
30566,POS消费,地点204,食堂,2014/08/29 19:42:16,5.5,77.3
30566,POS消费,地点203,食堂,2014/08/29 20:11:45,5.5,71.8
30566,POS消费,地点1620,开水,2014/08/29 20:42:07,0.01,71.79
30566,POS消费,地点69,食堂,2014/08/30 07:43:13,1.4,70.09
30566,POS消费,地点60,食堂,2014/08/30 07:55:34,0.3,69.79
30566,POS消费,地点61,食堂,2014/08/30 18:08:19,7.6,50.99
30566,POS消费,地点61,食堂,2014/08/31 12:10:49,5.8,45.19
30566,POS消费,地点65,食堂,2014/08/31 17:25:11,9.6,35.59
30566,POS消费,地点1653,淋浴,2014/08/31 22:01:00,0.1,35.49
30566,POS消费,地点1653,淋浴,2014/08/31 22:03:00,0.1,35.39
