30694,POS消费,地点26,图书馆,2014/06/30 11:00:12,0.0,0.0
30694,POS消费,地点26,图书馆,2014/06/30 11:00:12,0.1,3.12
30694,卡片开户,,,2014/07/19 09:45:51,0.0,0.0
30694,卡充值,,,2014/08/29 10:09:23,1000.0,1000.0
30694,POS消费,地点204,食堂,2014/08/29 11:55:56,5.5,994.5
30694,POS消费,地点204,食堂,2014/08/29 11:56:09,5.5,989.0
30694,POS消费,地点219,超市,2014/08/29 16:35:39,6.0,983.0
30694,POS消费,地点1067,淋浴,2014/08/29 18:24:36,0.1,982.9
30694,POS消费,地点1572,淋浴,2014/08/29 18:25:19,0.2,982.7
30694,POS消费,地点1067,淋浴,2014/08/29 18:27:13,0.1,982.6
30694,POS消费,地点1572,淋浴,2014/08/29 18:27:34,0.5,982.1
30694,POS消费,地点1043,淋浴,2014/08/29 18:33:31,0.9,981.2
30694,POS消费,地点1364,洗衣房,2014/08/29 18:48:35,3.6,977.6
30694,POS消费,地点1320,洗衣房,2014/08/30 08:38:28,3.6,974.0
30694,POS消费,地点1320,洗衣房,2014/08/30 08:39:16,3.6,970.4
30694,POS消费,地点21,开水,2014/08/30 11:16:02,3.1,967.3
30694,POS消费,地点248,超市,2014/08/30 11:17:45,4.0,963.3
30694,POS消费,地点188,超市,2014/08/30 11:48:22,4.0,959.3
30694,POS消费,地点1043,淋浴,2014/08/30 16:24:49,1.2,958.1
30694,POS消费,地点232,食堂,2014/08/30 17:01:18,4.6,953.5
30694,POS消费,地点21,开水,2014/08/30 17:01:59,4.0,949.5
30694,POS消费,地点21,开水,2014/08/31 07:42:26,1.8,947.7
30694,POS消费,地点21,开水,2014/08/31 07:43:29,0.6,947.1
30694,POS消费,地点190,超市,2014/08/31 11:35:57,3.9,943.2
30694,POS消费,地点21,开水,2014/08/31 17:44:19,4.6,938.6
30694,POS消费,地点91,校车,2014/08/31 17:45:05,5.0,933.6
30694,POS消费,地点219,超市,2014/08/31 18:36:35,9.0,924.6
30694,POS消费,地点1043,淋浴,2014/08/31 22:44:10,1.0,923.6
