30706,卡片开户,,,2014/07/18 16:00:50,0.0,0.0
30706,卡充值,,,2014/08/30 09:20:15,200.0,200.0
30706,POS消费,地点1447,校车,2014/08/30 17:53:31,1.0,199.0
30706,POS消费,地点1447,校车,2014/08/30 17:53:42,1.0,198.0
30706,POS消费,地点247,食堂,2014/08/30 18:21:19,10.0,188.0
30706,POS消费,地点190,超市,2014/08/30 21:16:02,2.8,185.2
30706,POS消费,地点21,开水,2014/08/31 07:39:02,1.4,183.8
30706,POS消费,地点254,食堂,2014/08/31 17:50:16,7.0,176.8
30706,POS消费,地点258,食堂,2014/08/31 17:50:33,3.2,173.6
30706,POS消费,地点250,食堂,2014/08/31 17:57:24,14.0,159.6
30706,POS消费,地点1572,淋浴,2014/08/31 22:44:46,0.4,159.2
