30716,卡片开户,,,2014/07/18 16:41:15,0.0,0.0
30716,卡充值,,,2014/08/29 12:30:16,300.0,300.0
30716,POS消费,地点70,食堂,2014/08/29 12:32:32,15.0,285.0
30716,POS消费,地点65,食堂,2014/08/29 12:45:17,13.0,272.0
30716,POS消费,地点65,食堂,2014/08/29 12:45:28,0.6,271.4
30716,POS消费,地点65,食堂,2014/08/29 12:45:51,13.6,257.8
30716,POS消费,地点65,食堂,2014/08/29 12:46:16,13.6,244.2
30716,POS消费,地点65,食堂,2014/08/29 12:46:52,13.6,230.6
30716,POS消费,地点65,食堂,2014/08/29 12:47:19,13.6,217.0
30716,POS消费,地点816,校车,2014/08/29 13:11:28,1.0,216.0
30716,POS消费,地点816,校车,2014/08/29 13:11:35,1.0,215.0
30716,POS消费,地点816,校车,2014/08/29 13:11:42,1.0,214.0
30716,POS消费,地点816,校车,2014/08/29 13:11:49,1.0,213.0
30716,POS消费,地点1352,开水,2014/08/29 17:16:28,0.01,212.99
30716,POS消费,地点1027,开水,2014/08/29 17:17:05,0.02,212.97
30716,POS消费,地点1027,开水,2014/08/29 17:39:12,0.01,212.96
30716,POS消费,地点243,食堂,2014/08/29 18:39:52,3.0,209.96
30716,POS消费,地点134,食堂,2014/08/29 18:55:33,5.6,204.36
30716,POS消费,地点1472,校车,2014/08/29 19:10:37,1.0,203.36
30716,POS消费,地点146,校车,2014/08/29 20:38:06,1.0,202.36
30716,POS消费,地点1572,淋浴,2014/08/29 23:45:14,0.9,201.46
30716,POS消费,地点269,食堂,2014/08/30 11:46:45,7.6,193.86
30716,POS消费,地点1447,校车,2014/08/30 13:27:48,1.0,192.86
30716,POS消费,地点146,校车,2014/08/30 15:57:43,1.0,191.86
30716,POS消费,地点146,校车,2014/08/30 15:57:55,1.0,190.86
30716,POS消费,地点232,食堂,2014/08/30 18:09:55,10.0,180.86
30716,POS消费,地点1572,淋浴,2014/08/30 23:08:43,0.9,179.96
30716,POS消费,地点1588,食堂,2014/08/31 08:10:24,3.2,176.76
30716,POS消费,地点222,校车,2014/08/31 11:57:25,1.0,175.76
30716,POS消费,地点1155,食堂,2014/08/31 21:54:55,1.8,173.96
30716,POS消费,地点1572,淋浴,2014/08/31 23:29:22,0.8,173.16
