30764,卡片开户,,,2014/07/19 11:44:23,0.0,0.0
30764,卡充值,,,2014/08/28 18:12:19,200.0,200.0
30764,POS消费,地点243,食堂,2014/08/28 18:12:34,4.0,196.0
30764,POS消费,地点134,食堂,2014/08/28 18:29:56,8.6,187.4
30764,POS消费,地点1352,开水,2014/08/28 19:41:00,0.01,187.39
30764,POS消费,地点1027,开水,2014/08/28 19:42:46,0.01,187.38
30764,POS消费,地点249,食堂,2014/08/29 12:23:13,10.4,176.98
30764,POS消费,地点1352,开水,2014/08/29 16:48:08,0.01,176.97
30764,POS消费,地点1027,开水,2014/08/29 16:48:30,0.01,176.96
30764,POS消费,地点249,食堂,2014/08/30 12:19:03,9.2,167.76
30764,POS消费,地点1320,洗衣房,2014/08/30 18:49:48,3.6,164.16
30764,POS消费,地点1320,洗衣房,2014/08/30 21:04:44,-3.54,164.1
30764,POS消费,地点1067,淋浴,2014/08/30 21:04:45,0.1,164.0
30764,POS消费,地点1067,淋浴,2014/08/30 21:04:51,0.1,163.9
30764,POS消费,地点1320,洗衣房,2014/08/30 21:06:23,3.6,160.56
30764,POS消费,地点1067,淋浴,2014/08/30 21:06:49,0.2,163.7
30764,POS消费,地点1572,淋浴,2014/08/30 21:10:06,0.5,163.2
30764,POS消费,地点1027,开水,2014/08/31 18:17:07,0.01,163.19
30764,POS消费,地点1027,开水,2014/08/31 18:18:20,0.01,163.17
30764,POS消费,地点1352,开水,2014/08/31 18:19:44,0.01,163.18
30764,POS消费,地点1352,开水,2014/08/31 21:11:11,0.01,163.16
30764,POS消费,地点1027,开水,2014/08/31 21:13:21,0.01,163.15
30764,POS消费,地点1352,开水,2014/08/31 21:14:03,0.01,163.14
30764,POS消费,地点1043,淋浴,2014/08/31 21:17:35,0.4,162.73
