30790,卡片开户,,,2014/07/18 16:13:28,0.0,0.0
30790,卡充值,,,2014/08/28 09:19:20,200.0,200.0
30790,POS消费,地点72,食堂,2014/08/28 09:24:01,2.0,196.0
30790,POS消费,地点1700,食堂,2014/08/28 09:32:00,2.0,198.0
30790,POS消费,地点1547,食堂,2014/08/28 12:00:57,6.0,190.0
30790,POS消费,地点21,开水,2014/08/28 12:16:57,3.0,187.0
30790,POS消费,地点243,食堂,2014/08/28 18:12:38,3.0,184.0
30790,POS消费,地点157,食堂,2014/08/28 18:30:06,9.6,174.4
30790,POS消费,地点1043,淋浴,2014/08/29 00:23:06,1.0,173.4
30790,POS消费,地点1027,开水,2014/08/29 08:40:23,0.01,173.39
30790,POS消费,地点1451,校车,2014/08/29 11:44:24,1.0,172.39
30790,POS消费,地点72,食堂,2014/08/29 18:28:15,9.6,162.79
30790,POS消费,地点1364,洗衣房,2014/08/29 19:59:57,-3.54,162.73
30790,POS消费,地点1364,洗衣房,2014/08/29 19:59:57,3.6,159.19
30790,POS消费,地点1320,洗衣房,2014/08/29 20:00:45,3.6,159.13
30790,POS消费,地点1320,洗衣房,2014/08/29 20:00:45,-3.54,162.67
30790,POS消费,地点1364,洗衣房,2014/08/29 20:01:52,3.6,159.07
30790,POS消费,地点1364,洗衣房,2014/08/29 20:01:52,-3.54,162.61
30790,POS消费,地点1043,淋浴,2014/08/30 07:30:02,0.7,161.91
30790,POS消费,地点1364,洗衣房,2014/08/30 07:49:27,3.6,158.31
30790,POS消费,地点72,食堂,2014/08/30 09:39:19,2.0,156.31
30790,POS消费,地点264,食堂,2014/08/30 11:19:28,10.6,145.71
30790,POS消费,地点264,食堂,2014/08/30 11:20:25,10.2,124.91
30790,POS消费,地点305,食堂,2014/08/30 11:23:36,6.0,118.91
30790,POS消费,地点249,食堂,2014/08/30 11:33:29,10.6,135.11
30790,POS消费,地点21,开水,2014/08/30 11:36:40,1.2,117.71
30790,POS消费,地点21,开水,2014/08/30 12:18:21,3.0,114.71
30790,POS消费,地点1043,淋浴,2014/08/30 23:21:38,0.5,114.21
30790,POS消费,地点1352,开水,2014/08/31 06:28:46,0.01,114.2
30790,POS消费,地点1027,开水,2014/08/31 06:29:56,0.01,114.19
30790,POS消费,地点1352,开水,2014/08/31 06:32:40,0.01,114.18
30790,POS消费,地点1027,开水,2014/08/31 06:32:45,0.01,114.17
30790,POS消费,地点1027,开水,2014/08/31 06:33:27,0.01,114.16
30790,POS消费,地点1352,开水,2014/08/31 06:36:08,0.01,114.15
30790,POS消费,地点118,食堂,2014/08/31 07:01:17,19.4,94.75
30790,POS消费,地点118,食堂,2014/08/31 07:01:32,0.2,94.55
30790,POS消费,地点91,校车,2014/08/31 17:22:57,9.6,84.95
30790,POS消费,地点21,开水,2014/08/31 17:50:02,1.0,83.95
30790,POS消费,地点21,开水,2014/08/31 17:51:15,3.0,80.95
30790,POS消费,地点1043,淋浴,2014/08/31 23:45:15,0.5,80.45
