30816,卡片开户,,,2014/07/19 11:42:32,0.0,0.0
30816,卡充值,,,2014/08/28 17:13:12,100.0,100.0
30816,POS消费,地点885,开水,2014/08/29 12:03:37,0.02,99.98
30816,POS消费,地点91,校车,2014/08/29 17:50:48,10.8,89.18
30816,POS消费,地点21,开水,2014/08/29 18:01:37,13.1,76.08
30816,POS消费,地点21,开水,2014/08/29 18:32:15,3.5,72.58
30816,POS消费,地点314,食堂,2014/08/29 18:49:12,28.0,44.58
30816,POS消费,地点321,淋浴,2014/08/29 23:02:32,0.2,44.38
30816,POS消费,地点61,食堂,2014/08/30 09:18:57,2.6,41.78
30816,POS消费,地点184,食堂,2014/08/30 11:54:04,4.9,36.88
30816,POS消费,地点21,开水,2014/08/30 17:34:15,1.0,35.88
30816,POS消费,地点428,淋浴,2014/08/30 20:43:08,1.0,34.88
30816,POS消费,地点398,开水,2014/08/30 21:05:33,0.01,34.87
30816,POS消费,地点69,食堂,2014/08/31 07:47:05,2.93,31.94
30816,POS消费,地点398,开水,2014/08/31 12:43:12,0.01,31.93
30816,POS消费,地点398,开水,2014/08/31 13:02:18,0.01,31.92
30816,POS消费,地点885,开水,2014/08/31 13:02:46,0.05,31.87
30816,POS消费,地点398,开水,2014/08/31 13:05:15,0.02,31.85
30816,POS消费,地点885,开水,2014/08/31 13:49:33,0.01,31.84
30816,POS消费,地点91,校车,2014/08/31 17:34:59,6.1,25.74
30816,POS消费,地点91,校车,2014/08/31 17:43:21,4.0,21.74
30816,POS消费,地点460,淋浴,2014/08/31 22:24:49,0.8,20.94
