30858,卡片开户,,,2014/07/18 16:22:09,0.0,0.0
30858,卡充值,,,2014/08/30 12:09:04,200.0,200.0
30858,POS消费,地点69,食堂,2014/08/30 12:16:02,1.0,199.0
30858,POS消费,地点69,食堂,2014/08/30 12:16:18,8.6,190.4
30858,POS消费,地点69,食堂,2014/08/30 12:16:24,1.0,189.4
30858,POS消费,地点91,校车,2014/08/30 17:47:29,7.0,182.4
30858,POS消费,地点21,开水,2014/08/31 07:27:15,3.3,179.1
30858,POS消费,地点91,校车,2014/08/31 07:28:49,0.5,178.6
30858,POS消费,地点21,开水,2014/08/31 17:42:42,4.3,174.3
30858,POS消费,地点248,超市,2014/08/31 17:44:08,5.6,168.7
30858,POS消费,地点91,校车,2014/08/31 17:44:30,4.0,164.7
30858,POS消费,地点1352,开水,2014/08/31 22:36:33,0.01,164.69
30858,POS消费,地点1320,洗衣房,2014/08/31 22:41:55,3.6,161.09
30858,POS消费,地点1320,洗衣房,2014/08/31 22:41:55,-0.66,161.75
