30908,卡片开户,,,2014/07/18 16:00:58,0.0,0.0
30908,卡充值,,,2014/08/26 11:44:09,400.0,400.0
30908,POS消费,地点228,食堂,2014/08/29 18:13:40,6.5,393.5
30908,POS消费,地点231,食堂,2014/08/29 18:28:45,0.4,393.1
30908,POS消费,地点190,超市,2014/08/29 18:48:00,28.0,365.1
30908,POS消费,地点12,文印中心,2014/08/29 21:13:32,0.5,364.6
30908,POS消费,地点232,食堂,2014/08/30 11:08:58,7.0,356.8
30908,POS消费,地点91,校车,2014/08/30 17:10:07,5.5,351.3
30908,POS消费,地点146,校车,2014/08/30 19:16:43,1.0,350.3
30908,POS消费,地点12,文印中心,2014/08/30 23:55:21,0.6,349.7
30908,POS消费,地点91,校车,2014/08/31 07:44:49,1.4,348.3
30908,POS消费,地点190,超市,2014/08/31 21:35:56,6.0,342.3
30908,POS消费,地点1486,淋浴,2014/08/31 22:48:58,0.1,342.2
30908,POS消费,地点1486,淋浴,2014/08/31 22:49:43,0.1,342.1
30908,POS消费,地点1067,淋浴,2014/08/31 22:55:00,0.1,342.0
30908,POS消费,地点1043,淋浴,2014/08/31 23:07:24,0.9,341.1
