30926,卡片开户,,,2014/07/16 10:33:09,0.0,0.0
30926,卡充值,,,2014/08/27 16:42:51,500.0,500.0
30926,POS消费,地点21,开水,2014/08/27 16:50:38,67.3,432.7
30926,POS消费,地点1442,校车,2014/08/27 19:46:30,1.0,431.7
30926,POS消费,地点1442,校车,2014/08/27 19:46:37,1.0,430.7
30926,POS消费,地点21,开水,2014/08/28 15:28:37,100.0,330.7
30926,POS消费,地点21,开水,2014/08/28 15:28:46,55.6,275.1
30926,POS消费,地点1448,校车,2014/08/28 16:34:05,1.0,274.1
30926,POS消费,地点1448,校车,2014/08/28 16:34:11,1.0,273.1
30926,POS消费,地点12,文印中心,2014/08/28 23:27:17,0.1,273.0
30926,POS消费,地点12,文印中心,2014/08/28 23:28:34,0.1,272.9
30926,POS消费,地点12,文印中心,2014/08/28 23:34:07,0.8,272.1
30926,POS消费,地点1448,校车,2014/08/29 10:18:27,1.0,271.1
30926,POS消费,地点1547,食堂,2014/08/29 12:22:13,3.0,268.1
30926,POS消费,地点72,食堂,2014/08/29 18:26:22,9.6,258.5
30926,POS消费,地点12,文印中心,2014/08/29 20:26:23,1.9,256.6
30926,POS消费,地点72,食堂,2014/08/30 08:07:31,4.0,252.6
30926,POS消费,地点230,食堂,2014/08/30 12:14:59,5.0,247.6
30926,POS消费,地点213,食堂,2014/08/30 16:00:22,2.7,244.9
30926,POS消费,地点213,食堂,2014/08/30 16:01:06,2.8,242.1
30926,POS消费,地点21,开水,2014/08/30 17:58:29,1.0,230.5
30926,POS消费,地点157,食堂,2014/08/30 18:10:04,10.6,231.5
30926,POS消费,地点12,文印中心,2014/08/30 22:08:29,1.4,229.1
30926,POS消费,地点21,开水,2014/08/31 07:35:44,1.6,227.5
30926,POS消费,地点21,开水,2014/08/31 07:35:52,1.0,226.5
30926,POS消费,地点91,校车,2014/08/31 07:36:31,0.5,226.0
30926,POS消费,地点91,校车,2014/08/31 07:36:47,0.3,225.7
30926,POS消费,地点250,食堂,2014/08/31 17:52:49,12.0,213.7
30926,POS消费,地点258,食堂,2014/08/31 18:11:43,4.5,209.2
30926,POS消费,地点941,淋浴,2014/08/31 21:19:45,0.8,208.4
