30934,卡片开户,,,2014/07/18 15:59:52,0.0,0.0
30934,卡充值,,,2014/08/30 09:02:14,500.0,500.0
30934,POS消费,地点195,超市,2014/08/30 10:10:05,30.0,470.0
30934,POS消费,地点195,超市,2014/08/30 10:10:10,1.3,468.7
30934,POS消费,地点230,食堂,2014/08/30 11:58:09,5.0,463.7
30934,POS消费,地点228,食堂,2014/08/30 12:02:25,16.0,447.7
30934,POS消费,地点231,食堂,2014/08/30 12:16:54,0.6,447.1
30934,POS消费,地点231,食堂,2014/08/30 12:17:02,0.6,446.5
30934,POS消费,地点1351,洗衣房,2014/08/30 14:20:00,3.6,442.9
30934,POS消费,地点1351,洗衣房,2014/08/30 14:21:32,-3.54,446.44
30934,POS消费,地点1351,洗衣房,2014/08/30 14:23:40,3.6,442.84
30934,POS消费,地点1351,洗衣房,2014/08/30 14:24:27,-3.42,446.26
30934,POS消费,地点124,食堂,2014/08/30 17:58:02,3.0,443.26
30934,POS消费,地点124,食堂,2014/08/30 17:59:25,3.0,440.26
30934,POS消费,地点218,食堂,2014/08/30 18:26:04,4.0,436.26
30934,POS消费,地点12,文印中心,2014/08/31 07:27:11,0.9,435.36
30934,POS消费,地点91,校车,2014/08/31 07:48:58,2.8,432.56
30934,POS消费,地点70,食堂,2014/08/31 07:49:39,2.0,430.56
30934,POS消费,地点91,校车,2014/08/31 12:18:34,2.8,427.76
30934,POS消费,地点91,校车,2014/08/31 12:19:13,4.3,423.46
30934,POS消费,地点21,开水,2014/08/31 12:19:25,1.1,422.36
30934,POS消费,地点21,开水,2014/08/31 12:20:57,12.6,409.76
30934,POS消费,地点248,超市,2014/08/31 12:21:15,4.6,405.16
30934,POS消费,地点6,淋浴,2014/08/31 12:21:43,1.0,404.16
30934,POS消费,地点21,开水,2014/08/31 12:22:17,1.0,403.16
30934,POS消费,地点6,淋浴,2014/08/31 12:23:37,5.0,398.16
30934,POS消费,地点6,淋浴,2014/08/31 12:24:26,3.0,395.16
30934,POS消费,地点21,开水,2014/08/31 12:45:12,3.0,392.16
30934,POS消费,地点21,开水,2014/08/31 12:45:26,3.0,389.16
30934,POS消费,地点21,开水,2014/08/31 12:46:11,3.0,386.16
30934,POS消费,地点272,食堂,2014/08/31 17:33:23,12.0,374.16
30934,POS消费,地点254,食堂,2014/08/31 17:40:19,7.0,367.16
30934,POS消费,地点190,超市,2014/08/31 20:37:59,21.5,345.66
30934,POS消费,地点12,文印中心,2014/08/31 23:25:18,0.1,345.56
