31008,卡片开户,,,2014/07/13 10:53:55,0.0,0.0
31008,卡充值,,,2014/08/28 12:16:48,200.0,200.0
31008,POS消费,地点21,开水,2014/08/28 12:31:20,5.0,195.0
31008,POS消费,地点21,开水,2014/08/28 12:38:56,8.6,186.4
31008,POS消费,地点243,食堂,2014/08/28 12:42:26,5.4,176.0
31008,POS消费,地点230,食堂,2014/08/28 12:53:13,5.0,181.4
31008,POS消费,地点1036,食堂,2014/08/29 18:25:57,1.5,174.5
31008,POS消费,地点21,开水,2014/08/29 18:29:00,5.0,169.5
31008,POS消费,地点238,食堂,2014/08/29 18:30:21,10.0,159.5
31008,POS消费,地点258,食堂,2014/08/29 18:42:59,8.2,151.3
31008,POS消费,地点190,超市,2014/08/29 21:58:27,27.3,123.98
31008,POS消费,地点941,淋浴,2014/08/29 22:42:30,0.3,123.68
31008,POS消费,地点91,校车,2014/08/30 08:28:36,2.8,120.88
31008,POS消费,地点21,开水,2014/08/30 08:29:00,0.5,120.38
31008,POS消费,地点21,开水,2014/08/30 18:43:41,5.0,115.38
31008,POS消费,地点258,食堂,2014/08/30 19:04:27,3.2,112.18
31008,POS消费,地点190,超市,2014/08/30 20:04:43,13.5,98.68
31008,POS消费,地点12,文印中心,2014/08/30 21:41:45,0.4,98.28
31008,POS消费,地点21,开水,2014/08/31 07:44:43,2.5,95.76
31008,POS消费,地点91,校车,2014/08/31 07:44:57,0.5,95.26
31008,POS消费,地点91,校车,2014/08/31 17:42:57,5.6,89.66
31008,POS消费,地点12,文印中心,2014/08/31 20:46:37,0.3,89.36
