31048,卡片开户,,,2014/07/20 11:30:34,0.0,0.0
31048,卡充值,,,2014/08/30 09:32:05,300.0,300.0
31048,POS消费,地点168,食堂,2014/08/30 09:36:40,6.5,293.5
31048,POS消费,地点335,开水,2014/08/30 10:00:35,0.01,293.49
31048,POS消费,地点1284,洗衣房,2014/08/30 10:57:23,3.6,289.89
31048,POS消费,地点1284,洗衣房,2014/08/30 10:57:23,-0.72,290.61
31048,POS消费,地点91,校车,2014/08/30 12:20:32,13.0,265.61
31048,POS消费,地点232,食堂,2014/08/30 12:24:47,12.0,278.61
31048,POS消费,地点232,食堂,2014/08/30 12:30:15,10.9,254.71
31048,POS消费,地点91,校车,2014/08/30 12:56:46,3.2,251.51
31048,卡充值,,,2014/08/30 13:03:02,300.0,551.51
31048,POS消费,地点816,校车,2014/08/30 15:34:58,1.0,550.51
31048,POS消费,地点837,校车,2014/08/30 17:46:48,1.0,549.51
31048,POS消费,地点451,淋浴,2014/08/30 20:24:16,0.13,549.38
31048,POS消费,地点103,食堂,2014/08/31 07:57:41,3.6,545.78
31048,POS消费,地点1451,校车,2014/08/31 11:49:39,1.0,544.78
31048,POS消费,地点12,文印中心,2014/08/31 17:56:01,3.5,541.28
31048,POS消费,地点371,淋浴,2014/08/31 22:43:53,0.5,540.78
