31066,卡片开户,,,2014/07/18 16:16:28,0.0,0.0
31066,卡充值,,,2014/08/28 15:19:36,500.0,500.0
31066,POS消费,地点91,校车,2014/08/29 18:14:51,8.0,492.0
31066,POS消费,地点91,校车,2014/08/29 18:32:09,3.0,489.0
31066,POS消费,地点1448,校车,2014/08/29 19:15:49,1.0,488.0
31066,POS消费,地点941,淋浴,2014/08/29 21:06:18,0.8,487.2
31066,POS消费,地点21,开水,2014/08/30 09:13:22,1.15,483.05
31066,POS消费,地点65,食堂,2014/08/30 09:16:26,0.2,482.35
31066,POS消费,地点60,食堂,2014/08/30 09:22:46,0.5,482.55
31066,POS消费,地点21,开水,2014/08/30 09:24:47,3.0,484.2
31066,POS消费,地点190,超市,2014/08/30 10:45:41,51.3,431.05
31066,POS消费,地点190,超市,2014/08/30 10:46:54,28.0,403.05
31066,POS消费,地点248,超市,2014/08/30 11:56:28,5.6,397.45
31066,POS消费,地点244,食堂,2014/08/30 17:56:41,9.6,372.95
31066,POS消费,地点105,食堂,2014/08/30 18:07:40,6.0,366.95
31066,POS消费,地点26,图书馆,2014/08/30 18:36:11,24.8,342.15
31066,POS消费,地点1961,超市,2014/08/30 18:42:57,0.3,341.85
31066,POS消费,地点12,文印中心,2014/08/30 21:40:50,0.7,341.15
31066,POS消费,地点21,开水,2014/08/31 07:51:20,2.9,338.25
31066,POS消费,地点1686,食堂,2014/08/31 18:04:43,21.0,317.25
31066,POS消费,地点841,食堂,2014/08/31 18:05:14,4.0,313.25
31066,POS消费,地点1155,食堂,2014/08/31 20:45:21,15.0,298.25
31066,POS消费,地点941,淋浴,2014/08/31 21:34:03,0.7,297.55
