31110,卡片开户,,,2014/07/16 11:37:21,0.0,0.0
31110,卡充值,,,2014/08/29 10:57:02,200.0,200.0
31110,POS消费,地点292,超市,2014/08/29 16:16:28,30.0,170.0
31110,POS消费,地点292,超市,2014/08/29 16:16:34,16.8,153.2
31110,POS消费,地点232,食堂,2014/08/29 18:14:21,8.0,145.2
31110,POS消费,地点91,校车,2014/08/29 18:20:57,3.2,142.0
31110,POS消费,地点1448,校车,2014/08/29 19:15:55,1.0,141.0
31110,POS消费,地点941,淋浴,2014/08/30 00:11:25,0.4,140.6
31110,POS消费,地点21,开水,2014/08/30 09:05:43,3.9,136.7
31110,POS消费,地点232,食堂,2014/08/30 12:06:46,10.9,125.8
31110,POS消费,地点21,开水,2014/08/30 12:09:07,3.0,122.8
31110,POS消费,地点1961,超市,2014/08/30 13:20:41,103.3,19.5
31110,POS消费,地点21,开水,2014/08/30 18:25:42,7.1,12.4
31110,POS消费,地点21,开水,2014/08/30 18:26:58,4.0,8.4
31110,POS消费,地点12,文印中心,2014/08/30 21:43:54,0.5,7.9
31110,POS消费,地点91,校车,2014/08/31 08:05:33,1.4,6.5
31110,POS消费,地点841,食堂,2014/08/31 18:03:15,2.9,3.6
31110,POS消费,地点941,淋浴,2014/08/31 23:06:50,0.2,3.4
