31152,卡片开户,,,2014/07/16 15:45:01,0.0,0.0
31152,卡充值,,,2014/08/30 10:29:15,50.0,50.0
31152,POS消费,地点213,食堂,2014/08/30 10:36:41,0.5,49.5
31152,POS消费,地点27,教务处,2014/08/30 11:19:00,15.0,34.5
31152,POS消费,地点1304,开水,2014/08/30 15:26:40,0.01,34.49
31152,POS消费,地点1304,开水,2014/08/30 15:27:48,0.01,34.48
31152,POS消费,地点1303,开水,2014/08/30 15:29:30,0.01,34.47
31152,卡充值,,,2014/08/30 16:57:15,100.0,134.47
31152,POS消费,地点21,开水,2014/08/31 08:43:14,3.2,131.27
31152,POS消费,地点188,超市,2014/08/31 11:53:06,2.1,129.17
31152,POS消费,地点236,食堂,2014/08/31 18:10:14,5.7,118.67
31152,POS消费,地点236,食堂,2014/08/31 18:10:31,3.9,114.77
31152,POS消费,地点1701,食堂,2014/08/31 18:19:34,2.4,126.77
31152,POS消费,地点1701,食堂,2014/08/31 18:20:04,2.4,124.37
31152,POS消费,地点1622,淋浴,2014/08/31 22:43:04,0.8,113.97
