31182,卡片开户,,,2014/07/19 09:38:05,0.0,0.0
31182,POS消费,地点27,教务处,2014/08/29 12:16:20,15.0,284.0
31182,卡充值,,,2014/08/29 12:17:50,300.0,300.0
31182,POS消费,地点213,食堂,2014/08/29 12:19:02,1.0,299.0
31182,POS消费,地点89,食堂,2014/08/29 17:11:13,9.0,275.0
31182,POS消费,地点1447,校车,2014/08/29 17:24:11,1.0,274.0
31182,POS消费,地点1447,校车,2014/08/29 17:24:19,1.0,273.0
31182,POS消费,地点1448,校车,2014/08/29 17:35:24,1.0,272.0
31182,POS消费,地点1448,校车,2014/08/29 17:35:31,1.0,271.0
31182,POS消费,地点1448,校车,2014/08/29 17:42:37,1.0,270.0
31182,POS消费,地点1448,校车,2014/08/29 17:42:43,1.0,269.0
31182,POS消费,地点91,校车,2014/08/30 10:48:09,20.0,233.0
31182,POS消费,地点232,食堂,2014/08/30 10:50:59,8.0,261.0
31182,POS消费,地点232,食堂,2014/08/30 10:51:33,8.0,253.0
31182,POS消费,地点1962,洗衣房,2014/08/30 11:44:16,3.6,229.4
31182,POS消费,地点91,校车,2014/08/31 10:46:10,9.5,219.9
31182,POS消费,地点232,食堂,2014/08/31 10:52:34,7.0,212.9
31182,POS消费,地点21,开水,2014/08/31 10:53:40,6.0,206.9
31182,POS消费,地点6,淋浴,2014/08/31 17:32:25,1.8,205.1
31182,POS消费,地点6,淋浴,2014/08/31 17:32:37,1.8,203.3
31182,POS消费,地点21,开水,2014/08/31 17:33:10,0.85,202.45
31182,POS消费,地点21,开水,2014/08/31 18:18:27,9.4,193.05
31182,POS消费,地点1304,开水,2014/08/31 20:29:03,0.01,193.04
