31202,卡片开户,,,2014/07/19 09:05:10,0.0,0.0
31202,卡充值,,,2014/08/29 17:33:52,400.0,400.0
31202,POS消费,地点21,开水,2014/08/29 20:36:34,30.0,370.0
31202,POS消费,地点21,开水,2014/08/29 20:36:37,30.0,340.0
31202,POS消费,地点21,开水,2014/08/29 20:36:41,5.1,334.9
31202,POS消费,地点1621,淋浴,2014/08/30 06:17:54,0.7,334.2
31202,POS消费,地点157,食堂,2014/08/30 08:38:26,0.8,333.4
31202,POS消费,地点1472,校车,2014/08/30 09:39:30,1.0,332.4
31202,POS消费,地点837,校车,2014/08/30 10:46:07,1.0,331.4
31202,POS消费,地点837,校车,2014/08/30 10:48:19,1.0,330.4
31202,POS消费,地点1847,食堂,2014/08/30 12:02:10,4.3,317.5
31202,POS消费,地点134,食堂,2014/08/30 12:03:47,8.0,322.4
31202,POS消费,地点134,食堂,2014/08/30 12:03:55,0.6,321.8
31202,POS消费,地点1993,洗衣房,2014/08/30 14:40:21,3.6,313.9
31202,POS消费,地点1993,洗衣房,2014/08/30 14:40:21,-1.02,314.92
31202,POS消费,地点222,校车,2014/08/30 16:44:44,1.0,313.92
31202,POS消费,地点1621,淋浴,2014/08/31 06:28:54,0.5,313.42
31202,POS消费,地点188,超市,2014/08/31 08:25:09,25.2,288.22
31202,POS消费,地点1621,淋浴,2014/08/31 09:01:42,0.3,287.92
31202,POS消费,地点1596,食堂,2014/08/31 12:05:02,8.6,279.32
31202,POS消费,地点1303,开水,2014/08/31 12:15:08,0.01,279.31
31202,POS消费,地点264,食堂,2014/08/31 17:49:50,10.6,268.71
