31218,卡片开户,,,2014/07/15 11:26:21,0.0,0.0
31218,卡充值,,,2014/08/29 11:15:00,200.0,200.0
31218,POS消费,地点59,食堂,2014/08/29 12:55:24,1.5,182.4
31218,POS消费,地点59,食堂,2014/08/29 12:55:39,1.5,180.9
31218,POS消费,地点253,食堂,2014/08/29 13:05:06,5.4,194.6
31218,POS消费,地点253,食堂,2014/08/29 13:05:48,1.2,193.4
31218,POS消费,地点253,食堂,2014/08/29 13:05:55,5.0,188.4
31218,POS消费,地点253,食堂,2014/08/29 13:06:08,4.5,183.9
31218,POS消费,地点242,食堂,2014/08/29 13:09:10,1.5,179.4
31218,POS消费,地点61,食堂,2014/08/29 19:03:21,8.6,170.8
31218,POS消费,地点61,食堂,2014/08/29 19:03:54,8.8,162.0
31218,POS消费,地点61,食堂,2014/08/29 19:04:10,8.6,153.4
31218,POS消费,地点1963,洗衣房,2014/08/30 10:29:14,1.26,152.14
31218,POS消费,地点1963,洗衣房,2014/08/30 10:33:54,-0.96,153.1
31218,POS消费,地点161,食堂,2014/08/30 12:37:55,10.2,129.4
31218,POS消费,地点89,食堂,2014/08/30 12:48:55,13.5,139.6
31218,POS消费,地点72,食堂,2014/08/30 18:33:20,5.1,124.3
31218,POS消费,地点72,食堂,2014/08/30 18:33:49,10.8,113.5
31218,POS消费,地点874,淋浴,2014/08/30 19:25:26,0.4,113.1
31218,POS消费,地点874,淋浴,2014/08/30 19:40:13,0.2,112.9
31218,POS消费,地点874,淋浴,2014/08/30 19:46:28,0.2,112.7
31218,POS消费,地点874,淋浴,2014/08/30 19:50:55,0.2,112.5
31218,POS消费,地点874,淋浴,2014/08/30 19:52:44,0.1,112.4
31218,POS消费,地点874,淋浴,2014/08/30 19:58:10,0.1,112.3
31218,POS消费,地点874,淋浴,2014/08/30 20:01:16,0.1,112.2
31218,POS消费,地点874,淋浴,2014/08/30 20:03:18,0.3,111.9
31218,POS消费,地点874,淋浴,2014/08/30 20:06:08,0.1,111.8
31218,POS消费,地点1963,洗衣房,2014/08/30 22:02:17,1.26,110.54
31218,POS消费,地点1963,洗衣房,2014/08/30 22:02:17,-0.72,111.26
31218,POS消费,地点21,开水,2014/08/31 09:34:33,13.4,97.86
31218,POS消费,地点204,食堂,2014/08/31 09:41:47,4.5,93.36
31218,POS消费,地点314,食堂,2014/08/31 10:27:33,23.5,69.86
31218,POS消费,地点866,淋浴,2014/08/31 21:52:27,0.1,69.76
31218,POS消费,地点866,淋浴,2014/08/31 21:57:26,0.3,69.46
