31250,卡片开户,,,2014/07/18 16:31:28,0.0,0.0
31250,卡充值,,,2014/08/30 14:55:20,300.0,300.0
31250,POS消费,地点103,食堂,2014/08/30 17:19:52,7.6,292.4
31250,POS消费,地点192,超市,2014/08/30 17:32:11,8.0,284.4
31250,POS消费,地点1617,淋浴,2014/08/30 21:48:44,0.5,283.9
31250,POS消费,地点60,食堂,2014/08/31 07:20:34,0.7,283.2
31250,POS消费,地点69,食堂,2014/08/31 07:21:30,2.6,280.6
31250,POS消费,地点157,食堂,2014/08/31 12:20:35,10.6,270.0
31250,POS消费,地点222,校车,2014/08/31 18:00:43,1.0,269.0
31250,POS消费,地点1358,淋浴,2014/08/31 20:23:39,0.5,268.5
