31390,卡片开户,,,2014/07/19 09:45:11,0.0,0.0
31390,卡充值,,,2014/08/28 15:28:39,500.0,500.0
31390,POS消费,地点213,食堂,2014/08/28 15:36:36,1.0,499.0
31390,POS消费,地点69,食堂,2014/08/28 17:30:54,10.6,488.4
31390,POS消费,地点21,开水,2014/08/29 09:03:23,3.0,485.4
31390,POS消费,地点72,食堂,2014/08/29 18:55:05,8.4,477.0
31390,POS消费,地点188,超市,2014/08/29 21:03:14,22.9,454.1
31390,POS消费,地点1588,食堂,2014/08/30 07:58:47,2.5,451.6
31390,POS消费,地点134,食堂,2014/08/30 08:00:04,0.8,450.8
31390,POS消费,地点72,食堂,2014/08/30 12:39:09,4.6,446.2
31390,POS消费,地点314,食堂,2014/08/30 14:41:57,28.0,418.2
31390,POS消费,地点314,食堂,2014/08/30 16:51:05,3.6,414.6
31390,POS消费,地点232,食堂,2014/08/30 17:20:03,4.5,410.1
31390,POS消费,地点21,开水,2014/08/30 22:01:00,8.4,401.7
31390,POS消费,地点204,食堂,2014/08/31 09:16:34,4.5,397.2
31390,POS消费,地点188,超市,2014/08/31 11:42:40,6.3,390.9
31390,POS消费,地点91,校车,2014/08/31 12:17:38,5.5,385.4
31390,POS消费,地点1547,食堂,2014/08/31 17:11:39,3.0,382.4
