31398,卡片开户,,,2014/07/16 11:11:15,0.0,0.0
31398,卡充值,,,2014/08/29 11:09:37,300.0,300.0
31398,POS消费,地点61,食堂,2014/08/29 12:13:11,8.4,291.6
31398,POS消费,地点61,食堂,2014/08/29 12:13:27,7.6,284.0
31398,POS消费,地点61,食堂,2014/08/29 12:13:44,5.8,278.2
31398,POS消费,地点188,超市,2014/08/30 09:33:02,5.0,273.13
31398,POS消费,地点146,校车,2014/08/30 09:59:57,1.0,272.1
31398,POS消费,地点146,校车,2014/08/30 10:00:04,1.0,271.1
31398,POS消费,地点146,校车,2014/08/30 10:00:12,1.0,270.1
31398,POS消费,地点837,校车,2014/08/30 10:15:21,1.0,269.1
31398,POS消费,地点837,校车,2014/08/30 10:15:27,1.0,268.1
31398,POS消费,地点837,校车,2014/08/30 10:15:35,1.0,267.1
31398,卡充值,,,2014/08/30 12:43:06,600.0,867.1
31398,POS消费,地点192,超市,2014/08/30 15:15:51,30.0,837.1
31398,POS消费,地点192,超市,2014/08/30 15:15:54,30.0,807.1
31398,POS消费,地点192,超市,2014/08/30 15:16:39,30.0,777.1
31398,POS消费,地点192,超市,2014/08/30 15:17:00,25.8,751.3
31398,POS消费,地点192,超市,2014/08/30 17:26:47,3.5,747.8
31398,POS消费,地点89,食堂,2014/08/31 07:48:05,3.0,744.07
31398,POS消费,地点89,食堂,2014/08/31 07:57:48,1.0,743.07
31398,POS消费,地点61,食堂,2014/08/31 11:26:21,6.6,736.47
31398,POS消费,地点192,超市,2014/08/31 11:28:22,2.4,734.07
31398,POS消费,地点21,开水,2014/08/31 16:28:50,4.0,730.07
31398,POS消费,地点21,开水,2014/08/31 17:02:43,3.5,726.57
31398,POS消费,地点1547,食堂,2014/08/31 17:11:35,3.0,723.57
