31408,卡片开户,,,2014/07/21 09:45:40,0.0,0.0
31408,卡充值,,,2014/08/10 10:46:21,500.0,500.0
31408,POS消费,地点21,开水,2014/08/10 12:35:32,4.4,486.4
31408,POS消费,地点61,食堂,2014/08/10 12:47:23,4.6,495.4
31408,POS消费,地点61,食堂,2014/08/10 12:48:11,4.6,490.8
31408,POS消费,地点21,开水,2014/08/10 12:58:25,11.9,474.5
31408,POS消费,地点72,食堂,2014/08/10 17:57:31,4.2,470.3
31408,POS消费,地点21,开水,2014/08/10 18:15:58,20.5,449.8
31408,POS消费,地点361,淋浴,2014/08/10 21:26:38,0.9,448.9
31408,POS消费,地点87,食堂,2014/08/11 08:38:57,3.0,445.87
31408,POS消费,地点1588,食堂,2014/08/11 12:37:56,5.1,440.77
31408,POS消费,地点1588,食堂,2014/08/11 17:31:02,6.2,434.57
31408,POS消费,地点188,超市,2014/08/11 17:43:08,30.0,404.57
31408,POS消费,地点188,超市,2014/08/11 17:43:14,11.3,393.27
31408,POS消费,地点361,淋浴,2014/08/11 19:50:59,1.2,392.07
31408,POS消费,地点87,食堂,2014/08/12 08:56:32,2.0,390.04
31408,POS消费,地点228,食堂,2014/08/12 12:06:25,8.0,382.04
31408,POS消费,地点361,淋浴,2014/08/12 23:13:12,1.0,381.04
31408,POS消费,地点61,食堂,2014/08/13 09:03:50,2.2,378.84
31408,POS消费,地点228,食堂,2014/08/13 12:28:51,5.0,373.84
31408,POS消费,地点21,开水,2014/08/13 12:57:08,18.3,355.54
31408,POS消费,地点21,开水,2014/08/13 17:28:01,4.2,351.34
31408,POS消费,地点361,淋浴,2014/08/13 20:53:40,1.3,350.04
31408,POS消费,地点21,开水,2014/08/14 08:49:17,2.6,347.44
31408,POS消费,地点228,食堂,2014/08/14 12:05:54,8.0,339.44
31408,POS消费,地点361,淋浴,2014/08/14 22:00:39,0.9,338.54
31408,POS消费,地点21,开水,2014/08/15 09:04:17,2.6,335.94
31408,POS消费,地点361,淋浴,2014/08/15 22:33:23,1.3,334.64
31408,POS消费,地点21,开水,2014/08/16 09:09:34,1.6,333.04
31408,POS消费,地点65,食堂,2014/08/16 09:09:53,0.8,332.24
31408,POS消费,地点21,开水,2014/08/16 12:11:06,4.2,328.04
31408,POS消费,地点361,淋浴,2014/08/16 23:28:17,0.8,327.24
31408,POS消费,地点65,食堂,2014/08/17 08:46:15,0.8,325.04
31408,POS消费,地点72,食堂,2014/08/17 08:49:05,3.0,322.04
31408,POS消费,地点61,食堂,2014/08/17 08:59:12,1.4,325.84
31408,POS消费,地点21,开水,2014/08/17 12:19:45,5.2,316.84
31408,POS消费,地点21,开水,2014/08/17 17:06:27,4.2,312.64
31408,POS消费,地点387,淋浴,2014/08/17 19:00:19,1.0,311.64
31408,POS消费,地点387,淋浴,2014/08/17 19:00:25,0.2,311.44
31408,POS消费,地点21,开水,2014/08/18 08:30:23,3.4,308.04
31408,POS消费,地点72,食堂,2014/08/18 08:39:50,3.0,305.04
31408,POS消费,地点21,开水,2014/08/18 17:55:35,7.0,298.04
31408,POS消费,地点361,淋浴,2014/08/18 22:14:41,0.7,297.34
31408,POS消费,地点72,食堂,2014/08/19 08:48:23,5.6,291.74
31408,POS消费,地点21,开水,2014/08/19 12:26:03,4.2,287.54
31408,POS消费,地点21,开水,2014/08/19 12:45:38,13.3,274.24
31408,POS消费,地点188,超市,2014/08/19 12:51:55,16.3,257.94
31408,POS消费,地点228,食堂,2014/08/19 17:14:11,5.0,252.94
31408,POS消费,地点231,食堂,2014/08/19 17:29:21,0.2,252.74
31408,POS消费,地点361,淋浴,2014/08/19 22:05:39,1.4,251.34
31408,POS消费,地点21,开水,2014/08/20 08:34:16,5.0,246.34
31408,POS消费,地点21,开水,2014/08/20 11:53:37,4.2,242.14
31408,POS消费,地点363,淋浴,2014/08/20 22:33:16,0.9,241.24
31408,POS消费,地点21,开水,2014/08/21 08:24:59,5.0,236.24
31408,POS消费,地点161,食堂,2014/08/21 12:13:26,4.2,232.04
31408,POS消费,地点21,开水,2014/08/21 12:30:57,4.6,227.44
31408,POS消费,地点21,开水,2014/08/21 16:57:32,4.2,223.24
31408,POS消费,地点21,开水,2014/08/21 17:18:10,15.4,207.84
31408,POS消费,地点1369,淋浴,2014/08/21 21:07:15,1.2,206.64
31408,POS消费,地点72,食堂,2014/08/22 08:34:14,3.2,203.44
31408,POS消费,地点309,食堂,2014/08/22 11:17:32,5.0,198.44
31408,POS消费,地点231,食堂,2014/08/22 11:34:27,0.2,198.24
31408,POS消费,地点21,开水,2014/08/22 19:48:34,18.6,179.64
31408,POS消费,地点1369,淋浴,2014/08/22 21:01:51,0.7,178.91
31408,POS消费,地点72,食堂,2014/08/23 07:44:15,3.45,174.66
31408,POS消费,地点60,食堂,2014/08/23 07:49:44,0.8,178.11
31408,POS消费,地点1878,洗衣房,2014/08/27 22:13:47,1.26,173.4
31408,POS消费,地点866,淋浴,2014/08/27 23:09:21,0.1,173.3
31408,POS消费,地点866,淋浴,2014/08/27 23:11:59,1.0,172.3
31408,POS消费,地点21,开水,2014/08/28 11:12:33,4.0,168.3
31408,POS消费,地点21,开水,2014/08/28 11:12:39,0.2,168.1
31408,POS消费,地点218,食堂,2014/08/28 11:33:10,4.3,163.8
31408,POS消费,地点27,教务处,2014/08/28 15:25:21,25.0,138.8
31408,POS消费,地点21,开水,2014/08/28 17:36:16,4.2,134.6
31408,POS消费,地点21,开水,2014/08/28 17:36:30,4.0,130.6
31408,POS消费,地点874,淋浴,2014/08/28 22:57:17,0.6,130.0
31408,POS消费,地点866,淋浴,2014/08/29 23:03:08,0.7,129.3
31408,POS消费,地点1961,超市,2014/08/30 11:53:11,28.0,101.3
31408,POS消费,地点873,淋浴,2014/08/31 07:10:05,0.5,100.8
31408,POS消费,地点91,校车,2014/08/31 11:57:11,7.1,93.7
31408,POS消费,地点874,淋浴,2014/08/31 23:39:30,0.5,93.2
