31474,卡片开户,,,2014/07/16 11:35:12,0.0,0.0
31474,卡充值,,,2014/08/28 16:31:46,300.0,300.0
31474,POS消费,地点70,食堂,2014/08/28 16:57:42,2.5,293.0
31474,POS消费,地点89,食堂,2014/08/28 17:00:23,4.5,295.5
31474,POS消费,地点188,超市,2014/08/28 19:13:11,33.2,259.8
31474,POS消费,地点222,校车,2014/08/29 10:02:54,1.0,258.8
31474,POS消费,地点218,食堂,2014/08/29 12:13:53,2.9,255.9
31474,POS消费,地点228,食堂,2014/08/29 12:24:40,8.0,247.9
31474,POS消费,地点231,食堂,2014/08/29 12:40:23,0.6,247.3
31474,POS消费,地点231,食堂,2014/08/29 12:40:28,0.6,246.7
31474,POS消费,地点222,校车,2014/08/29 14:11:40,1.0,245.7
31474,POS消费,地点222,校车,2014/08/29 17:28:19,1.0,244.7
31474,POS消费,地点218,食堂,2014/08/29 17:33:14,2.9,241.8
31474,POS消费,地点822,食堂,2014/08/29 17:36:00,5.6,236.2
31474,POS消费,地点255,食堂,2014/08/29 17:38:05,1.0,235.2
31474,POS消费,地点233,食堂,2014/08/29 17:45:00,0.6,234.6
31474,POS消费,地点1451,校车,2014/08/30 09:09:53,1.0,233.6
31474,POS消费,地点234,食堂,2014/08/30 11:55:00,7.1,226.5
31474,POS消费,地点1847,食堂,2014/08/30 12:03:28,3.5,223.0
31474,POS消费,地点1472,校车,2014/08/30 15:04:35,1.0,222.0
31474,POS消费,地点816,校车,2014/08/30 15:09:43,1.0,221.0
31474,POS消费,地点234,食堂,2014/08/30 18:16:42,7.6,213.4
31474,POS消费,地点69,食堂,2014/08/31 08:38:44,4.6,208.2
31474,POS消费,地点114,食堂,2014/08/31 09:02:57,2.5,205.7
31474,POS消费,地点192,超市,2014/08/31 10:19:10,30.0,175.7
31474,POS消费,地点192,超市,2014/08/31 10:19:13,30.0,145.7
31474,POS消费,地点192,超市,2014/08/31 10:19:16,30.0,115.7
31474,POS消费,地点192,超市,2014/08/31 10:19:19,2.3,113.4
31474,POS消费,地点1701,食堂,2014/08/31 12:12:45,5.9,107.5
31474,POS消费,地点1701,食堂,2014/08/31 12:13:26,5.0,102.5
31474,POS消费,地点65,食堂,2014/08/31 17:58:59,10.6,91.9
31474,POS消费,地点61,食堂,2014/08/31 18:22:57,0.6,91.3
