31614,卡片开户,,,2014/07/15 15:52:26,0.0,0.0
31614,卡充值,,,2014/08/29 12:03:14,500.0,500.0
31614,POS消费,地点161,食堂,2014/08/29 12:12:19,12.4,487.6
31614,POS消费,地点87,食堂,2014/08/29 12:12:48,4.6,483.0
31614,POS消费,地点87,食堂,2014/08/29 12:12:57,4.6,478.4
31614,POS消费,地点1588,食堂,2014/08/29 18:44:36,4.1,474.3
31614,POS消费,地点134,食堂,2014/08/29 18:45:25,9.6,464.7
31614,POS消费,地点134,食堂,2014/08/29 18:46:00,9.8,454.9
31614,POS消费,地点87,食堂,2014/08/30 11:42:42,4.6,450.25
31614,POS消费,地点87,食堂,2014/08/30 11:42:53,4.6,445.65
31614,POS消费,地点82,食堂,2014/08/30 12:00:00,8.3,437.35
31614,POS消费,地点65,食堂,2014/08/30 17:00:22,4.6,432.75
31614,POS消费,地点837,校车,2014/08/30 18:58:27,1.0,431.75
31614,POS消费,地点161,食堂,2014/08/31 08:09:20,4.4,426.95
31614,POS消费,地点264,食堂,2014/08/31 11:30:37,5.6,421.35
31614,POS消费,地点1847,食堂,2014/08/31 11:33:33,1.5,419.85
31614,POS消费,地点87,食堂,2014/08/31 18:12:08,4.6,415.25
