31636,卡片开户,,,2014/07/12 14:47:36,0.0,0.0
31636,卡充值,,,2014/08/27 14:11:14,500.0,500.0
31636,POS消费,地点26,图书馆,2014/08/27 14:47:24,100.0,400.0
31636,POS消费,地点26,图书馆,2014/08/27 14:47:34,100.0,300.0
31636,POS消费,地点26,图书馆,2014/08/27 14:47:42,100.0,200.0
31636,POS消费,地点26,图书馆,2014/08/27 14:47:55,100.0,100.0
31636,POS消费,地点26,图书馆,2014/08/27 14:48:03,36.1,63.9
31636,POS消费,地点21,开水,2014/08/27 16:29:24,5.6,58.3
31636,POS消费,地点1155,食堂,2014/08/31 10:21:22,10.0,48.29
31636,POS消费,地点195,超市,2014/08/31 11:56:51,7.6,40.69
31636,POS消费,地点21,开水,2014/08/31 17:00:32,7.3,33.39
31636,POS消费,地点283,食堂,2014/08/31 18:10:14,4.6,28.79
31636,POS消费,地点822,食堂,2014/08/31 18:11:19,10.0,18.79
