31694,卡片开户,,,2014/07/18 16:42:18,0.0,0.0
31694,卡充值,,,2014/08/29 11:53:33,1200.0,1200.0
31694,POS消费,地点213,食堂,2014/08/29 12:27:51,3.0,1197.0
31694,POS消费,地点61,食堂,2014/08/30 17:58:40,3.6,1193.4
31694,POS消费,地点1564,开水,2014/08/30 18:29:52,0.04,1193.36
31694,POS消费,地点1638,淋浴,2014/08/30 21:36:22,0.6,1192.76
31694,POS消费,地点87,食堂,2014/08/31 07:42:16,3.0,1189.76
31694,POS消费,地点65,食堂,2014/08/31 11:49:29,4.6,1185.16
31694,POS消费,地点182,食堂,2014/08/31 17:58:47,11.6,1173.56
31694,POS消费,地点1564,开水,2014/08/31 19:23:00,0.07,1173.49
31694,POS消费,地点1541,淋浴,2014/08/31 19:37:34,0.7,1172.79
