31706,卡片开户,,,2014/07/16 11:07:46,0.0,0.0
31706,卡充值,,,2014/08/29 12:17:40,500.0,500.0
31706,POS消费,地点61,食堂,2014/08/29 12:40:07,4.6,495.4
31706,POS消费,地点61,食堂,2014/08/29 12:40:26,7.6,487.8
31706,POS消费,地点61,食堂,2014/08/29 12:40:45,7.6,480.2
31706,POS消费,地点61,食堂,2014/08/29 12:41:05,7.6,472.6
31706,POS消费,地点61,食堂,2014/08/29 12:41:31,7.6,465.0
31706,POS消费,地点1541,淋浴,2014/08/29 22:12:10,0.3,464.7
31706,POS消费,地点1565,开水,2014/08/30 07:42:09,0.06,464.64
31706,POS消费,地点87,食堂,2014/08/30 08:59:46,3.0,461.64
31706,POS消费,地点146,校车,2014/08/30 09:27:28,1.0,460.64
31706,POS消费,地点269,食堂,2014/08/30 12:11:17,5.6,455.04
31706,POS消费,地点282,食堂,2014/08/30 12:11:57,2.0,453.04
31706,POS消费,地点1541,淋浴,2014/08/30 20:38:27,0.3,452.74
31706,POS消费,地点1565,开水,2014/08/31 06:34:54,0.08,452.66
31706,POS消费,地点69,食堂,2014/08/31 07:06:14,2.0,450.66
31706,POS消费,地点60,食堂,2014/08/31 07:16:43,0.3,450.36
31706,POS消费,地点314,食堂,2014/08/31 08:45:53,116.2,334.16
31706,POS消费,地点219,超市,2014/08/31 17:18:20,2.0,332.16
31706,POS消费,地点219,超市,2014/08/31 19:16:36,6.0,326.16
31706,POS消费,地点188,超市,2014/08/31 19:56:49,5.0,321.16
31706,POS消费,地点232,食堂,2014/08/31 20:10:26,0.4,320.76
31706,POS消费,地点188,超市,2014/08/31 21:02:45,5.8,314.96
