31804,卡片开户,,,2014/07/13 11:00:41,0.0,0.0
31804,卡充值,,,2014/08/29 17:47:50,500.0,500.0
31804,POS消费,地点61,食堂,2014/08/29 18:08:02,7.4,492.6
31804,POS消费,地点866,淋浴,2014/08/29 22:36:25,0.8,491.8
31804,POS消费,地点1878,洗衣房,2014/08/29 22:53:59,1.26,490.54
31804,POS消费,地点114,食堂,2014/08/30 08:47:02,2.0,488.54
31804,POS消费,地点1847,食堂,2014/08/30 11:45:33,1.5,487.04
31804,POS消费,地点1847,食堂,2014/08/30 11:46:14,3.0,484.04
31804,POS消费,地点1588,食堂,2014/08/30 12:02:14,7.4,476.64
31804,POS消费,地点91,校车,2014/08/30 17:13:25,2.0,474.64
31804,POS消费,地点21,开水,2014/08/30 17:18:48,11.0,463.64
31804,POS消费,地点873,淋浴,2014/08/30 22:11:20,0.4,463.24
31804,POS消费,地点83,食堂,2014/08/31 09:59:01,12.0,451.24
31804,POS消费,地点204,食堂,2014/08/31 12:28:42,5.5,445.74
31804,POS消费,地点91,校车,2014/08/31 17:21:27,6.4,439.34
31804,POS消费,地点21,开水,2014/08/31 17:39:19,14.3,425.04
31804,POS消费,地点916,淋浴,2014/08/31 21:16:20,1.1,423.94
31804,POS消费,地点1963,洗衣房,2014/08/31 21:31:53,1.26,422.68
31804,POS消费,地点1963,洗衣房,2014/08/31 21:31:58,1.26,421.42
31804,POS消费,地点1963,洗衣房,2014/08/31 21:31:58,-1.2,422.62
31804,POS消费,地点1878,洗衣房,2014/08/31 21:32:44,1.26,421.36
