31810,卡片开户,,,2014/07/18 16:32:55,0.0,0.0
31810,卡充值,,,2014/08/29 17:47:33,100.0,100.0
31810,卡充值,,,2014/08/29 17:48:48,400.0,500.0
31810,POS消费,地点61,食堂,2014/08/29 18:07:37,6.4,493.6
31810,POS消费,地点195,超市,2014/08/29 18:22:23,28.6,465.0
31810,POS消费,地点114,食堂,2014/08/30 08:47:12,2.5,462.5
31810,POS消费,地点195,超市,2014/08/30 10:33:16,30.0,432.5
31810,POS消费,地点195,超市,2014/08/30 10:33:22,11.1,421.4
31810,POS消费,地点21,开水,2014/08/30 11:46:24,7.9,413.5
31810,POS消费,地点232,食堂,2014/08/30 17:17:09,10.0,403.5
31810,POS消费,地点874,淋浴,2014/08/30 22:23:01,0.2,403.3
31810,POS消费,地点874,淋浴,2014/08/30 22:25:32,1.0,402.3
31810,POS消费,地点83,食堂,2014/08/31 09:59:49,15.0,387.3
31810,POS消费,地点91,校车,2014/08/31 17:21:47,3.4,383.9
31810,POS消费,地点21,开水,2014/08/31 17:22:19,4.0,379.9
31810,POS消费,地点21,开水,2014/08/31 17:39:09,9.9,370.0
31810,POS消费,地点866,淋浴,2014/08/31 22:42:58,0.3,369.7
