31834,卡片开户,,,2014/07/18 16:18:37,0.0,0.0
31834,卡充值,,,2014/08/29 12:01:05,100.0,100.0
31834,POS消费,地点72,食堂,2014/08/29 12:10:49,8.6,91.4
31834,POS消费,地点21,开水,2014/08/29 12:44:08,37.5,53.9
31834,POS消费,地点1602,淋浴,2014/08/30 20:35:48,0.1,53.8
31834,POS消费,地点1602,淋浴,2014/08/30 20:37:06,0.2,53.6
31834,POS消费,地点1602,淋浴,2014/08/30 20:39:40,0.3,53.3
31834,POS消费,地点1564,开水,2014/08/30 21:17:33,0.08,53.22
31834,POS消费,地点1155,食堂,2014/08/31 16:35:18,2.5,50.72
31834,POS消费,地点1155,食堂,2014/08/31 16:35:29,2.5,48.22
31834,卡充值,,,2014/08/31 16:43:22,500.0,548.22
31834,POS消费,地点21,开水,2014/08/31 18:38:02,5.1,543.12
31834,POS消费,地点21,开水,2014/08/31 18:57:32,3.0,540.12
31834,POS消费,地点232,食堂,2014/08/31 19:23:59,0.8,539.32
