31848,卡片开户,,,2014/07/19 09:51:56,0.0,0.0
31848,卡充值,,,2014/08/25 11:23:38,200.0,200.0
31848,POS消费,地点179,食堂,2014/08/25 11:40:29,15.6,184.4
31848,POS消费,地点179,食堂,2014/08/25 11:42:39,1.2,183.2
31848,POS消费,地点21,开水,2014/08/27 11:45:51,3.5,160.24
31848,POS消费,地点179,食堂,2014/08/27 11:58:19,5.6,177.6
31848,POS消费,地点179,食堂,2014/08/27 11:58:34,4.6,168.34
31848,POS消费,地点179,食堂,2014/08/27 11:59:16,4.6,163.74
31848,POS消费,地点251,食堂,2014/08/27 12:16:51,1.5,158.74
31848,POS消费,地点251,食堂,2014/08/27 12:18:42,0.6,158.14
31848,POS消费,地点816,校车,2014/08/30 09:42:38,1.0,157.14
31848,POS消费,地点87,食堂,2014/08/30 12:11:44,4.6,152.54
31848,POS消费,地点87,食堂,2014/08/30 12:11:48,4.0,148.54
31848,POS消费,地点228,食堂,2014/08/30 12:26:37,6.0,142.54
31848,POS消费,地点228,食堂,2014/08/30 12:26:51,6.0,136.54
31848,POS消费,地点228,食堂,2014/08/30 12:27:04,7.0,129.54
31848,POS消费,地点231,食堂,2014/08/30 12:41:32,1.6,127.94
31848,POS消费,地点231,食堂,2014/08/30 12:52:30,0.6,127.34
31848,POS消费,地点1447,校车,2014/08/30 13:34:40,1.0,126.34
31848,POS消费,地点1447,校车,2014/08/30 13:34:59,1.0,125.34
31848,POS消费,地点1447,校车,2014/08/30 13:35:05,1.0,124.34
31848,POS消费,地点1447,校车,2014/08/30 13:35:14,1.0,123.34
31848,POS消费,地点1447,校车,2014/08/30 13:35:20,1.0,122.34
31848,POS消费,地点1447,校车,2014/08/30 13:35:29,1.0,121.34
31848,POS消费,地点26,图书馆,2014/08/30 15:13:17,84.3,37.04
31848,POS消费,地点211,校车,2014/08/30 17:07:50,1.0,36.04
31848,POS消费,地点168,食堂,2014/08/30 19:42:27,5.5,30.54
31848,POS消费,地点1638,淋浴,2014/08/30 22:05:38,0.5,30.04
31848,POS消费,地点1638,淋浴,2014/08/30 22:09:58,0.1,29.94
31848,卡充值,,,2014/08/31 09:33:25,400.0,429.94
31848,POS消费,地点192,超市,2014/08/31 09:42:49,6.6,423.34
31848,POS消费,地点82,食堂,2014/08/31 12:25:12,9.6,413.74
31848,POS消费,地点1961,超市,2014/08/31 12:54:52,11.3,402.44
31848,POS消费,地点232,食堂,2014/08/31 18:37:33,0.5,401.94
31848,POS消费,地点21,开水,2014/08/31 19:08:28,9.9,392.04
31848,POS消费,地点1565,开水,2014/08/31 19:13:01,0.05,391.99
