31916,卡片开户,,,2014/07/19 11:55:23,0.0,0.0
31916,卡充值,,,2014/08/30 14:23:43,500.0,500.0
31916,POS消费,地点157,食堂,2014/08/30 17:55:04,15.6,484.4
31916,POS消费,地点1847,食堂,2014/08/30 17:58:09,3.9,480.5
31916,POS消费,地点1472,校车,2014/08/31 13:02:22,1.0,479.5
31916,POS消费,地点188,超市,2014/08/31 13:09:34,16.5,463.0
31916,POS消费,地点192,超市,2014/08/31 16:45:41,4.8,458.2
31916,POS消费,地点87,食堂,2014/08/31 18:03:50,4.6,453.6
31916,POS消费,地点1541,淋浴,2014/08/31 22:01:39,0.5,453.1
