31986,卡片开户,,,2014/07/18 16:31:09,0.0,0.0
31986,卡充值,,,2014/08/30 16:00:24,400.0,400.0
31986,POS消费,地点1561,开水,2014/08/30 16:41:55,0.07,399.93
31986,POS消费,地点203,食堂,2014/08/30 18:12:52,21.5,378.43
31986,POS消费,地点134,食堂,2014/08/31 08:29:07,0.5,377.93
31986,POS消费,地点1596,食堂,2014/08/31 08:29:16,0.4,377.53
31986,POS消费,地点103,食堂,2014/08/31 08:36:54,1.8,375.73
31986,POS消费,地点1561,开水,2014/08/31 09:16:40,0.01,375.72
31986,POS消费,地点1561,开水,2014/08/31 09:59:25,0.01,375.71
31986,POS消费,地点21,开水,2014/08/31 11:08:00,4.1,371.61
31986,POS消费,地点21,开水,2014/08/31 11:08:16,4.0,367.61
31986,POS消费,地点91,校车,2014/08/31 18:24:48,5.5,362.11
31986,POS消费,地点1561,开水,2014/08/31 19:12:02,0.01,362.1
31986,POS消费,地点1561,开水,2014/08/31 22:07:42,0.01,361.59
31986,POS消费,地点1875,淋浴,2014/08/31 22:08:22,0.5,361.6
