32040,POS消费,地点12,文印中心,2014/07/03 11:53:31,0.13,0.84
32040,POS消费,地点12,文印中心,2014/07/03 11:53:31,0.0,0.0
32040,卡片开户,,,2014/07/15 15:53:13,0.0,0.0
32040,卡充值,,,2014/08/28 16:10:01,200.0,200.0
32040,POS消费,地点27,教务处,2014/08/28 16:12:29,15.0,184.5
32040,POS消费,地点213,食堂,2014/08/28 16:14:27,0.5,199.5
32040,POS消费,地点21,开水,2014/08/28 17:42:40,4.6,179.9
32040,POS消费,地点21,开水,2014/08/28 17:42:59,4.6,175.3
32040,POS消费,地点21,开水,2014/08/28 17:43:17,4.6,170.7
32040,POS消费,地点314,食堂,2014/08/28 18:30:54,8.6,162.1
32040,POS消费,地点1561,开水,2014/08/28 19:14:44,0.09,162.01
32040,POS消费,地点1561,开水,2014/08/28 20:02:39,0.05,161.96
32040,POS消费,地点1561,开水,2014/08/28 20:22:33,0.11,161.85
32040,POS消费,地点72,食堂,2014/08/29 08:58:21,6.8,155.05
32040,POS消费,地点72,食堂,2014/08/29 08:58:35,3.4,151.65
32040,POS消费,地点72,食堂,2014/08/29 08:58:45,4.8,146.85
32040,POS消费,地点72,食堂,2014/08/29 09:06:13,1.6,145.25
32040,POS消费,地点21,开水,2014/08/29 13:24:20,4.6,140.65
32040,POS消费,地点21,开水,2014/08/29 13:24:47,4.0,136.65
32040,POS消费,地点21,开水,2014/08/29 13:25:03,8.6,128.05
32040,POS消费,地点21,开水,2014/08/29 13:25:25,8.6,119.45
32040,POS消费,地点1561,开水,2014/08/29 15:30:19,0.01,119.44
32040,POS消费,地点21,开水,2014/08/29 18:43:49,8.6,110.84
32040,POS消费,地点21,开水,2014/08/29 18:44:18,8.6,102.24
32040,POS消费,地点21,开水,2014/08/29 18:44:37,8.6,93.64
32040,POS消费,地点1561,开水,2014/08/29 19:49:56,0.08,93.56
32040,POS消费,地点1561,开水,2014/08/29 20:30:56,0.09,93.47
32040,POS消费,地点1588,食堂,2014/08/30 07:38:51,14.1,79.37
32040,卡充值,,,2014/08/30 09:53:41,200.0,279.37
32040,POS消费,地点72,食堂,2014/08/30 11:07:04,8.6,270.77
32040,POS消费,地点72,食堂,2014/08/30 11:07:26,8.6,262.17
32040,POS消费,地点72,食堂,2014/08/30 11:07:56,8.6,253.57
32040,POS消费,地点21,开水,2014/08/30 17:22:51,4.8,248.77
32040,POS消费,地点1561,开水,2014/08/30 21:27:43,0.09,248.68
32040,POS消费,地点184,食堂,2014/08/31 08:57:24,3.2,245.48
32040,POS消费,地点192,超市,2014/08/31 09:43:56,2.0,241.18
32040,POS消费,地点192,超市,2014/08/31 09:44:01,0.3,240.88
32040,POS消费,地点21,开水,2014/08/31 11:09:09,2.4,238.48
32040,POS消费,地点1588,食堂,2014/08/31 11:56:21,4.1,234.38
32040,POS消费,地点1588,食堂,2014/08/31 11:56:34,4.1,230.28
32040,POS消费,地点1561,开水,2014/08/31 18:35:54,0.01,230.27
32040,POS消费,地点1561,开水,2014/08/31 21:51:04,0.12,230.15
