32092,卡片开户,,,2014/07/19 09:08:46,0.0,0.0
32092,卡充值,,,2014/08/29 14:51:42,1000.0,1000.0
32092,POS消费,地点21,开水,2014/08/29 21:14:51,2.8,997.2
32092,POS消费,地点1917,淋浴,2014/08/29 23:11:15,0.4,996.8
32092,POS消费,地点65,食堂,2014/08/30 08:13:57,0.9,995.9
32092,POS消费,地点211,校车,2014/08/30 14:56:13,1.0,994.9
32092,POS消费,地点1561,开水,2014/08/30 15:26:08,0.03,994.87
32092,POS消费,地点1561,开水,2014/08/30 20:03:28,0.06,994.81
32092,POS消费,地点1626,淋浴,2014/08/30 20:37:07,0.1,994.71
32092,POS消费,地点1875,淋浴,2014/08/30 20:45:41,0.8,993.91
32092,POS消费,地点69,食堂,2014/08/31 08:32:16,2.4,991.51
32092,POS消费,地点65,食堂,2014/08/31 08:33:05,0.3,991.21
32092,POS消费,地点65,食堂,2014/08/31 12:09:53,10.6,980.61
32092,POS消费,地点203,食堂,2014/08/31 17:53:08,6.5,974.11
32092,POS消费,地点1874,淋浴,2014/08/31 21:34:38,0.8,973.31
