32128,卡片开户,,,2014/07/19 09:41:17,0.0,0.0
32128,卡充值,,,2014/08/28 12:39:31,200.0,200.0
32128,POS消费,地点61,食堂,2014/08/28 13:05:09,4.6,195.4
32128,POS消费,地点61,食堂,2014/08/28 13:05:38,3.6,191.8
32128,POS消费,地点213,食堂,2014/08/28 13:25:40,1.0,190.8
32128,POS消费,地点21,开水,2014/08/28 17:51:58,2.1,188.7
32128,POS消费,地点91,校车,2014/08/28 17:53:19,4.0,184.7
32128,POS消费,地点188,超市,2014/08/28 18:36:23,32.7,152.0
32128,POS消费,地点1930,洗衣房,2014/08/28 19:06:04,1.26,150.74
32128,POS消费,地点1930,洗衣房,2014/08/28 19:10:24,1.26,150.68
32128,POS消费,地点1930,洗衣房,2014/08/28 19:11:58,-1.2,151.94
32128,POS消费,地点1930,洗衣房,2014/08/28 19:14:50,1.26,149.42
32128,POS消费,地点1930,洗衣房,2014/08/28 19:14:50,1.26,148.16
32128,POS消费,地点1930,洗衣房,2014/08/28 19:15:02,1.26,146.54
32128,POS消费,地点1930,洗衣房,2014/08/28 19:16:42,1.26,146.9
32128,POS消费,地点1930,洗衣房,2014/08/28 19:46:48,-1.2,146.48
32128,POS消费,地点1930,洗衣房,2014/08/28 19:47:26,1.26,145.28
32128,POS消费,地点1930,洗衣房,2014/08/28 19:52:55,1.26,145.22
32128,POS消费,地点1930,洗衣房,2014/08/28 20:13:37,1.26,143.96
32128,POS消费,地点1930,洗衣房,2014/08/28 20:26:33,-0.3,144.26
32128,POS消费,地点1930,洗衣房,2014/08/28 20:36:20,1.26,143.0
32128,POS消费,地点1930,洗衣房,2014/08/28 20:43:29,1.26,141.74
32128,POS消费,地点1930,洗衣房,2014/08/28 20:45:20,-0.48,142.22
32128,POS消费,地点1626,淋浴,2014/08/28 20:54:53,0.1,142.12
32128,POS消费,地点1626,淋浴,2014/08/28 20:56:07,0.2,141.92
32128,POS消费,地点1626,淋浴,2014/08/28 20:57:39,0.1,141.82
32128,POS消费,地点1626,淋浴,2014/08/28 21:01:53,0.1,141.72
32128,POS消费,地点1874,淋浴,2014/08/28 21:55:58,0.7,141.02
32128,卡片开户,,,2014/08/29 09:36:43,415.0,400.0
32128,卡挂失,,,2014/08/29 09:37:18,0.0,0.0
32128,POS消费,地点253,食堂,2014/08/29 13:09:24,5.8,394.2
32128,POS消费,地点1561,开水,2014/08/29 14:25:40,0.01,394.19
32128,POS消费,地点195,超市,2014/08/29 19:27:57,112.3,281.89
32128,POS消费,地点1561,开水,2014/08/29 20:08:19,0.01,281.88
32128,POS消费,地点1874,淋浴,2014/08/29 20:37:15,0.8,281.08
32128,POS消费,地点1561,开水,2014/08/29 22:12:04,0.01,281.07
32128,POS消费,地点1561,开水,2014/08/30 09:49:20,0.01,141.01
32128,POS消费,地点114,食堂,2014/08/30 10:24:55,3.5,277.57
32128,POS消费,地点237,食堂,2014/08/30 11:32:58,4.6,272.97
32128,POS消费,地点1561,开水,2014/08/30 12:35:31,0.01,272.96
32128,POS消费,地点237,食堂,2014/08/30 17:51:22,3.6,269.36
32128,POS消费,地点188,超市,2014/08/30 18:06:42,2.8,266.56
32128,POS消费,地点1874,淋浴,2014/08/30 18:32:16,0.6,265.96
32128,POS消费,地点1930,洗衣房,2014/08/30 18:35:41,3.6,262.36
32128,POS消费,地点1561,开水,2014/08/30 18:48:17,0.01,262.35
32128,POS消费,地点1930,洗衣房,2014/08/30 19:21:44,-0.78,263.13
32128,POS消费,地点1561,开水,2014/08/30 22:30:22,0.01,263.12
32128,POS消费,地点134,食堂,2014/08/31 12:01:56,8.6,254.52
32128,POS消费,地点1561,开水,2014/08/31 17:03:26,0.01,254.51
32128,POS消费,地点69,食堂,2014/08/31 17:58:33,4.6,249.91
32128,POS消费,地点21,开水,2014/08/31 18:15:16,6.4,243.51
32128,POS消费,地点1305,开水,2014/08/31 18:58:19,0.01,243.5
32128,POS消费,地点1874,淋浴,2014/08/31 20:02:15,0.8,242.7
32128,POS消费,地点1305,开水,2014/08/31 21:55:48,0.01,242.69
