32202,卡片开户,,,2014/07/19 11:48:58,0.0,0.0
32202,卡充值,,,2014/08/29 09:32:38,500.0,500.0
32202,POS消费,地点237,食堂,2014/08/29 12:08:51,2.6,497.4
32202,POS消费,地点237,食堂,2014/08/29 12:09:23,2.6,494.8
32202,POS消费,地点21,开水,2014/08/29 12:25:54,7.9,486.9
32202,POS消费,地点251,食堂,2014/08/29 18:24:56,2.0,484.9
32202,POS消费,地点21,开水,2014/08/29 18:30:56,10.6,474.3
32202,POS消费,地点21,开水,2014/08/29 18:31:33,3.5,470.8
32202,POS消费,地点188,超市,2014/08/29 19:20:14,75.8,395.0
32202,POS消费,地点21,开水,2014/08/30 07:35:09,1.6,393.4
32202,POS消费,地点21,开水,2014/08/30 07:35:29,4.6,388.8
32202,POS消费,地点21,开水,2014/08/30 07:35:41,0.4,388.4
32202,POS消费,地点65,食堂,2014/08/30 07:37:37,0.5,387.9
32202,POS消费,地点184,食堂,2014/08/30 12:06:58,4.1,383.8
32202,POS消费,地点184,食堂,2014/08/30 12:10:16,2.9,380.9
32202,POS消费,地点184,食堂,2014/08/30 12:10:53,2.6,378.3
32202,POS消费,地点65,食堂,2014/08/30 17:33:23,10.0,368.3
32202,POS消费,地点65,食堂,2014/08/30 17:33:27,0.6,367.7
32202,POS消费,地点188,超市,2014/08/30 19:58:24,4.5,363.2
32202,POS消费,地点1561,开水,2014/08/30 20:22:41,0.09,363.11
32202,POS消费,地点1626,淋浴,2014/08/30 22:08:00,0.1,363.01
32202,POS消费,地点1626,淋浴,2014/08/30 22:13:10,0.5,362.51
32202,POS消费,地点69,食堂,2014/08/31 08:34:00,4.4,358.11
32202,POS消费,地点69,食堂,2014/08/31 08:34:08,0.4,357.71
32202,POS消费,地点91,校车,2014/08/31 11:48:51,2.1,355.61
32202,POS消费,地点91,校车,2014/08/31 11:49:48,3.6,352.01
32202,POS消费,地点65,食堂,2014/08/31 16:57:38,4.6,347.41
32202,POS消费,地点82,食堂,2014/08/31 17:13:57,3.5,343.91
32202,POS消费,地点1874,淋浴,2014/08/31 22:54:40,0.3,343.61
32202,POS消费,地点1561,开水,2014/08/31 22:58:50,0.09,343.52
