32248,卡片开户,,,2014/07/18 16:39:52,0.0,0.0
32248,卡充值,,,2014/08/30 15:37:15,500.0,500.0
32248,POS消费,地点1561,开水,2014/08/30 16:35:31,0.01,499.99
32248,POS消费,地点1561,开水,2014/08/30 16:41:43,0.08,499.91
32248,POS消费,地点192,超市,2014/08/30 17:25:29,3.4,496.51
32248,POS消费,地点161,食堂,2014/08/30 17:41:52,5.8,490.71
32248,POS消费,地点243,食堂,2014/08/30 18:17:01,1.0,489.71
32248,POS消费,地点188,超市,2014/08/30 18:38:55,5.9,483.81
32248,POS消费,地点1626,淋浴,2014/08/30 20:59:21,0.1,483.71
32248,POS消费,地点1874,淋浴,2014/08/30 21:00:43,0.5,483.21
32248,POS消费,地点161,食堂,2014/08/31 08:42:50,4.8,478.41
32248,POS消费,地点91,校车,2014/08/31 11:58:32,5.6,466.81
32248,POS消费,地点232,食堂,2014/08/31 12:00:31,6.0,472.41
32248,POS消费,地点1155,食堂,2014/08/31 12:31:29,6.5,460.31
32248,POS消费,地点1155,食堂,2014/08/31 13:46:21,1.5,458.81
32248,POS消费,地点1875,淋浴,2014/08/31 21:24:44,0.6,458.21
32248,POS消费,地点118,食堂,2014/08/31 21:32:37,10.0,448.21
