32288,卡片开户,,,2014/07/19 11:51:07,0.0,0.0
32288,卡充值,,,2014/08/30 12:43:06,500.0,500.0
32288,POS消费,地点161,食堂,2014/08/30 12:48:36,6.1,493.9
32288,POS消费,地点21,开水,2014/08/30 13:05:39,30.0,463.9
32288,POS消费,地点21,开水,2014/08/30 13:05:44,1.3,462.6
32288,POS消费,地点91,校车,2014/08/30 17:55:49,2.4,460.2
32288,POS消费,地点837,校车,2014/08/30 18:45:50,1.0,459.2
32288,POS消费,地点837,校车,2014/08/30 18:45:56,1.0,458.2
32288,POS消费,地点837,校车,2014/08/30 18:46:04,1.0,457.2
32288,POS消费,地点1874,淋浴,2014/08/31 07:20:35,0.5,456.4
32288,POS消费,地点114,食堂,2014/08/31 08:12:31,2.5,453.9
32288,POS消费,地点69,食堂,2014/08/31 08:22:13,3.2,450.7
32288,POS消费,地点1472,校车,2014/08/31 10:14:07,1.0,449.7
32288,POS消费,地点188,超市,2014/08/31 10:32:36,3.9,445.8
