32310,卡片开户,,,2014/07/19 08:56:19,0.0,0.0
32310,卡充值,,,2014/08/29 11:05:05,200.0,200.0
32310,POS消费,地点213,食堂,2014/08/29 16:08:59,0.15,199.85
32310,POS消费,地点26,图书馆,2014/08/29 16:59:22,28.4,171.45
32310,POS消费,地点26,图书馆,2014/08/29 16:59:49,28.0,143.45
32310,POS消费,地点82,食堂,2014/08/29 17:34:15,7.7,135.75
32310,POS消费,地点1939,淋浴,2014/08/29 20:54:40,0.1,135.65
32310,POS消费,地点1939,淋浴,2014/08/29 21:06:13,0.4,135.25
32310,POS消费,地点161,食堂,2014/08/30 08:45:03,1.4,133.85
32310,POS消费,地点1451,校车,2014/08/30 09:05:50,1.0,132.85
32310,POS消费,地点1888,开水,2014/08/30 11:02:20,0.01,132.84
32310,POS消费,地点21,开水,2014/08/30 12:33:50,7.7,125.14
32310,POS消费,地点1888,开水,2014/08/30 13:23:27,0.01,125.13
32310,POS消费,地点222,校车,2014/08/30 19:12:40,1.0,124.13
32310,POS消费,地点1939,淋浴,2014/08/30 21:34:57,0.2,123.93
32310,POS消费,地点1939,淋浴,2014/08/30 21:36:55,0.2,123.73
32310,POS消费,地点1905,淋浴,2014/08/30 21:40:58,0.8,122.93
32310,POS消费,地点283,食堂,2014/08/31 11:37:01,4.8,118.13
32310,POS消费,地点1155,食堂,2014/08/31 12:20:13,3.8,114.33
