32312,卡片开户,,,2014/07/18 16:18:31,0.0,0.0
32312,卡充值,,,2014/08/29 16:39:25,200.0,200.0
32312,POS消费,地点26,图书馆,2014/08/29 16:59:01,8.3,191.7
32312,POS消费,地点26,图书馆,2014/08/29 16:59:34,28.0,163.7
32312,POS消费,地点21,开水,2014/08/29 17:14:48,4.2,159.5
32312,POS消费,地点161,食堂,2014/08/30 08:45:21,1.7,157.8
32312,POS消费,地点1451,校车,2014/08/30 09:05:43,1.0,156.8
32312,POS消费,地点1888,开水,2014/08/30 11:04:48,0.01,156.79
32312,POS消费,地点72,食堂,2014/08/30 12:21:59,10.4,146.39
32312,POS消费,地点222,校车,2014/08/30 19:12:44,1.0,145.39
32312,POS消费,地点1888,开水,2014/08/30 21:15:15,0.01,145.38
32312,POS消费,地点1945,淋浴,2014/08/30 21:36:22,1.0,144.38
32312,POS消费,地点1888,开水,2014/08/31 08:48:31,0.01,144.37
32312,POS消费,地点225,食堂,2014/08/31 11:40:55,4.6,139.77
32312,POS消费,地点21,开水,2014/08/31 11:41:55,1.5,138.27
32312,POS消费,地点118,食堂,2014/08/31 20:02:24,9.8,128.47
32312,POS消费,地点192,超市,2014/08/31 20:51:44,27.8,100.67
