32326,卡片开户,,,2014/07/19 09:22:21,0.0,0.0
32326,卡充值,,,2014/08/29 11:48:51,300.0,300.0
32326,POS消费,地点65,食堂,2014/08/29 12:03:08,8.6,291.4
32326,POS消费,地点61,食堂,2014/08/29 18:23:16,6.6,284.8
32326,POS消费,地点526,食堂,2014/08/29 19:32:32,7.0,277.8
32326,POS消费,地点188,超市,2014/08/29 22:12:58,31.5,246.3
32326,POS消费,地点1645,淋浴,2014/08/29 23:02:37,0.5,245.8
32326,POS消费,地点1645,淋浴,2014/08/29 23:06:32,0.1,245.7
32326,POS消费,地点526,食堂,2014/08/30 20:53:32,10.0,235.7
32326,POS消费,地点1588,食堂,2014/08/31 12:11:54,5.3,230.4
32326,POS消费,地点1547,食堂,2014/08/31 17:58:51,6.0,224.4
32326,POS消费,地点192,超市,2014/08/31 22:32:07,6.1,218.3
32326,POS消费,地点192,超市,2014/08/31 22:32:20,6.6,211.7
