32356,卡片开户,,,2014/07/16 10:09:42,0.0,0.0
32356,卡充值,,,2014/08/28 09:26:18,500.0,500.0
32356,POS消费,地点21,开水,2014/08/28 09:44:27,20.2,479.8
32356,POS消费,地点21,开水,2014/08/28 09:44:39,100.0,379.8
32356,POS消费,地点21,开水,2014/08/28 09:44:47,100.0,279.8
32356,POS消费,地点21,开水,2014/08/28 10:26:59,8.0,271.8
32356,POS消费,地点21,开水,2014/08/28 10:56:29,16.5,255.3
32356,POS消费,地点21,开水,2014/08/28 12:31:54,3.0,252.3
32356,POS消费,地点228,食堂,2014/08/28 12:45:22,13.0,234.3
32356,POS消费,地点230,食堂,2014/08/28 12:55:37,5.0,247.3
32356,POS消费,地点231,食堂,2014/08/28 12:58:46,1.2,233.1
32356,POS消费,地点21,开水,2014/08/28 13:15:43,6.0,227.1
32356,POS消费,地点21,开水,2014/08/28 13:16:20,6.0,221.1
32356,POS消费,地点213,食堂,2014/08/28 13:37:13,1.0,220.1
32356,POS消费,地点21,开水,2014/08/28 14:31:17,2.7,217.4
32356,POS消费,地点21,开水,2014/08/29 08:55:13,7.8,209.6
32356,POS消费,地点21,开水,2014/08/29 08:55:20,30.0,179.6
32356,POS消费,地点227,食堂,2014/08/29 13:22:36,5.0,174.6
32356,POS消费,地点231,食堂,2014/08/29 13:26:30,0.6,174.0
32356,POS消费,地点21,开水,2014/08/29 13:27:35,3.0,171.0
32356,POS消费,地点26,图书馆,2014/08/29 15:16:44,28.0,143.0
32356,POS消费,地点228,食堂,2014/08/29 17:48:34,5.5,137.5
32356,POS消费,地点231,食堂,2014/08/29 18:02:03,0.6,136.9
32356,POS消费,地点192,超市,2014/08/30 08:53:33,8.4,128.5
32356,POS消费,地点227,食堂,2014/08/30 12:24:27,5.0,123.5
32356,POS消费,地点231,食堂,2014/08/30 12:28:32,0.6,122.9
32356,POS消费,地点243,食堂,2014/08/30 12:31:02,3.0,119.9
32356,POS消费,地点526,食堂,2014/08/30 16:16:11,7.0,112.9
32356,POS消费,地点21,开水,2014/08/30 17:13:56,5.6,107.3
32356,POS消费,地点89,食堂,2014/08/31 08:02:25,3.0,104.3
32356,POS消费,地点89,食堂,2014/08/31 08:08:23,1.0,103.3
32356,POS消费,地点21,开水,2014/08/31 08:58:30,5.6,97.7
32356,POS消费,地点232,食堂,2014/08/31 17:46:38,10.0,87.7
32356,POS消费,地点192,超市,2014/08/31 18:29:18,8.0,79.7
