32394,卡片开户,,,2014/07/15 15:55:00,0.0,0.0
32394,卡充值,,,2014/08/29 12:46:25,500.0,500.0
32394,POS消费,地点21,开水,2014/08/29 12:54:39,8.6,491.4
32394,POS消费,地点21,开水,2014/08/29 12:55:07,8.6,482.8
32394,POS消费,地点21,开水,2014/08/29 12:55:34,8.66,474.14
32394,POS消费,地点21,开水,2014/08/29 12:58:00,8.6,465.54
32394,POS消费,地点1905,淋浴,2014/08/29 20:55:33,0.2,465.34
32394,POS消费,地点1905,淋浴,2014/08/29 20:58:55,0.3,465.04
32394,POS消费,地点168,食堂,2014/08/30 08:41:11,5.5,459.54
32394,POS消费,地点1880,洗衣房,2014/08/30 09:52:46,-3.48,459.42
32394,POS消费,地点1880,洗衣房,2014/08/30 09:52:46,3.6,455.94
32394,POS消费,地点1880,洗衣房,2014/08/30 09:54:25,3.6,455.82
32394,POS消费,地点1880,洗衣房,2014/08/30 09:54:25,-3.36,459.18
32394,POS消费,地点21,开水,2014/08/30 13:19:55,12.6,446.58
32394,POS消费,地点21,开水,2014/08/30 13:20:20,8.6,437.98
32394,POS消费,地点1880,洗衣房,2014/08/30 13:46:59,-2.28,436.66
32394,POS消费,地点1880,洗衣房,2014/08/30 13:46:59,3.6,434.38
32394,POS消费,地点1880,洗衣房,2014/08/30 14:11:40,3.6,433.06
32394,POS消费,地点1880,洗衣房,2014/08/30 14:11:40,-3.42,436.48
32394,POS消费,地点234,食堂,2014/08/30 17:01:15,15.7,420.78
32394,POS消费,地点234,食堂,2014/08/30 17:02:21,3.0,417.78
32394,POS消费,地点234,食堂,2014/08/30 17:04:31,0.6,417.18
32394,POS消费,地点1888,开水,2014/08/30 17:23:56,0.01,417.17
32394,POS消费,地点1945,淋浴,2014/08/30 19:09:22,0.3,416.87
32394,POS消费,地点168,食堂,2014/08/31 08:12:19,5.5,411.37
32394,POS消费,地点1880,洗衣房,2014/08/31 09:01:58,-3.42,411.19
32394,POS消费,地点1880,洗衣房,2014/08/31 09:01:58,3.6,407.77
32394,POS消费,地点232,食堂,2014/08/31 12:03:56,10.0,401.19
32394,POS消费,地点89,食堂,2014/08/31 18:33:25,3.0,398.19
32394,POS消费,地点1951,淋浴,2014/08/31 20:13:28,0.4,397.79
32394,POS消费,地点1951,淋浴,2014/08/31 20:23:45,0.1,397.69
