32436,卡片开户,,,2014/07/15 15:54:14,0.0,0.0
32436,卡充值,,,2014/08/27 10:54:02,500.0,500.0
32436,POS消费,地点248,超市,2014/08/27 11:43:58,5.1,494.9
32436,POS消费,地点248,超市,2014/08/27 11:44:12,5.1,489.8
32436,POS消费,地点248,超市,2014/08/27 11:44:25,4.6,485.2
32436,POS消费,地点248,超市,2014/08/27 11:44:52,5.6,479.6
32436,POS消费,地点21,开水,2014/08/27 11:46:19,8.9,470.7
32436,POS消费,地点21,开水,2014/08/27 11:47:12,1.0,469.7
32436,POS消费,地点21,开水,2014/08/27 11:59:33,23.8,445.9
32436,POS消费,地点21,开水,2014/08/27 11:59:42,26.2,419.7
32436,POS消费,地点146,校车,2014/08/27 12:32:22,1.0,418.7
32436,POS消费,地点146,校车,2014/08/27 12:32:33,1.0,417.7
32436,POS消费,地点1847,食堂,2014/08/29 11:50:41,7.5,389.8
32436,POS消费,地点157,食堂,2014/08/29 11:55:36,7.4,410.3
32436,POS消费,地点1596,食堂,2014/08/29 11:57:37,4.4,405.9
32436,POS消费,地点1596,食堂,2014/08/29 12:00:44,8.6,397.3
32436,POS消费,地点219,超市,2014/08/29 16:20:42,2.0,387.8
32436,POS消费,地点21,开水,2014/08/30 08:11:15,1.8,386.0
32436,POS消费,地点82,食堂,2014/08/30 12:06:30,4.1,381.9
32436,POS消费,地点249,食堂,2014/08/30 17:57:06,10.6,371.3
32436,POS消费,地点249,食堂,2014/08/30 17:57:42,5.4,365.9
32436,POS消费,地点1596,食堂,2014/08/30 17:58:49,4.6,361.3
32436,POS消费,地点21,开水,2014/08/30 18:11:24,23.9,337.4
32436,POS消费,地点60,食堂,2014/08/31 08:55:14,0.7,336.7
32436,POS消费,地点314,食堂,2014/08/31 09:08:34,28.0,308.7
32436,POS消费,地点248,超市,2014/08/31 11:53:55,5.6,303.1
32436,POS消费,地点21,开水,2014/08/31 12:12:59,1.0,302.1
32436,POS消费,地点21,开水,2014/08/31 17:25:20,1.8,300.3
