32468,POS消费,地点26,图书馆,2014/07/02 18:04:32,0.0,0.0
32468,POS消费,地点26,图书馆,2014/07/02 18:04:32,0.11,1.09
32468,卡片开户,,,2014/07/19 11:54:51,0.0,0.0
32468,卡充值,,,2014/08/29 09:18:44,200.0,200.0
32468,POS消费,地点89,食堂,2014/08/29 11:25:30,9.0,191.0
32468,POS消费,地点82,食堂,2014/08/29 11:29:43,4.1,186.9
32468,POS消费,地点26,图书馆,2014/08/29 11:58:09,3.1,183.8
32468,POS消费,地点1945,淋浴,2014/08/29 20:38:59,0.1,183.7
32468,POS消费,地点1945,淋浴,2014/08/29 20:40:39,0.2,183.5
32468,POS消费,地点1945,淋浴,2014/08/29 20:42:57,0.1,183.4
32468,POS消费,地点1945,淋浴,2014/08/29 20:46:04,0.1,183.3
32468,POS消费,地点65,食堂,2014/08/30 08:57:45,0.7,182.6
32468,POS消费,地点204,食堂,2014/08/30 11:50:00,5.5,177.1
32468,POS消费,地点283,食堂,2014/08/30 17:29:54,0.8,175.3
32468,POS消费,地点251,食堂,2014/08/30 17:31:40,0.6,176.5
32468,POS消费,地点21,开水,2014/08/30 17:33:27,0.4,176.1
32468,POS消费,地点1945,淋浴,2014/08/30 22:07:58,0.1,175.2
32468,POS消费,地点1945,淋浴,2014/08/30 22:09:46,0.1,175.1
32468,POS消费,地点1945,淋浴,2014/08/30 22:11:31,0.1,175.0
32468,POS消费,地点232,食堂,2014/08/31 08:39:29,0.5,174.5
32468,POS消费,地点232,食堂,2014/08/31 08:39:56,0.45,174.05
32468,POS消费,地点168,食堂,2014/08/31 12:12:34,5.5,168.55
32468,POS消费,地点204,食堂,2014/08/31 18:58:15,4.5,164.05
32468,POS消费,地点21,开水,2014/08/31 20:27:48,11.5,152.55
32468,POS消费,地点1951,淋浴,2014/08/31 23:03:28,0.2,152.35
32468,POS消费,地点1951,淋浴,2014/08/31 23:07:57,0.3,152.05
