32528,POS消费,地点232,食堂,2014/07/02 18:04:32,0.0,0.0
32528,POS消费,地点232,食堂,2014/07/02 18:04:32,0.12,0.13
32528,卡片开户,,,2014/07/19 09:00:22,0.0,0.0
32528,卡充值,,,2014/08/30 12:19:37,300.0,300.0
32528,POS消费,地点228,食堂,2014/08/30 12:52:08,22.5,277.5
32528,POS消费,地点228,食堂,2014/08/30 12:52:34,3.5,274.0
32528,POS消费,地点21,开水,2014/08/30 12:59:26,2.8,261.3
32528,POS消费,地点253,食堂,2014/08/30 13:09:19,9.9,264.1
32528,POS消费,地点21,开水,2014/08/30 13:20:18,5.3,256.0
32528,POS消费,地点69,食堂,2014/08/31 11:17:28,4.2,251.8
32528,POS消费,地点26,图书馆,2014/08/31 11:42:45,89.6,162.2
32528,POS消费,地点232,食堂,2014/08/31 17:36:24,8.0,154.2
32528,POS消费,地点218,食堂,2014/08/31 18:06:51,2.9,151.3
32528,POS消费,地点118,食堂,2014/08/31 21:49:12,4.0,147.3
32528,POS消费,地点1945,淋浴,2014/08/31 22:30:54,0.1,147.2
32528,POS消费,地点1945,淋浴,2014/08/31 22:31:45,0.1,147.1
32528,POS消费,地点1945,淋浴,2014/08/31 22:32:16,0.4,146.7
