32602,卡片开户,,,2014/07/19 15:07:23,0.0,0.0
32602,卡充值,,,2014/08/28 17:49:27,1000.0,1000.0
32602,POS消费,地点228,食堂,2014/08/28 17:59:54,19.0,981.0
32602,POS消费,地点21,开水,2014/08/28 18:05:24,1.5,977.1
32602,POS消费,地点231,食堂,2014/08/28 18:15:14,0.4,980.6
32602,POS消费,地点231,食堂,2014/08/28 18:15:31,2.0,978.6
32602,POS消费,地点103,食堂,2014/08/29 12:30:04,5.3,971.8
32602,POS消费,地点1888,开水,2014/08/29 13:38:38,0.01,971.79
32602,POS消费,地点1888,开水,2014/08/29 13:41:25,0.01,971.78
32602,POS消费,地点1888,开水,2014/08/29 13:42:01,0.01,971.77
32602,POS消费,地点1888,开水,2014/08/29 16:36:14,0.01,971.76
32602,POS消费,地点1882,洗衣房,2014/08/29 17:06:04,3.6,968.16
32602,POS消费,地点124,食堂,2014/08/29 17:36:57,3.0,965.16
32602,POS消费,地点1389,校车,2014/08/29 20:21:27,2.0,963.16
32602,POS消费,地点1386,校车,2014/08/30 11:49:36,2.0,961.16
32602,POS消费,地点21,开水,2014/08/30 17:55:47,4.4,956.76
32602,POS消费,地点1888,开水,2014/08/30 20:39:56,0.01,956.75
32602,POS消费,地点114,食堂,2014/08/31 07:54:13,2.5,954.25
32602,POS消费,地点72,食堂,2014/08/31 08:02:25,1.6,952.65
32602,POS消费,地点21,开水,2014/08/31 16:57:25,9.5,943.15
32602,POS消费,地点21,开水,2014/08/31 18:23:09,4.4,938.75
32602,POS消费,地点195,超市,2014/08/31 21:54:24,9.5,929.25
