32626,卡片开户,,,2014/08/19 11:40:34,50.0,50.0
32626,卡充值,,,2014/08/28 14:41:35,200.0,250.0
32626,POS消费,地点192,超市,2014/08/28 14:53:30,9.3,240.7
32626,POS消费,地点1869,淋浴,2014/08/28 22:16:16,0.6,240.1
32626,POS消费,地点1869,淋浴,2014/08/28 23:21:20,0.4,239.3
32626,POS消费,地点1869,淋浴,2014/08/28 23:21:21,0.4,239.7
32626,POS消费,地点1879,淋浴,2014/08/29 20:11:47,0.1,239.2
32626,POS消费,地点12,文印中心,2014/08/29 20:13:41,0.8,238.3
32626,POS消费,地点1879,淋浴,2014/08/29 20:15:02,0.1,239.1
32626,POS消费,地点192,超市,2014/08/30 09:00:10,30.0,208.3
32626,POS消费,地点192,超市,2014/08/30 09:00:13,11.1,197.2
32626,POS消费,地点204,食堂,2014/08/30 18:04:42,5.5,191.7
32626,POS消费,地点1869,淋浴,2014/08/30 22:20:49,0.5,191.2
32626,POS消费,地点1943,洗衣房,2014/08/30 22:23:31,1.2,190.0
32626,POS消费,地点1943,洗衣房,2014/08/30 22:41:48,1.2,188.8
32626,POS消费,地点1943,洗衣房,2014/08/30 22:42:06,-1.14,189.94
32626,POS消费,地点91,校车,2014/08/31 11:41:27,4.5,185.44
32626,POS消费,地点91,校车,2014/08/31 11:43:13,1.0,184.44
32626,POS消费,地点21,开水,2014/08/31 11:46:14,2.48,181.96
32626,POS消费,地点21,开水,2014/08/31 11:53:00,3.0,178.96
32626,POS消费,地点12,文印中心,2014/08/31 22:35:38,0.4,178.56
