32642,卡片开户,,,2014/08/19 11:47:11,50.0,50.0
32642,POS消费,地点21,开水,2014/08/20 17:31:30,3.0,47.0
32642,POS消费,地点21,开水,2014/08/21 13:10:36,19.9,26.3
32642,卡充值,,,2014/08/21 13:14:51,30.0,56.3
32642,POS消费,地点21,开水,2014/08/22 08:08:22,2.6,53.7
32642,POS消费,地点157,食堂,2014/08/22 12:20:21,10.4,43.3
32642,POS消费,地点192,超市,2014/08/22 12:40:33,15.0,28.3
32642,POS消费,地点1669,淋浴,2014/08/22 20:47:29,0.1,46.5
32642,POS消费,地点1669,淋浴,2014/08/22 20:47:29,0.3,46.2
32642,POS消费,地点1669,淋浴,2014/08/22 20:49:05,0.3,46.7
32642,POS消费,地点1669,淋浴,2014/08/22 20:49:14,0.1,46.6
32642,POS消费,地点65,食堂,2014/08/23 08:41:22,0.8,25.7
32642,POS消费,地点61,食堂,2014/08/23 08:53:46,1.8,26.5
32642,POS消费,地点72,食堂,2014/08/23 12:02:33,5.4,20.3
32642,POS消费,地点21,开水,2014/08/23 12:16:38,5.0,15.3
32642,POS消费,地点161,食堂,2014/08/23 17:27:45,6.4,8.9
32642,POS消费,地点21,开水,2014/08/23 22:51:13,0.1,8.8
32642,POS消费,地点21,开水,2014/08/24 08:39:35,2.0,6.8
32642,POS消费,地点65,食堂,2014/08/24 08:40:25,0.8,6.0
32642,卡充值,,,2014/08/24 13:00:32,30.0,36.0
32642,POS消费,地点72,食堂,2014/08/25 08:33:00,2.6,33.4
32642,POS消费,地点184,食堂,2014/08/25 12:02:24,4.9,28.5
32642,POS消费,地点72,食堂,2014/08/25 17:25:17,4.9,23.6
32642,POS消费,地点21,开水,2014/08/25 20:21:30,12.5,11.1
32642,POS消费,地点1950,淋浴,2014/08/25 23:00:49,0.9,10.2
32642,POS消费,地点69,食堂,2014/08/26 08:40:33,2.6,7.6
32642,POS消费,地点21,开水,2014/08/26 11:59:14,5.4,2.2
32642,卡充值,,,2014/08/26 12:07:26,50.0,52.2
32642,POS消费,地点816,校车,2014/08/26 18:38:06,1.0,51.2
32642,POS消费,地点192,超市,2014/08/26 19:29:45,3.0,48.2
32642,POS消费,地点326,洗衣房,2014/08/27 00:02:00,0.2,48.0
32642,POS消费,地点326,洗衣房,2014/08/27 00:05:28,0.2,47.8
32642,POS消费,地点326,洗衣房,2014/08/27 00:12:27,0.2,47.6
32642,POS消费,地点61,食堂,2014/08/27 08:46:51,3.0,44.6
32642,POS消费,地点326,洗衣房,2014/08/30 00:14:32,0.2,44.4
32642,POS消费,地点326,洗衣房,2014/08/30 00:18:25,0.2,44.2
32642,POS消费,地点326,洗衣房,2014/08/30 00:22:16,0.2,44.0
32642,POS消费,地点65,食堂,2014/08/30 08:56:50,0.8,41.4
32642,POS消费,地点61,食堂,2014/08/30 09:07:09,1.8,42.2
32642,POS消费,地点218,食堂,2014/08/30 10:48:11,4.5,36.9
32642,POS消费,地点61,食堂,2014/08/30 11:17:13,3.4,33.5
32642,POS消费,地点188,超市,2014/08/30 11:17:19,3.5,30.0
32642,POS消费,地点1950,淋浴,2014/08/30 11:41:13,0.3,29.7
32642,POS消费,地点1950,淋浴,2014/08/30 11:46:21,0.2,29.5
32642,POS消费,地点1950,淋浴,2014/08/30 11:50:27,0.2,29.3
32642,POS消费,地点1950,淋浴,2014/08/30 11:54:19,0.1,29.2
32642,POS消费,地点72,食堂,2014/08/31 08:21:45,1.2,28.0
32642,POS消费,地点72,食堂,2014/08/31 08:21:51,0.8,27.2
32642,卡充值,,,2014/08/31 10:26:00,100.0,127.2
32642,POS消费,地点61,食堂,2014/08/31 11:09:40,3.4,123.8
32642,POS消费,地点192,超市,2014/08/31 13:46:30,2.8,121.0
32642,POS消费,地点21,开水,2014/08/31 16:46:15,19.0,102.0
32642,POS消费,地点146,校车,2014/08/31 18:13:03,1.0,101.0
32642,POS消费,地点1451,校车,2014/08/31 18:35:59,1.0,100.0
32642,POS消费,地点326,洗衣房,2014/08/31 20:21:02,0.2,99.8
32642,POS消费,地点326,洗衣房,2014/08/31 20:24:09,0.2,99.6
32642,POS消费,地点326,洗衣房,2014/08/31 20:27:33,0.2,99.4
32642,POS消费,地点326,洗衣房,2014/08/31 20:31:49,0.2,99.2
