32654,卡片开户,,,2014/08/19 11:43:40,50.0,50.0
32654,卡充值,,,2014/08/28 17:11:38,350.0,400.0
32654,POS消费,地点21,开水,2014/08/30 12:27:36,5.4,394.6
32654,POS消费,地点21,开水,2014/08/30 12:27:56,5.4,389.2
32654,POS消费,地点21,开水,2014/08/30 12:28:21,3.2,386.0
32654,POS消费,地点21,开水,2014/08/30 12:28:52,5.2,380.8
32654,POS消费,地点1961,超市,2014/08/30 20:05:26,0.3,380.5
32654,POS消费,地点1961,超市,2014/08/30 20:18:03,0.3,380.2
32654,POS消费,地点12,文印中心,2014/08/30 23:23:18,0.4,379.8
32654,POS消费,地点1887,开水,2014/08/31 07:26:22,0.01,379.79
32654,POS消费,地点69,食堂,2014/08/31 08:13:52,2.4,377.39
32654,POS消费,地点219,超市,2014/08/31 10:22:41,1.0,376.39
32654,POS消费,地点286,食堂,2014/08/31 11:29:03,1.0,375.39
32654,POS消费,地点286,食堂,2014/08/31 11:29:18,6.0,369.39
32654,POS消费,地点105,食堂,2014/08/31 11:30:18,2.0,367.39
32654,POS消费,地点841,食堂,2014/08/31 11:31:15,1.0,366.39
32654,POS消费,地点21,开水,2014/08/31 17:24:21,7.1,359.29
32654,POS消费,地点1155,食堂,2014/08/31 22:14:30,6.6,352.69
