3325,POS消费,地点21,开水,2014/09/01 07:46:16,2.6,30.23
3325,POS消费,地点91,校车,2014/09/01 12:00:41,2.2,28.03
3325,POS消费,地点21,开水,2014/09/01 12:01:17,1.0,27.03
3325,POS消费,地点232,食堂,2014/09/01 12:04:18,5.5,21.53
3325,POS消费,地点21,开水,2014/09/01 12:06:03,3.5,18.03
3325,POS消费,地点21,开水,2014/09/03 17:11:16,5.0,13.03
3325,POS消费,地点21,开水,2014/09/04 11:49:36,5.5,7.53
3325,POS消费,地点21,开水,2014/09/05 12:03:52,6.1,1.43
3325,卡充值,,,2014/09/09 15:51:36,100.0,101.43
3325,POS消费,地点21,开水,2014/09/10 12:00:07,7.2,94.23
3325,POS消费,地点91,校车,2014/09/10 17:07:12,5.0,89.23
3325,POS消费,地点21,开水,2014/09/10 17:08:06,5.0,84.23
3325,POS消费,地点21,开水,2014/09/15 08:23:08,3.53,80.7
3325,POS消费,地点21,开水,2014/09/15 08:23:42,3.0,77.7
3325,POS消费,地点91,校车,2014/09/16 11:38:02,9.6,68.1
3325,POS消费,地点91,校车,2014/09/17 11:56:46,6.2,61.9
3325,POS消费,地点91,校车,2014/09/17 12:16:00,10.0,51.9
3325,POS消费,地点91,校车,2014/09/17 17:08:47,6.2,45.7
3325,POS消费,地点21,开水,2014/09/17 17:09:41,3.5,42.2
3325,POS消费,地点91,校车,2014/09/19 11:55:30,4.2,38.0
3325,POS消费,地点21,开水,2014/09/22 07:52:58,1.4,36.6
3325,POS消费,地点21,开水,2014/09/22 07:55:56,1.53,35.07
3325,POS消费,地点21,开水,2014/09/24 12:04:12,9.2,25.87
3325,POS消费,地点21,开水,2014/09/29 12:06:05,10.2,15.67
3325,POS消费,地点21,开水,2014/09/29 12:21:30,2.9,12.77
3325,POS消费,地点91,校车,2014/09/29 18:01:36,5.0,7.77
3325,POS消费,地点21,开水,2014/09/29 18:02:52,0.45,7.32
3325,POS消费,地点21,开水,2014/09/30 11:37:36,3.0,4.32
3325,卡充值,,,2014/10/09 11:08:56,100.0,104.32
3325,POS消费,地点21,开水,2014/10/09 11:14:07,3.2,101.12
3325,POS消费,地点21,开水,2014/10/09 11:14:31,1.5,99.62
3325,POS消费,地点91,校车,2014/10/10 12:00:15,6.4,93.22
3325,POS消费,地点91,校车,2014/10/15 11:58:12,6.0,87.22
3325,POS消费,地点21,开水,2014/10/17 11:15:23,3.0,84.22
3325,POS消费,地点21,开水,2014/10/17 11:16:28,3.0,81.22
3325,POS消费,地点21,开水,2014/10/17 11:16:42,1.5,79.72
3325,POS消费,地点232,食堂,2014/10/17 11:22:36,12.1,67.62
3325,POS消费,地点21,开水,2014/10/20 11:11:40,5.2,62.42
3325,POS消费,地点21,开水,2014/10/20 11:12:15,2.4,60.02
3325,POS消费,地点91,校车,2014/10/20 11:29:27,3.0,57.02
3325,POS消费,地点21,开水,2014/10/22 08:21:24,5.9,51.12
3325,POS消费,地点21,开水,2014/10/22 11:31:39,5.7,40.42
3325,POS消费,地点91,校车,2014/10/22 11:38:09,5.0,46.12
3325,POS消费,地点91,校车,2014/10/23 11:45:41,5.0,35.42
3325,POS消费,地点91,校车,2014/10/23 11:45:56,3.0,32.42
3325,POS消费,地点21,开水,2014/10/23 11:48:25,2.0,30.42
3325,POS消费,地点21,开水,2014/10/23 11:48:39,2.0,28.42
3325,POS消费,地点91,校车,2014/10/28 12:15:43,10.0,18.42
3325,POS消费,地点91,校车,2014/10/28 12:15:51,10.0,8.42
3325,POS消费,地点232,食堂,2014/10/31 12:12:09,4.0,4.42
3325,POS消费,地点232,食堂,2014/11/03 11:13:44,6.0,88.42
3325,POS消费,地点232,食堂,2014/11/03 11:14:49,6.0,82.42
3325,POS消费,地点12,文印中心,2014/11/03 11:14:49,0.65,81.77
3325,POS消费,地点6,淋浴,2014/11/03 11:15:11,0.45,81.32
3325,卡充值,,,2014/11/03 11:16:01,100.0,104.42
3325,POS消费,地点91,校车,2014/11/03 11:19:18,5.0,99.42
3325,POS消费,地点91,校车,2014/11/03 11:19:52,5.0,94.42
3325,POS消费,地点91,校车,2014/11/03 11:19:57,5.0,89.42
3325,POS消费,地点91,校车,2014/11/03 11:20:04,-5.0,94.42
3325,POS消费,地点1269,校车,2014/11/05 10:57:12,2.0,79.32
3325,POS消费,地点1269,校车,2014/11/05 10:57:21,2.0,77.32
3325,POS消费,地点1098,文印中心,2014/11/05 14:23:57,0.9,76.42
3325,POS消费,地点224,校车,2014/11/05 16:06:01,4.0,72.42
3325,POS消费,地点224,校车,2014/11/05 16:06:10,4.0,68.42
3325,POS消费,地点232,食堂,2014/11/09 11:25:22,6.0,51.42
3325,POS消费,地点91,校车,2014/11/09 11:30:34,2.0,66.42
3325,POS消费,地点232,食堂,2014/11/09 11:31:22,4.0,57.42
3325,POS消费,地点91,校车,2014/11/09 11:31:27,5.0,61.42
3325,POS消费,地点232,食堂,2014/11/11 12:01:24,6.0,35.42
3325,POS消费,地点21,开水,2014/11/11 12:02:51,0.45,34.32
3325,POS消费,地点91,校车,2014/11/11 12:05:29,1.0,50.42
3325,POS消费,地点91,校车,2014/11/11 12:06:46,5.0,45.42
3325,POS消费,地点232,食堂,2014/11/11 12:06:57,4.0,41.42
3325,POS消费,地点21,开水,2014/11/11 12:08:57,0.65,34.77
3325,POS消费,地点21,开水,2014/11/11 21:54:17,11.6,22.72
3325,POS消费,地点21,开水,2014/11/11 21:58:05,4.6,18.12
3325,卡充值,,,2014/11/18 12:05:05,100.0,118.12
3325,POS消费,地点21,开水,2014/11/18 12:08:56,8.0,110.12
3325,POS消费,地点21,开水,2014/11/18 12:09:20,2.0,108.12
3325,POS消费,地点21,开水,2014/11/19 11:09:18,0.45,101.67
3325,POS消费,地点91,校车,2014/11/19 11:13:58,5.0,103.12
3325,POS消费,地点91,校车,2014/11/19 11:14:29,1.0,102.12
3325,POS消费,地点91,校车,2014/11/21 11:28:51,6.0,89.67
3325,POS消费,地点232,食堂,2014/11/21 11:29:00,6.0,95.67
3325,POS消费,地点21,开水,2014/11/21 18:21:33,5.0,84.67
3325,POS消费,地点232,食堂,2014/11/25 17:58:27,6.0,73.67
3325,POS消费,地点21,开水,2014/11/25 17:59:38,0.45,68.57
3325,POS消费,地点91,校车,2014/11/25 18:04:07,5.0,79.67
3325,POS消费,地点232,食堂,2014/11/25 18:04:21,4.0,69.67
3325,POS消费,地点21,开水,2014/11/25 18:05:19,0.65,69.02
3325,POS消费,地点21,开水,2014/11/26 17:49:19,2.2,66.37
3325,POS消费,地点21,开水,2014/11/26 17:49:43,4.0,62.37
3325,POS消费,地点232,食堂,2014/11/28 18:07:06,6.0,51.37
3325,POS消费,地点91,校车,2014/11/28 18:12:44,5.0,57.37
3325,POS消费,地点21,开水,2014/11/28 18:12:59,0.65,50.72
3325,POS消费,地点91,校车,2014/11/29 12:25:04,3.5,47.22
3325,POS消费,地点232,食堂,2014/11/29 12:25:28,4.0,43.22
3325,POS消费,地点232,食堂,2014/11/29 12:25:54,6.0,37.22
3325,POS消费,地点21,开水,2014/11/29 12:26:10,0.65,36.57
3325,POS消费,地点91,校车,2014/12/02 12:01:06,6.2,30.37
3325,POS消费,地点91,校车,2014/12/02 12:02:34,5.0,25.37
3325,POS消费,地点1269,校车,2014/12/20 09:20:33,2.0,23.37
3325,POS消费,地点1269,校车,2014/12/20 09:20:40,2.0,21.37
3325,卡挂失,,,2015/03/02 17:19:34,0.0,0.0
3325,卡解挂,,,2015/03/09 17:18:29,0.0,0.0
3325,POS消费,地点21,开水,2015/03/09 17:21:52,4.2,17.17
3325,POS消费,地点21,开水,2015/03/09 17:22:16,2.0,15.17
3325,卡充值,,,2015/03/17 17:16:34,100.0,115.17
3325,POS消费,地点1386,校车,2015/03/20 11:20:59,2.0,113.17
3325,POS消费,地点2172,文印中心,2015/03/20 13:11:00,0.1,113.07
3325,POS消费,地点1098,文印中心,2015/03/20 14:51:25,0.3,112.77
3325,POS消费,地点21,开水,2015/03/23 11:22:29,5.6,105.17
3325,POS消费,地点1387,校车,2015/03/31 16:30:14,2.0,103.17
3325,POS消费,地点1387,校车,2015/03/31 16:30:21,2.0,101.17
3325,POS消费,地点1387,校车,2015/03/31 16:30:27,2.0,99.17
3325,POS消费,地点69,食堂,2015/03/31 17:52:38,3.6,95.57
3325,POS消费,地点243,食堂,2015/03/31 18:10:53,0.8,94.77
3325,POS消费,地点91,校车,2015/04/07 12:07:10,5.4,89.37
3325,POS消费,地点1269,校车,2015/04/07 16:01:44,2.0,87.37
3325,POS消费,地点243,食堂,2015/04/07 18:11:58,4.0,78.77
3325,POS消费,地点1997,食堂,2015/04/07 18:58:11,4.6,82.77
3325,POS消费,地点21,开水,2015/04/12 08:58:04,4.8,73.97
3325,POS消费,地点1395,校车,2015/04/13 21:17:40,2.0,67.97
3325,POS消费,地点21,开水,2015/04/14 11:43:29,5.6,62.37
3325,POS消费,地点1456,校车,2015/04/14 21:26:32,2.0,60.37
3325,POS消费,地点21,开水,2015/04/15 08:34:45,6.8,53.57
3325,POS消费,地点21,开水,2015/04/15 11:26:11,4.1,49.47
3325,POS消费,地点91,校车,2015/04/15 11:26:30,1.0,48.47
3325,POS消费,地点91,校车,2015/04/16 11:39:43,8.0,40.47
3325,POS消费,地点21,开水,2015/04/16 11:40:31,0.65,39.82
3325,POS消费,地点21,开水,2015/04/17 11:37:20,5.6,34.22
3325,POS消费,地点21,开水,2015/04/20 09:10:51,2.6,31.62
3325,POS消费,地点1405,校车,2015/04/20 16:30:54,2.0,29.62
3325,POS消费,地点21,开水,2015/04/20 17:51:21,5.0,24.62
3325,POS消费,地点2277,食堂,2015/04/20 17:52:55,3.5,21.12
3325,POS消费,地点2277,食堂,2015/04/20 18:03:45,2.0,19.12
3325,POS消费,地点243,食堂,2015/04/20 18:06:43,4.0,15.12
3325,POS消费,地点1214,校车,2015/04/21 16:29:58,2.0,13.12
3325,POS消费,地点161,食堂,2015/04/21 17:40:54,6.0,7.12
3325,POS消费,地点1395,校车,2015/04/21 21:13:51,2.0,5.12
3325,POS消费,地点21,开水,2015/04/22 09:21:20,3.3,1.82
3325,卡充值,,,2015/04/22 13:02:23,100.0,101.82
3325,POS消费,地点91,校车,2015/04/22 13:06:20,12.0,89.82
3325,POS消费,地点21,开水,2015/04/23 08:47:52,4.0,85.82
3325,POS消费,地点21,开水,2015/04/24 08:16:51,3.0,82.82
3325,POS消费,地点21,开水,2015/04/24 08:17:00,1.0,81.82
3325,POS消费,地点21,开水,2015/04/24 11:16:04,5.6,76.22
3325,POS消费,地点91,校车,2015/04/25 11:41:02,5.6,70.62
3325,POS消费,地点21,开水,2015/04/25 11:41:48,4.0,66.62
3325,POS消费,地点21,开水,2015/04/26 11:43:23,5.4,61.22
3325,POS消费,地点1387,校车,2015/04/27 16:32:46,2.0,59.22
3325,POS消费,地点21,开水,2015/04/27 17:38:43,5.4,53.82
3325,POS消费,地点218,食堂,2015/04/27 17:53:39,8.0,45.82
3325,POS消费,地点1389,校车,2015/04/27 21:46:03,2.0,43.82
3325,POS消费,地点1405,校车,2015/04/28 16:24:33,2.0,41.82
3325,POS消费,地点72,食堂,2015/04/28 17:43:57,4.6,37.22
3325,POS消费,地点243,食堂,2015/04/28 17:56:30,4.0,33.22
3325,POS消费,地点243,食堂,2015/04/28 17:56:36,1.5,31.72
3325,POS消费,地点1386,校车,2015/04/28 19:57:10,2.0,29.72
3325,POS消费,地点61,食堂,2015/05/04 17:46:52,6.4,21.32
3325,POS消费,地点243,食堂,2015/05/04 18:00:57,2.0,19.32
3325,POS消费,地点1456,校车,2015/05/04 21:17:39,2.0,17.32
3325,POS消费,地点1387,校车,2015/05/05 16:31:27,2.0,15.32
3325,POS消费,地点161,食堂,2015/05/05 17:46:13,9.8,5.52
3325,卡充值,,,2015/05/05 18:04:17,100.0,105.52
3325,POS消费,地点21,开水,2015/05/05 18:05:02,4.0,101.52
3325,POS消费,地点1389,校车,2015/05/05 21:51:22,2.0,99.52
3325,POS消费,地点21,开水,2015/05/07 09:22:00,3.3,96.22
3325,POS消费,地点1214,校车,2015/05/11 16:31:15,2.0,94.22
3325,POS消费,地点72,食堂,2015/05/11 17:49:58,4.4,89.82
3325,POS消费,地点218,食堂,2015/05/11 18:02:15,3.0,86.82
3325,POS消费,地点1389,校车,2015/05/11 21:44:17,2.0,84.82
3325,POS消费,地点1389,校车,2015/05/11 22:47:12,2.0,82.82
3325,POS消费,地点1386,校车,2015/05/12 17:54:11,2.0,80.82
3325,POS消费,地点1386,校车,2015/05/12 19:49:15,2.0,78.82
3325,POS消费,地点1386,校车,2015/05/12 20:02:32,2.0,76.82
3325,POS消费,地点21,开水,2015/05/13 07:57:55,4.0,72.82
3325,POS消费,地点1386,校车,2015/05/14 07:02:03,2.0,70.82
3325,POS消费,地点237,食堂,2015/05/14 08:11:46,3.6,67.22
3325,POS消费,地点237,食堂,2015/05/14 08:11:53,0.8,66.42
3325,POS消费,地点1405,校车,2015/05/14 14:24:57,2.0,64.42
3325,POS消费,地点21,开水,2015/05/18 08:37:18,4.5,59.92
3325,POS消费,地点21,开水,2015/05/26 11:31:16,10.4,49.52
3325,POS消费,地点1387,校车,2015/05/30 13:33:26,2.0,47.52
3325,POS消费,地点146,校车,2015/05/30 15:09:05,1.0,46.52
3325,POS消费,地点211,校车,2015/05/30 16:23:02,1.0,44.02
3325,POS消费,地点118,食堂,2015/05/30 16:41:56,1.5,45.02
3325,POS消费,地点1389,校车,2015/05/30 17:43:40,2.0,42.02
3325,POS消费,地点21,开水,2015/06/06 09:38:40,4.06,37.96
3325,POS消费,地点21,开水,2015/06/06 09:39:18,3.0,34.96
3325,POS消费,地点21,开水,2015/06/06 09:40:29,1.53,33.43
3325,POS消费,地点297,校车,2015/06/06 09:45:41,4.0,29.43
3325,POS消费,地点91,校车,2015/06/13 11:20:46,5.6,23.83
3325,POS消费,地点21,开水,2015/06/15 11:53:21,5.4,18.43
3325,POS消费,地点21,开水,2015/06/18 11:42:42,5.6,12.83
3325,POS消费,地点21,开水,2015/06/19 07:54:28,4.7,8.13
3325,POS消费,地点21,开水,2015/06/21 09:02:53,2.8,5.33
3325,POS消费,地点21,开水,2015/06/21 09:03:25,0.8,4.53
3325,卡充值,,,2015/06/21 09:14:02,100.0,104.53
3325,POS消费,地点21,开水,2015/06/25 11:34:34,1.0,103.53
3325,POS消费,地点232,食堂,2015/06/25 11:34:47,6.0,97.53
3325,POS消费,地点91,校车,2015/06/25 11:35:15,5.0,92.53
3325,POS消费,地点91,校车,2015/06/25 11:40:15,4.0,88.53
3325,POS消费,地点91,校车,2015/06/25 11:40:33,5.0,83.53
3325,POS消费,地点91,校车,2015/06/25 11:41:23,5.0,78.53
3325,POS消费,地点21,开水,2015/06/25 11:42:14,0.65,77.88
3325,POS消费,地点21,开水,2015/06/25 11:42:19,0.45,77.43
3325,POS消费,地点91,校车,2015/06/25 11:49:37,5.0,72.43
3325,POS消费,地点1395,校车,2015/06/29 06:50:24,2.0,70.43
3325,POS消费,地点1447,校车,2015/06/29 18:10:54,1.0,69.43
3325,POS消费,地点1447,校车,2015/06/29 18:11:03,1.0,68.43
3325,POS消费,地点1394,校车,2015/06/29 19:15:18,2.0,66.43
3325,POS消费,地点1394,校车,2015/06/29 19:15:28,2.0,64.43
3325,卡充值,,,2015/07/08 11:44:46,100.0,164.43
3325,更新卡信息,,,2015/07/08 11:50:04,0.0,0.0
3325,POS消费,地点21,开水,2015/07/08 11:51:12,0.45,163.98
3325,POS消费,地点91,校车,2015/07/08 11:51:31,5.0,158.98
3325,POS消费,地点91,校车,2015/07/08 11:51:43,5.0,153.98
3325,POS消费,地点21,开水,2015/07/09 18:15:57,1.5,152.48
3325,POS消费,地点91,校车,2015/07/09 18:16:19,10.0,142.48
3325,POS消费,地点21,开水,2015/07/09 18:16:56,0.45,142.03
3325,POS消费,地点1392,校车,2015/07/10 07:00:39,2.0,140.03
3325,POS消费,地点2172,文印中心,2015/07/10 08:40:43,1.8,138.23
3325,POS消费,地点1155,食堂,2015/07/10 09:33:22,8.9,129.33
3325,POS消费,地点118,食堂,2015/07/10 12:35:03,9.7,119.63
3325,POS消费,地点1214,校车,2015/07/13 12:29:12,2.0,117.63
3325,POS消费,地点91,校车,2015/07/13 18:33:54,6.0,111.63
3325,POS消费,地点232,食堂,2015/07/13 18:41:07,2.8,108.83
3325,POS消费,地点26,图书馆,2015/07/14 12:55:33,13.2,95.63
3325,POS消费,地点21,开水,2015/07/15 09:01:45,2.6,93.03
3325,POS消费,地点21,开水,2015/07/15 09:01:55,0.8,92.23
3325,POS消费,地点21,开水,2015/07/15 11:43:05,3.4,88.83
3325,POS消费,地点232,食堂,2015/07/15 11:44:44,6.0,82.83
3325,POS消费,地点21,开水,2015/07/15 11:47:24,2.0,80.83
3325,POS消费,地点6,淋浴,2015/07/15 17:22:54,6.0,74.83
3325,POS消费,地点21,开水,2015/07/15 17:24:10,2.0,72.83
3325,POS消费,地点91,校车,2015/07/15 17:24:55,5.6,67.23
3325,POS消费,地点91,校车,2015/07/15 17:25:27,1.5,65.73
3325,POS消费,地点232,食堂,2015/07/15 17:26:20,0.5,65.23
3325,POS消费,地点21,开水,2015/07/16 18:01:57,1.0,64.23
3325,POS消费,地点21,开水,2015/07/16 18:02:12,4.6,59.63
3325,POS消费,地点6,淋浴,2015/07/16 18:04:52,8.5,51.13
