400,卡挂失,,,2014/02/24 17:03:07,0.0,0.0
400,卡补办,,,2014/02/27 13:27:52,50.0,69.59
400,更新卡信息,,,2014/02/27 13:28:32,0.0,0.0
400,POS消费,地点21,开水,2014/03/02 17:06:15,10.6,58.99
400,POS消费,地点21,开水,2014/03/02 17:06:36,1.8,57.19
400,POS消费,地点21,开水,2014/03/02 17:25:32,24.3,32.89
400,POS消费,地点21,开水,2014/03/03 08:07:58,6.23,26.66
400,POS消费,地点232,食堂,2014/03/03 11:55:04,6.0,20.66
400,POS消费,地点91,校车,2014/03/03 11:55:36,5.0,15.66
400,POS消费,地点21,开水,2014/03/03 11:57:26,0.65,15.01
400,POS消费,地点271,校医院,2014/03/03 11:59:14,2.5,12.51
400,卡充值,,,2014/03/03 17:31:46,50.0,62.51
400,POS消费,地点21,开水,2014/03/03 17:33:32,3.0,59.51
400,POS消费,地点21,开水,2014/03/03 17:34:31,3.6,55.91
400,POS消费,地点21,开水,2014/03/03 17:34:57,2.5,53.41
400,POS消费,地点21,开水,2014/03/03 17:35:12,2.0,51.41
400,POS消费,地点21,开水,2014/03/03 21:41:35,8.0,43.41
400,POS消费,地点2416,淋浴,2014/03/03 22:24:13,0.6,42.81
400,POS消费,地点21,开水,2014/03/04 08:00:11,6.03,36.78
400,POS消费,地点21,开水,2014/03/04 11:09:08,4.6,32.18
400,POS消费,地点21,开水,2014/03/04 11:09:59,4.8,27.38
400,POS消费,地点21,开水,2014/03/04 11:10:20,1.8,25.58
400,POS消费,地点21,开水,2014/03/04 11:16:43,2.5,23.08
400,POS消费,地点248,超市,2014/03/05 10:08:44,5.2,17.88
400,POS消费,地点232,食堂,2014/03/05 11:40:07,14.0,3.88
400,POS消费,地点21,开水,2014/03/05 11:41:00,1.8,2.08
400,POS消费,地点248,超市,2014/03/06 16:07:27,1.9,0.18
400,卡充值,,,2014/03/06 17:54:40,50.0,50.18
400,POS消费,地点21,开水,2014/03/06 17:57:47,2.6,47.58
400,POS消费,地点21,开水,2014/03/06 17:58:11,5.0,42.58
400,POS消费,地点21,开水,2014/03/06 17:58:59,3.0,39.58
400,POS消费,地点248,超市,2014/03/07 11:57:23,6.6,32.98
400,POS消费,地点21,开水,2014/03/07 12:01:37,5.6,27.38
400,POS消费,地点21,开水,2014/03/07 12:03:32,4.0,23.38
400,POS消费,地点21,开水,2014/03/07 12:04:10,1.8,21.58
400,POS消费,地点21,开水,2014/03/07 12:16:13,3.0,18.58
400,POS消费,地点21,开水,2014/03/09 14:31:21,10.0,8.58
400,卡充值,,,2014/03/10 11:59:14,100.0,108.58
400,POS消费,地点91,校车,2014/03/10 12:02:09,9.3,99.28
400,POS消费,地点21,开水,2014/03/10 12:03:06,4.0,95.28
400,POS消费,地点21,开水,2014/03/10 12:03:29,2.0,93.28
400,POS消费,地点21,开水,2014/03/10 12:04:07,4.0,89.28
400,POS消费,地点21,开水,2014/03/10 18:00:27,6.6,82.68
400,POS消费,地点21,开水,2014/03/10 18:01:24,2.9,79.78
400,POS消费,地点91,校车,2014/03/11 10:12:45,7.0,72.78
400,POS消费,地点21,开水,2014/03/11 10:13:53,3.0,69.78
400,POS消费,地点26,图书馆,2014/03/11 10:30:40,10.0,59.78
400,POS消费,地点91,校车,2014/03/11 16:16:10,13.0,46.78
400,POS消费,地点248,超市,2014/03/11 16:18:45,2.7,44.08
400,卡充值,,,2014/03/11 17:33:04,20.0,64.08
400,POS消费,地点12,文印中心,2014/03/11 17:39:16,20.0,44.08
400,POS消费,地点12,文印中心,2014/03/11 17:39:22,20.0,24.08
400,POS消费,地点12,文印中心,2014/03/11 17:39:29,14.8,9.28
400,卡充值,,,2014/03/12 10:54:42,20.0,29.28
400,POS消费,地点91,校车,2014/03/12 10:57:36,7.0,22.28
400,POS消费,地点248,超市,2014/03/12 10:59:00,4.0,18.28
400,POS消费,地点91,校车,2014/03/12 11:23:09,15.0,3.28
400,卡充值,,,2014/03/24 11:57:58,50.0,53.28
400,POS消费,地点91,校车,2014/03/24 12:00:20,9.0,44.28
400,POS消费,地点21,开水,2014/03/24 12:00:58,2.0,42.28
400,POS消费,地点21,开水,2014/03/24 12:02:35,4.0,38.28
400,POS消费,地点21,开水,2014/03/24 12:03:18,2.5,35.78
400,POS消费,地点21,开水,2014/03/24 12:18:09,4.0,31.78
400,POS消费,地点248,超市,2014/03/24 16:28:08,4.0,27.78
400,POS消费,地点21,开水,2014/03/25 10:05:55,4.0,23.78
400,POS消费,地点91,校车,2014/03/25 10:06:40,7.0,16.78
400,POS消费,地点26,图书馆,2014/03/25 10:28:45,10.0,6.78
400,POS消费,地点21,开水,2014/03/25 12:30:52,4.0,2.78
400,卡充值,,,2014/03/25 16:13:16,20.0,22.78
400,POS消费,地点91,校车,2014/03/25 16:17:05,7.0,15.78
400,POS消费,地点26,图书馆,2014/03/25 16:33:45,3.0,12.78
400,POS消费,地点248,超市,2014/03/26 16:06:35,4.0,8.78
400,POS消费,地点248,超市,2014/03/31 11:57:19,2.9,5.88
400,POS消费,地点326,洗衣房,2014/03/31 12:34:21,4.0,1.88
400,卡充值,,,2014/04/01 10:06:06,20.0,21.88
400,POS消费,地点26,图书馆,2014/04/01 10:10:34,11.0,10.88
400,POS消费,地点21,开水,2014/04/01 10:11:27,3.0,7.88
400,POS消费,地点91,校车,2014/04/01 17:51:36,6.0,1.88
400,POS消费,地点21,开水,2014/04/01 17:52:11,1.8,0.08
400,卡充值,,,2014/04/03 11:00:01,40.0,40.08
400,POS消费,地点21,开水,2014/04/03 11:01:42,4.6,35.48
400,POS消费,地点21,开水,2014/04/03 11:02:04,1.5,33.98
400,POS消费,地点21,开水,2014/04/03 11:02:19,5.0,28.98
400,POS消费,地点21,开水,2014/04/03 11:21:24,2.9,26.08
400,POS消费,地点91,校车,2014/04/03 16:24:37,8.0,18.08
400,POS消费,地点21,开水,2014/04/03 16:27:07,2.6,15.48
400,POS消费,地点91,校车,2014/04/04 10:38:55,7.0,8.48
400,POS消费,地点26,图书馆,2014/04/04 10:40:05,4.0,4.48
400,POS消费,地点21,开水,2014/04/04 10:56:59,2.5,1.98
400,卡充值,,,2014/04/04 18:02:42,10.0,11.98
400,POS消费,地点21,开水,2014/04/04 18:06:05,5.6,6.38
400,POS消费,地点21,开水,2014/04/04 18:06:34,3.0,3.38
400,POS消费,地点21,开水,2014/04/04 18:07:22,2.9,0.48
400,卡充值,,,2014/04/08 10:07:37,100.0,100.48
400,POS消费,地点271,校医院,2014/04/08 10:11:12,18.0,82.48
400,POS消费,地点21,开水,2014/04/08 10:14:23,3.0,79.48
400,POS消费,地点21,开水,2014/04/08 10:49:15,1.8,77.68
400,POS消费,地点248,超市,2014/04/08 16:10:55,4.0,73.68
400,POS消费,地点91,校车,2014/04/08 16:13:37,12.0,61.68
400,POS消费,地点26,图书馆,2014/04/08 16:35:56,7.0,54.68
400,POS消费,地点248,超市,2014/04/09 10:41:09,4.0,50.68
400,POS消费,地点21,开水,2014/04/09 10:42:53,5.6,45.08
400,POS消费,地点21,开水,2014/04/09 10:43:36,2.5,42.58
400,POS消费,地点21,开水,2014/04/09 10:43:45,4.0,38.58
400,POS消费,地点21,开水,2014/04/10 11:59:02,3.1,35.48
400,POS消费,地点21,开水,2014/04/10 12:00:29,9.8,25.68
400,POS消费,地点21,开水,2014/04/10 12:01:15,2.5,23.18
400,POS消费,地点248,超市,2014/04/10 12:19:06,1.2,21.98
400,POS消费,地点248,超市,2014/04/11 10:17:21,4.0,17.98
400,POS消费,地点91,校车,2014/04/11 10:23:56,8.0,9.98
400,POS消费,地点91,校车,2014/04/11 13:48:04,3.0,6.98
400,POS消费,地点21,开水,2014/04/11 15:41:22,2.7,4.28
400,卡充值,,,2014/04/14 17:55:45,100.0,104.28
400,POS消费,地点21,开水,2014/04/14 17:59:02,2.0,102.28
400,POS消费,地点21,开水,2014/04/14 17:59:51,5.0,97.28
400,POS消费,地点21,开水,2014/04/14 18:00:47,2.9,94.38
400,POS消费,地点21,开水,2014/04/14 18:16:41,2.9,91.48
400,POS消费,地点248,超市,2014/04/15 10:06:41,2.6,88.88
400,POS消费,地点91,校车,2014/04/15 10:09:22,8.0,80.88
400,POS消费,地点248,超市,2014/04/15 16:08:20,4.0,76.88
400,POS消费,地点26,图书馆,2014/04/15 16:13:13,16.0,60.88
400,POS消费,地点91,校车,2014/04/16 11:29:29,6.0,54.88
400,POS消费,地点21,开水,2014/04/16 11:31:33,4.0,50.88
400,POS消费,地点91,校车,2014/04/16 11:44:32,3.0,47.88
400,POS消费,地点271,校医院,2014/04/16 16:41:30,18.0,29.88
400,POS消费,地点91,校车,2014/04/17 10:50:37,10.0,19.88
400,POS消费,地点26,图书馆,2014/04/17 10:52:37,3.0,16.88
400,POS消费,地点26,图书馆,2014/04/17 11:12:43,3.0,13.88
400,POS消费,地点248,超市,2014/04/18 10:02:17,2.9,10.98
400,卡充值,,,2014/04/20 17:25:42,80.0,90.98
400,POS消费,地点21,开水,2014/04/20 17:28:52,5.6,85.38
400,POS消费,地点21,开水,2014/04/20 17:29:48,2.0,83.38
400,POS消费,地点21,开水,2014/04/20 17:41:15,2.5,80.88
400,POS消费,地点232,食堂,2014/04/21 11:58:28,15.6,65.28
400,POS消费,地点21,开水,2014/04/21 12:02:04,4.0,61.28
400,POS消费,地点91,校车,2014/04/21 12:45:41,9.0,52.28
400,POS消费,地点248,超市,2014/04/22 10:07:52,4.0,48.28
400,POS消费,地点232,食堂,2014/04/22 10:12:41,3.0,45.28
400,POS消费,地点91,校车,2014/04/22 10:23:01,6.0,39.28
400,POS消费,地点91,校车,2014/04/22 10:46:37,3.0,36.28
400,POS消费,地点248,超市,2014/04/22 16:07:19,2.5,33.78
400,POS消费,地点248,超市,2014/04/22 18:09:08,2.3,31.48
400,POS消费,地点232,食堂,2014/04/22 18:10:22,7.6,23.88
400,POS消费,地点248,超市,2014/04/23 16:07:46,2.5,21.38
400,POS消费,地点21,开水,2014/04/24 10:48:33,3.6,17.78
400,POS消费,地点232,食堂,2014/04/24 10:48:51,5.0,12.78
400,POS消费,地点21,开水,2014/04/24 10:49:37,2.5,10.28
400,POS消费,地点21,开水,2014/04/24 10:55:17,3.5,6.78
400,POS消费,地点248,超市,2014/04/29 16:08:20,3.0,3.78
400,卡充值,,,2014/04/29 16:11:00,50.0,53.78
400,POS消费,地点91,校车,2014/04/29 16:18:11,10.0,43.78
400,POS消费,地点21,开水,2014/04/29 16:30:57,1.5,42.28
400,POS消费,地点248,超市,2014/05/01 12:06:47,3.9,38.38
400,POS消费,地点21,开水,2014/05/01 12:08:10,5.6,32.78
400,POS消费,地点21,开水,2014/05/01 12:09:36,3.5,29.28
400,POS消费,地点21,开水,2014/05/01 12:10:03,2.5,26.78
400,POS消费,地点21,开水,2014/05/03 12:01:54,4.6,22.18
400,POS消费,地点21,开水,2014/05/03 12:02:20,2.5,19.68
400,POS消费,地点21,开水,2014/05/03 12:02:37,2.5,17.18
400,POS消费,地点21,开水,2014/05/03 12:03:05,4.0,13.18
400,POS消费,地点21,开水,2014/05/05 11:58:15,4.6,8.58
400,POS消费,地点21,开水,2014/05/05 11:58:44,4.0,4.58
400,POS消费,地点21,开水,2014/05/05 11:59:11,2.5,2.08
400,卡充值,,,2014/05/08 11:06:59,20.0,22.08
400,POS消费,地点21,开水,2014/05/08 11:08:15,1.0,21.08
400,POS消费,地点21,开水,2014/05/08 11:08:52,5.6,15.48
400,POS消费,地点91,校车,2014/05/08 11:10:22,6.8,8.68
400,POS消费,地点21,开水,2014/05/08 11:20:24,2.0,6.68
400,卡充值,,,2014/05/13 17:58:19,50.0,56.68
400,POS消费,地点21,开水,2014/05/13 18:00:31,7.8,48.88
400,POS消费,地点21,开水,2014/05/13 18:01:42,4.0,44.88
400,POS消费,地点248,超市,2014/05/16 10:05:29,4.5,40.38
400,POS消费,地点91,校车,2014/05/17 11:11:06,9.6,30.78
400,POS消费,地点21,开水,2014/05/17 11:11:59,4.0,26.78
400,POS消费,地点21,开水,2014/05/17 11:12:36,2.5,24.28
400,POS消费,地点21,开水,2014/05/17 11:13:13,2.9,21.38
400,POS消费,地点248,超市,2014/05/20 16:10:48,2.5,18.88
400,POS消费,地点91,校车,2014/05/20 16:13:44,7.0,11.88
400,POS消费,地点248,超市,2014/05/20 16:30:11,1.2,10.68
400,POS消费,地点21,开水,2014/05/22 11:47:56,5.6,5.08
400,POS消费,地点21,开水,2014/05/22 11:49:18,3.0,2.08
400,POS消费,地点21,开水,2014/05/22 11:49:35,1.8,0.28
400,卡充值,,,2014/05/22 17:25:42,20.0,20.28
400,POS消费,地点91,校车,2014/05/22 17:27:52,3.1,17.18
400,POS消费,地点21,开水,2014/05/22 17:28:35,2.5,14.68
400,POS消费,地点21,开水,2014/05/22 17:28:41,6.8,7.88
400,卡充值,,,2014/05/23 17:21:10,100.0,107.88
400,POS消费,地点91,校车,2014/05/23 17:27:44,8.4,99.48
400,POS消费,地点232,食堂,2014/05/23 17:30:44,10.6,88.88
400,POS消费,地点91,校车,2014/05/23 17:32:18,3.5,85.38
400,POS消费,地点21,开水,2014/05/23 17:32:53,2.0,83.38
400,POS消费,地点91,校车,2014/05/26 12:04:13,8.6,74.78
400,POS消费,地点21,开水,2014/05/26 12:06:44,2.6,72.18
400,POS消费,地点21,开水,2014/05/26 12:08:41,3.8,68.38
400,POS消费,地点21,开水,2014/05/26 15:25:32,6.6,61.78
400,POS消费,地点21,开水,2014/05/26 18:08:57,2.1,59.68
400,POS消费,地点91,校车,2014/05/26 18:10:09,8.4,51.28
400,POS消费,地点232,食堂,2014/05/26 18:11:55,3.0,48.28
400,POS消费,地点21,开水,2014/05/26 18:17:10,6.0,42.28
400,POS消费,地点91,校车,2014/05/27 07:51:21,5.0,37.28
400,POS消费,地点91,校车,2014/05/27 07:51:26,5.0,32.28
400,POS消费,地点248,超市,2014/05/27 16:09:25,4.0,28.28
400,POS消费,地点91,校车,2014/05/27 16:11:32,7.0,21.28
400,POS消费,地点91,校车,2014/05/29 10:49:36,13.0,8.28
400,POS消费,地点91,校车,2014/05/29 10:50:11,6.0,2.28
400,POS消费,地点21,开水,2014/05/29 11:15:51,1.8,0.48
400,卡充值,,,2014/05/29 17:23:57,20.0,20.48
400,POS消费,地点21,开水,2014/05/29 17:26:17,10.6,9.88
400,POS消费,地点21,开水,2014/05/29 17:27:23,1.8,8.08
400,POS消费,地点248,超市,2014/06/03 10:08:29,6.5,1.58
400,卡充值,,,2014/06/03 10:10:45,100.0,101.58
400,POS消费,地点91,校车,2014/06/03 10:12:52,7.0,94.58
400,POS消费,地点91,校车,2014/06/03 10:38:40,4.5,90.08
400,POS消费,地点248,超市,2014/06/03 14:16:46,14.6,75.48
400,POS消费,地点248,超市,2014/06/03 16:10:37,1.5,73.98
400,POS消费,地点232,食堂,2014/06/03 16:13:55,10.0,63.98
400,POS消费,地点21,开水,2014/06/03 16:33:24,1.8,62.18
400,POS消费,地点248,超市,2014/06/06 09:57:35,2.8,59.38
400,POS消费,地点21,开水,2014/06/07 12:16:58,2.5,56.88
400,POS消费,地点91,校车,2014/06/07 12:20:51,23.0,33.88
400,POS消费,地点26,图书馆,2014/06/07 12:29:40,1.8,32.08
400,POS消费,地点91,校车,2014/06/10 08:03:51,5.0,27.08
400,POS消费,地点91,校车,2014/06/10 08:04:04,5.0,22.08
400,POS消费,地点21,开水,2014/06/10 08:04:31,2.5,19.58
400,POS消费,地点248,超市,2014/06/10 09:46:06,0.5,19.08
400,POS消费,地点21,开水,2014/06/10 11:40:51,5.6,13.48
400,POS消费,地点21,开水,2014/06/10 11:41:13,5.6,7.88
400,POS消费,地点21,开水,2014/06/10 11:42:44,2.0,5.88
400,POS消费,地点21,开水,2014/06/10 11:44:39,2.9,2.98
400,POS消费,地点21,开水,2014/06/10 11:58:43,2.5,0.48
400,卡充值,,,2014/06/16 11:32:41,20.0,20.48
400,POS消费,地点21,开水,2014/06/16 11:36:17,4.1,16.38
400,POS消费,地点21,开水,2014/06/16 11:37:14,4.0,12.38
400,POS消费,地点21,开水,2014/06/16 11:38:15,4.0,8.38
400,卡充值,,,2014/06/20 10:36:52,40.0,48.38
400,POS消费,地点91,校车,2014/06/20 10:52:12,9.0,39.38
400,POS消费,地点26,图书馆,2014/06/20 10:53:14,3.6,35.78
400,POS消费,地点21,开水,2014/06/20 11:09:18,2.5,33.28
400,POS消费,地点12,文印中心,2014/06/24 11:01:43,6.0,27.28
400,POS消费,地点12,文印中心,2014/06/24 11:02:12,6.0,21.28
400,POS消费,地点21,开水,2014/06/24 11:03:05,2.5,18.78
400,POS消费,地点21,开水,2014/06/24 11:03:24,2.5,16.28
400,POS消费,地点21,开水,2014/06/26 17:08:47,4.1,12.18
400,POS消费,地点21,开水,2014/06/26 17:09:43,5.1,7.08
400,POS消费,地点21,开水,2014/06/26 17:10:04,4.0,3.08
400,卡充值,,,2014/07/04 12:13:36,20.0,23.08
400,POS消费,地点21,开水,2014/07/04 12:16:38,5.6,17.48
400,POS消费,地点21,开水,2014/07/04 12:16:57,2.0,15.48
400,POS消费,地点26,图书馆,2014/07/04 12:22:07,1.8,13.68
