401,卡充值,,,2014/09/01 12:00:09,50.0,63.68
401,POS消费,地点21,开水,2014/09/01 12:06:33,9.0,54.68
401,POS消费,地点21,开水,2014/09/01 12:07:20,3.5,51.18
401,POS消费,地点21,开水,2014/09/01 12:08:09,2.9,48.28
401,POS消费,地点21,开水,2014/09/01 12:19:48,2.5,45.78
401,POS消费,地点271,校医院,2014/09/01 16:02:46,16.0,29.78
401,POS消费,地点248,超市,2014/09/01 16:36:44,5.4,24.38
401,POS消费,地点91,校车,2014/09/03 12:02:20,5.0,19.38
401,POS消费,地点232,食堂,2014/09/03 12:04:24,6.0,13.38
401,POS消费,地点232,食堂,2014/09/03 12:06:14,6.0,7.38
401,POS消费,地点91,校车,2014/09/03 12:07:18,0.65,6.73
401,POS消费,地点91,校车,2014/09/03 12:07:23,0.65,6.08
401,POS消费,地点21,开水,2014/09/03 12:08:06,1.5,4.58
401,POS消费,地点1215,校车,2014/09/05 12:06:13,2.0,2.58
401,卡充值,,,2014/09/09 11:46:24,50.0,52.58
401,POS消费,地点21,开水,2014/09/09 11:49:26,4.6,47.98
401,POS消费,地点21,开水,2014/09/09 11:50:31,3.0,44.98
401,POS消费,地点21,开水,2014/09/09 11:51:01,2.9,42.08
401,POS消费,地点91,校车,2014/09/10 12:01:40,12.0,30.08
401,POS消费,地点21,开水,2014/09/10 12:02:23,4.0,26.08
401,POS消费,地点91,校车,2014/09/10 17:58:05,7.0,19.08
401,POS消费,地点91,校车,2014/09/10 17:58:21,9.5,9.58
401,POS消费,地点248,超市,2014/09/11 17:10:08,3.8,5.78
401,卡充值,,,2014/09/11 17:12:17,30.0,35.78
401,POS消费,地点91,校车,2014/09/11 17:15:47,20.0,15.78
401,POS消费,地点1395,校车,2014/09/11 18:22:58,2.0,13.78
401,POS消费,地点1395,校车,2014/09/11 18:23:05,2.0,11.78
401,POS消费,地点91,校车,2014/09/12 11:59:52,8.0,3.78
401,POS消费,地点21,开水,2014/09/12 12:03:08,3.0,0.78
401,卡充值,,,2014/09/14 13:48:45,50.0,50.78
401,POS消费,地点21,开水,2014/09/14 14:12:03,1.1,49.68
401,POS消费,地点1395,校车,2014/09/14 14:48:22,2.0,47.68
401,POS消费,地点1395,校车,2014/09/14 14:48:32,2.0,45.68
401,POS消费,地点212,图书馆,2014/09/14 16:14:41,6.4,39.28
401,POS消费,地点1386,校车,2014/09/14 16:56:09,2.0,37.28
401,POS消费,地点1386,校车,2014/09/14 16:56:15,2.0,35.28
401,POS消费,地点21,开水,2014/09/15 12:07:56,9.6,25.68
401,POS消费,地点21,开水,2014/09/15 12:09:54,2.9,22.78
401,POS消费,地点21,开水,2014/09/15 12:27:08,2.5,20.28
401,POS消费,地点232,食堂,2014/09/16 12:02:38,10.6,9.68
401,POS消费,地点21,开水,2014/09/16 12:04:08,4.3,5.38
401,POS消费,地点21,开水,2014/09/16 12:08:58,2.5,2.88
401,卡充值,,,2014/09/17 12:02:02,20.0,22.88
401,POS消费,地点21,开水,2014/09/17 12:08:17,5.6,17.28
401,POS消费,地点21,开水,2014/09/17 12:08:34,4.0,13.28
401,POS消费,地点21,开水,2014/09/17 12:10:20,3.0,10.28
401,卡充值,,,2014/09/22 12:12:45,70.0,80.28
401,POS消费,地点21,开水,2014/09/22 12:18:10,2.9,77.38
401,POS消费,地点21,开水,2014/09/22 16:50:22,5.6,71.78
401,POS消费,地点91,校车,2014/09/22 16:51:09,6.7,65.08
401,POS消费,地点21,开水,2014/09/22 16:52:21,1.8,63.28
401,POS消费,地点91,校车,2014/09/23 11:59:55,17.0,46.28
401,POS消费,地点232,食堂,2014/09/23 17:59:01,15.1,31.18
401,POS消费,地点232,食堂,2014/09/23 18:00:03,0.6,30.58
401,POS消费,地点21,开水,2014/09/23 18:01:48,3.0,27.58
401,POS消费,地点248,超市,2014/09/24 11:56:29,10.0,17.58
401,POS消费,地点232,食堂,2014/09/24 12:00:59,0.32,17.26
401,POS消费,地点232,食堂,2014/09/24 12:01:04,5.0,12.26
401,POS消费,地点91,校车,2014/09/24 12:02:22,5.0,7.26
401,POS消费,地点21,开水,2014/09/24 12:03:51,0.65,6.61
401,POS消费,地点271,校医院,2014/09/24 12:05:41,2.5,4.11
401,POS消费,地点21,开水,2014/09/28 12:05:08,2.9,1.21
401,卡充值,,,2014/09/29 11:55:12,20.0,21.21
401,POS消费,地点271,校医院,2014/09/29 11:59:36,3.5,17.71
401,POS消费,地点21,开水,2014/09/29 12:00:17,1.5,16.21
401,POS消费,地点232,食堂,2014/09/29 12:02:28,6.0,10.21
401,POS消费,地点248,超市,2014/09/29 12:24:43,1.5,8.71
401,POS消费,地点1269,校车,2014/09/30 10:03:34,2.0,4.71
401,POS消费,地点1387,校车,2014/09/30 10:09:59,2.0,6.71
401,POS消费,地点1542,校车,2014/10/11 16:12:09,4.0,0.71
401,卡充值,,,2014/10/13 12:00:12,50.0,50.71
401,POS消费,地点91,校车,2014/10/13 12:11:25,17.0,33.71
401,POS消费,地点21,开水,2014/10/13 12:13:12,4.5,29.21
401,POS消费,地点21,开水,2014/10/13 17:40:35,5.7,23.51
401,POS消费,地点232,食堂,2014/10/13 17:43:39,3.5,20.01
401,POS消费,地点21,开水,2014/10/13 17:45:24,3.0,17.01
401,POS消费,地点91,校车,2014/10/14 11:41:02,16.0,1.01
401,卡充值,,,2014/10/20 11:58:39,50.0,51.01
401,POS消费,地点21,开水,2014/10/20 12:10:05,8.6,42.41
401,POS消费,地点21,开水,2014/10/20 12:10:56,4.0,38.41
401,POS消费,地点21,开水,2014/10/20 12:29:31,1.0,37.41
401,POS消费,地点91,校车,2014/10/20 17:03:50,8.0,29.41
401,POS消费,地点21,开水,2014/10/20 17:09:55,2.9,26.51
401,POS消费,地点21,开水,2014/10/21 18:09:25,9.6,16.91
401,POS消费,地点21,开水,2014/10/21 18:10:10,3.0,13.91
401,POS消费,地点21,开水,2014/10/22 18:01:15,2.0,6.31
401,POS消费,地点21,开水,2014/10/22 18:07:45,5.6,8.31
401,POS消费,地点21,开水,2014/10/22 18:08:59,4.3,2.01
401,POS消费,地点87,食堂,2014/10/26 17:17:09,4.6,91.31
401,卡充值,,,2014/10/26 17:18:41,100.0,102.01
401,POS消费,地点242,食堂,2014/10/26 17:27:58,1.5,95.91
401,POS消费,地点21,开水,2014/10/26 17:36:10,5.8,85.51
401,POS消费,地点118,食堂,2014/10/26 17:44:11,3.0,82.51
401,POS消费,地点1155,食堂,2014/10/26 17:44:32,2.0,80.51
401,POS消费,地点1997,食堂,2014/10/26 17:54:47,4.6,97.41
401,POS消费,地点21,开水,2014/10/27 12:03:51,10.6,69.91
401,POS消费,地点21,开水,2014/10/27 12:06:33,4.0,65.91
401,POS消费,地点21,开水,2014/10/27 17:40:24,2.0,55.31
401,POS消费,地点248,超市,2014/10/27 17:43:55,4.0,61.91
401,POS消费,地点21,开水,2014/10/27 17:47:02,4.6,57.31
401,POS消费,地点21,开水,2014/10/27 17:48:09,2.0,53.31
401,POS消费,地点248,超市,2014/10/27 18:06:32,2.2,51.11
401,POS消费,地点12,文印中心,2014/10/28 17:08:54,3.8,47.31
401,POS消费,地点21,开水,2014/10/28 17:10:15,9.6,37.71
401,POS消费,地点21,开水,2014/10/29 12:12:28,3.1,34.61
401,POS消费,地点21,开水,2014/10/29 12:12:48,4.0,30.61
401,POS消费,地点21,开水,2014/10/29 12:13:57,4.3,26.31
401,POS消费,地点21,开水,2014/10/29 12:18:46,2.0,24.31
401,POS消费,地点1456,校车,2014/10/31 12:01:34,2.0,22.31
401,POS消费,地点1385,校车,2014/11/02 11:12:53,2.0,20.31
401,POS消费,地点232,食堂,2014/11/04 17:05:41,10.6,9.71
401,POS消费,地点21,开水,2014/11/04 17:13:13,3.0,6.71
401,POS消费,地点21,开水,2014/11/04 17:30:47,2.9,3.81
401,POS消费,地点248,超市,2014/11/04 17:34:03,1.5,2.31
401,POS消费,地点1456,校车,2014/11/15 14:08:25,2.0,0.31
401,卡充值,,,2014/11/24 12:01:54,100.0,100.31
401,POS消费,地点21,开水,2014/11/24 12:04:11,7.0,93.31
401,POS消费,地点21,开水,2014/11/24 12:07:20,2.6,90.71
401,POS消费,地点12,文印中心,2014/11/24 14:46:26,6.7,84.01
401,POS消费,地点91,校车,2014/11/24 17:29:47,11.0,73.01
401,POS消费,地点21,开水,2014/11/24 17:30:21,2.9,70.11
401,POS消费,地点248,超市,2014/11/24 17:53:10,7.5,62.61
401,POS消费,地点1387,校车,2014/11/26 12:42:50,2.0,60.61
401,POS消费,地点21,开水,2014/11/28 12:12:36,10.6,50.01
401,POS消费,地点21,开水,2014/11/28 12:14:25,4.3,45.71
401,POS消费,地点901,校车,2014/11/28 12:45:33,4.0,41.71
401,POS消费,地点996,图书馆,2014/11/28 14:20:32,8.5,33.21
401,POS消费,地点306,食堂,2014/11/28 16:29:22,27.0,6.21
401,POS消费,地点88,食堂,2014/11/28 16:41:44,3.0,3.21
401,卡充值,,,2015/02/06 11:09:27,60.0,63.21
401,POS消费,地点21,开水,2015/02/06 11:11:14,6.1,57.11
401,POS消费,地点21,开水,2015/02/06 11:11:28,0.1,57.01
401,POS消费,地点21,开水,2015/02/06 11:12:02,6.1,50.91
401,POS消费,地点21,开水,2015/02/06 17:46:39,7.2,43.71
401,POS消费,地点91,校车,2015/02/06 17:47:49,5.25,38.46
401,POS消费,地点21,开水,2015/02/06 17:48:49,5.6,32.86
401,POS消费,地点91,校车,2015/02/07 11:50:35,5.6,27.26
401,POS消费,地点21,开水,2015/02/07 11:52:08,5.2,22.06
401,POS消费,地点21,开水,2015/02/07 17:41:49,3.0,19.06
401,POS消费,地点21,开水,2015/02/07 17:42:24,1.5,17.56
401,POS消费,地点21,开水,2015/02/08 09:28:04,3.0,14.56
401,POS消费,地点21,开水,2015/02/08 09:28:58,1.5,13.06
401,POS消费,地点21,开水,2015/02/09 12:21:23,8.1,4.96
401,POS消费,地点248,超市,2015/02/09 12:31:51,1.5,3.46
401,卡充值,,,2015/03/05 11:14:26,20.0,23.46
401,POS消费,地点21,开水,2015/03/05 11:15:51,4.6,18.86
401,POS消费,地点21,开水,2015/03/05 11:16:01,5.0,11.86
401,POS消费,地点21,开水,2015/03/05 11:16:08,2.0,16.86
401,POS消费,地点248,超市,2015/03/05 11:29:11,4.8,7.06
401,POS消费,地点529,校车,2015/03/06 10:14:14,4.0,3.06
401,卡充值,,,2015/03/09 12:07:45,30.0,33.06
401,POS消费,地点218,食堂,2015/03/09 12:19:03,3.6,22.26
401,POS消费,地点218,食堂,2015/03/09 12:19:19,5.8,16.46
401,POS消费,地点243,食堂,2015/03/09 12:35:06,2.5,13.96
401,支付领取,,,2015/03/09 12:39:42,10.0,43.06
401,POS消费,地点60,食堂,2015/03/09 12:41:23,8.6,34.46
401,POS消费,地点60,食堂,2015/03/09 12:41:44,8.6,25.86
401,POS消费,地点1472,校车,2015/03/09 13:57:52,1.0,12.96
401,POS消费,地点1472,校车,2015/03/09 14:02:43,1.0,11.96
401,POS消费,地点1491,校车,2015/03/09 16:07:44,4.0,7.96
401,POS消费,地点1491,校车,2015/03/09 16:07:51,4.0,3.96
401,卡充值,,,2015/03/11 11:15:34,20.0,23.96
401,POS消费,地点21,开水,2015/03/11 11:16:47,3.6,20.36
401,POS消费,地点91,校车,2015/03/11 11:17:11,3.5,16.86
401,POS消费,地点91,校车,2015/03/11 11:17:46,6.3,10.56
401,POS消费,地点21,开水,2015/03/11 11:21:20,1.8,8.76
401,POS消费,地点21,开水,2015/03/11 11:35:17,4.3,4.46
401,POS消费,地点953,校车,2015/03/16 10:10:47,4.0,0.46
401,卡充值,,,2015/03/16 11:27:52,20.0,20.46
401,POS消费,地点21,开水,2015/03/16 11:29:21,3.5,14.36
401,POS消费,地点21,开水,2015/03/16 11:29:36,2.6,17.86
401,POS消费,地点21,开水,2015/03/16 11:29:51,3.8,10.56
401,POS消费,地点21,开水,2015/03/19 12:04:11,2.6,7.96
401,POS消费,地点91,校车,2015/03/19 12:05:07,6.5,1.46
401,POS消费,地点222,校车,2015/05/16 12:22:05,1.0,0.46
401,卡充值,,,2015/06/09 17:27:17,20.0,20.46
401,POS消费,地点21,开水,2015/06/09 17:28:23,4.1,16.36
401,POS消费,地点21,开水,2015/06/09 17:28:52,2.0,14.36
401,POS消费,地点21,开水,2015/06/09 17:29:23,6.0,8.36
401,POS消费,地点21,开水,2015/06/09 17:42:23,6.0,2.36
401,卡充值,,,2015/06/11 16:44:10,10.0,12.36
401,POS消费,地点21,开水,2015/06/11 16:45:25,5.6,6.76
401,POS消费,地点21,开水,2015/06/11 16:45:42,2.0,4.76
401,POS消费,地点21,开水,2015/06/11 16:46:16,2.9,1.86
401,卡充值,,,2015/06/12 17:49:51,20.0,21.86
401,POS消费,地点21,开水,2015/06/12 17:50:35,4.6,17.26
401,POS消费,地点21,开水,2015/06/12 17:50:47,2.0,15.26
401,POS消费,地点91,校车,2015/06/12 17:51:22,3.0,12.26
401,POS消费,地点21,开水,2015/06/12 17:51:44,3.0,9.26
401,POS消费,地点21,开水,2015/06/12 18:03:23,4.0,5.26
401,卡充值,,,2015/06/13 12:19:38,50.0,55.26
401,POS消费,地点248,超市,2015/06/13 12:21:23,11.0,44.26
401,POS消费,地点21,开水,2015/06/13 12:22:08,4.0,40.26
401,POS消费,地点248,超市,2015/06/13 17:26:59,11.0,29.26
401,POS消费,地点21,开水,2015/06/13 17:29:52,3.0,26.26
401,POS消费,地点248,超市,2015/06/16 11:58:07,11.0,15.26
401,POS消费,地点21,开水,2015/06/16 11:59:08,4.0,11.26
401,卡充值,,,2015/07/19 12:14:08,50.0,61.26
401,更新卡信息,,,2015/07/20 11:21:46,0.0,0.0
401,POS消费,地点21,开水,2015/07/20 11:22:58,2.6,58.66
401,POS消费,地点21,开水,2015/07/20 11:23:28,4.0,54.66
401,POS消费,地点91,校车,2015/07/20 11:23:48,6.0,48.66
401,POS消费,地点91,校车,2015/07/20 11:24:27,4.1,44.56
401,POS消费,地点21,开水,2015/07/20 11:24:51,5.0,39.56
401,POS消费,地点21,开水,2015/07/20 11:27:03,3.0,36.56
401,POS消费,地点21,开水,2015/07/20 12:41:51,7.0,29.56
401,POS消费,地点21,开水,2015/07/20 16:50:02,8.6,20.96
401,POS消费,地点21,开水,2015/07/20 16:50:32,9.1,11.86
401,POS消费,地点21,开水,2015/07/20 16:52:03,2.8,9.06
401,POS消费,地点232,食堂,2015/07/21 12:30:14,8.6,0.46
401,卡充值,,,2015/07/21 12:44:50,50.0,50.46
401,POS消费,地点21,开水,2015/07/22 12:30:28,10.6,39.86
401,POS消费,地点21,开水,2015/07/22 12:32:38,2.5,37.36
401,卡充值,,,2015/07/27 12:00:54,50.0,87.36
401,POS消费,地点6,淋浴,2015/07/27 12:02:19,9.6,77.76
401,POS消费,地点21,开水,2015/07/27 12:03:45,2.0,75.76
401,POS消费,地点21,开水,2015/07/27 12:03:50,1.0,74.76
