4543,POS消费,地点1386,校车,2014/09/02 07:31:34,2.0,40.7
4543,POS消费,地点901,校车,2014/09/02 12:57:32,4.0,36.7
4543,POS消费,地点21,开水,2014/09/03 15:27:14,3.0,33.7
4543,POS消费,地点294,校车,2014/09/05 13:18:10,4.0,29.7
4543,POS消费,地点210,校车,2014/09/05 16:12:39,4.0,25.7
4543,POS消费,地点1456,校车,2014/09/09 07:28:38,2.0,23.7
4543,POS消费,地点996,图书馆,2014/09/09 09:11:36,2.6,21.1
4543,圈存转账,,,2014/09/09 09:52:16,100.0,121.1
4543,POS消费,地点182,食堂,2014/09/09 12:06:05,4.6,116.5
4543,POS消费,地点1989,校车,2014/09/09 12:50:03,4.0,112.5
4543,POS消费,地点248,超市,2014/09/09 13:38:14,4.0,108.5
4543,POS消费,地点248,超市,2014/09/11 09:50:20,4.5,104.0
4543,POS消费,地点21,开水,2014/09/11 17:03:20,2.43,101.57
4543,POS消费,地点1269,校车,2014/09/12 09:20:52,2.0,99.57
4543,POS消费,地点69,食堂,2014/09/12 11:00:44,4.4,95.17
4543,POS消费,地点242,食堂,2014/09/12 11:14:16,1.5,93.67
4543,POS消费,地点221,校车,2014/09/12 16:19:32,4.0,89.67
4543,POS消费,地点1395,校车,2014/09/13 07:14:23,2.0,87.67
4543,POS消费,地点1385,校车,2014/09/13 11:55:26,2.0,85.67
4543,POS消费,地点1386,校车,2014/09/16 07:21:21,2.0,83.67
4543,POS消费,地点21,开水,2014/09/16 12:01:48,11.5,72.17
4543,POS消费,地点83,食堂,2014/09/16 12:24:35,2.9,69.27
4543,POS消费,地点220,校车,2014/09/16 12:38:47,4.0,65.27
4543,POS消费,地点1269,校车,2014/09/19 09:22:35,2.0,63.27
4543,POS消费,地点1542,校车,2014/09/19 16:12:45,4.0,59.27
4543,POS消费,地点1386,校车,2014/09/23 06:18:23,2.0,57.27
4543,POS消费,地点195,超市,2014/09/23 12:07:24,9.4,47.87
4543,POS消费,地点1996,校车,2014/09/23 12:50:45,4.0,43.87
4543,POS消费,地点21,开水,2014/09/24 17:12:40,2.43,41.44
4543,POS消费,地点1389,校车,2014/09/30 07:37:47,2.0,39.44
4543,POS消费,地点1989,校车,2014/09/30 12:51:27,4.0,35.44
4543,POS消费,地点12,文印中心,2014/10/10 09:42:47,0.6,34.84
4543,POS消费,地点1214,校车,2014/10/10 10:26:46,2.0,32.84
4543,POS消费,地点182,食堂,2014/10/10 11:42:13,4.6,28.24
4543,POS消费,地点21,开水,2014/10/10 11:51:41,2.7,25.54
4543,POS消费,地点210,校车,2014/10/10 16:18:53,4.0,21.54
4543,POS消费,地点1215,校车,2014/10/11 07:40:07,2.0,19.54
4543,POS消费,地点1961,超市,2014/10/11 12:13:23,10.2,9.34
4543,POS消费,地点1478,校车,2014/10/11 12:42:06,4.0,5.34
4543,POS消费,地点1215,校车,2014/10/14 07:30:48,2.0,3.34
4543,POS消费,地点1215,校车,2014/10/14 07:30:57,2.0,1.34
4543,圈存转账,,,2014/10/14 08:49:46,100.0,101.34
4543,POS消费,地点1491,校车,2014/10/14 12:34:52,4.0,97.34
4543,POS消费,地点1491,校车,2014/10/14 12:34:58,4.0,93.34
4543,POS消费,地点1387,校车,2014/10/17 10:05:05,2.0,91.34
4543,POS消费,地点187,校车,2014/10/17 16:14:17,4.0,87.34
4543,POS消费,地点1389,校车,2014/10/21 07:35:24,2.0,85.34
4543,POS消费,地点2059,校车,2014/10/21 12:53:08,4.0,81.34
4543,POS消费,地点1394,校车,2014/10/24 10:20:03,2.0,79.34
4543,POS消费,地点218,食堂,2014/10/24 11:47:00,2.8,69.94
4543,POS消费,地点218,食堂,2014/10/24 11:47:35,1.0,68.94
4543,POS消费,地点184,食堂,2014/10/24 11:49:23,2.0,72.74
4543,POS消费,地点60,食堂,2014/10/24 11:53:00,4.6,74.74
4543,POS消费,地点297,校车,2014/10/24 16:10:04,4.0,64.94
4543,POS消费,地点21,开水,2014/10/24 17:13:54,2.43,62.51
4543,POS消费,地点1386,校车,2014/10/28 07:23:44,2.0,60.51
4543,POS消费,地点221,校车,2014/10/28 12:52:04,4.0,56.51
4543,POS消费,地点1387,校车,2014/10/31 10:29:16,2.0,54.51
4543,POS消费,地点65,食堂,2014/10/31 11:48:05,6.4,48.11
4543,POS消费,地点295,校车,2014/10/31 16:16:18,4.0,44.11
4543,POS消费,地点1386,校车,2014/11/01 07:55:50,2.0,42.11
4543,POS消费,地点21,开水,2014/11/03 18:05:02,4.2,37.91
4543,POS消费,地点1386,校车,2014/11/04 06:17:39,2.0,35.91
4543,圈存转账,,,2014/11/04 09:58:21,100.0,135.91
4543,POS消费,地点1989,校车,2014/11/04 12:52:19,4.0,131.91
4543,POS消费,地点1989,校车,2014/11/04 12:52:29,4.0,127.91
4543,POS消费,地点12,文印中心,2014/11/06 17:11:17,2.6,125.31
4543,POS消费,地点1405,校车,2014/11/07 10:25:17,2.0,123.31
4543,POS消费,地点260,食堂,2014/11/07 11:57:11,1.0,116.71
4543,POS消费,地点1700,食堂,2014/11/07 12:04:35,5.6,117.71
4543,POS消费,地点188,超市,2014/11/07 12:05:53,4.0,112.71
4543,POS消费,地点297,校车,2014/11/07 16:00:23,4.0,108.71
4543,POS消费,地点21,开水,2014/11/09 17:23:01,2.43,106.28
4543,POS消费,地点1456,校车,2014/11/11 07:31:03,2.0,104.28
4543,POS消费,地点920,校车,2014/11/11 12:50:00,4.0,100.28
4543,POS消费,地点232,食堂,2014/11/14 11:56:15,10.0,90.28
4543,POS消费,地点21,开水,2014/11/14 12:27:00,3.0,87.28
4543,POS消费,地点295,校车,2014/11/14 12:49:41,4.0,83.28
4543,POS消费,地点191,校车,2014/11/14 16:12:49,4.0,79.28
4543,POS消费,地点1389,校车,2014/11/18 08:12:05,2.0,77.28
4543,POS消费,地点212,图书馆,2014/11/18 09:19:04,0.6,76.68
4543,POS消费,地点91,校车,2014/11/18 11:55:07,4.5,72.18
4543,POS消费,地点26,图书馆,2014/11/18 12:10:28,2.7,69.48
4543,POS消费,地点1491,校车,2014/11/18 12:41:17,4.0,65.48
4543,POS消费,地点21,开水,2014/11/21 11:02:32,5.0,60.48
4543,POS消费,地点91,校车,2014/11/21 11:03:08,2.0,58.48
4543,POS消费,地点21,开水,2014/11/21 11:07:52,2.9,55.58
4543,POS消费,地点1491,校车,2014/11/21 12:42:57,4.0,51.58
4543,POS消费,地点953,校车,2014/11/21 16:28:26,4.0,47.58
4543,POS消费,地点21,开水,2014/11/24 16:28:23,1.0,46.58
4543,POS消费,地点1215,校车,2014/11/25 07:33:24,2.0,44.58
4543,POS消费,地点1961,超市,2014/11/25 08:55:25,23.6,20.98
4543,POS消费,地点91,校车,2014/11/25 12:03:10,4.5,16.48
4543,POS消费,地点21,开水,2014/11/25 12:18:30,1.0,15.48
4543,POS消费,地点187,校车,2014/11/25 12:47:09,4.0,11.48
4543,POS消费,地点21,开水,2014/11/28 10:54:49,5.0,6.48
4543,POS消费,地点91,校车,2014/11/28 10:55:40,2.0,4.48
4543,POS消费,地点1456,校车,2014/12/02 07:26:56,2.0,2.48
4543,POS消费,地点1456,校车,2014/12/02 07:27:13,2.0,0.48
4543,圈存转账,,,2014/12/02 10:08:11,100.0,100.48
4543,POS消费,地点21,开水,2014/12/02 12:16:58,6.0,94.48
4543,POS消费,地点195,超市,2014/12/02 12:34:30,5.0,89.48
4543,POS消费,地点1542,校车,2014/12/02 12:39:55,4.0,85.48
4543,POS消费,地点953,校车,2014/12/05 12:33:30,4.0,81.48
4543,POS消费,地点221,校车,2014/12/05 16:16:48,4.0,77.48
4543,POS消费,地点1386,校车,2014/12/09 06:15:49,2.0,75.48
4543,POS消费,地点218,食堂,2014/12/09 12:24:15,1.0,68.88
4543,POS消费,地点60,食堂,2014/12/09 12:27:35,5.6,69.88
4543,POS消费,地点191,校车,2014/12/09 12:40:48,4.0,64.88
4543,POS消费,地点1491,校车,2014/12/12 12:31:45,4.0,60.88
4543,POS消费,地点529,校车,2014/12/12 16:08:02,4.0,56.88
4543,POS消费,地点1386,校车,2014/12/16 07:27:29,2.0,54.88
4543,POS消费,地点1386,校车,2014/12/16 07:32:55,2.0,52.88
4543,POS消费,地点266,食堂,2014/12/16 12:05:45,4.6,48.28
4543,POS消费,地点841,食堂,2014/12/16 12:10:14,2.9,45.38
4543,POS消费,地点220,校车,2014/12/16 12:42:49,4.0,41.38
4543,POS消费,地点248,超市,2014/12/28 11:53:53,9.3,32.08
4543,POS消费,地点1214,校车,2014/12/30 10:23:30,2.0,30.08
4543,POS消费,地点1214,校车,2014/12/30 10:23:40,2.0,28.08
4543,POS消费,地点1214,校车,2014/12/30 10:23:49,2.0,26.08
4543,POS消费,地点134,食堂,2014/12/30 11:48:18,4.6,21.48
4543,POS消费,地点1847,食堂,2014/12/30 11:51:31,1.0,20.48
4543,POS消费,地点288,校车,2014/12/30 16:02:30,4.0,16.48
4543,卡挂失,,,2015/03/03 16:10:45,0.0,0.0
4543,卡解挂,,,2015/03/03 16:11:44,0.0,0.0
4543,POS消费,地点21,开水,2015/03/03 16:15:45,6.0,10.48
4543,POS消费,地点91,校车,2015/03/03 16:35:52,7.0,3.48
4543,POS消费,地点21,开水,2015/03/03 16:55:27,1.83,1.65
4543,POS消费,地点288,校车,2015/03/10 16:59:59,4.0,97.65
4543,圈存转账,,,2015/03/10 17:21:57,100.0,101.65
4543,POS消费,地点212,图书馆,2015/03/10 18:15:58,2.4,95.25
4543,POS消费,地点1405,校车,2015/03/10 19:22:57,2.0,93.25
4543,POS消费,地点21,开水,2015/03/12 16:59:33,4.4,88.85
4543,POS消费,地点21,开水,2015/03/13 17:06:28,1.0,87.85
4543,POS消费,地点21,开水,2015/03/15 14:48:03,2.7,85.15
4543,POS消费,地点21,开水,2015/03/15 14:53:00,1.0,84.15
4543,POS消费,地点21,开水,2015/03/23 12:03:36,3.0,81.15
4543,POS消费,地点26,图书馆,2015/03/23 12:08:21,2.5,78.65
4543,POS消费,地点21,开水,2015/03/23 12:12:48,8.0,70.65
4543,POS消费,地点21,开水,2015/03/23 16:22:11,6.5,64.15
4543,POS消费,地点21,开水,2015/03/23 18:08:54,7.6,56.55
4543,POS消费,地点21,开水,2015/04/04 16:14:54,6.0,50.55
4543,POS消费,地点91,校车,2015/04/04 16:56:17,20.0,30.55
4543,POS消费,地点21,开水,2015/04/09 18:08:01,4.0,26.55
4543,POS消费,地点91,校车,2015/04/10 12:07:40,10.0,16.55
4543,POS消费,地点21,开水,2015/04/10 12:18:11,1.5,15.05
4543,POS消费,地点220,校车,2015/04/10 12:20:22,4.0,11.05
4543,POS消费,地点173,校车,2015/04/10 15:55:15,4.0,7.05
4543,POS消费,地点26,图书馆,2015/05/11 16:19:15,0.9,6.15
4543,POS消费,地点91,校车,2015/05/22 12:06:17,10.0,96.15
4543,POS消费,地点1542,校车,2015/05/22 12:33:17,4.0,92.15
4543,圈存转账,,,2015/05/22 12:53:03,100.0,106.15
4543,POS消费,地点1542,校车,2015/05/22 16:09:34,4.0,88.15
4543,POS消费,地点21,开水,2015/06/01 16:18:55,2.8,85.35
4543,POS消费,地点1989,校车,2015/06/27 23:18:47,4.0,15.9
4543,POS消费,地点1989,校车,2015/06/27 23:18:55,4.0,11.9
4543,POS消费,地点12,文印中心,2015/06/29 12:19:03,16.8,68.55
4543,POS消费,地点288,校车,2015/06/29 12:29:08,4.0,64.55
4543,POS消费,地点1386,校车,2015/06/29 13:43:23,2.0,62.55
4543,POS消费,地点1386,校车,2015/06/29 13:44:06,2.0,60.55
4543,POS消费,地点21,开水,2015/06/30 11:11:41,8.4,52.15
4543,POS消费,地点173,校车,2015/06/30 13:06:23,4.0,48.15
4543,POS消费,地点2059,校车,2015/06/30 16:23:52,4.0,44.15
4543,POS消费,地点26,图书馆,2015/07/08 12:15:51,2.1,42.05
4543,POS消费,地点173,校车,2015/07/08 12:43:22,4.0,38.05
4543,POS消费,地点192,超市,2015/07/08 14:59:54,3.4,34.65
4543,POS消费,地点1392,校车,2015/07/08 15:31:33,2.0,32.65
4543,POS消费,地点21,开水,2015/07/09 17:21:17,5.6,27.05
4543,POS消费,地点21,开水,2015/07/09 17:21:38,4.0,23.05
4543,POS消费,地点21,开水,2015/07/09 17:34:25,1.0,22.05
4543,POS消费,地点26,图书馆,2015/07/14 09:34:40,7.05,15.0
