6974,POS消费,地点894,淋浴,2013/09/03 08:15:01,0.8,1.46
6974,圈存转账,,,2013/09/03 18:04:29,100.0,101.46
6974,POS消费,地点168,食堂,2013/09/03 18:08:13,5.5,95.96
6974,POS消费,地点204,食堂,2013/09/03 18:16:01,5.0,90.96
6974,POS消费,地点188,超市,2013/09/03 22:02:27,21.3,69.66
6974,POS消费,地点232,食堂,2013/09/04 18:12:12,15.0,54.66
6974,POS消费,地点258,食堂,2013/09/04 18:30:43,1.8,52.86
6974,POS消费,地点258,食堂,2013/09/04 18:31:07,3.2,49.66
6974,POS消费,地点188,超市,2013/09/08 22:26:08,30.0,19.66
6974,POS消费,地点21,开水,2013/09/09 13:54:04,0.11,19.55
6974,POS消费,地点269,食堂,2013/09/13 18:45:00,5.1,12.25
6974,POS消费,地点12,文印中心,2013/09/15 23:49:36,-0.48,11.47
6974,POS消费,地点12,文印中心,2013/09/15 23:49:36,1.26,10.99
6974,POS消费,地点244,食堂,2013/09/17 12:04:27,4.6,6.87
6974,POS消费,地点895,开水,2013/10/08 22:03:26,0.01,1.26
6974,POS消费,地点1210,淋浴,2013/10/17 21:20:07,0.1,1.16
6974,POS消费,地点894,淋浴,2013/10/25 15:13:24,2.2,17.35
6974,POS消费,地点894,淋浴,2013/10/25 15:29:18,2.6,4.27
6974,POS消费,地点894,淋浴,2013/10/26 01:12:31,3.0,1.27
6974,POS消费,地点1210,淋浴,2013/11/09 00:19:07,0.11,1.05
6974,卡充值,,,2013/11/11 12:01:10,100.0,101.05
6974,POS消费,地点1210,淋浴,2013/11/13 10:07:21,0.1,100.95
6974,POS消费,地点118,食堂,2013/11/14 19:13:29,3.5,97.45
6974,POS消费,地点188,超市,2013/11/14 21:17:55,26.1,71.35
6974,POS消费,地点168,食堂,2013/11/17 19:29:58,5.5,65.85
6974,POS消费,地点21,开水,2013/11/22 22:36:11,30.0,35.85
6974,POS消费,地点21,开水,2013/11/22 22:36:16,17.6,18.25
6974,POS消费,地点21,开水,2013/11/22 22:36:21,0.3,17.95
6974,POS消费,地点1210,淋浴,2013/11/27 01:54:46,0.08,17.87
6974,POS消费,地点1210,淋浴,2013/11/28 10:23:21,0.08,17.79
6974,POS消费,地点1210,淋浴,2013/11/29 14:30:18,0.06,17.73
6974,POS消费,地点1210,淋浴,2013/11/29 14:32:43,0.02,17.71
6974,POS消费,地点1210,淋浴,2013/11/29 14:33:47,0.01,17.7
6974,POS消费,地点1210,淋浴,2013/11/29 14:34:25,0.01,17.69
6974,POS消费,地点1210,淋浴,2013/11/29 14:42:57,0.01,17.68
6974,POS消费,地点1210,淋浴,2013/11/29 14:42:57,0.03,17.65
6974,POS消费,地点1210,淋浴,2013/11/30 06:05:24,0.14,17.51
6974,POS消费,地点1210,淋浴,2013/12/05 01:47:09,0.1,17.41
6974,POS消费,地点177,洗衣房,2013/12/06 00:55:50,1.26,16.15
6974,POS消费,地点1210,淋浴,2013/12/07 18:53:41,0.1,16.05
6974,POS消费,地点1210,淋浴,2013/12/09 14:17:27,0.18,15.87
6974,POS消费,地点1210,淋浴,2013/12/12 01:07:24,0.01,15.86
6974,POS消费,地点1210,淋浴,2013/12/12 01:08:13,0.01,15.84
6974,POS消费,地点1210,淋浴,2013/12/12 01:08:35,0.04,15.8
6974,POS消费,地点1210,淋浴,2013/12/12 01:10:22,0.05,15.75
6974,POS消费,地点1210,淋浴,2013/12/12 01:20:59,0.05,15.7
6974,POS消费,地点895,开水,2013/12/12 13:38:58,0.01,15.85
6974,POS消费,地点1210,淋浴,2013/12/14 16:32:23,0.08,15.5
6974,POS消费,地点1210,淋浴,2013/12/16 08:44:02,0.15,15.35
6974,POS消费,地点895,开水,2013/12/16 10:11:17,0.12,15.58
6974,POS消费,地点1210,淋浴,2013/12/17 15:45:48,0.08,15.27
6974,POS消费,地点1210,淋浴,2013/12/17 15:56:19,0.09,15.18
6974,POS消费,地点1210,淋浴,2013/12/18 20:17:51,0.08,15.1
6974,POS消费,地点895,开水,2013/12/21 22:49:31,0.14,14.96
6974,POS消费,地点1210,淋浴,2013/12/22 08:09:47,0.08,14.88
6974,POS消费,地点1210,淋浴,2013/12/23 09:17:47,0.08,14.8
6974,POS消费,地点1210,淋浴,2013/12/26 08:18:00,0.15,14.65
6974,POS消费,地点1210,淋浴,2013/12/27 11:34:24,0.13,14.52
6974,POS消费,地点1210,淋浴,2013/12/30 06:34:01,0.07,14.45
6974,POS消费,地点1210,淋浴,2013/12/30 06:36:08,0.08,14.37
6974,POS消费,地点895,开水,2013/12/31 08:21:09,0.15,14.22
6974,POS消费,地点1210,淋浴,2014/01/01 18:52:13,0.16,14.06
6974,POS消费,地点1210,淋浴,2014/01/02 13:30:16,0.08,13.98
6974,POS消费,地点1210,淋浴,2014/01/03 19:09:17,0.14,13.84
6974,POS消费,地点1210,淋浴,2014/01/11 21:28:16,0.08,13.76
6974,POS消费,地点1210,淋浴,2014/01/18 01:20:56,0.08,13.68
6974,POS消费,地点1210,淋浴,2014/02/15 12:46:48,0.01,13.67
6974,POS消费,地点895,开水,2014/02/15 13:42:48,0.25,13.42
6974,圈存转账,,,2014/02/15 15:35:08,100.0,113.42
6974,POS消费,地点21,开水,2014/02/15 15:36:27,30.0,83.42
6974,POS消费,地点21,开水,2014/02/15 15:36:31,20.3,63.12
6974,POS消费,地点895,开水,2014/02/16 15:11:19,0.15,62.97
6974,POS消费,地点188,超市,2014/02/16 18:50:19,27.6,35.37
6974,,,,2014/02/16 18:58:06,10.0,25.37
6974,圈存转账,,,2014/02/16 18:58:44,100.0,125.37
6974,POS消费,地点21,开水,2014/02/17 19:54:42,30.0,95.37
6974,POS消费,地点21,开水,2014/02/17 19:54:46,6.4,88.97
6974,,,,2014/02/17 20:01:45,20.0,68.97
6974,POS消费,地点895,开水,2014/02/18 16:10:47,0.15,68.82
6974,POS消费,地点21,开水,2014/02/18 20:31:50,21.6,47.22
6974,POS消费,地点21,开水,2014/02/18 20:34:01,30.0,17.22
6974,POS消费,地点21,开水,2014/02/18 20:34:05,0.5,16.72
6974,圈存转账,,,2014/02/19 14:49:22,100.0,116.72
6974,,,,2014/02/19 14:49:48,20.0,96.72
6974,POS消费,地点895,开水,2014/02/19 20:09:54,0.15,96.57
6974,POS消费,地点21,开水,2014/02/19 21:11:24,30.0,66.57
6974,POS消费,地点21,开水,2014/02/19 21:11:29,1.6,64.97
6974,卡挂失,,,2014/05/14 14:03:15,0.0,0.0
