6975,卡补办,,,2015/06/03 15:01:04,15.0,64.97
6975,更新卡信息,,,2015/06/03 15:01:27,0.0,0.0
6975,POS消费,地点820,食堂,2015/06/04 11:48:06,6.1,58.87
6975,POS消费,地点246,食堂,2015/06/04 19:48:42,30.0,28.87
6975,POS消费,地点89,食堂,2015/06/04 19:51:26,5.0,23.87
6975,POS消费,地点89,食堂,2015/06/04 19:51:34,5.0,18.87
6975,POS消费,地点306,食堂,2015/06/06 21:14:54,12.2,6.67
6975,POS消费,地点262,食堂,2015/06/20 11:20:34,3.3,103.37
6975,POS消费,地点262,食堂,2015/06/20 11:20:54,3.3,100.07
6975,圈存转账,,,2015/06/20 12:14:00,100.0,106.67
6975,POS消费,地点237,食堂,2015/06/20 17:23:39,1.6,98.47
6975,POS消费,地点239,食堂,2015/06/20 17:24:09,4.7,93.77
6975,POS消费,地点239,食堂,2015/06/20 17:24:23,3.9,89.87
6975,POS消费,地点239,食堂,2015/06/20 17:24:37,3.2,86.67
6975,POS消费,地点262,食堂,2015/06/21 11:26:13,3.3,83.37
6975,POS消费,地点260,食堂,2015/06/21 11:27:39,1.0,82.37
6975,POS消费,地点253,食堂,2015/06/21 11:29:02,4.5,77.87
6975,POS消费,地点1674,食堂,2015/06/23 11:42:42,5.8,72.07
6975,POS消费,地点310,食堂,2015/06/23 11:43:04,1.5,70.57
6975,POS消费,地点272,食堂,2015/06/27 16:47:41,15.0,55.57
6975,POS消费,地点192,超市,2015/06/27 17:16:03,23.5,32.07
6975,卡充值,,,2015/06/28 16:54:49,150.0,182.07
6975,POS消费,地点234,食堂,2015/06/28 16:57:59,8.6,173.47
6975,POS消费,地点103,食堂,2015/06/28 17:05:49,3.5,169.97
6975,POS消费,地点1847,食堂,2015/06/28 17:18:00,3.0,166.97
6975,POS消费,地点92,食堂,2015/06/29 17:37:54,3.8,163.17
6975,POS消费,地点103,食堂,2015/06/29 17:38:47,3.5,159.67
6975,POS消费,地点2284,食堂,2015/06/29 17:44:52,1.5,158.17
6975,POS消费,地点1588,食堂,2015/06/29 17:55:41,8.1,150.07
6975,POS消费,地点157,食堂,2015/07/03 11:32:59,11.1,138.97
6975,POS消费,地点253,食堂,2015/07/04 11:25:28,6.1,132.87
6975,POS消费,地点72,食堂,2015/07/04 11:27:55,4.4,128.47
6975,POS消费,地点60,食堂,2015/07/04 11:33:40,4.0,124.47
6975,POS消费,地点1588,食堂,2015/07/05 17:52:44,8.1,116.37
6975,POS消费,地点274,超市,2015/07/06 11:55:37,16.9,99.47
6975,,,,2015/07/06 22:36:18,30.0,69.47
6975,POS消费,地点269,食堂,2015/07/07 12:04:47,5.1,64.37
6975,POS消费,地点88,食堂,2015/07/07 12:05:17,4.44,59.93
6975,POS消费,地点274,超市,2015/07/09 20:46:23,30.0,29.93
6975,POS消费,地点274,超市,2015/07/09 20:46:28,2.6,27.33
6975,POS消费,地点1588,食堂,2015/07/12 11:29:46,4.1,23.23
6975,POS消费,地点92,食堂,2015/07/12 11:31:09,3.2,18.53
6975,POS消费,地点1466,食堂,2015/07/12 11:31:36,1.5,17.03
6975,POS消费,地点1701,食堂,2015/07/12 11:38:12,1.5,21.73
6975,,,,2015/07/12 12:51:11,10.0,7.03
6975,圈存转账,,,2015/07/12 12:51:28,200.0,207.03
6975,POS消费,地点192,超市,2015/07/12 21:12:30,30.0,177.03
6975,POS消费,地点192,超市,2015/07/12 21:12:35,7.2,169.83
6975,POS消费,地点157,食堂,2015/07/13 11:50:42,6.1,163.73
6975,POS消费,地点134,食堂,2015/07/16 11:22:27,4.6,159.13
6975,POS消费,地点310,食堂,2015/07/16 11:23:02,1.5,157.63
6975,POS消费,地点1409,食堂,2015/07/16 11:23:30,5.0,152.63
6975,POS消费,地点192,超市,2015/07/16 11:41:19,14.0,138.63
6975,POS消费,地点134,食堂,2015/07/17 11:29:28,4.6,134.03
6975,POS消费,地点310,食堂,2015/07/17 11:30:32,1.5,127.53
6975,POS消费,地点1998,食堂,2015/07/17 11:38:29,5.0,129.03
6975,POS消费,地点21,开水,2015/07/17 11:45:58,19.4,108.13
6975,POS消费,地点274,超市,2015/07/18 21:41:25,12.7,45.43
6975,,,,2015/07/18 22:39:42,40.0,68.13
6975,,,,2015/07/18 22:40:43,10.0,58.13
6975,POS消费,地点192,超市,2015/07/23 13:40:45,3.9,41.53
6975,POS消费,地点192,超市,2015/07/24 18:33:39,14.4,27.13
6975,POS消费,地点253,食堂,2015/07/25 17:22:21,4.8,217.73
6975,POS消费,地点2277,食堂,2015/07/25 17:46:31,1.5,216.23
6975,圈存转账,,,2015/07/25 18:34:51,200.0,227.13
6975,POS消费,地点1997,食堂,2015/07/25 19:06:49,4.6,222.53
6975,POS消费,地点192,超市,2015/07/26 18:00:27,14.9,201.33
6975,,,,2015/07/26 19:13:50,30.0,171.33
6975,,,,2015/07/26 23:16:40,10.0,161.33
6975,POS消费,地点61,食堂,2015/07/28 11:36:05,5.1,156.23
6975,POS消费,地点274,超市,2015/07/28 18:46:13,30.0,326.23
6975,POS消费,地点274,超市,2015/07/28 18:46:18,10.0,316.23
6975,圈存转账,,,2015/07/28 19:09:22,200.0,356.23
6975,POS消费,地点89,食堂,2015/07/29 08:51:00,3.0,313.23
6975,POS消费,地点89,食堂,2015/07/29 08:52:23,1.0,312.23
6975,POS消费,地点253,食堂,2015/07/29 16:46:44,11.4,296.23
6975,POS消费,地点1997,食堂,2015/07/29 18:34:59,4.6,307.63
6975,POS消费,地点21,开水,2015/08/01 17:24:23,2.6,293.63
6975,POS消费,地点91,校车,2015/08/01 17:25:22,3.1,290.53
6975,POS消费,地点91,校车,2015/08/01 17:25:45,3.7,286.83
6975,POS消费,地点91,校车,2015/08/01 17:41:30,10.2,276.63
6975,POS消费,地点91,校车,2015/08/01 17:41:38,10.2,276.63
6975,POS消费,地点192,超市,2015/08/03 19:10:44,29.1,247.53
6975,POS消费,地点248,超市,2015/08/05 17:29:58,4.6,242.93
6975,POS消费,地点91,校车,2015/08/05 17:32:14,4.4,238.53
6975,POS消费,地点91,校车,2015/08/05 17:32:28,6.2,232.33
6975,POS消费,地点192,超市,2015/08/05 17:55:34,30.0,202.33
6975,POS消费,地点192,超市,2015/08/05 17:55:38,1.3,201.03
6975,,,,2015/08/05 19:05:59,30.0,171.03
6975,POS消费,地点27,教务处,2015/08/25 11:32:39,10.0,161.03
6975,POS消费,地点6,淋浴,2015/08/25 17:17:01,9.1,151.93
6975,POS消费,地点188,超市,2015/08/25 17:34:07,18.0,133.93
6975,POS消费,地点192,超市,2015/08/27 18:09:03,30.0,103.93
6975,POS消费,地点192,超市,2015/08/27 18:09:07,3.7,100.23
6975,POS消费,地点6,淋浴,2015/08/29 17:25:06,10.5,89.73
6975,POS消费,地点6,淋浴,2015/08/30 17:11:27,11.1,78.63
6975,POS消费,地点1447,校车,2015/08/31 14:26:24,1.0,77.63
6975,POS消费,地点274,超市,2015/08/31 16:50:00,28.8,48.83
6975,POS消费,地点27,教务处,2015/08/31 17:43:18,10.5,38.33
