8087,POS消费,地点1155,食堂,2014/09/01 08:08:06,5.3,26.26
8087,POS消费,地点1155,食堂,2014/09/01 08:08:09,4.3,21.96
8087,POS消费,地点247,食堂,2014/09/01 11:51:18,10.0,11.96
8087,POS消费,地点247,食堂,2014/09/01 11:51:35,10.0,1.96
8087,卡充值,,,2014/09/01 17:53:20,100.0,101.96
8087,POS消费,地点26,图书馆,2014/09/01 17:56:06,16.3,85.66
8087,POS消费,地点192,超市,2014/09/01 21:29:22,3.2,82.46
8087,POS消费,地点243,食堂,2014/09/02 18:09:27,3.0,72.66
8087,POS消费,地点21,开水,2014/09/02 18:09:50,1.2,75.66
8087,POS消费,地点179,食堂,2014/09/02 18:10:13,5.6,76.86
8087,POS消费,地点192,超市,2014/09/02 21:55:19,15.7,56.96
8087,POS消费,地点243,食堂,2014/09/03 12:17:10,3.0,48.36
8087,POS消费,地点249,食堂,2014/09/03 12:17:33,5.6,51.36
8087,POS消费,地点21,开水,2014/09/03 21:14:48,4.6,43.76
8087,POS消费,地点1472,校车,2014/09/04 15:42:31,1.0,42.76
8087,POS消费,地点1472,校车,2014/09/04 17:48:01,1.0,41.76
8087,POS消费,地点1472,校车,2014/09/04 17:48:39,1.0,40.76
8087,POS消费,地点21,开水,2014/09/04 17:53:06,12.4,28.36
8087,POS消费,地点192,超市,2014/09/04 21:01:28,2.8,25.56
8087,POS消费,地点192,超市,2014/09/04 21:01:34,2.8,22.76
8087,POS消费,地点1997,食堂,2014/09/05 09:07:21,2.63,20.13
8087,POS消费,地点243,食堂,2014/09/05 12:09:53,3.0,11.53
8087,POS消费,地点249,食堂,2014/09/05 12:12:21,5.6,14.53
8087,POS消费,地点816,校车,2014/09/05 14:46:19,1.0,10.53
8087,POS消费,地点21,开水,2014/09/05 20:48:12,9.0,1.53
8087,POS消费,地点146,校车,2014/09/08 10:55:13,1.0,0.53
8087,卡充值,,,2014/09/15 11:54:01,30.0,30.53
8087,POS消费,地点192,超市,2014/09/15 11:54:21,18.2,12.33
8087,POS消费,地点266,食堂,2014/09/15 17:51:06,6.1,6.23
8087,POS消费,地点257,食堂,2014/09/15 18:00:48,3.0,3.23
8087,POS消费,地点146,校车,2014/09/16 14:29:22,1.0,2.23
8087,POS消费,地点213,食堂,2014/09/17 13:02:55,0.15,2.08
8087,卡充值,,,2014/09/18 09:25:19,100.0,102.08
8087,POS消费,地点213,食堂,2014/09/18 09:33:14,0.9,101.18
8087,POS消费,地点1155,食堂,2014/09/18 10:04:54,7.3,93.88
8087,POS消费,地点1847,食堂,2014/09/18 11:54:27,3.0,86.28
8087,POS消费,地点134,食堂,2014/09/18 12:05:11,4.6,89.28
8087,POS消费,地点21,开水,2014/09/18 18:07:20,1.9,84.38
8087,POS消费,地点182,食堂,2014/09/18 18:10:07,4.0,80.38
8087,POS消费,地点188,超市,2014/09/18 21:10:59,10.9,69.48
8087,POS消费,地点21,开水,2014/09/19 10:57:44,3.6,65.88
8087,POS消费,地点21,开水,2014/09/19 10:58:00,3.6,62.28
8087,POS消费,地点91,校车,2014/09/19 10:58:41,5.2,57.08
8087,POS消费,地点91,校车,2014/09/19 10:58:54,3.9,53.18
8087,POS消费,地点192,超市,2014/09/19 14:18:06,6.0,47.18
8087,POS消费,地点21,开水,2014/09/19 16:53:38,3.7,43.48
8087,POS消费,地点21,开水,2014/09/19 16:53:53,6.0,37.48
8087,POS消费,地点1684,其他,2014/09/19 18:36:40,20.0,17.48
8087,POS消费,地点1684,其他,2014/09/19 18:37:13,5.0,12.48
8087,POS消费,地点27,教务处,2014/09/19 18:41:54,7.8,4.68
8087,卡充值,,,2014/09/20 13:26:43,50.0,54.68
8087,POS消费,地点168,食堂,2014/09/20 13:33:17,7.0,47.68
8087,POS消费,地点168,食堂,2014/09/20 13:33:22,0.5,47.18
8087,POS消费,地点211,校车,2014/09/21 19:01:03,1.0,46.18
8087,POS消费,地点211,校车,2014/09/21 20:15:29,1.0,45.18
8087,POS消费,地点21,开水,2014/09/21 20:18:18,4.4,40.78
8087,POS消费,地点192,超市,2014/09/21 21:37:52,14.4,26.38
8087,POS消费,地点1155,食堂,2014/09/22 07:58:39,5.2,21.18
8087,POS消费,地点232,食堂,2014/09/22 11:50:14,7.5,13.68
8087,POS消费,地点232,食堂,2014/09/22 18:00:06,6.0,7.68
8087,POS消费,地点232,食堂,2014/09/24 12:02:33,6.0,1.68
8087,POS消费,地点222,校车,2014/09/24 18:48:16,1.0,0.68
8087,卡挂失,,,2014/10/05 12:18:23,0.0,0.0
8087,卡片开户,,,2014/10/05 12:26:19,120.0,105.0
8087,POS消费,地点188,超市,2014/10/05 12:27:33,8.0,97.0
8087,POS消费,地点12,文印中心,2014/10/05 14:03:42,0.6,96.4
8087,POS消费,地点211,校车,2014/10/05 14:44:38,1.0,95.4
8087,POS消费,地点232,食堂,2014/10/08 11:52:00,10.0,85.4
8087,POS消费,地点232,食堂,2014/10/08 17:39:12,21.6,63.8
8087,POS消费,地点26,图书馆,2014/10/08 18:00:50,3.0,60.8
8087,POS消费,地点247,食堂,2014/10/09 12:01:14,10.0,50.8
8087,POS消费,地点1551,食堂,2014/10/09 12:14:25,0.6,50.2
8087,POS消费,地点91,校车,2014/10/10 11:59:48,5.95,44.25
8087,POS消费,地点91,校车,2014/10/10 12:00:04,7.0,37.25
8087,卡片销户,,,2014/10/15 12:49:00,7.75,0.0
8087,卡补办,,,2014/10/15 12:49:45,22.75,8.43
8087,卡充值,,,2014/10/15 12:50:10,100.0,108.43
8087,POS消费,地点21,开水,2014/10/15 12:55:02,19.3,89.13
8087,POS消费,地点1648,洗衣房,2014/10/15 14:23:39,3.6,85.53
8087,POS消费,地点1648,洗衣房,2014/10/15 15:52:01,3.6,80.63
8087,POS消费,地点1448,校车,2014/10/15 19:07:24,1.0,79.63
8087,POS消费,地点1448,校车,2014/10/15 19:15:04,1.0,78.63
8087,POS消费,地点12,文印中心,2014/10/15 21:05:00,1.3,84.23
8087,POS消费,地点232,食堂,2014/10/16 17:40:13,22.7,55.93
8087,POS消费,地点232,食堂,2014/10/17 11:30:26,12.0,43.93
8087,POS消费,地点26,图书馆,2014/10/17 17:30:04,15.5,28.43
8087,POS消费,地点1451,校车,2014/10/20 13:03:22,1.0,27.43
8087,POS消费,地点26,图书馆,2014/10/21 11:43:32,6.0,21.43
8087,POS消费,地点26,图书馆,2014/10/22 11:43:58,19.0,2.43
8087,POS消费,地点12,文印中心,2014/10/24 12:11:32,1.4,1.03
8087,卡充值,,,2014/10/26 13:40:04,100.0,101.03
8087,POS消费,地点1961,超市,2014/10/26 13:49:16,49.0,48.43
8087,POS消费,地点1648,洗衣房,2014/10/26 13:49:34,3.6,97.43
8087,POS消费,地点1961,超市,2014/10/26 13:50:45,15.0,33.43
8087,POS消费,地点1648,洗衣房,2014/10/26 14:40:59,-0.18,33.61
8087,POS消费,地点1442,校车,2014/10/26 18:40:11,1.0,32.61
8087,POS消费,地点26,图书馆,2014/10/28 12:03:39,8.0,24.61
8087,POS消费,地点26,图书馆,2014/10/31 17:50:43,10.0,14.61
8087,POS消费,地点165,洗衣房,2014/11/02 14:18:56,3.6,11.01
8087,POS消费,地点232,食堂,2014/11/06 11:45:04,9.0,2.01
8087,POS消费,地点26,图书馆,2014/11/09 14:38:33,0.5,1.51
8087,卡充值,,,2014/11/09 14:41:01,100.0,101.51
8087,POS消费,地点88,食堂,2014/11/09 17:42:56,1.7,99.81
8087,POS消费,地点182,食堂,2014/11/09 17:52:41,4.0,95.81
8087,POS消费,地点168,食堂,2014/11/10 12:41:56,6.5,89.31
8087,POS消费,地点21,开水,2014/11/10 17:41:31,4.2,85.11
8087,POS消费,地点21,开水,2014/11/10 17:54:34,1.0,84.11
8087,POS消费,地点21,开水,2014/11/10 18:09:21,1.8,82.31
8087,POS消费,地点91,校车,2014/11/11 17:40:50,5.6,76.71
8087,POS消费,地点91,校车,2014/11/12 11:44:14,6.7,70.01
8087,POS消费,地点91,校车,2014/11/13 12:24:22,6.8,63.21
8087,POS消费,地点21,开水,2014/11/13 12:40:25,3.0,60.21
8087,POS消费,地点26,图书馆,2014/11/14 11:50:13,19.8,40.41
8087,POS消费,地点232,食堂,2014/11/14 17:47:54,15.0,25.41
8087,POS消费,地点12,文印中心,2014/11/16 15:44:19,1.1,24.31
8087,POS消费,地点88,食堂,2014/11/16 18:01:52,1.7,22.61
8087,POS消费,地点269,食堂,2014/11/16 18:02:26,4.0,18.61
8087,POS消费,地点1447,校车,2014/11/16 18:23:05,1.0,17.61
8087,卡挂失,,,2014/11/23 15:17:39,0.0,0.0
8087,卡片开户,,,2014/11/23 15:18:32,100.0,85.0
8087,更新卡信息,,,2014/11/23 15:18:56,0.0,0.0
8087,POS消费,地点188,超市,2014/11/23 15:21:39,10.8,74.2
8087,POS消费,地点1648,洗衣房,2014/11/23 18:02:16,3.6,70.6
8087,POS消费,地点1448,校车,2014/11/23 18:33:38,1.0,69.6
8087,POS消费,地点996,图书馆,2014/11/26 11:39:56,14.6,55.0
8087,POS消费,地点996,图书馆,2014/11/26 14:51:41,8.8,46.2
8087,POS消费,地点26,图书馆,2014/11/26 22:24:17,17.8,28.4
8087,POS消费,地点264,食堂,2014/11/29 11:29:55,10.6,17.8
8087,POS消费,地点1847,食堂,2014/11/29 11:53:20,3.0,14.8
8087,POS消费,地点239,食堂,2014/11/30 11:15:20,8.9,3.6
8087,POS消费,地点21,开水,2014/11/30 11:22:58,2.3,12.5
8087,卡片销户,,,2014/11/30 14:37:22,3.6,0.0
8087,卡补办,,,2014/11/30 14:38:53,18.6,36.21
8087,POS消费,地点188,超市,2014/11/30 14:42:27,6.5,29.71
8087,POS消费,地点157,食堂,2014/11/30 18:15:39,5.6,24.11
8087,POS消费,地点1472,校车,2014/11/30 18:21:38,1.0,20.11
8087,POS消费,地点1847,食堂,2014/11/30 18:21:50,3.0,21.11
8087,POS消费,地点232,食堂,2014/12/02 11:50:24,15.0,5.11
8087,POS消费,地点1447,校车,2014/12/06 13:27:53,1.0,4.11
8087,POS消费,地点1448,校车,2014/12/07 18:25:01,1.0,3.11
8087,POS消费,地点1447,校车,2014/12/13 13:32:17,1.0,2.11
8087,POS消费,地点222,校车,2014/12/24 14:07:28,1.0,1.11
8087,POS消费,地点259,食堂,2014/12/25 11:31:01,5.6,95.51
8087,POS消费,地点259,食堂,2014/12/25 11:31:14,5.1,90.41
8087,卡充值,,,2014/12/25 11:36:38,100.0,101.11
8087,POS消费,地点996,图书馆,2014/12/25 17:05:24,12.9,77.51
8087,POS消费,地点179,食堂,2014/12/26 11:47:22,4.6,72.91
8087,POS消费,地点1847,食堂,2014/12/26 11:51:00,1.8,71.11
8087,POS消费,地点1847,食堂,2014/12/26 12:03:00,3.0,68.11
8087,POS消费,地点816,校车,2014/12/26 13:34:10,1.0,67.11
8087,,,,2014/12/27 19:20:15,20.0,47.11
8087,,,,2014/12/27 19:21:08,10.0,37.11
8087,POS消费,地点188,超市,2014/12/27 21:55:53,19.5,17.61
8087,POS消费,地点996,图书馆,2014/12/28 11:09:19,1.2,16.41
8087,POS消费,地点88,食堂,2014/12/28 11:58:29,4.61,6.3
8087,POS消费,地点306,食堂,2014/12/28 12:05:03,5.5,10.91
8087,POS消费,地点996,图书馆,2014/12/29 14:36:18,1.2,5.1
8087,POS消费,地点996,图书馆,2014/12/29 16:10:15,2.4,2.7
8087,POS消费,地点996,图书馆,2014/12/30 09:17:08,0.8,1.9
8087,POS消费,地点996,图书馆,2014/12/30 09:17:17,0.8,1.1
8087,卡充值,,,2014/12/30 11:21:56,60.0,61.1
8087,POS消费,地点1596,食堂,2014/12/30 11:28:49,4.6,56.5
8087,POS消费,地点1847,食堂,2014/12/30 11:33:31,4.3,52.2
8087,POS消费,地点2172,文印中心,2014/12/30 12:46:36,1.2,51.0
8087,POS消费,地点996,图书馆,2014/12/30 14:05:47,4.0,47.0
8087,POS消费,地点996,图书馆,2014/12/30 14:29:38,2.9,44.1
8087,POS消费,地点1847,食堂,2014/12/30 17:57:36,1.8,37.7
8087,POS消费,地点305,食堂,2014/12/30 17:59:01,4.6,39.5
8087,POS消费,地点996,图书馆,2014/12/31 09:25:46,9.3,28.4
8087,POS消费,地点157,食堂,2014/12/31 11:28:03,4.66,23.74
8087,POS消费,地点26,图书馆,2015/01/03 21:51:22,14.8,8.94
8087,POS消费,地点996,图书馆,2015/01/04 09:20:52,1.5,7.44
8087,POS消费,地点996,图书馆,2015/01/04 10:57:42,2.6,4.84
8087,POS消费,地点996,图书馆,2015/01/04 11:02:55,2.6,2.24
8087,POS消费,地点1472,校车,2015/01/04 18:44:29,1.0,1.24
8087,POS消费,地点179,食堂,2015/01/07 11:30:41,5.6,95.64
8087,POS消费,地点1847,食堂,2015/01/07 11:34:48,1.8,93.84
8087,POS消费,地点1847,食堂,2015/01/07 11:35:09,4.3,89.54
8087,支付领取,,,2015/01/07 11:37:59,100.0,101.24
8087,POS消费,地点996,图书馆,2015/01/07 13:35:13,12.5,77.04
8087,POS消费,地点996,图书馆,2015/01/07 15:56:22,4.5,72.54
8087,POS消费,地点282,食堂,2015/01/07 17:15:33,7.0,63.84
8087,POS消费,地点2107,食堂,2015/01/07 18:10:52,1.7,70.84
8087,POS消费,地点996,图书馆,2015/01/07 19:06:34,2.5,61.34
8087,POS消费,地点1155,食堂,2015/01/08 11:38:53,9.0,35.34
8087,POS消费,地点118,食堂,2015/01/08 11:39:00,17.0,44.34
8087,POS消费,地点1472,校车,2015/01/08 13:38:08,1.0,34.34
8087,POS消费,地点21,开水,2015/01/08 17:43:41,5.6,28.74
8087,POS消费,地点21,开水,2015/01/08 17:44:33,0.5,28.24
8087,POS消费,地点21,开水,2015/01/08 17:55:02,2.9,25.34
8087,POS消费,地点21,开水,2015/01/10 22:12:43,8.0,17.34
8087,POS消费,地点306,食堂,2015/01/11 13:42:01,5.55,11.79
8087,POS消费,地点26,图书馆,2015/01/11 13:58:04,7.5,4.29
8087,POS消费,地点1648,洗衣房,2015/01/11 14:30:05,3.6,0.69
8087,POS消费,地点1588,食堂,2015/01/11 18:19:46,0.6,85.09
8087,POS消费,地点92,食堂,2015/01/11 18:21:14,15.0,85.69
8087,支付领取,,,2015/01/11 18:28:24,100.0,100.69
8087,POS消费,地点816,校车,2015/01/11 18:37:34,1.0,84.09
8087,POS消费,地点195,超市,2015/01/12 12:23:12,10.0,74.09
8087,POS消费,地点26,图书馆,2015/01/12 18:10:33,19.9,54.19
8087,POS消费,地点21,开水,2015/01/13 12:09:31,10.2,43.99
8087,POS消费,地点21,开水,2015/01/14 08:59:18,4.8,39.19
8087,POS消费,地点816,校车,2015/01/14 13:36:18,1.0,38.19
8087,POS消费,地点232,食堂,2015/01/14 18:19:21,15.0,23.19
8087,POS消费,地点26,图书馆,2015/01/14 18:40:03,3.0,20.19
8087,POS消费,地点26,图书馆,2015/01/15 12:11:33,9.0,11.19
8087,POS消费,地点26,图书馆,2015/01/15 18:10:34,10.0,1.19
8087,POS消费,地点26,图书馆,2015/01/16 12:13:30,13.0,108.19
8087,支付领取,,,2015/01/16 12:29:04,50.0,51.19
8087,支付领取,,,2015/01/16 12:29:08,70.0,121.19
8087,POS消费,地点232,食堂,2015/01/16 18:27:18,15.5,92.69
8087,POS消费,地点26,图书馆,2015/01/17 12:14:41,10.0,82.69
8087,POS消费,地点26,图书馆,2015/01/17 18:12:21,7.3,75.39
8087,POS消费,地点146,校车,2015/01/18 13:36:00,1.0,74.39
8087,POS消费,地点146,校车,2015/01/18 13:42:21,1.0,73.39
8087,POS消费,地点232,食堂,2015/01/19 12:25:21,11.3,62.09
8087,POS消费,地点232,食堂,2015/01/19 18:19:35,19.0,43.09
8087,POS消费,地点232,食堂,2015/01/19 18:19:38,10.0,33.09
8087,POS消费,地点232,食堂,2015/01/20 12:12:23,12.5,20.59
8087,POS消费,地点232,食堂,2015/01/20 18:02:58,15.0,5.59
8087,POS消费,地点232,食堂,2015/01/21 11:54:13,3.4,2.19
8087,POS消费,地点26,图书馆,2015/01/21 17:52:36,15.5,6.69
8087,POS消费,地点232,食堂,2015/01/21 17:53:49,3.6,3.09
8087,支付领取,,,2015/01/21 18:08:30,20.0,22.19
8087,POS消费,地点26,图书馆,2015/01/22 18:19:40,10.5,42.59
8087,支付领取,,,2015/01/22 18:36:41,50.0,53.09
8087,POS消费,地点26,图书馆,2015/01/23 12:28:58,7.2,35.39
8087,POS消费,地点26,图书馆,2015/01/23 18:08:18,25.2,10.19
8087,POS消费,地点26,图书馆,2015/01/24 12:35:21,11.0,29.19
8087,支付领取,,,2015/01/24 12:54:36,30.0,40.19
8087,POS消费,地点26,图书馆,2015/01/24 18:13:06,15.5,13.69
8087,POS消费,地点26,图书馆,2015/01/24 18:16:40,6.0,7.69
8087,POS消费,地点26,图书馆,2015/01/25 12:50:56,6.0,1.69
8087,卡充值,,,2015/02/01 13:13:49,50.0,51.69
8087,POS消费,地点192,超市,2015/02/01 13:19:14,27.5,24.19
8087,POS消费,地点192,超市,2015/02/01 14:21:47,2.8,21.39
8087,POS消费,地点91,校车,2015/02/04 18:04:47,6.1,15.29
8087,POS消费,地点248,超市,2015/02/05 12:03:29,7.2,8.09
8087,POS消费,地点91,校车,2015/02/05 12:16:33,0.83,7.26
8087,POS消费,地点21,开水,2015/02/05 18:20:20,5.3,1.96
8087,卡充值,,,2015/03/01 16:36:31,200.0,201.96
8087,POS消费,地点1447,校车,2015/03/01 18:21:07,1.0,200.96
8087,POS消费,地点232,食堂,2015/03/04 11:43:51,12.0,188.96
8087,POS消费,地点232,食堂,2015/03/05 17:51:07,20.0,138.26
8087,POS消费,地点26,图书馆,2015/03/05 17:51:11,12.5,125.76
8087,POS消费,地点232,食堂,2015/03/05 17:51:14,11.0,114.76
8087,POS消费,地点232,食堂,2015/03/06 12:01:54,14.0,100.76
8087,POS消费,地点232,食堂,2015/03/06 17:53:05,25.0,75.76
8087,POS消费,地点78,其他,2015/04/01 23:59:59,31.3,74.76
8087,POS消费,地点1472,校车,2015/05/20 12:47:44,1.0,74.76
8087,POS消费,地点146,校车,2015/06/07 14:11:27,1.0,73.76
8087,POS消费,地点1961,超市,2015/06/10 11:54:09,21.6,52.16
8087,POS消费,地点1961,超市,2015/06/10 11:54:36,0.3,51.86
8087,POS消费,地点1472,校车,2015/06/24 13:45:28,1.0,50.86
8087,POS消费,地点146,校车,2015/06/25 09:01:46,1.0,49.86
8087,POS消费,地点146,校车,2015/06/25 10:04:59,1.0,48.86
8087,POS消费,地点192,超市,2015/06/25 10:37:09,3.0,45.86
8087,POS消费,地点2172,文印中心,2015/06/25 16:39:14,12.3,33.56
8087,POS消费,地点192,超市,2015/06/25 16:41:11,4.2,29.36
8087,POS消费,地点996,图书馆,2015/06/28 15:25:08,6.6,22.76
8087,POS消费,地点239,食堂,2015/06/28 17:42:51,10.8,11.96
8087,POS消费,地点218,食堂,2015/06/28 18:03:50,4.3,7.66
8087,POS消费,地点1155,食堂,2015/06/29 16:42:34,2.9,4.76
8087,POS消费,地点1447,校车,2015/06/29 18:32:15,1.0,3.76
8087,POS消费,地点2172,文印中心,2015/07/01 09:52:58,2.25,1.51
8087,POS消费,地点211,校车,2015/07/01 10:19:18,1.0,0.51
8087,POS消费,地点12,文印中心,2015/07/24 11:19:11,10.0,0.51
8087,支付领取,,,2015/07/24 11:57:04,10.0,10.51
8087,支付领取,,,2015/08/30 12:52:52,100.0,100.51
8087,POS消费,地点274,超市,2015/08/30 13:59:27,13.5,87.01
8087,POS消费,地点211,校车,2015/08/30 16:13:27,1.0,86.01
