9401,POS消费,地点1155,食堂,2014/09/01 10:08:16,4.3,9.19
9401,POS消费,地点211,校车,2014/09/01 14:34:31,1.0,8.19
9401,POS消费,地点816,校车,2014/09/01 20:44:56,1.0,7.19
9401,POS消费,地点1451,校车,2014/09/02 11:45:23,1.0,6.19
9401,POS消费,地点222,校车,2014/09/02 18:22:13,1.0,5.19
9401,POS消费,地点816,校车,2014/09/03 12:53:13,1.0,4.19
9401,POS消费,地点1472,校车,2014/09/04 14:44:52,1.0,3.19
9401,POS消费,地点1448,校车,2014/09/05 12:39:01,1.0,2.19
9401,POS消费,地点146,校车,2014/09/06 13:48:27,1.0,1.19
9401,POS消费,地点816,校车,2014/09/07 15:12:39,1.0,0.19
9401,POS消费,地点26,图书馆,2014/09/11 13:38:46,3.0,97.19
9401,卡充值,,,2014/09/11 13:39:08,100.0,100.19
9401,POS消费,地点1448,校车,2014/09/11 13:49:38,1.0,96.19
9401,POS消费,地点1448,校车,2014/09/11 19:29:45,1.0,95.19
9401,POS消费,地点21,开水,2014/09/11 19:36:55,19.0,76.19
9401,POS消费,地点188,超市,2014/09/12 13:59:00,4.5,71.69
9401,POS消费,地点1472,校车,2014/09/12 14:06:08,1.0,70.69
9401,POS消费,地点1448,校车,2014/09/13 11:04:27,1.0,69.69
9401,POS消费,地点222,校车,2014/09/14 15:46:43,1.0,68.69
9401,POS消费,地点146,校车,2014/09/14 20:30:30,1.0,67.69
9401,POS消费,地点188,超市,2014/09/14 20:33:10,5.0,62.69
9401,POS消费,地点21,开水,2014/09/15 15:21:35,3.0,59.69
9401,POS消费,地点237,食堂,2014/09/16 08:13:16,1.6,58.09
9401,POS消费,地点222,校车,2014/09/16 14:04:23,1.0,57.09
9401,POS消费,地点1847,食堂,2014/09/16 16:23:11,3.5,44.99
9401,POS消费,地点234,食堂,2014/09/16 16:32:43,8.6,48.49
9401,POS消费,地点1847,食堂,2014/09/18 16:44:49,2.2,25.59
9401,POS消费,地点234,食堂,2014/09/18 16:54:38,8.6,36.39
9401,POS消费,地点234,食堂,2014/09/18 16:54:52,8.6,27.79
9401,POS消费,地点21,开水,2014/09/19 21:15:53,18.2,7.39
9401,POS消费,地点21,开水,2014/09/21 09:15:15,2.5,4.89
9401,卡充值,,,2014/09/22 17:06:43,100.0,104.89
9401,POS消费,地点232,食堂,2014/09/22 17:15:35,12.3,92.59
9401,POS消费,地点277,食堂,2014/09/22 17:27:48,2.2,90.39
9401,POS消费,地点188,超市,2014/09/23 13:54:34,3.0,87.39
9401,POS消费,地点65,食堂,2014/09/24 08:34:31,0.2,80.19
9401,POS消费,地点61,食堂,2014/09/24 08:46:27,3.0,84.39
9401,POS消费,地点61,食堂,2014/09/24 08:46:40,4.0,80.39
9401,POS消费,地点21,开水,2014/09/24 20:22:42,7.4,72.79
9401,POS消费,地点188,超市,2014/09/26 10:28:13,12.0,60.79
9401,POS消费,地点188,超市,2014/09/26 22:05:22,16.1,44.69
9401,POS消费,地点87,食堂,2014/09/29 07:15:31,4.0,40.69
9401,POS消费,地点65,食堂,2014/09/29 07:18:15,0.4,37.29
9401,POS消费,地点61,食堂,2014/09/29 07:30:46,3.0,37.69
9401,POS消费,地点192,超市,2014/09/30 09:06:25,6.3,30.99
9401,POS消费,地点168,食堂,2014/09/30 09:16:01,10.0,20.99
9401,POS消费,地点188,超市,2014/10/02 10:19:07,7.0,13.99
9401,POS消费,地点124,食堂,2014/10/04 08:27:36,4.5,9.49
9401,POS消费,地点168,食堂,2014/10/04 18:47:26,6.5,2.99
9401,POS消费,地点1847,食堂,2014/10/05 16:53:22,1.5,1.29
9401,POS消费,地点234,食堂,2014/10/05 16:55:37,0.2,2.79
9401,卡充值,,,2014/10/07 17:15:13,200.0,201.29
9401,POS消费,地点226,食堂,2014/10/07 17:17:50,1.2,194.29
9401,POS消费,地点1847,食堂,2014/10/07 17:19:49,2.2,192.09
9401,POS消费,地点21,开水,2014/10/07 17:32:26,12.5,179.59
9401,POS消费,地点92,食堂,2014/10/07 17:33:13,5.8,195.49
9401,POS消费,地点1447,校车,2014/10/08 16:08:20,1.0,178.59
9401,POS消费,地点87,食堂,2014/10/09 07:54:31,4.0,174.59
9401,POS消费,地点26,图书馆,2014/10/09 19:06:53,36.3,138.29
9401,POS消费,地点1442,校车,2014/10/11 19:36:11,1.0,137.29
9401,POS消费,地点816,校车,2014/10/12 09:05:07,1.0,136.29
9401,POS消费,地点83,食堂,2014/10/12 09:16:50,10.9,125.39
9401,POS消费,地点26,图书馆,2014/10/12 21:21:45,24.9,100.49
9401,POS消费,地点21,开水,2014/10/13 14:46:00,13.0,87.49
9401,POS消费,地点192,超市,2014/10/13 22:14:20,8.2,79.29
9401,POS消费,地点188,超市,2014/10/14 13:36:08,11.8,67.49
9401,POS消费,地点256,食堂,2014/10/17 10:57:57,10.0,57.49
9401,POS消费,地点1442,校车,2014/10/17 18:04:27,1.0,56.49
9401,POS消费,地点192,超市,2014/10/18 13:33:02,3.0,53.49
9401,POS消费,地点89,食堂,2014/10/19 08:41:03,3.0,50.49
9401,POS消费,地点89,食堂,2014/10/19 08:41:09,4.5,45.99
9401,POS消费,地点21,开水,2014/10/20 17:17:34,0.35,40.04
9401,POS消费,地点1588,食堂,2014/10/20 17:31:32,4.1,41.89
9401,POS消费,地点1701,食堂,2014/10/20 17:54:20,1.5,40.39
9401,POS消费,地点83,食堂,2014/10/21 08:07:07,15.5,24.54
9401,POS消费,地点188,超市,2014/10/22 10:03:46,3.0,21.54
9401,POS消费,地点247,食堂,2014/10/22 12:01:30,10.0,11.54
9401,POS消费,地点87,食堂,2014/10/23 07:47:09,2.0,4.74
9401,POS消费,地点60,食堂,2014/10/23 08:03:37,0.4,6.74
9401,POS消费,地点1997,食堂,2014/10/23 08:17:50,4.4,7.14
9401,POS消费,地点192,超市,2014/10/24 15:19:52,6.0,98.74
9401,卡充值,,,2014/10/24 15:30:06,100.0,104.74
9401,POS消费,地点192,超市,2014/10/26 19:04:38,7.5,91.24
9401,POS消费,地点21,开水,2014/10/27 16:35:41,5.0,86.24
9401,POS消费,地点1961,超市,2014/10/28 09:22:43,4.7,81.54
9401,POS消费,地点234,食堂,2014/10/28 10:49:29,7.6,73.94
9401,POS消费,地点21,开水,2014/10/28 10:58:11,6.0,67.94
9401,POS消费,地点21,开水,2014/10/28 14:23:57,6.1,61.84
9401,POS消费,地点21,开水,2014/10/29 16:32:36,11.2,50.64
9401,POS消费,地点26,图书馆,2014/10/29 22:04:35,11.5,39.14
9401,POS消费,地点188,超市,2014/10/31 08:51:21,7.1,32.04
9401,POS消费,地点234,食堂,2014/10/31 10:53:49,7.6,24.44
9401,POS消费,地点92,食堂,2014/10/31 11:04:14,2.8,21.64
9401,POS消费,地点21,开水,2014/10/31 11:09:52,1.9,19.74
9401,POS消费,地点188,超市,2014/11/02 15:22:28,8.3,11.44
9401,POS消费,地点1451,校车,2014/11/02 19:44:26,1.0,10.44
9401,POS消费,地点146,校车,2014/11/03 09:29:24,1.0,9.44
9401,POS消费,地点146,校车,2014/11/03 09:29:36,1.0,8.44
9401,POS消费,地点89,食堂,2014/11/04 08:12:52,4.5,3.94
9401,POS消费,地点222,校车,2014/11/09 09:01:07,1.0,2.94
9401,POS消费,地点222,校车,2014/11/09 09:04:03,1.0,1.94
9401,POS消费,地点60,食堂,2014/11/23 09:22:56,0.4,1.54
9401,POS消费,地点211,校车,2014/12/03 14:31:19,1.0,0.54
9401,POS消费,地点529,校车,2014/12/06 15:41:33,4.0,96.54
9401,卡充值,,,2014/12/06 15:42:21,100.0,100.54
9401,POS消费,地点1387,校车,2014/12/06 20:18:44,2.0,94.54
9401,POS消费,地点188,超市,2014/12/06 21:41:27,3.0,91.54
9401,POS消费,地点89,食堂,2014/12/07 08:18:41,4.5,87.04
9401,POS消费,地点65,食堂,2014/12/07 08:23:30,1.2,85.84
9401,POS消费,地点226,食堂,2014/12/07 16:56:36,8.0,68.04
9401,POS消费,地点234,食堂,2014/12/07 17:00:55,7.6,78.24
9401,POS消费,地点1847,食堂,2014/12/07 17:01:08,2.2,76.04
9401,POS消费,地点188,超市,2014/12/07 17:22:27,14.3,53.74
9401,POS消费,地点21,开水,2014/12/08 19:09:54,16.4,37.34
9401,POS消费,地点188,超市,2014/12/09 17:41:04,6.3,31.04
9401,POS消费,地点188,超市,2014/12/10 15:37:19,13.6,17.44
9401,POS消费,地点65,食堂,2014/12/11 08:36:12,0.6,9.64
9401,POS消费,地点1997,食堂,2014/12/11 09:17:10,3.4,14.04
9401,POS消费,地点1997,食堂,2014/12/11 09:17:14,0.8,13.24
9401,POS消费,地点1997,食堂,2014/12/11 09:17:28,3.0,10.24
9401,POS消费,地点920,校车,2014/12/17 10:12:19,4.0,5.64
9401,POS消费,地点60,食堂,2014/12/18 07:57:53,0.8,2.84
9401,POS消费,地点226,食堂,2014/12/18 16:41:47,1.84,1.0
9401,POS消费,地点837,校车,2014/12/20 17:24:57,1.0,0.0
9401,卡充值,,,2015/03/12 16:03:32,200.0,200.0
9401,POS消费,地点192,超市,2015/03/12 16:04:47,2.0,198.0
9401,POS消费,地点146,校车,2015/03/13 13:07:33,1.0,197.0
9401,POS消费,地点21,开水,2015/03/13 22:31:22,18.1,178.9
9401,POS消费,地点21,开水,2015/03/15 22:33:06,15.4,163.5
9401,POS消费,地点1466,食堂,2015/03/16 17:04:54,0.35,155.05
9401,POS消费,地点103,食堂,2015/03/16 17:12:21,4.1,159.4
9401,POS消费,地点92,食堂,2015/03/16 17:12:46,4.0,155.4
9401,POS消费,地点1996,校车,2015/03/16 17:14:19,1.0,154.05
9401,POS消费,地点192,超市,2015/03/17 21:12:40,30.0,124.05
9401,POS消费,地点192,超市,2015/03/17 21:12:43,14.4,109.65
9401,POS消费,地点21,开水,2015/03/18 20:47:34,3.1,106.55
9401,POS消费,地点26,图书馆,2015/03/19 20:48:35,24.5,82.05
9401,POS消费,地点1386,校车,2015/03/20 13:30:46,2.0,80.05
9401,卡解挂,,,2015/03/23 17:51:22,0.0,0.0
9401,POS消费,地点239,食堂,2015/03/23 17:53:27,5.5,72.55
9401,POS消费,地点69,食堂,2015/03/23 17:54:25,5.0,67.55
9401,POS消费,地点21,开水,2015/03/23 17:56:05,3.5,64.05
9401,POS消费,地点26,图书馆,2015/03/23 18:11:30,9.9,54.15
9401,POS消费,地点89,食堂,2015/03/24 07:33:36,4.5,49.65
9401,POS消费,地点89,食堂,2015/03/24 07:33:41,4.5,45.15
9401,POS消费,地点60,食堂,2015/03/24 08:02:52,0.4,44.75
9401,POS消费,地点21,开水,2015/03/24 20:31:55,8.0,36.75
9401,POS消费,地点1451,校车,2015/03/25 12:55:25,1.0,35.75
9401,POS消费,地点188,超市,2015/03/25 19:08:44,13.2,22.55
9401,POS消费,地点118,食堂,2015/03/26 17:24:35,2.9,19.65
9401,POS消费,地点192,超市,2015/03/26 22:44:36,11.8,7.85
9401,POS消费,地点222,校车,2015/03/27 17:25:34,1.0,6.85
9401,POS消费,地点191,校车,2015/03/28 15:37:19,4.0,2.85
9401,POS消费,地点211,校车,2015/03/31 15:30:42,1.0,1.85
9401,POS消费,地点1448,校车,2015/04/01 13:17:39,1.0,0.85
9401,卡充值,,,2015/05/04 11:57:04,200.0,200.85
9401,POS消费,地点275,食堂,2015/05/04 12:01:09,12.0,178.85
9401,POS消费,地点247,食堂,2015/05/04 12:01:33,10.0,190.85
9401,POS消费,地点192,超市,2015/05/04 12:26:53,26.8,152.05
9401,POS消费,地点1448,校车,2015/05/04 17:34:22,1.0,151.05
9401,POS消费,地点211,校车,2015/05/06 13:13:24,1.0,150.05
9401,POS消费,地点211,校车,2015/05/06 13:13:30,1.0,149.05
9401,POS消费,地点192,超市,2015/05/06 13:43:03,9.4,139.65
9401,POS消费,地点188,超市,2015/05/07 20:49:44,4.9,134.75
9401,POS消费,地点1472,校车,2015/05/08 13:59:05,1.0,133.75
9401,POS消费,地点192,超市,2015/05/08 14:26:58,5.0,128.75
9401,POS消费,地点188,超市,2015/05/08 22:39:22,16.8,111.95
9401,POS消费,地点222,校车,2015/05/10 09:17:49,1.0,110.95
9401,POS消费,地点222,校车,2015/05/10 09:19:19,1.0,109.95
9401,POS消费,地点21,开水,2015/05/10 09:50:19,13.1,96.85
9401,POS消费,地点1447,校车,2015/05/12 08:59:14,1.0,95.85
9401,POS消费,地点1447,校车,2015/05/12 08:59:22,1.0,94.85
9401,POS消费,地点118,食堂,2015/05/12 09:40:25,21.0,73.85
9401,POS消费,地点211,校车,2015/05/14 16:26:16,1.0,72.85
9401,POS消费,地点211,校车,2015/05/14 16:26:47,1.0,71.85
9401,POS消费,地点21,开水,2015/05/14 22:16:58,7.9,63.95
9401,POS消费,地点26,图书馆,2015/05/17 21:24:18,8.8,55.15
9401,POS消费,地点21,开水,2015/05/18 17:35:10,5.4,49.75
9401,POS消费,地点1466,食堂,2015/05/19 11:51:03,2.0,43.65
9401,POS消费,地点1998,食堂,2015/05/19 11:55:08,4.1,45.65
9401,POS消费,地点192,超市,2015/05/19 12:09:26,8.5,35.15
9401,POS消费,地点1998,食堂,2015/05/20 11:58:13,4.1,31.05
9401,POS消费,地点192,超市,2015/05/20 12:03:41,3.8,27.25
9401,POS消费,地点1447,校车,2015/05/20 13:26:58,1.0,26.25
9401,POS消费,地点87,食堂,2015/05/21 08:29:51,2.0,22.85
9401,POS消费,地点1997,食堂,2015/05/21 09:47:39,1.4,24.85
9401,POS消费,地点1700,食堂,2015/05/21 11:52:33,5.6,17.25
9401,POS消费,地点1447,校车,2015/05/21 16:43:04,1.0,16.25
9401,POS消费,地点188,超市,2015/05/21 21:47:58,13.3,2.95
9401,POS消费,地点816,校车,2015/05/23 13:00:18,1.0,1.95
9401,卡充值,,,2015/06/02 18:23:18,100.0,100.95
9401,POS消费,地点26,图书馆,2015/06/02 18:59:59,9.5,91.45
9401,POS消费,地点274,超市,2015/06/03 20:22:19,7.9,83.55
9401,POS消费,地点146,校车,2015/06/04 09:26:09,1.0,82.55
9401,POS消费,地点192,超市,2015/06/04 09:51:32,8.9,73.65
9401,POS消费,地点274,超市,2015/06/04 22:43:37,1.9,71.75
9401,POS消费,地点1451,校车,2015/06/05 17:43:54,1.0,70.75
9401,POS消费,地点816,校车,2015/06/06 19:14:50,1.0,63.55
9401,POS消费,地点192,超市,2015/06/06 19:16:07,6.2,64.55
9401,POS消费,地点1215,校车,2015/06/06 20:30:03,2.0,61.55
9401,POS消费,地点187,校车,2015/06/07 09:28:26,4.0,57.55
9401,POS消费,地点188,超市,2015/06/07 20:32:57,12.5,45.05
9401,POS消费,地点26,图书馆,2015/06/08 22:03:21,14.4,30.65
9401,POS消费,地点837,校车,2015/06/10 09:14:29,1.0,29.65
9401,POS消费,地点837,校车,2015/06/10 09:14:35,1.0,28.65
9401,POS消费,地点837,校车,2015/06/10 09:15:31,1.0,27.65
9401,POS消费,地点837,校车,2015/06/10 09:15:39,1.0,26.65
9401,POS消费,地点234,食堂,2015/06/11 16:49:23,7.6,19.05
9401,POS消费,地点274,超市,2015/06/11 17:11:30,9.0,10.05
9401,POS消费,地点234,食堂,2015/06/12 16:48:05,8.6,1.45
9401,POS消费,地点222,校车,2015/06/13 20:00:43,1.0,0.45
9401,POS消费,地点222,校车,2015/06/21 17:16:54,1.0,96.15
9401,卡充值,,,2015/06/21 17:22:27,100.0,100.45
9401,POS消费,地点218,食堂,2015/06/21 17:23:13,3.3,97.15
9401,POS消费,地点222,校车,2015/06/22 18:05:06,1.0,95.15
9401,POS消费,地点146,校车,2015/06/23 08:42:14,1.0,94.15
9401,POS消费,地点234,食堂,2015/06/24 17:03:30,7.6,86.55
9401,POS消费,地点192,超市,2015/06/24 17:25:19,3.5,83.05
9401,POS消费,地点192,超市,2015/06/25 16:46:08,2.0,81.05
9401,POS消费,地点837,校车,2015/06/25 16:46:32,1.0,80.05
9401,POS消费,地点837,校车,2015/06/25 16:46:38,1.0,79.05
9401,POS消费,地点1996,校车,2015/06/26 11:58:43,1.0,78.05
9401,POS消费,地点192,超市,2015/06/26 12:23:55,20.4,57.65
9401,POS消费,地点192,超市,2015/06/27 19:33:27,11.0,46.65
9401,POS消费,地点146,校车,2015/06/29 18:07:29,1.0,38.85
9401,POS消费,地点146,校车,2015/06/29 18:07:38,1.0,37.85
9401,POS消费,地点192,超市,2015/06/29 18:18:12,6.8,39.85
9401,POS消费,地点222,校车,2015/06/29 20:28:04,1.0,36.85
9401,POS消费,地点222,校车,2015/06/29 20:29:32,1.0,35.85
9401,POS消费,地点274,超市,2015/06/30 09:08:47,2.0,33.85
9401,POS消费,地点118,食堂,2015/06/30 09:14:31,4.5,29.35
9401,POS消费,地点1472,校车,2015/07/01 20:13:13,1.0,28.35
9401,POS消费,地点1472,校车,2015/07/01 20:13:42,1.0,27.35
9401,POS消费,地点1472,校车,2015/07/01 20:13:49,1.0,26.35
9401,POS消费,地点188,超市,2015/07/01 20:40:49,14.9,11.45
9401,POS消费,地点234,食堂,2015/07/02 16:48:45,7.6,3.85
9401,POS消费,地点816,校车,2015/07/04 16:03:08,1.0,2.85
9401,POS消费,地点816,校车,2015/07/04 16:03:14,1.0,1.85
9401,POS消费,地点1451,校车,2015/07/05 09:57:29,1.0,0.85
9401,卡充值,,,2015/07/12 17:01:22,50.0,50.85
9401,POS消费,地点188,超市,2015/07/12 17:23:18,5.9,44.95
9401,POS消费,地点188,超市,2015/07/12 22:27:27,20.4,24.55
9401,POS消费,地点274,超市,2015/07/13 15:31:09,6.8,17.75
9401,POS消费,地点1551,食堂,2015/07/14 17:51:57,10.6,7.15
9401,POS消费,地点274,超市,2015/07/14 18:26:13,3.5,3.65
9401,POS消费,地点146,校车,2015/07/14 19:28:16,1.0,2.65
9401,POS消费,地点146,校车,2015/07/14 19:28:26,1.0,1.65
9401,POS消费,地点1472,校车,2015/07/15 19:35:58,1.0,0.65
9401,卡充值,,,2015/08/27 15:03:58,100.0,100.65
9401,POS消费,地点274,超市,2015/08/28 22:18:13,25.2,75.45
9401,POS消费,地点1996,校车,2015/08/30 09:27:32,1.0,74.45
9401,POS消费,地点1996,校车,2015/08/30 09:27:40,1.0,73.45
9401,POS消费,地点274,超市,2015/08/30 22:31:03,25.2,48.25
9401,POS消费,地点816,校车,2015/08/31 13:40:48,1.0,47.25
9401,POS消费,地点816,校车,2015/08/31 13:40:56,1.0,46.25
