9765,POS消费,地点358,开水,2014/09/03 12:02:34,0.01,7.12
9765,卡充值,,,2014/09/03 14:43:07,50.0,57.12
9765,POS消费,地点21,开水,2014/09/04 08:13:52,2.8,54.32
9765,POS消费,地点6,淋浴,2014/09/09 11:54:35,3.7,50.62
9765,POS消费,地点118,食堂,2014/09/09 14:10:28,4.3,46.32
9765,POS消费,地点21,开水,2014/09/09 18:03:59,3.0,43.32
9765,POS消费,地点118,食堂,2014/09/09 18:24:24,3.0,40.32
9765,POS消费,地点91,校车,2014/09/11 11:56:18,3.2,37.12
9765,POS消费,地点1155,食堂,2014/09/11 14:12:11,6.4,30.72
9765,POS消费,地点225,食堂,2014/09/11 17:31:52,9.2,21.52
9765,POS消费,地点243,食堂,2014/09/11 17:45:01,1.0,20.52
9765,POS消费,地点211,校车,2014/09/11 17:54:26,1.0,19.52
9765,POS消费,地点232,食堂,2014/09/12 12:00:12,7.0,12.52
9765,POS消费,地点1155,食堂,2014/09/16 14:19:04,1.5,11.02
9765,POS消费,地点225,食堂,2014/09/16 18:05:24,5.2,5.82
9765,POS消费,地点6,淋浴,2014/09/17 11:28:20,1.5,49.12
9765,POS消费,地点6,淋浴,2014/09/17 11:28:42,5.2,50.62
9765,卡充值,,,2014/09/17 11:32:02,50.0,55.82
9765,POS消费,地点1155,食堂,2014/09/17 14:13:53,6.0,43.12
9765,POS消费,地点255,食堂,2014/09/17 17:21:33,9.6,33.52
9765,POS消费,地点232,食堂,2014/09/17 17:22:18,4.0,29.52
9765,POS消费,地点283,食堂,2014/09/17 17:26:11,0.8,28.72
9765,POS消费,地点21,开水,2014/09/17 17:37:35,3.0,25.72
9765,POS消费,地点6,淋浴,2014/09/22 11:56:44,5.2,20.52
9765,POS消费,地点118,食堂,2014/09/22 14:14:14,6.0,14.52
9765,POS消费,地点203,食堂,2014/09/22 18:25:14,7.5,7.02
9765,POS消费,地点91,校车,2014/09/23 11:52:50,1.5,5.52
9765,POS消费,地点527,食堂,2014/09/23 11:58:03,4.5,1.02
9765,卡充值,,,2014/09/23 17:26:22,50.0,51.02
9765,POS消费,地点233,食堂,2014/09/23 17:29:58,9.6,41.42
9765,POS消费,地点233,食堂,2014/09/23 17:32:31,1.0,40.42
9765,卡片开户,,,2014/10/10 16:07:19,50.0,35.0
9765,卡挂失,,,2014/10/10 16:08:02,0.0,0.0
9765,POS消费,地点1155,食堂,2014/10/10 16:11:13,1.8,33.2
9765,POS消费,地点314,食堂,2014/10/11 15:57:37,3.0,30.2
9765,卡挂失,,,2014/10/15 11:08:14,0.0,0.0
9765,POS消费,地点21,开水,2014/10/21 12:03:41,5.0,50.62
9765,卡片销户,,,2014/10/21 12:07:37,30.2,0.0
9765,卡补办,,,2014/10/21 12:08:37,30.2,55.62
9765,更新卡信息,,,2014/10/21 12:09:00,0.0,0.0
9765,POS消费,地点358,开水,2014/10/21 12:25:52,0.01,50.61
9765,POS消费,地点526,食堂,2014/10/21 16:36:23,7.0,43.61
9765,POS消费,地点21,开水,2014/10/21 17:27:26,4.61,39.0
9765,POS消费,地点225,食堂,2014/10/21 17:28:02,10.6,28.4
9765,POS消费,地点822,食堂,2014/10/21 17:28:48,10.0,18.4
9765,POS消费,地点269,食堂,2014/10/22 11:34:05,8.6,9.8
9765,POS消费,地点203,食堂,2014/10/22 11:34:29,7.5,2.3
9765,卡充值,,,2014/10/23 12:04:12,50.0,52.3
9765,POS消费,地点1155,食堂,2014/10/27 14:15:19,9.3,43.0
9765,POS消费,地点91,校车,2014/10/30 12:12:02,18.5,24.5
9765,POS消费,地点91,校车,2014/10/30 12:12:07,2.0,22.5
9765,POS消费,地点91,校车,2014/10/30 12:20:51,2.5,20.0
9765,POS消费,地点21,开水,2014/10/30 12:21:11,6.0,14.0
9765,POS消费,地点314,食堂,2014/10/30 12:37:54,3.0,11.0
9765,POS消费,地点91,校车,2014/11/04 18:12:55,1.2,9.8
9765,POS消费,地点314,食堂,2014/11/04 18:14:59,3.0,6.8
9765,POS消费,地点1961,超市,2014/11/04 19:31:16,2.3,4.5
9765,POS消费,地点195,超市,2014/11/05 15:27:57,1.8,2.7
9765,卡充值,,,2014/11/06 12:06:13,50.0,52.7
9765,POS消费,地点65,食堂,2014/11/06 12:12:57,6.4,46.3
9765,POS消费,地点195,超市,2014/11/06 14:57:31,5.8,40.5
9765,POS消费,地点195,超市,2014/11/06 19:07:14,8.8,31.7
9765,POS消费,地点1961,超市,2014/11/06 19:25:08,2.0,29.7
9765,POS消费,地点1447,校车,2014/11/07 16:18:40,1.0,28.7
9765,POS消费,地点1961,超市,2014/11/10 14:50:46,5.9,22.8
9765,POS消费,地点681,开水,2014/11/10 16:17:49,0.01,22.79
9765,POS消费,地点1961,超市,2014/11/10 21:45:17,2.0,20.79
9765,POS消费,地点225,食堂,2014/11/12 17:18:00,9.6,11.19
9765,POS消费,地点2107,食堂,2014/11/12 18:03:09,3.34,7.85
9765,POS消费,地点795,开水,2014/11/13 10:10:58,0.01,7.84
9765,POS消费,地点91,校车,2014/11/13 12:04:04,5.2,2.64
9765,POS消费,地点795,开水,2014/11/20 08:52:05,0.01,2.63
9765,POS消费,地点795,开水,2014/11/20 10:05:37,0.01,2.62
9765,卡挂失,,,2014/12/09 12:01:37,0.0,0.0
9765,卡补办,,,2014/12/17 11:47:36,115.0,102.62
9765,更新卡信息,,,2014/12/17 11:47:55,0.0,0.0
9765,POS消费,地点243,食堂,2014/12/17 11:53:19,3.5,99.12
9765,POS消费,地点91,校车,2014/12/17 11:55:20,1.8,97.32
9765,POS消费,地点232,食堂,2014/12/17 11:55:45,6.0,91.32
9765,POS消费,地点232,食堂,2014/12/17 12:01:32,7.0,84.32
9765,POS消费,地点232,食堂,2014/12/17 12:15:47,10.9,73.42
9765,POS消费,地点1961,超市,2014/12/17 13:14:36,3.7,69.72
9765,POS消费,地点1447,校车,2014/12/18 16:54:08,1.0,68.72
9765,POS消费,地点837,校车,2014/12/18 18:18:22,1.0,67.72
9765,POS消费,地点195,超市,2014/12/18 20:24:49,24.0,43.72
9765,POS消费,地点91,校车,2014/12/19 11:55:59,4.5,39.22
9765,POS消费,地点195,超市,2014/12/19 13:16:24,6.0,33.22
9765,POS消费,地点21,开水,2014/12/19 16:20:28,3.0,30.22
9765,POS消费,地点195,超市,2014/12/19 21:32:35,3.5,26.72
9765,POS消费,地点1961,超市,2014/12/22 18:47:54,6.1,20.62
9765,POS消费,地点796,开水,2014/12/23 10:19:41,0.01,20.61
9765,卡充值,,,2014/12/23 12:05:50,50.0,70.61
9765,POS消费,地点91,校车,2014/12/23 12:08:08,1.2,69.41
9765,POS消费,地点21,开水,2014/12/23 12:10:35,19.5,49.91
9765,POS消费,地点232,食堂,2014/12/23 12:12:11,6.0,43.91
9765,POS消费,地点21,开水,2014/12/23 16:45:57,3.0,40.91
9765,POS消费,地点526,食堂,2014/12/24 13:29:16,7.0,33.91
9765,POS消费,地点1961,超市,2014/12/24 16:47:03,2.0,31.91
9765,POS消费,地点1961,超市,2014/12/24 16:47:20,-2.0,33.91
9765,POS消费,地点1961,超市,2014/12/24 16:47:24,2.0,31.91
9765,POS消费,地点1961,超市,2014/12/25 15:33:46,4.0,27.91
9765,POS消费,地点1961,超市,2014/12/26 13:15:33,4.0,23.91
9765,POS消费,地点1961,超市,2014/12/29 15:05:27,3.3,20.61
9765,卡充值,,,2014/12/30 12:24:58,100.0,120.61
9765,POS消费,地点91,校车,2014/12/30 12:27:43,1.2,119.41
9765,POS消费,地点21,开水,2014/12/30 12:31:04,15.3,104.11
9765,POS消费,地点232,食堂,2014/12/30 12:33:53,8.0,96.11
9765,POS消费,地点91,校车,2014/12/30 12:37:52,2.0,94.11
9765,POS消费,地点91,校车,2014/12/30 12:37:57,2.5,91.61
9765,POS消费,地点83,食堂,2014/12/30 12:45:05,8.5,83.11
9765,POS消费,地点1961,超市,2014/12/30 16:36:31,3.0,80.11
9765,POS消费,地点148,开水,2014/12/31 10:09:13,0.02,80.09
9765,POS消费,地点232,食堂,2014/12/31 11:45:09,7.0,73.09
9765,POS消费,地点352,淋浴,2014/12/31 12:24:12,1.2,71.89
9765,POS消费,地点406,开水,2014/12/31 14:05:43,0.01,71.88
9765,POS消费,地点565,开水,2015/01/04 09:08:59,0.01,71.87
9765,POS消费,地点232,食堂,2015/01/04 11:54:56,10.0,61.87
9765,POS消费,地点91,校车,2015/01/04 12:01:09,4.8,57.07
9765,POS消费,地点91,校车,2015/01/04 12:01:15,10.0,47.07
9765,POS消费,地点243,食堂,2015/01/04 12:15:22,3.0,44.07
9765,POS消费,地点836,开水,2015/01/08 09:17:54,0.01,44.06
9765,POS消费,地点118,食堂,2015/01/09 11:08:33,2.5,41.56
9765,POS消费,地点232,食堂,2015/01/09 11:42:06,8.0,33.56
9765,POS消费,地点21,开水,2015/01/09 11:49:16,12.0,21.56
9765,POS消费,地点243,食堂,2015/01/09 12:03:22,2.9,18.66
9765,POS消费,地点83,食堂,2015/01/16 13:32:10,6.0,12.66
9765,卡充值,,,2015/03/03 16:21:51,100.0,112.66
9765,POS消费,地点21,开水,2015/03/03 16:22:31,2.5,110.16
9765,POS消费,地点243,食堂,2015/03/03 17:32:33,7.0,103.16
9765,POS消费,地点232,食堂,2015/03/03 17:36:14,11.0,92.16
9765,POS消费,地点232,食堂,2015/03/03 17:37:57,12.3,79.86
9765,POS消费,地点232,食堂,2015/03/03 17:38:36,4.0,75.86
9765,POS消费,地点243,食堂,2015/03/03 18:07:43,0.8,75.06
9765,POS消费,地点21,开水,2015/03/03 18:08:40,3.0,72.06
9765,POS消费,地点814,开水,2015/03/05 10:03:40,0.01,72.05
9765,POS消费,地点1155,食堂,2015/03/05 12:02:05,2.5,69.55
9765,POS消费,地点816,校车,2015/03/05 18:50:22,1.0,68.55
9765,POS消费,地点243,食堂,2015/03/06 16:23:16,3.5,65.05
9765,POS消费,地点83,食堂,2015/03/10 14:12:25,3.5,61.55
9765,POS消费,地点21,开水,2015/03/10 18:53:51,3.0,58.55
9765,POS消费,地点1447,校车,2015/03/10 18:54:03,1.0,57.55
9765,POS消费,地点203,食堂,2015/03/11 13:00:06,10.0,47.55
9765,POS消费,地点243,食堂,2015/03/11 16:50:47,3.5,44.05
9765,POS消费,地点269,食堂,2015/03/12 18:06:28,12.6,31.45
9765,POS消费,地点232,食堂,2015/03/12 18:53:54,14.0,17.45
9765,POS消费,地点83,食堂,2015/03/17 11:54:44,3.5,13.95
9765,POS消费,地点91,校车,2015/03/18 12:18:20,10.0,3.95
9765,POS消费,地点1447,校车,2015/03/22 09:30:52,1.0,2.95
9765,POS消费,地点443,开水,2015/03/26 13:05:01,0.03,2.92
9765,POS消费,地点211,校车,2015/03/30 14:36:21,1.0,1.92
9765,POS消费,地点1996,校车,2015/03/31 13:56:58,1.0,0.92
9765,卡充值,,,2015/04/22 11:19:26,20.0,20.92
9765,POS消费,地点247,食堂,2015/04/22 11:23:15,15.0,5.92
9765,POS消费,地点21,开水,2015/04/22 16:18:21,3.0,2.92
9765,卡充值,,,2015/04/27 12:08:43,100.0,102.92
9765,POS消费,地点243,食堂,2015/04/27 12:09:23,3.5,99.42
9765,POS消费,地点21,开水,2015/04/27 12:17:39,12.5,86.92
9765,POS消费,地点21,开水,2015/04/27 16:02:13,3.0,83.92
9765,POS消费,地点21,开水,2015/04/27 16:02:28,2.0,81.92
9765,POS消费,地点1996,校车,2015/04/27 18:32:39,1.0,80.92
9765,POS消费,地点83,食堂,2015/04/28 18:06:35,2.0,77.92
9765,POS消费,地点83,食堂,2015/04/28 19:19:35,5.0,72.92
9765,POS消费,地点351,淋浴,2015/04/28 21:59:12,0.1,72.82
9765,POS消费,地点482,淋浴,2015/04/28 22:00:47,1.2,71.62
9765,POS消费,地点1301,洗衣房,2015/04/28 22:16:58,3.6,68.02
9765,POS消费,地点118,食堂,2015/04/29 08:24:53,6.0,62.02
9765,POS消费,地点21,开水,2015/04/29 12:22:57,3.0,59.02
9765,POS消费,地点70,食堂,2015/04/29 12:29:02,6.0,53.02
9765,POS消费,地点218,食堂,2015/04/29 16:12:16,3.0,50.02
9765,POS消费,地点524,淋浴,2015/04/30 13:43:24,0.8,49.22
9765,POS消费,地点1155,食堂,2015/04/30 14:34:52,4.9,44.32
9765,POS消费,地点21,开水,2015/05/05 16:33:56,3.0,41.32
9765,POS消费,地点232,食堂,2015/05/05 17:06:42,30.0,11.32
9765,POS消费,地点232,食堂,2015/05/05 17:06:46,2.8,8.52
9765,POS消费,地点232,食堂,2015/05/05 17:17:33,0.5,8.02
9765,POS消费,地点232,食堂,2015/05/05 17:28:23,2.0,6.02
9765,卡充值,,,2015/05/06 12:12:34,100.0,106.02
9765,POS消费,地点114,食堂,2015/05/06 12:22:10,8.0,98.02
9765,POS消费,地点256,食堂,2015/05/06 12:23:41,0.4,97.62
9765,POS消费,地点118,食堂,2015/05/06 14:26:34,4.0,93.62
9765,POS消费,地点118,食堂,2015/05/06 14:27:31,4.0,89.62
9765,POS消费,地点21,开水,2015/05/06 16:19:27,3.0,86.62
9765,POS消费,地点1447,校车,2015/05/06 16:19:32,1.0,85.62
9765,POS消费,地点232,食堂,2015/05/07 12:10:12,30.0,55.62
9765,POS消费,地点232,食堂,2015/05/07 12:10:16,8.3,47.32
9765,POS消费,地点232,食堂,2015/05/07 12:18:24,0.8,46.52
9765,POS消费,地点1447,校车,2015/05/12 13:47:36,1.0,45.52
9765,POS消费,地点70,食堂,2015/05/12 17:51:20,6.0,39.52
9765,POS消费,地点258,食堂,2015/05/12 18:16:49,1.5,23.02
9765,POS消费,地点238,食堂,2015/05/12 18:17:50,15.0,24.52
9765,POS消费,地点277,食堂,2015/05/12 18:20:11,3.0,20.02
9765,POS消费,地点280,食堂,2015/05/12 18:20:53,3.5,16.52
9765,POS消费,地点70,食堂,2015/05/12 18:28:48,3.0,13.52
9765,POS消费,地点21,开水,2015/05/13 12:17:29,4.2,9.32
9765,卡充值,,,2015/05/14 11:59:35,100.0,109.32
9765,POS消费,地点232,食堂,2015/05/14 12:04:43,8.2,101.12
9765,POS消费,地点188,超市,2015/05/14 12:28:51,6.5,94.62
9765,POS消费,地点2172,文印中心,2015/05/14 12:46:52,0.3,94.32
9765,POS消费,地点21,开水,2015/05/20 10:07:50,3.8,90.52
9765,POS消费,地点167,食堂,2015/05/20 12:22:32,8.2,82.32
9765,POS消费,地点218,食堂,2015/05/20 17:08:58,5.6,76.72
9765,POS消费,地点1542,校车,2015/05/22 16:07:07,4.0,72.72
9765,POS消费,地点1542,校车,2015/05/22 16:16:16,4.0,68.72
9765,POS消费,地点21,开水,2015/05/25 12:11:50,3.0,65.72
9765,POS消费,地点243,食堂,2015/05/25 16:04:25,4.0,61.72
9765,POS消费,地点1155,食堂,2015/05/26 14:13:02,6.0,55.72
9765,POS消费,地点118,食堂,2015/05/26 14:13:18,2.5,53.22
9765,POS消费,地点247,食堂,2015/05/27 12:15:07,15.0,38.22
9765,POS消费,地点118,食堂,2015/05/27 14:26:29,2.88,35.34
9765,POS消费,地点118,食堂,2015/05/27 14:26:33,1.5,33.84
9765,POS消费,地点920,校车,2015/05/27 16:06:56,4.0,29.84
9765,POS消费,地点920,校车,2015/05/27 16:07:04,4.0,25.84
9765,POS消费,地点920,校车,2015/05/27 16:07:22,4.0,21.84
9765,POS消费,地点920,校车,2015/05/27 16:07:28,4.0,17.84
9765,POS消费,地点272,食堂,2015/06/03 12:20:07,12.0,5.84
9765,卡充值,,,2015/06/03 17:29:09,50.0,55.84
9765,POS消费,地点21,开水,2015/06/03 17:29:46,4.0,51.84
9765,POS消费,地点91,校车,2015/06/03 17:32:25,4.5,47.34
9765,POS消费,地点21,开水,2015/06/03 17:35:08,22.3,25.04
9765,POS消费,地点218,食堂,2015/06/03 17:52:18,2.8,22.24
9765,POS消费,地点118,食堂,2015/06/04 12:03:52,2.5,19.74
9765,POS消费,地点83,食堂,2015/06/09 14:04:40,9.8,9.94
9765,POS消费,地点70,食堂,2015/06/15 12:19:50,6.0,3.94
9765,POS消费,地点1155,食堂,2015/06/16 14:15:00,2.8,1.14
9765,卡充值,,,2015/06/17 12:17:11,100.0,101.14
9765,POS消费,地点72,食堂,2015/06/17 12:21:56,4.4,96.74
9765,POS消费,地点243,食堂,2015/06/17 12:33:37,2.8,93.94
9765,POS消费,地点232,食堂,2015/06/17 18:13:03,21.0,72.94
9765,POS消费,地点232,食堂,2015/06/17 18:22:52,3.0,69.94
9765,POS消费,地点247,食堂,2015/06/24 12:17:45,15.0,54.94
9765,POS消费,地点1448,校车,2015/06/24 15:11:04,1.0,53.94
9765,POS消费,地点118,食堂,2015/06/26 12:02:13,6.3,47.64
9765,POS消费,地点118,食堂,2015/06/26 14:22:31,6.0,41.64
9765,POS消费,地点1448,校车,2015/06/26 15:57:35,1.0,40.64
9765,POS消费,地点1989,校车,2015/06/27 23:21:11,4.0,29.64
9765,POS消费,地点1542,校车,2015/06/28 16:14:40,4.0,36.64
9765,POS消费,地点1542,校车,2015/06/28 16:14:47,4.0,32.64
9765,POS消费,地点146,校车,2015/06/28 17:38:05,1.0,31.64
9765,POS消费,地点83,食堂,2015/07/01 13:55:10,3.5,28.14
9765,POS消费,地点146,校车,2015/07/01 15:41:32,1.0,21.54
9765,POS消费,地点1155,食堂,2015/07/01 15:56:21,5.6,22.54
9765,POS消费,地点1447,校车,2015/07/09 16:20:28,1.0,17.54
9765,POS消费,地点21,开水,2015/07/09 16:42:34,3.0,18.54
9765,POS消费,地点269,食堂,2015/07/21 12:19:30,5.2,12.34
9765,POS消费,地点1155,食堂,2015/07/21 15:25:03,2.5,9.84
9765,POS消费,地点118,食堂,2015/07/21 15:40:13,3.5,6.34
9765,POS消费,地点1447,校车,2015/07/21 16:08:43,1.0,5.34
9765,卡充值,,,2015/08/14 14:00:16,100.0,105.34
9765,POS消费,地点274,超市,2015/08/14 14:01:31,28.5,76.84
9765,POS消费,地点118,食堂,2015/08/30 21:30:44,3.5,73.34
